0 0.06749471577621874 0.8835821790489896 0.06174390627810755 0.8580230257240511 0.02464190951610001 0.872863824428854 0.030392719014211193 0.8984229777537925
0 0.07572050371872886 0.2183739012846518 0.059081304935767416 0.19865336939373454 0.03492647058823531 0.23488562091503268 0.051565669371196755 0.25460615280595
0 0.0689338235294118 0.2994281045751634 0.0379901960784314 0.2994281045751634 0.0379901960784314 0.3292483660130719 0.0689338235294118 0.3292483660130719
0 0.06860593760370554 0.3993702060106242 0.05092172131726296 0.3838295310922352 0.03131884280539732 0.4234859290012968 0.0490030590918399 0.4390266039196857
0 0.033418498265732295 0.5909809230551427 0.03113121150987471 0.5627710530662325 -0.0021395200679549665 0.5675668341945683 0.00014776668790261738 0.5957767041834786
0 0.06033737024221455 0.7695117262591311 0.0513083910034602 0.721357170319108 0.02953791810841983 0.7286139946174548 0.03856689734717418 0.7767685505574778
0 0.10674019607843137 0.04133986928104578 0.09038337032926377 0.02134819336539649 0.06559725305216425 0.05740072758663214 0.08195407880133185 0.07739240350228142
0 0.04688866379059057 0.0037104782448162676 0.02410505208029694 -0.005473613297317602 0.013317033949357748 0.04210431281861935 0.036100645659651376 0.05128840436075323
0 0.20338449851549453 0.06660880703490649 0.2007634185377621 0.03748569617121296 0.16700928202511287 0.04288635801323684 0.1696303620028453 0.07200946887693038
0 0.22160369105149144 0.14305833287044756 0.20147857301560854 0.13043080782832495 0.18641163972671224 0.17312045214686445 0.2065367577625951 0.18574797718898708
0 0.14922691248032058 0.2847893111015696 0.13965444754544154 0.2574394112876294 0.10778722985544581 0.27726790229473786 0.11735969479032486 0.304617802108678
0 0.1503172341675057 0.41432585055211985 0.11289880866772141 0.40561468271090023 0.10893379356632632 0.43589297984882636 0.1463522190661106 0.444604147690046
0 0.09388282046922815 0.5246396728248139 0.08905169726850277 0.48276993841852744 0.06667410461294344 0.4873602138350524 0.07150522781366882 0.529229948241339
0 0.0884803921568628 0.6586601307189542 0.057352941176470634 0.6379084967320261 0.04626225490196082 0.6674836601307189 0.07738970588235299 0.6882352941176472
0 0.1529758620413908 0.9615859802322233 0.13661166954546916 0.9409792193114332 0.11244772174775303 0.9750930279670323 0.12881191424367466 0.9956997888878228
0 0.2180667566063425 0.28292384279273464 0.1994322247398706 0.2678854486548801 0.1818818759130616 0.30654708665016944 0.20051640777953353 0.321585480788024
0 0.21504050972367117 0.4432373449607219 0.21265055305887703 0.40021812499442705 0.19036226359575206 0.40241943753399495 0.1927522202605462 0.4454386575002898
0 0.19368872549019608 0.5491830065359478 0.18419117647058825 0.5238562091503268 0.15379901960784315 0.5441176470588236 0.16329656862745098 0.5694444444444445
0 0.14625015778843725 0.635177354203484 0.14105957565429605 0.6061100942522932 0.10367160544475301 0.6179792911442117 0.10886218757889421 0.6470465510954024
0 0.16589937596198892 0.7109426933458254 0.14651906411028578 0.693984920475585 0.12508762464029988 0.7375281625733343 0.144467936492003 0.7544859354435747
0 0.14784364088100999 0.843887098218283 0.1402892492613484 0.8217275494672757 0.10783474348643567 0.8413969469066168 0.11538913510609726 0.863556495657624
0 0.27320707099339353 0.028972087421450205 0.27258676697355894 -0.0008025055306111122 0.23954105061454037 0.00042140989009327765 0.240161354634375 0.030196002842154592
0 0.302964316547957 0.12775882297598692 0.29927409681061246 0.09430083069072959 0.25739574513124475 0.10251227219648797 0.26108596486858926 0.1359702644817453
0 0.29226971983872635 0.2991337571935629 0.2814942365346842 0.2746561161078374 0.24882986147007133 0.3002195400714474 0.25960534477411357 0.32469718115717294
0 0.28201593137254904 0.36948529411764713 0.26133578431372556 0.36642156862745107 0.25800304878048785 0.4064143950263032 0.2786831958393114 0.40947812051649934
0 0.31150514341424296 0.495821640304201 0.30872558131059114 0.4674083388002041 0.27168525402726146 0.4738501348494788 0.2744648161309133 0.5022634363534757
0 0.25990111841167407 0.5745297292743934 0.24283497272008617 0.5525875419566373 0.2165426191957286 0.5889424011508108 0.23360876488731652 0.6108845884685666
0 0.2514833231281221 0.7174763665758 0.24214025765563807 0.6940564157914402 0.20982011585509294 0.7169785021748055 0.21916318132757695 0.7403984529591654
0 0.21093634075251727 0.7909874580462817 0.19564884737678861 0.7715306482953543 0.17273748012718607 0.8035338279455928 0.1880249735029147 0.82299063769652
0 0.2551038983111493 0.845429905538858 0.2300245098039216 0.8445261437908497 0.2290705059396022 0.8915903344306091 0.2541498944468299 0.8924940961786174
0 0.23402341666262558 0.9656674156334698 0.21583579845788287 0.9459080279542431 0.19470392237686518 0.980487461541363 0.2128915405816079 1.0002468492205896
0 0.3611445601782166 0.06761143556706205 0.3585380416240191 0.04067741050702095 0.3239308005699721 0.04663134445180323 0.3265373191241696 0.07356536951184432
0 0.3560049019607844 0.14910130718954248 0.3486519607843137 0.12459150326797382 0.3152150946585531 0.14242449853504616 0.32256803583502364 0.16693430245661484
0 0.3697916666666667 0.2177287581699347 0.3606004901960784 0.19321895424836602 0.32567401960784315 0.21650326797385622 0.33486519607843135 0.2410130718954249
0 0.3495502839144707 0.3887151391476651 0.3352616782006921 0.3713956170703576 0.3133581203974803 0.4035208351817349 0.32764672611125895 0.42084035725904234
0 0.3103676272181836 0.9628845556931174 0.2757369475043121 0.9607369166410942 0.2747148238680254 0.9900377942146456 0.30934550358189694 0.9921854332666687
0 0.31250000000000006 0.7585784313725491 0.29687500000000006 0.7377450980392157 0.2729779411764706 0.769607843137255 0.2886029411764706 0.7904411764705884
0 0.41892911010558065 0.49996857717445964 0.41696901556119637 0.469913794160566 0.38178905474009495 0.4739926301977952 0.38374914928447923 0.5040474132116887
0 0.3275857843137255 0.6349346405228757 0.3148651960784314 0.6123202614379086 0.28481617647058827 0.6423692810457517 0.29753676470588236 0.6649836601307189
0 0.36861014926608543 0.8674834302076052 0.35651504386933014 0.8482848502127556 0.3303541045874259 0.8775851022084882 0.3424492099841812 0.8967836822033378
0 0.3784048413179705 0.559846876895088 0.37012962401455424 0.5350212249848394 0.3394860521528199 0.553180378680682 0.34776126945623614 0.5780060305909306
0 0.49316865617818206 0.032291717601421265 0.4881486541000441 0.008274452756996384 0.4484176354456995 0.02303789138265446 0.45343763752383753 0.04705515622707934
0 0.4522671568627451 0.08725490196078436 0.43216911764705884 0.07385620915032687 0.41709558823529413 0.11405228758169944 0.4371936274509804 0.12745098039215694
0 0.4280486833722658 0.21656284655859945 0.4254490514617399 0.18450071966211276 0.390844216748071 0.1894888039451641 0.393443848658597 0.2215509308416508
0 0.4007663337379981 0.2801613140565795 0.3689179588345658 0.27646874885038447 0.3670889204649966 0.3045140038504458 0.39893729536842887 0.30820656905664084
0 0.4204066535150646 0.3578979355970031 0.3969355272596844 0.3544207317073172 0.39307224414155906 0.40078012912482075 0.4165433703969393 0.4042573330145067
0 0.4174833720512184 0.640486001640901 0.4048957382670981 0.6158701844630659 0.3736094402500069 0.6443122735695124 0.3861970740341272 0.6689280907473474
0 0.3972641759406466 0.7498277689454161 0.38001291732909387 0.7330992757463347 0.3576626258611553 0.7740748101042221 0.37491388447270807 0.7908033033033034
0 0.4261824160357214 0.9376658254060701 0.3904187293729374 0.9328973338510324 0.38821952048146 0.9622201190707308 0.423983207144244 0.9669886106257686
0 0.5209367437151183 0.13510437760326632 0.5118381735565763 0.09668819248942231 0.4887004864918259 0.1064303765166856 0.49779905665036794 0.1448465616305296
0 0.47118212669683257 0.28672071392659637 0.4606994720965309 0.2622611865258924 0.43004807692307684 0.2856146304675717 0.4405307315233785 0.31007415786827563
0 0.4973651960784313 0.5401143790849673 0.49077818627450975 0.5137663398692811 0.45768995098039206 0.5284722222222222 0.46427696078431363 0.5548202614379084
0 0.517684651563328 0.6381030295000883 0.5171661367249603 0.608374845433669 0.4827997482776894 0.6094404698816464 0.4833182631160572 0.6391686539480657
0 0.5079821449279565 0.7094398380347704 0.5071377707071 0.6841086114090783 0.4744205346012234 0.6860474105857228 0.4752649088220799 0.7113786372114149
0 0.44139470856835894 0.7433689229116305 0.4226933924254634 0.7340182648401826 0.41083299758259473 0.7761885576148269 0.4295343137254903 0.7855392156862745
0 0.4413296568627451 0.8433415032679741 0.426623774509804 0.8237336601307192 0.4042585784313727 0.8535539215686276 0.4189644607843138 0.8731617647058826
0 0.49462550589630877 0.960679936268695 0.4710062539250577 0.9279763566161934 0.453914590747331 0.9499212081036449 0.47753384271858207 0.9826247877561465
0 0.5058074185088048 0.8291468923025687 0.4967450355938554 0.8069944007326925 0.46570578868490065 0.8295683984846594 0.4747681715998501 0.8517208900545357
0 0.5530718048596335 0.8738321855385485 0.54271483972819 0.8536780912287125 0.5127539638959434 0.8810497555692833 0.523110929027387 0.9012038498791193
0 0.5208913447035619 0.7733882507638165 0.5133589308504466 0.7492845264338476 0.4811626203735932 0.7671713655876552 0.48869503422670846 0.791275089917624
0 0.47130039440384125 0.44410789044206345 0.46490315818727973 0.4210778400624423 0.43550691537169756 0.43559450318124837 0.441904151588259 0.45862455356086956
0 0.5991615293066939 0.10935470986965833 0.5646321054184247 0.10465682906853326 0.5623223140245383 0.1348381032819834 0.5968517379128074 0.13953598408310847
0 0.5332572684246113 0.2334065810232139 0.5251436781609196 0.20636128014424163 0.49271044624746446 0.22365900383141768 0.5008240365111561 0.25070430471038996
0 0.5441789215686276 0.40457516339869276 0.5348651960784314 0.37973856209150325 0.4998161764705882 0.40310457516339865 0.5091299019607843 0.4279411764705882
0 0.5566976846617055 0.5059349809063843 0.5525969216475146 0.48307012046362285 0.5192887335980436 0.49369012245041066 0.5233894966122346 0.5165549828931723
0 0.6277104230420492 0.939033633684688 0.6120641717669727 0.9237350768823909 0.5915318981638898 0.9610664834334507 0.6071781494389663 0.9763650402357477
0 0.6173831537565521 0.637505662330939 0.5812360300020463 0.6244355158886318 0.5762461828456296 0.6489689310743475 0.6123933066001354 0.6620390775166547
0 0.70034693005941 0.9533527541922706 0.6931659001376883 0.9261016662841989 0.657220113337923 0.9429411339741792 0.6644011432596445 0.9701922218822508
0 0.6535823353242203 0.838167306350314 0.6425739826635467 0.8153914042937482 0.6111665204288272 0.8423785570287664 0.6221748730895008 0.8651544590853323
0 0.6335740237561879 0.5522953022299659 0.6308983413534666 0.5259844252698729 0.5953990534859924 0.5324023756187948 0.5980747358887137 0.5587132525788878
0 0.6488970588235294 0.4113562091503269 0.6072303921568627 0.4113562091503269 0.6072303921568627 0.43913398692810474 0.6488970588235294 0.43913398692810474
0 0.5831760801665798 0.3266744750997745 0.5777427121290994 0.29890392735265203 0.5436697466597258 0.31075539360286897 0.5491031146972063 0.33852594134999137
0 0.6091911764705882 0.2100490196078432 0.5882352941176471 0.1960784313725491 0.5720588235294117 0.23921568627450995 0.5930147058823529 0.253186274509804
0 0.6371134992458523 0.028720462543991986 0.6193603883861237 0.010309829059829035 0.5976668552036198 0.047498743086978455 0.6154199660633485 0.0659093765711414
0 0.6770833333333334 0.07230392156862757 0.6436887254901961 0.07230392156862757 0.6436887254901961 0.10049019607843149 0.6770833333333334 0.10049019607843149
0 0.7471364674028456 0.1299860196786296 0.7425906508812912 0.10210501167976221 0.7052463810433921 0.11292943771973296 0.7097921975649465 0.14081044571860035
0 0.7089518590455051 0.17869034406215312 0.6988357843137256 0.1544117647058824 0.6699876294857566 0.17578076828215564 0.6801037042175361 0.2000593476384264
0 0.6994841781569288 0.24429757850301453 0.6904363716397183 0.21936584498892311 0.65934110785967 0.23942730549218005 0.6683889143768805 0.26435903900627145
0 0.6929684609692932 0.3253560858305587 0.6877196633370328 0.30086169688001 0.6536082593414724 0.31385651744974735 0.6588570569737328 0.3383509064002961
0 0.706839430894309 0.8242013390722146 0.6958261597321856 0.7993017694882835 0.6661238641798184 0.8226574206918542 0.6771371353419418 0.8475569902757853
0 0.6712622549019608 0.6629901960784316 0.6390931372549019 0.6629901960784316 0.6390931372549019 0.6895424836601309 0.6712622549019608 0.6895424836601309
0 0.7711414048059149 0.7314998550251898 0.7611290819470115 0.7034653510202605 0.7281274917545575 0.724418741618644 0.7381398146134608 0.7524532456235732
0 0.8571249762999479 0.8559431830750027 0.8384962415667317 0.8388133120559533 0.8202077013319431 0.8741711565098776 0.8388364360651593 0.8913010275289271
0 0.790813049357674 0.8302146720757267 0.7772227856659906 0.8098292765382016 0.7534334854631508 0.8380240027045304 0.7670237491548343 0.8584093982420555
0 0.8111757178879231 0.6201889905034311 0.7709705835309174 0.618086761256006 0.7700708714387868 0.6486769723884437 0.8102760057957926 0.6507792016358688
0 0.7018995098039216 0.5800653594771243 0.6786151960784313 0.5800653594771243 0.6786151960784313 0.6270424836601309 0.7018995098039216 0.6270424836601309
0 0.7301464235552845 0.46829510943554303 0.7090029638151208 0.4592011482569781 0.6988126836502745 0.5013209729383429 0.7199561433904381 0.510414934116908
0 0.9169730392156863 0.8892973856209154 0.9013480392156863 0.8684640522875821 0.8753063725490197 0.9031862745098043 0.8909313725490197 0.9240196078431376
0 0.7965374121346652 0.9233891355284252 0.7928886884942656 0.8974426563078061 0.7594258694043654 0.9058083610802811 0.7630745930447651 0.9317548403009002
0 0.8465073529411765 0.7308006535947714 0.8100490196078431 0.7308006535947714 0.8100490196078431 0.7581699346405231 0.8465073529411765 0.7581699346405231
0 0.8044663518960883 0.5508192744102719 0.7996113578680203 0.5255144570518562 0.7648372959589927 0.5373753773929199 0.7696922899870607 0.5626801947513356
0 0.7708333333333334 0.4264705882352943 0.7401960784313726 0.4264705882352943 0.7401960784313726 0.45669934640522897 0.7708333333333334 0.45669934640522897
0 0.7657192684766214 0.3167735042735043 0.7544541855203621 0.29424333836098543 0.7262443438914026 0.31931875314228264 0.7375094268476621 0.34184891905480147
0 0.853147428782834 0.46097885065976063 0.8363165926748057 0.4439545566654334 0.8157246577876432 0.4801464422246885 0.8325554938956716 0.49717073621901586
0 0.8174143812930579 0.2537813548842962 0.8042900437201908 0.22928259141494445 0.7738018349231585 0.2583189807454514 0.7869261724960255 0.28281774421480316
0 0.8589888866505505 0.13642671680544366 0.851434495030889 0.10956665771331368 0.8170871944668276 0.12674030799534433 0.8246415860864892 0.15360036708747432
0 0.9282036163522014 0.26678998643482554 0.910029365519793 0.24457701319521527 0.88834628190899 0.2761160439018376 0.9065205327413985 0.2983290171414479
0 0.872989964853866 0.37415957577999753 0.8612543932667406 0.353533419657171 0.834613392526822 0.38048063879639904 0.8463489641139474 0.4011067949192256
0 0.8653222318339099 0.6022683583237217 0.8425037152870197 0.5688012007216161 0.8260649565255965 0.5887269689172805 0.8488834730724867 0.6221941265193861
0 0.9534112825458054 0.6416345226615235 0.9378415300546451 0.6167229186756669 0.9114131308261012 0.6460878067073823 0.9269828833172615 0.670999410693239
0 0.9390117980441547 0.7691478984540921 0.9292603533856867 0.74414419420161 0.8997613844026275 0.764596812696531 0.9095128290610957 0.7896005169490132
0 0.9834558823529411 0.8031045751633988 0.9494485294117647 0.8031045751633988 0.9494485294117647 0.8312908496732028 0.9834558823529411 0.8312908496732028
0 0.9791407845063368 0.9789331253129937 0.9749063426942486 0.9540910666820758 0.9423044512500481 0.9639704277257729 0.9465388930621365 0.988812486356691
0 0.9126838235294118 0.46527777777777796 0.8897058823529411 0.46527777777777796 0.8897058823529411 0.5032679738562094 0.9126838235294118 0.5032679738562094
0 1.0035704450319454 0.48187651465080433 0.9893643974443709 0.4589474553866492 0.960196353822428 0.491074575897775 0.9744024014100023 0.5140036351619302
0 0.945284884501746 0.34406303160533636 0.9231839242546334 0.3354382666308534 0.9129925463336019 0.3818656549377743 0.9350935065807146 0.3904904199122573
0 0.9909169550173009 0.22858996539792384 0.9795631487889273 0.20335928489042673 0.9489258938869665 0.22786908881199536 0.9602797001153401 0.25309976931949246
0 0.8966157830896262 0.03824938980510871 0.8746898021410607 0.019539219395666062 0.8570572099441366 0.05627378647259142 0.878983190892702 0.07498395688203406
0 0.9710634996940826 0.1319335188260545 0.9598374267983567 0.10324466587031056 0.9282063958570056 0.12524886130777227 0.9394324687527316 0.15393771426351624