0 0.09462102515969424 0.9192067351829838 0.0802108700799196 0.9016283899792872 0.05225909363252443 0.9423643122437082 0.06666924871229907 0.9599426574474048
0 0.04934839789574374 0.7333911206759127 0.026381665471066542 0.7299886417981828 0.02247728359636544 0.776841224294596 0.04544401602104264 0.7802437031723259
0 0.12279549369285363 0.024513581302181838 0.10090827116844096 0.014411786290914457 0.08956196415157873 0.05811607998549489 0.1114491866759914 0.06821787499676227
0 0.07069652834452884 0.13084974295659213 0.05652589878000292 0.10698341947949581 0.029225063824889617 0.13580096748767098 0.04339569338941554 0.15966729096476728
0 0.044135873187802044 0.2661350423077636 0.03686364772537909 0.23920087392841932 -0.00009850788757429878 0.25694270862263696 0.007173717574848653 0.2838768770019812
0 0.0416251802718165 0.39707533849714594 0.009697370180415103 0.3798444568605166 0.0007622751974633177 0.4092777109220048 0.03269008528886472 0.4265085925586341
0 0.05931372549019615 0.6437091503267973 0.03933823529411771 0.6303921568627451 0.02408088235294122 0.6710784313725491 0.044056372549019666 0.6843954248366013
0 0.17634803921568626 0.08243464052287587 0.15833333333333335 0.07042483660130723 0.14289215686274512 0.1116013071895425 0.16090686274509802 0.12361111111111114
0 0.14332107843137254 0.22900326797385623 0.13419117647058823 0.20465686274509803 0.10183823529411765 0.22622549019607846 0.11096813725490196 0.25057189542483665
0 0.16417989762276594 0.3223234426513969 0.1557126279715426 0.2947264156400023 0.1227154910636821 0.3127248539533808 0.13118276071490545 0.34032188096477534
0 0.10466214503042601 0.3792920329051161 0.08330797836375935 0.37761719630380886 0.08141163793103452 0.42060091277890466 0.10276580459770118 0.4222757493802119
0 0.1327041487326638 0.5059979276263351 0.1090910449545672 0.46664275466284083 0.09085814203730273 0.4860911844412562 0.11447124581539934 0.5254463574047505
0 0.10633537850320969 0.6204114630821798 0.08665313677138307 0.6133300216125279 0.07639303813352494 0.664026979587827 0.09607527986535157 0.6711084210574788
0 0.15808823529411772 0.7618464052287581 0.13449754901960792 0.7618464052287581 0.13449754901960792 0.806781045751634 0.15808823529411772 0.806781045751634
0 0.17824564739688978 0.9872117985125085 0.16081854293441522 0.9468542934415146 0.14098144861392842 0.9620827698895651 0.15840855307640297 1.002440274960559
0 0.2504096251760372 0.07009668508287296 0.23578499079189683 0.04843056006933164 0.20670498862528433 0.08332656266926662 0.22132962300942474 0.10499268768280794
0 0.2395253135896391 0.1674421500701898 0.22722229769505958 0.14420312004709512 0.19802916836480555 0.17167900647556952 0.21033218425938507 0.19491803649866418
0 0.19177729457541778 0.36013993794664434 0.16949912260624098 0.35828342361587956 0.16724841687647826 0.40629847918415096 0.18952658884565507 0.4081549935149157
0 0.20879439484968831 0.5024554590060684 0.20084514980256385 0.47876359141463853 0.170218148569295 0.4970323289923779 0.17816739361641942 0.5207241965838076
0 0.1836708731935681 0.5718685686500667 0.17779731918719047 0.5461368082411743 0.14396647499830384 0.5598652667526065 0.14984002900468144 0.5855970271614991
0 0.18290441176470595 0.6642156862745098 0.14399509803921576 0.6642156862745098 0.14399509803921576 0.693218954248366 0.18290441176470595 0.693218954248366
0 0.24695546066152227 0.9445201119340285 0.23246284753189336 0.9229669949720165 0.204900627851668 0.9559149357391825 0.2193932409812969 0.9774680527011945
0 0.22380144044924596 0.8191825917197504 0.20895677291146533 0.7988241905250796 0.18161730677991159 0.8342642392141307 0.19646197431769222 0.8546226404088014
0 0.33105929741959156 0.08925814955226724 0.32350992112021526 0.06202118408000766 0.28820382882882883 0.07941838897721254 0.29575320512820513 0.10665535444947213
0 0.3482409732185557 0.15239917105053408 0.33443179100908654 0.12938386736808552 0.3080538617886179 0.1575203252032521 0.321863043998087 0.18053562888570066
0 0.2749832967620334 0.2734511116737465 0.2382141073789631 0.27178922740784506 0.2374723077896869 0.3009666779193744 0.27424149717275725 0.3026285621852759
0 0.2792308198447164 0.45833881651094444 0.2668669397289117 0.43478856867131643 0.2352015890248717 0.46434289599508716 0.24756546914067643 0.4878931438347151
0 0.25392889834575755 0.5655347775378081 0.24674650011998484 0.5405293911221548 0.21184204287715874 0.5583529437567895 0.21902444110293148 0.5833583301724427
0 0.2482475490196079 0.7356862745098042 0.23207107843137262 0.7195098039215688 0.211482843137255 0.7561111111111113 0.22765931372549028 0.7722875816993465
0 0.3938226270318103 0.15577018614254887 0.378968288621862 0.13454970269976557 0.3512310209119277 0.16906719140546164 0.36608535932187597 0.1902876748482449
0 0.41942243218530945 0.03741025771275702 0.39961139896373066 0.02200167631819571 0.37987656202377323 0.06710987503809818 0.399687595245352 0.08251845643265948
0 0.3614495940191312 0.31917233397951295 0.35309699447039755 0.2933552081016091 0.3194108113261512 0.3127302676878424 0.3277634108748848 0.33854739356574626
0 0.3698804090601757 0.40805724588686054 0.35453431372549016 0.3898692810457517 0.3300752197430696 0.4265579220193826 0.3454213150777552 0.4447458868604914
0 0.33662491302583136 0.5111248417553319 0.3357144021975474 0.483809516906812 0.30091793987185805 0.48587152948907514 0.3018284507001421 0.513186854337595
0 0.370144130661114 0.5967088900456938 0.3559669442998438 0.5751055584475679 0.33011235467638383 0.6052692463416045 0.3442895410376541 0.6268725779397305
0 0.3190870098039216 0.6652369281045754 0.30407475490196084 0.6452205882352943 0.27925857843137264 0.6783088235294119 0.2942708333333334 0.6983251633986929
0 0.3174472044971134 0.7668943374979891 0.2987704881405616 0.7531551438563878 0.2817454465833736 0.7942989942862589 0.3004221629399253 0.8080381879278603
0 0.3264679385267621 0.8874885179296944 0.3032435744568098 0.8550481363716659 0.28723469793322737 0.8754230701289524 0.31045906200317974 0.9078634516869811
0 0.3854228156390504 0.9018539971599947 0.3797208735476127 0.8746113849453478 0.34617438608659723 0.8870937988843305 0.35187632817803494 0.9143364110989773
0 0.46671629624700567 0.9607787685209831 0.445968913583533 0.950899062490758 0.4336169705438737 0.9970129831721527 0.45436435320734636 1.006892689202378
0 0.4923749004678013 0.1358510832420955 0.49081348910122424 0.10670473773265651 0.45508454016124217 0.11010749477455956 0.4566459515278193 0.13925384028399854
0 0.453126225000196 0.24509003588107248 0.4304967963794874 0.238932368229179 0.42257104511136717 0.2907139431808976 0.44520047373207583 0.2968716108327911
0 0.45430676161082484 0.3693576956497732 0.4408933927061265 0.34979653266375477 0.4159905764217648 0.3801542515627861 0.42940394532646314 0.3997154145488046
0 0.45690023313525185 0.46619538848456527 0.45276107392446197 0.4410538288338416 0.4207875687164764 0.4504119279191056 0.4249267279272662 0.4755534875698294
0 0.4338235294117647 0.5334967320261438 0.4007352941176471 0.5334967320261438 0.4007352941176471 0.5604575163398693 0.4338235294117647 0.5604575163398693
0 0.4141592720657668 0.6575709603954898 0.40786865383547194 0.6397475420763207 0.3764711089818364 0.659447962376641 0.38276172721213136 0.67727138069581
0 0.41364476800054906 0.7149755759946919 0.40067666506509253 0.6921517148282884 0.3726875486192143 0.7204235496221049 0.38565565155467085 0.7432474107885083
0 0.46111758727881397 0.8611888251235453 0.4523837278813964 0.8359576757532281 0.41923870157819226 0.8563546150167383 0.42797256097560976 0.8815857643870556
0 0.5327818627450981 8.519499587205647e-17 0.5094975490196079 8.329399185377219e-17 0.5094975490196079 0.04452614379084976 0.5327818627450981 0.04452614379084976
0 0.5743810732257505 0.09249074556076126 0.540140985597779 0.08904520215165722 0.538475186534791 0.11847431893111238 0.5727152741627625 0.12191986234021643
0 0.5617729278293099 0.1717470697061065 0.5542075363446063 0.14423655521627526 0.5197833847054982 0.16106614046206147 0.5273487761902018 0.1885766549518927
0 0.5610727522716403 0.2642674956161327 0.5238821138211383 0.2587577714012435 0.5213750896700144 0.2888420612147299 0.5585657281205165 0.2943517854296191
0 0.5158667613084839 0.5756572348411313 0.5111125266938459 0.5475846114023167 0.4784353159580664 0.5574229114087879 0.48318955057270435 0.5854955348476025
0 0.5713225093842531 0.5638629510464512 0.557748857569187 0.5448598385053586 0.5326867816091955 0.5766846968672528 0.5462604334242616 0.5956878094083453
0 0.6253712624766021 0.3340660807416017 0.6158593029474523 0.31005970669184263 0.5834967945569545 0.3328559390172248 0.5930087540861042 0.3568623130669839
0 0.6363389427936121 0.4284204231520787 0.6278489488578936 0.40295044134492286 0.5945617293309076 0.42267620106461834 0.6030517232666261 0.44814618287177416
0 0.6143518815823272 0.5015662014441877 0.5961113430088192 0.4829680052515913 0.5781276757427862 0.514324143048777 0.5963682143162943 0.5329223392413734
0 0.5364060697808535 0.6662509611687814 0.5182471885813149 0.6508434256055364 0.49769679930795846 0.693901384083045 0.5158556805074971 0.70930891964629
0 0.4772246672391584 0.7330345641906397 0.4632540790038643 0.7153875053671104 0.44086517818806353 0.7468978102189783 0.4548357664233576 0.7645448690425076
0 0.5422794117647061 0.7969771241830066 0.5410539215686276 0.7969771241830066 0.5410539215686276 0.8025816993464051 0.5422794117647061 0.8025816993464051
0 0.5411991114255323 0.7673926786681919 0.5196279125775183 0.7636815046728347 0.5155036426034079 0.8062989610719759 0.537074841451422 0.810010135067333
0 0.5242450484529072 0.8510486323623863 0.5123133429672447 0.8293546223884544 0.4854171979485436 0.8556530752956288 0.49734890343420607 0.8773470852695608
0 0.5735978950403691 0.8901528258362168 0.5608167531718569 0.870271049596309 0.5352833044982698 0.8994521337946942 0.548064446366782 0.9193339100346021
0 0.6705865565404242 0.934008192318023 0.6593934662906258 0.8942105380965174 0.6383083199033038 0.9047531112901782 0.6495014101531021 0.944550765511684
0 0.7256877973082725 0.9349885910971883 0.7186702343659357 0.9122650539505743 0.6865727245040029 0.929887216227714 0.6935902874463394 0.952610753374328
0 0.6397058823529411 1.0222899240431438e-16 0.6032475490196079 9.925242032305345e-17 0.6032475490196079 0.030637254901960884 0.6397058823529411 0.030637254901960887
0 0.6470588235294118 0.09191176470588246 0.6136642156862745 0.09191176470588244 0.6136642156862745 0.11642156862745107 0.6470588235294118 0.11642156862745107
0 0.6907819303805622 0.24682328034148396 0.6764395886475485 0.22669367790918388 0.6471067319832007 0.2638486296840243 0.6614490737162145 0.2839782321163244
0 0.7322488978813002 0.3144026626310479 0.7201153112251613 0.291291069000307 0.6894780563232006 0.31988584024213707 0.7016116429793394 0.3429974338728779
0 0.7019354400019782 0.4189048990760661 0.6798105512696883 0.4101642022929392 0.6700993527928196 0.4538645954388483 0.6922242415251094 0.46260529222197516
0 0.6838640611886777 0.5265999720251265 0.6694448815518426 0.5096362312759086 0.644455252918288 0.5473983367666133 0.6588744325551232 0.5643620775158312
0 0.6372758249641319 0.6483600350709391 0.6190324605451937 0.6371333492746694 0.6044521162123386 0.6792543440140284 0.6226954806312769 0.6904810298102981
0 0.6910416666666668 0.6532189542483662 0.6775490196078433 0.629232026143791 0.6510784313725492 0.6557026143790851 0.6645710784313726 0.6796895424836603
0 0.6577818627450981 0.7598039215686276 0.6415441176470589 0.738153594771242 0.6139705882352942 0.7749183006535949 0.6302083333333334 0.7965686274509806
0 0.7006740196078431 0.8178104575163401 0.6675857843137255 0.8178104575163401 0.6675857843137255 0.8455882352941176 0.7006740196078431 0.8455882352941176
0 0.7732611530850871 0.9150713557594292 0.7662347094801222 0.8948231096720033 0.7366156233135455 0.9130955807399412 0.7436420669185105 0.9333438268273672
0 0.8309898344583736 0.9302863495124827 0.8232376044680166 0.9038713436194147 0.7900840766634522 0.9211688363870137 0.7978363066538089 0.9475838422800815
0 0.9218944297955561 0.8118426841285183 0.9074264741209254 0.7889985435896276 0.8777902952763693 0.8223666856960906 0.8922582509510001 0.8452108262349813
0 0.9549246965841244 0.9260932215370896 0.9411421120028709 0.9028520004785053 0.9127598814068055 0.9327743521146672 0.9265424659880591 0.9560155731732514
0 0.7930083671399595 0.8143593644354294 0.7850532454361056 0.7896100969123283 0.7515529918864099 0.8087530989407258 0.7595081135902637 0.8335023664638269
0 0.74300586213867 0.7523549626035981 0.7414891600970287 0.7078650360487838 0.7182945472003235 0.7092707701637356 0.7198112492419648 0.75376069671855
0 0.8386422914202388 0.7106982595144664 0.8226450091686851 0.6919078009967685 0.7981426372017048 0.728992472081928 0.8141399194532585 0.7477829305996258
0 0.9285165692989525 0.7135178843226792 0.9193463772495298 0.6866186543110396 0.886730291431641 0.706385979049154 0.8959004834810637 0.7332852090607935
0 0.7661864238081019 0.6702021333067913 0.764761869214691 0.64361044756312 0.7311448691151587 0.6468120666202183 0.7325694237085696 0.6734037523638897
0 0.9935630660893798 0.6662001094854185 0.9910172190703692 0.6186776317972197 0.9681994625261271 0.6208507514680999 0.9707453095451377 0.6683732291562987
0 0.9114583333333334 0.6192810457516341 0.8762254901960784 0.6192810457516341 0.8762254901960784 0.6486928104575165 0.9114583333333334 0.6486928104575165
0 0.8387453886193653 0.5939016070345665 0.8190159440064685 0.583783943130517 0.8059477334748332 0.6290870729735195 0.82567717808773 0.6392047368775691
0 0.7686887254901961 0.5020424836601309 0.7380514705882353 0.5020424836601309 0.7380514705882353 0.5290032679738564 0.7686887254901961 0.5290032679738564
0 0.9175945968274951 0.527639715062055 0.8829257545714914 0.523705662040097 0.8811098259528529 0.5521552103987664 0.9157786682088568 0.5560892634207243
0 0.8511948529411765 0.5220179738562092 0.8438419117647059 0.49260620915032677 0.8125919117647058 0.5064950980392158 0.8199448529411764 0.535906862745098
0 0.7596718644354293 0.42333643227405904 0.7520812204192021 0.39972109533468564 0.7173237829614605 0.4195824881676809 0.7249144269776877 0.44319782510705424
0 0.8670972669889875 0.3780441400304416 0.844501242277733 0.36674612767481435 0.8308277934461457 0.41536283463156964 0.8534238181574 0.4266608469871969
0 0.806209737036646 0.33141039180483683 0.7877223263632204 0.31324732166954156 0.7656525020241489 0.3531831942830993 0.7841399126975747 0.3713462644183946
0 0.9464545457856248 0.43553800172867574 0.9339297810506075 0.4124531412366829 0.9033634516213618 0.4419355582748206 0.9158882163563792 0.46502041876681344
0 0.850333990363557 0.2488217472709626 0.8254860091211257 0.21734763769721638 0.8096214668521813 0.23961366193433128 0.8344694480946125 0.2710877715080775
0 0.7826008385587736 0.11974179688796009 0.7722445132875484 0.09644006502770328 0.7382744849208719 0.12328058126804026 0.7486308101920972 0.14658231312829706
0 0.7705122961215534 0.1957407477868249 0.757124251705857 0.17263980840287813 0.7295618198767216 0.20103746543895692 0.742949864292418 0.2241384048229037
0 0.8724162799796907 0.10837998440166242 0.8707969055881829 0.08203816096646879 0.8323568015033029 0.08623926523804036 0.8339761758948108 0.11258108867323399
0 0.7420589846456249 0.07977165804694929 0.7321906165917477 0.054278373907766395 0.700669991702515 0.07596998673476514 0.7105383597563923 0.10146327087394803
0 0.7208946078431373 0.010212418300653687 0.7057291666666666 -0.01000816993464043 0.6819852941176471 0.021650326797385714 0.6971507352941176 0.04187091503267983
0 0.933848760092272 0.29866397539407924 0.921965109573241 0.2737648981161091 0.8939734717416377 0.2975153787004997 0.9058571222606687 0.3224144559784698