0 0.4175857843137255 0.5780228758169934 0.3918504901960784 0.5780228758169934 0.3918504901960784 0.6233660130718954 0.4175857843137255 0.6233660130718954
0 0.3640303839269181 0.566067595278755 0.34179667407361686 0.5523038701314734 0.32799254932823074 0.5919464847848898 0.35022625918153205 0.6057102099321716
0 0.2178002706078268 0.6793725816721361 0.20218190315260162 0.6593810713294478 0.1771476179980735 0.694150911821848 0.19276598545329868 0.7141424221645362
0 0.31846762004919205 0.6706381360672444 0.29996314909316596 0.6513291228957391 0.2782469743465968 0.6883270502417458 0.2967514453026229 0.7076360634132512
0 0.28463326789992016 0.5939625661727738 0.2632059045337593 0.5804294945730932 0.2485582468281431 0.6216599384851981 0.26998561019430395 0.6351930100848787
0 0.23238731468197038 0.5794077793719115 0.23036399128131557 0.5483834872285375 0.1914029448552404 0.5529007100025751 0.19342626825589526 0.5839250021459491
0 0.1618926250275392 0.6530572079018873 0.14111161599471259 0.6423518396122493 0.12812004296100468 0.6871855034148491 0.1489010519938313 0.697890871704487
0 0.14926078431372555 0.5873895424836603 0.12568431372549024 0.5782209150326798 0.11792941176470594 0.6136718954248367 0.14150588235294126 0.6228405228758171
0 0.2496356650768416 0.7357578166401696 0.23139242183359834 0.7228802331743508 0.21455766428192904 0.7652788818229995 0.2328009075251723 0.7781564652888183
0 0.3950220805777933 0.7474897996674016 0.3869195237266505 0.72125294891132 0.3549298787562363 0.7388158912480179 0.36303243560737913 0.7650527420040996
0 0.459810700310493 0.7281609317624376 0.43921595210752407 0.7137084768831611 0.42331249202500953 0.7539972424255313 0.4439072402279784 0.7684496973048077
0 0.5080142068139473 0.5460270458107829 0.4938046202643953 0.5251863188714401 0.4706256654245408 0.5532820217076273 0.4848352519740928 0.5741227486469701
0 0.34088997085320616 0.5002406818583289 0.3300692236354001 0.47298842960607673 0.3025072866984632 0.4924439145027381 0.31332803391626923 0.5196961667549903
0 0.24143651362984217 0.48062131356607674 0.24045851267336205 0.438893272756257 0.21700561932089907 0.439870476645943 0.21798362027737922 0.4815985174557627
0 0.19075951386471748 0.5194990718180763 0.18220283675600418 0.4921177050701938 0.14876653324051514 0.5106934292454655 0.15732321034922842 0.5380747959933481
0 0.13267996805463766 0.44905724462069474 0.11117192663582291 0.43113387677168247 0.09134377065432918 0.47343394286553575 0.11285181207314393 0.491357310714548
0 0.1161151960784314 0.36519607843137253 0.08823529411764709 0.36519607843137253 0.08823529411764709 0.3991013071895425 0.1161151960784314 0.3991013071895425
0 0.2107843137254902 0.3533496732026144 0.17861519607843138 0.3533496732026144 0.1786151960784314 0.3799019607843137 0.21078431372549022 0.3799019607843137
0 0.2853885684107897 0.3588000577763334 0.26998700032499184 0.3359829198714477 0.24307361065973346 0.36827898746975773 0.25847517874553133 0.39109612537464344
0 0.25052367192883546 0.28401485727411313 0.2368749216939172 0.26429999582367564 0.21235435068596129 0.2944791601411598 0.22600310092087955 0.3141940215915973
0 0.17744302318818095 0.31364766847191516 0.16272461934674987 0.29175876019491515 0.13434830095518763 0.32567987643310453 0.14906670479661868 0.3475687847101046
0 0.14807494223434758 0.2159230982186218 0.1311989330753598 0.19410361162922343 0.10329974689828605 0.23246499262269985 0.12017575605727383 0.25428447921209824
0 0.37911764705882356 0.34433006535947713 0.352610294117647 0.339281045751634 0.3481249999999999 0.38114379084967326 0.37463235294117647 0.38619281045751636
0 0.3583657727797001 0.2529315647827759 0.353910755478662 0.22620146097654747 0.319395184544406 0.23642829680891964 0.32385020184544405 0.26315840061514806
0 0.43221116001144977 0.27439649825867085 0.42995697366537844 0.24834812270406945 0.40195496994418206 0.2526561232765612 0.4042091562902534 0.2787044988311626
0 0.4650428921568628 0.388766339869281 0.46402781631520534 0.35763734739178693 0.42918054014058454 0.3596574793439389 0.430195615982242 0.39078647182143295
0 0.5218499842597589 0.3040418690411945 0.5101116994963123 0.2818009084367692 0.4818425076452599 0.30832508844516404 0.4935807924087065 0.33056604904958936
0 0.5084841628959277 0.2171317244846656 0.49613499245852194 0.1924333836098542 0.46679392911010564 0.21851432880844654 0.4791430995475114 0.24321266968325794
0 0.41317324642790865 0.19440862044081578 0.4042944346508319 0.16933903424671662 0.3731128610750294 0.1889718768685182 0.3819916728521061 0.2140414630626174
0 0.4294130895601484 0.49346979332273455 0.4128451245363009 0.47032723900370965 0.3891269210386857 0.50051404345522 0.4056948860625332 0.5236565977742449
0 0.4801989981567992 0.4970134055783309 0.46678812327199914 0.4757795203440642 0.4403432564273683 0.5054720024152286 0.45375413131216835 0.5267058876494954
0 0.5389979595899272 0.46325602999236926 0.5373090225938091 0.4317292060648287 0.5072191947845128 0.4345949039514283 0.508908131780631 0.4661217278789689
0 0.5315769996117258 0.657976606484178 0.5270733231411375 0.6313834692292759 0.491537444185595 0.6420824435384715 0.4960411206561832 0.6686755807933735
0 0.37184616493656286 0.9788302575932333 0.36062752306805074 0.9538999423298729 0.332288062283737 0.9765715109573239 0.3435067041522491 1.0015018262206843
0 0.2855392156862746 0.9138071895424836 0.24969362745098045 0.9138071895424836 0.24969362745098045 0.9436274509803921 0.2855392156862746 0.9436274509803921
0 0.3740239441930619 0.8427063851181499 0.3651310331825038 0.815286576168929 0.33127714932126695 0.834805932629462 0.34017006033182506 0.8622257415786829
0 0.43546352364475205 0.944204152249135 0.4309760668973472 0.9202710495963092 0.39507641291810847 0.9322376009227221 0.3995638696655133 0.956170703575548
0 0.5496603807137997 0.7771360384321975 0.5346278298385599 0.761387651800994 0.5136843183645697 0.7969281561204925 0.5287168692398095 0.8126765427516961
0 0.30361102459137973 0.843364678196039 0.29401196938684704 0.8224825230142485 0.26382384459078634 0.8471523884389864 0.27342289979531903 0.8680345436207766
0 0.6419582172020929 0.7639021319250892 0.6409817979560902 0.7378642853650189 0.6069064471175003 0.7401359754209248 0.607882866363503 0.7661738219809952
0 0.5734164054966249 0.7091268884603021 0.5703853262616522 0.6646710596807028 0.5459383036001286 0.667634335154827 0.5489693828351013 0.7120901639344263
0 0.653292040073728 0.6000704441690239 0.6391025717418247 0.5776037859768436 0.6122520219595131 0.6077517716973339 0.6264414902914164 0.630218429889514
0 0.6991850014145502 0.6438552298462857 0.6931648318317338 0.6139368113135008 0.6619637970337968 0.6250981570948765 0.6679839666166132 0.6550165756276616
0 0.7352287315205671 0.7170084638390928 0.7242441477989143 0.6928854564503654 0.6955427790874037 0.716119897788255 0.7065273628090564 0.7402429051769823
0 0.7794313257362973 0.5992394047205059 0.7723443811358104 0.5762325121044327 0.7420986812187358 0.5927956334875927 0.7491856258192225 0.6158025261036658
0 0.5774805611899934 0.899002704530088 0.5560344827586207 0.8875647960333559 0.5422794117647058 0.9334150326797386 0.5637254901960785 0.9448529411764708
0 0.5980816365007542 0.8306812468577176 0.5795060331825037 0.8165284062342887 0.5642156862745098 0.8522058823529413 0.5827912895927603 0.8663587229763702
0 0.6610579650495058 0.8641287191147914 0.6462027315059231 0.8451645911868135 0.6221980008937917 0.8785934012244484 0.6370532344373744 0.8975575291524265
0 0.7008766293050172 0.8992398917542184 0.6846355483454127 0.8796807404910388 0.6606798485869992 0.9150439163248874 0.6769209295466037 0.9346030675880669
0 0.7755544840887174 0.8143348869602485 0.762169519447123 0.7929189435336974 0.7345959900353582 0.8235561984356582 0.7479809546769527 0.8449721418622093
0 0.792771168977145 0.9362979268140378 0.7825164699637815 0.8898099579534575 0.761849007118771 0.8979148453436577 0.7721037061321343 0.9444028142042381
0 0.8207720588235294 0.7638888888888891 0.811764705882353 0.7398692810457518 0.7824754901960784 0.7593954248366013 0.791482843137255 0.7834150326797387
0 0.5745826142192818 0.5365259999680396 0.5612370559470732 0.5124516595554279 0.5315518780861979 0.5417066174473051 0.5448974363584065 0.5657809578599168
0 0.6705786925425907 0.5137837512054002 0.6629801510768242 0.48789242472945454 0.6300345548055287 0.5050814314796956 0.6376330962712954 0.5309727579556413
0 0.6424127739331027 0.4510861207227989 0.6342711660456037 0.4265184618342058 0.6039888042321001 0.44435923313518466 0.6121304121195991 0.4689268920237778
0 0.7137621357294944 0.44877636359784345 0.701106019798519 0.4287375133737991 0.6727836900562494 0.46053802396161053 0.6854398059872248 0.48057687418565487
0 0.7635744811884143 0.495016132510534 0.7489829053448789 0.47815475598022644 0.7271985729571016 0.511669113499884 0.741790148800637 0.5285304900301915
0 0.6236905540551946 0.36618303466771707 0.6017161258334037 0.3527542174210671 0.5872348580752245 0.3948815418084978 0.6092092862970153 0.4083103590551478
0 0.6483112786187399 0.3172506149707719 0.6405311364906399 0.2926817450925606 0.6090573278766661 0.31040033364561237 0.6168374700047664 0.33496920352382364
0 0.7350642416487401 0.3653624648682508 0.7254957980985584 0.3418610245695589 0.6981675985337389 0.3616414356831426 0.7077360420839205 0.3851428759818345
0 0.7967091516509359 0.42566087753307696 0.7949185853433757 0.39780762385991675 0.7637140198461881 0.40137385991673813 0.7655045861537485 0.4292271135898983
0 0.5811887254901961 0.22753267973856217 0.5447303921568627 0.22753267973856217 0.5447303921568627 0.2549019607843138 0.5811887254901961 0.2549019607843138
0 0.6378676470588235 0.1711601307189544 0.6162683823529411 0.14236111111111124 0.5968137254901961 0.16830065359477142 0.6184129901960784 0.19709967320261457
0 0.6916443494330639 0.2374096869844851 0.6761201685146901 0.21830300277725587 0.6518061298001628 0.253423280920462 0.6673303107185365 0.2725299651276913
0 0.764286103609306 0.2748854802561867 0.7554909697020846 0.24929963616245157 0.7253196472276143 0.2677376665635168 0.7341147811348356 0.2933235106572519
0 0.6703362285937792 0.1111752376579426 0.6650920233661548 0.0823321089060082 0.6305083286567011 0.0935106768929023 0.6357525338843256 0.12235380564483671
0 0.5152624123043713 0.12665647298674834 0.49801322699157285 0.10762288919331557 0.4745325926771555 0.14545280003321018 0.4917817779899539 0.16448638382664296
0 0.526814376192955 0.03996399444733653 0.5089851205969113 0.01916319625195224 0.48714048672566373 0.05245025738909141 0.5049697423217074 0.07325105558447571
0 0.5859826662623813 0.09119415807560137 0.5844804932282192 0.04713041574017924 0.5594236405902567 0.04864901286975272 0.5609258136244188 0.09271275520517484
0 0.7436925846816875 0.09699697145353436 0.7385626165633348 0.0706142782734345 0.7027312049498463 0.08300044525093667 0.7078611730681991 0.10938313843103653
0 0.8169008725166759 0.11590264380543606 0.8110727189187338 0.09292789339035959 0.7742818527566276 0.10951985263993687 0.7801100063545698 0.13249460305501334
0 0.8101140483545716 0.18703608358004037 0.8058529894452311 0.1572086712146565 0.7679680460805766 0.16683024413266398 0.7722291049899169 0.19665765649804784
0 0.8910091744732326 0.07862712277641817 0.8749107695445467 0.06227318761076896 0.852876561313191 0.10083305201564141 0.8689749662418769 0.11718698718129064
0 0.892989654425306 0.1831509767811362 0.8664107355649443 0.16922868594951807 0.8543044496804247 0.21031668652728136 0.8808833685407865 0.22423897735889944
0 0.8999291827386693 0.2920986017357763 0.8979578511732563 0.2631857387763849 0.8659971673095468 0.26705976106289514 0.8679684988749597 0.2959726240222865
0 0.8163110736097717 0.2763205828779601 0.7967308542269366 0.26610481624343735 0.7843092052394728 0.3084304350155364 0.803889424622308 0.31864620165005914
0 0.9845310434073199 0.26694235800489496 0.9758906342307366 0.24180662221847124 0.9458670035446028 0.26015439652666417 0.954507412721186 0.28529013231308786
0 0.8787212187779676 0.34152462506441045 0.8638871938817019 0.3240280828790715 0.8422621226914001 0.3566223930789467 0.8570961475876658 0.3741189352642857
0 0.9323635400105988 0.34928413707825484 0.9124122284048756 0.3354906376965202 0.8961085718071012 0.37741432609079684 0.9160598834128245 0.39120782547253147
0 0.8820159950674655 0.456661129455247 0.8669839947413477 0.4378711290475996 0.8433085942277119 0.4715428097781039 0.8583405945538297 0.4903328101857514
0 0.974589885459134 0.4692753834206951 0.96753300330033 0.44457629586488084 0.9300894243836147 0.4635952565844821 0.9371463065424188 0.48829434414029643
0 0.8340073529411766 0.5447712418300655 0.8131740196078432 0.5308823529411766 0.7984681372549021 0.5700980392156865 0.8193014705882353 0.5839869281045753
0 0.917710675034345 0.5754027725739979 0.898456038466342 0.5613994005245411 0.8822046334457351 0.6011250572415804 0.901459270013738 0.6151284292910372
0 0.9635560841983853 0.6030997693194927 0.9396590253748558 0.6006487889273359 0.9371161332179931 0.6447255863129568 0.9610131920415227 0.6471765667051137
0 0.8630326490664524 0.668513964174976 0.8280674897945526 0.6630292333087957 0.825645787325169 0.6904751946284773 0.8606109465970688 0.6959599254946576
0 0.9513103318250375 0.7076734539969836 0.9303120286576168 0.6890082956259428 0.9137207767722472 0.7221907993966817 0.934719079939668 0.7408559577677225
0 0.9193399736799763 0.8233862224061178 0.9066684337861758 0.8017976729574205 0.8798369508999381 0.8297957420561034 0.8925084907937386 0.8513842915048007
0 0.8780315384908826 0.8857512525113806 0.8767476348516059 0.8583613082068106 0.8424720569161517 0.8612176063680984 0.8437559605554282 0.8886075506726685
0 0.9867625929682219 0.9327952445345953 0.9774868999323868 0.9018762677484785 0.9415145368492225 0.9210615280594996 0.9507902298850575 0.9519805048456164
0 0.2066324374577417 0.8111195627676359 0.19965982082488165 0.7878775073247689 0.1678076402974983 0.8048653369393733 0.1747802569303584 0.8281073923822403
0 0.23468355313655706 0.8731116111925198 0.22529285290628703 0.8492080106063776 0.19555072918847252 0.8699802874886609 0.20494142941874255 0.8938838880748028
0 0.14998918685121107 0.9287341407151095 0.14590902537485578 0.9042531718569781 0.10980392156862741 0.9149509803921567 0.11388408304498271 0.9394319492502883
0 0.07341440422322776 0.9657855706385118 0.07207013574660633 0.9335231271995977 0.04371606334841629 0.935623428858723 0.045060331825037714 0.9678858722976369
0 0.10339801601113818 0.8277690760722435 0.09483227462582668 0.8003587036392465 0.05832861990950229 0.8206385118149824 0.0668943612948138 0.8480488842479794
0 0.06556225725114327 0.7029739345152332 0.06475227870700996 0.6759746497107895 0.030285366942304076 0.6778128850049071 0.031095345486437383 0.7048121698093508
0 0.11366421568627455 0.5465686274509804 0.09834558823529418 0.5261437908496733 0.07460171568627458 0.5578022875816996 0.08992034313725494 0.5782271241830066
0 0.0723995199739647 0.3344649201312614 0.06006694430884387 0.30949526075990563 0.02677174863721423 0.33873006671548284 0.03910432430233504 0.3636997260868386
0 0.3134426847662142 0.16478129713423834 0.3102493401206637 0.14349233283056811 0.27766779788838614 0.15218074409250876 0.2808611425339367 0.173469708396179
0 0.2702205882352941 0.22181372549019618 0.2539828431372549 0.20016339869281052 0.2287071078431373 0.23386437908496738 0.24494485294117652 0.255514705882353
0 0.36710390604205484 0.11001796646260313 0.35081708588412736 0.08735804276461716 0.32650912740661875 0.11841821193032263 0.3427959475645461 0.14107813562830862
0 0.3350132698320366 0.07528862389620045 0.33127166194042507 0.047351284972167715 0.295282544414552 0.05592012247832799 0.2990241523061635 0.08385746140236072
0 0.4360664886973898 0.10702146038882648 0.4353284625952291 0.07946848590816369 0.40024978144123885 0.08113889929644894 0.4009878075433995 0.10869187377711173
0 0.11861740597878496 0.15643817636344154 0.11429403728704599 0.13193908711025393 0.0827195837351334 0.141844798028501 0.0870429524268724 0.16634388728168864
0 0.2303141811778863 0.10957076874070927 0.22719791887874283 0.09045769330596258 0.193224300099101 0.10030511903919209 0.19634056239824446 0.1194181944739388
0 0.14908088235294117 0.09362745098039216 0.14099264705882356 0.07205882352941177 0.11011029411764708 0.09264705882352943 0.11819852941176473 0.11421568627450981