0 0.44295618528310204 0.5185888962326505 0.4246977583168099 0.503373540427407 0.40512778144965855 0.5451228244106633 0.4233862084159507 0.5603381802159068
0 0.13467876247862232 0.42530127669729156 0.10143429582786467 0.4102115897068767 0.09294485542695785 0.44346189794376173 0.1261893220777155 0.4585515849341766
0 0.10202205882352945 0.49468954248366015 0.07965686274509808 0.49468954248366015 0.07965686274509808 0.5437091503267973 0.10202205882352945 0.5437091503267973
0 0.04278173603267014 0.5467200789720122 0.02052017261853048 0.5455784603353897 0.019340841949778486 0.586461923518792 0.04160240536391815 0.5876035421554147
0 0.11327265662362507 0.6555157022158458 0.10911645145863225 0.6296548700781126 0.07114120038259206 0.640504941814124 0.07529740554758488 0.6663657739518573
0 0.19265119899311076 0.40801426426426424 0.18900453762586117 0.3772202349408232 0.14976732246952837 0.38548070128952483 0.15341398383677796 0.4162747306129659
0 0.21262931581619698 0.48391555784537743 0.19483870756985194 0.46443060595652336 0.17025890230425753 0.5043282608803867 0.18804951055060257 0.5238132127692408
0 0.19387191514536853 0.6115052400270454 0.18486730899256254 0.5906524678837053 0.1535532876943881 0.6146915145368493 0.16255789384719413 0.6355442866801894
0 0.2577185499979618 0.56086346527523 0.24198335779218133 0.5411944750180044 0.21875700644083002 0.5742275080510374 0.23449219864661044 0.593896498308263
0 0.2395467367121412 0.3214505606897789 0.23194663463889295 0.2954560086711327 0.20049172412106983 0.31180545368604634 0.2080918261943181 0.33780000570469254
0 0.1445837814458057 0.2889372071032971 0.12736223463948382 0.2509310348410695 0.10829836107734032 0.2662880440994629 0.1255199078836622 0.3042942163616905
0 0.08014798853556948 0.36143470855761733 0.07812532431815351 0.3328477209514716 0.04315744911231958 0.33724619582012993 0.04518011332973556 0.3658331834262757
0 0.1130378848371928 0.16484118534291547 0.09306294916156509 0.15453154112323664 0.08029677934522225 0.19850390382397304 0.10027171502084999 0.20881354804365185
0 0.1962646502484979 0.1817784701101963 0.15868398115866775 0.17640980309736343 0.15618509383576887 0.20750706756010523 0.19376576292559902 0.2128757345729381
0 0.2613341955191757 0.21398026222877514 0.2604002491229854 0.17164135893481564 0.23716306963580594 0.17255262087548937 0.2380970160319962 0.21489152416944882
0 0.30633050026833425 0.3436501038336796 0.2901035711785706 0.3226151957543563 0.2635107742025807 0.3590853173214281 0.2797377032923443 0.38012022540075135
0 0.2989681730356376 0.49215209198034443 0.2915883963074281 0.4650929106435764 0.25559968512952624 0.48254198272983173 0.2629794618577358 0.5096011640665998
0 0.3578209516565247 0.5255845729096237 0.3417797075726843 0.5074867590714447 0.32046674273157544 0.5410708248816769 0.3365079868154159 0.5591686387198559
0 0.3019315840782843 0.6167059068780734 0.278240306441526 0.6139590920796085 0.27525360519442305 0.6597551778685208 0.29894488283118137 0.6625019926669856
0 0.19628407869997322 0.7221718596114245 0.17486318157399952 0.7114614110484375 0.16251175127585285 0.7553776076640701 0.18393264840182652 0.7660880562270571
0 0.14522058823529413 0.7908496732026143 0.13617470183949867 0.7637120140152281 0.10246108752779462 0.7836904521258675 0.11150697392359006 0.8108281113132537
0 0.11044663303277519 0.8623443537999143 0.09583914770287681 0.8377868422308095 0.06419757227708608 0.8712468990029102 0.07880505760698445 0.8958044105720147
0 0.039847317351598244 0.7645687841346585 0.01888807749127054 0.7518662145223387 0.005017375100725283 0.7925536082012714 0.02597661496105299 0.8052561778135912
0 0.037115280061528734 0.8823827772768261 0.02191489197121594 0.8593518862308975 -0.004889252815643783 0.890802082780813 0.010311135274669007 0.9138329738267416
0 0.07567482726834142 0.984365487554131 0.07104450963162065 0.9552606338376004 0.03403265963678968 0.9657286318159366 0.038662977273510445 0.9948334855324672
0 0.18552473965239835 0.9185758087424932 0.17123601018405565 0.8969262186389435 0.1471184957301226 0.9252241022648916 0.1614072251984653 0.9468736923684413
0 0.2265752368363075 0.9029356686494819 0.22171733862084156 0.876101564221194 0.18958230061687592 0.8864438753029301 0.19444019883234184 0.9132779797312182
0 0.2876820034944671 0.934534556396816 0.2777591729761211 0.9135863586358636 0.24742040380508634 0.9391347958325243 0.2573432343234323 0.9600829935934769
0 0.26392962381581847 0.8273504626569728 0.2591584737827715 0.7997838180215905 0.22548331130204888 0.8101454064771976 0.2302544613350958 0.8377120511125798
0 0.28053151570362667 0.7372643010006364 0.26257211955578696 0.71631167216149 0.24042382439701546 0.7500614552605704 0.2583832205448552 0.7710140840997168
0 0.3559999814758214 0.7331449269992991 0.3222550061592895 0.732166811772733 0.3217936383339355 0.7604640383944478 0.3555386136504674 0.7614421536210139
0 0.3438463868693545 0.832800910626423 0.33281215576118084 0.808726224572226 0.29888122383784976 0.8363736505838291 0.3099154549460234 0.8604483366380262
0 0.3661346554870103 0.9110901130516217 0.350301258797463 0.8882900218186737 0.3245992266921541 0.9200209256523882 0.3404326233817014 0.9428210168853364
0 0.4108307295204456 0.7658011819046325 0.39789091156092915 0.7413593035366571 0.36814447199203 0.7693559525426799 0.3810842899515464 0.7937978309106553
0 0.41497549019607843 0.6387418300653596 0.40372549019607845 0.6187418300653595 0.3762254901960785 0.6462418300653595 0.3874754901960785 0.6662418300653595
0 0.4881626880204137 0.5146247425911006 0.4706427947891485 0.5040066254812429 0.4568350456621005 0.5445093562539173 0.47435493889336566 0.5551274733637749
0 0.46323661387631976 0.40492056309703384 0.44628714177978884 0.38310055304172963 0.420282616892911 0.41901156359979896 0.4372320889894419 0.44083157365510317
0 0.3738923453996983 0.4068941679235797 0.3622501885369532 0.3836098541980895 0.33163650075414786 0.41082202111613875 0.34327865761689297 0.4341063348416289
0 0.42527826207802705 0.33165091638029787 0.4178242495451789 0.3058103395997575 0.3860846851627248 0.3220870392830672 0.393538697695573 0.3479276160636076
0 0.3577850321162948 0.2674737998647735 0.3565257352941177 0.2389297385620915 0.3193490111561866 0.2418455600631057 0.32060830797836376 0.2703896213657877
0 0.32927715964682025 0.14063887894576363 0.30840374308952795 0.13614997215924918 0.3036543471343913 0.17541164538837856 0.3245277636916836 0.17990055217489304
0 0.2659328873700284 0.05450477471581963 0.24681205918708649 0.03673592428318675 0.22703985797038226 0.07456100487166441 0.24616068615332418 0.09232985530429728
0 0.1960375079634742 0.05065949364101842 0.18357467084306645 0.02481064628017276 0.15381339810292347 0.05032030862886675 0.16627623522333118 0.07616915598971241
0 0.39643410169868704 0.15766686035490288 0.38039725663279184 0.1404229409292091 0.3591916787206686 0.17548282974391952 0.3752285237865638 0.1927267491696133
0 0.3387254901960784 0.06993464052287586 0.32965686274509803 0.04575163398692808 0.29583333333333334 0.06830065359477121 0.30490196078431375 0.09248366013071899
0 0.44700836216839673 0.04964917339484821 0.4154033304498271 0.04640763168012311 0.41379397347174174 0.07430315263360254 0.4453990051903114 0.07754469434832764
0 0.46756591149973514 0.12834525702172772 0.4445631293057764 0.12323352764529244 0.4386758081611023 0.17033209680268513 0.46167859035506104 0.1754438261791204
0 0.4642433716334281 0.26868566948866585 0.4626398775557576 0.23928827806470612 0.4284512802161312 0.24260353598854867 0.4300547742938017 0.2720009274125084
0 0.5169514129181083 0.21710880430603616 0.5130226355247981 0.19353613994617452 0.48252955594002306 0.20257112648981157 0.4864583333333333 0.22614379084967318
0 0.543354256336681 0.31131316754344013 0.5381294835007173 0.2843185078909612 0.5053930535628884 0.29558265582655824 0.5106178263988521 0.3225773154790372
0 0.5643579606500134 0.40634736771420893 0.5635718842331453 0.3780486167069567 0.5290332057480527 0.379754230459307 0.5298192821649208 0.4080529814665592
0 0.5551228752827614 0.4779713224227882 0.5530171900614519 0.45214158370805896 0.5208879967213416 0.45679798853995907 0.522993681942651 0.4826277272546883
0 0.48837263353617305 0.6153679287807078 0.47490386240703175 0.5941444106378184 0.45086946416497636 0.6212601419878298 0.4643382352941176 0.6424836601307191
0 0.5526960784313726 0.6004901960784313 0.5439338235294118 0.5771241830065358 0.5118259803921569 0.5985294117647058 0.5205882352941177 0.6218954248366012
0 0.5683823529411764 0.5410130718954249 0.5593750000000001 0.5169934640522876 0.5267769607843138 0.5387254901960785 0.5357843137254902 0.5627450980392158
0 0.6635347333275706 0.4049448214259989 0.6269233262739337 0.394416050770051 0.622836370496031 0.4196808683061764 0.659447777549668 0.4302096389621243
0 0.6797250514991989 0.3251475038783347 0.6784256504158083 0.29742694743266956 0.6420710307469291 0.3004564990717428 0.6433704318303196 0.32817705551740795
0 0.6041661244143676 0.276072936549251 0.5994322618427902 0.25187763896118925 0.5652844655561339 0.26375513332176537 0.5700183281277112 0.28795043090982714
0 0.6753101497448296 0.5262529098397352 0.6391510542573193 0.5244672754946729 0.6384287704807949 0.550469491449548 0.6745878659683052 0.5522551257946102
0 0.6000521921966756 0.6438623469692446 0.5901876804021101 0.6234410769383896 0.5593722628645367 0.649904034371786 0.5692367746591022 0.670325304402641
0 0.4719266546208928 0.7074619665841309 0.43761920297129103 0.7020804055410561 0.43495072943853313 0.732323105578978 0.4692581810881349 0.7377046666220527
0 0.5405980989956959 0.7334110473457676 0.5200337757054041 0.6991371751952814 0.5018755978000956 0.7185058982942771 0.5224399210903873 0.7527797704447633
0 0.4908858827506661 0.8100655914833816 0.47877577755240014 0.7877084741942754 0.44867420852722417 0.816695170292593 0.4607843137254901 0.8390522875816994
0 0.5810364246854811 0.8005591446597906 0.5778912359741585 0.7733008424949942 0.5425981808908534 0.7805404435377234 0.5457433696021761 0.8077987457025199
0 0.47183134868991833 0.8892413528833362 0.47040658077390235 0.8607459945630169 0.4378714428249176 0.863638006825149 0.4392962107409335 0.8921333651454683
0 0.5294522290048096 0.8570107288198301 0.5109311413244544 0.8432914046121596 0.4943263272290048 0.8831429584412384 0.51284741490936 0.8968622826489089
0 0.4121307689216922 0.9741748159961757 0.40089968443241103 0.9465896961979412 0.36901453125386346 0.9696684737366995 0.38024561574314464 0.9972535935349341
0 0.5064636692944132 0.9796008868204619 0.5047990670972372 0.9477884892744325 0.47038920856286537 0.9509894063473971 0.4720538107600414 0.9828018038934266
0 0.6229673155389324 0.9127554875514753 0.6055072679360762 0.8962654425932224 0.5863478267029356 0.9323302731497225 0.6038078743057916 0.9488203181079755
0 0.674103593782445 0.7113798166770492 0.6593057533149418 0.6947882985771213 0.6370937898608763 0.7300072676574413 0.6518916303283795 0.7465987857573693
0 0.7005514705882354 0.6124183006535949 0.690747549019608 0.5862745098039217 0.6576593137254904 0.6083333333333334 0.6674632352941178 0.6344771241830066
0 0.7183464334009466 0.4581727518593643 0.7171452417173766 0.4309457403651114 0.6849433739012847 0.4334713770565697 0.6861445655848546 0.46069838855082257
0 0.6957603975846394 0.20774249722957236 0.6952099871090305 0.1798550331320533 0.652975948164733 0.18133692923536196 0.653526358640342 0.20922439333288104
0 0.5912393900513226 0.1734329078387507 0.581135264508488 0.14856121419485013 0.5463543722858272 0.17368074746677187 0.5564584978286617 0.19855244111067244
0 0.5175774451792551 0.05967919712263604 0.5096371388792202 0.03427021696252464 0.47652714932126694 0.05266465560583207 0.4844674556213018 0.07807363576594346
0 0.6281955234924159 0.10248951781970651 0.6272261145024047 0.07276097545936615 0.591527931927488 0.0748304353187816 0.5924973409174991 0.10455897767912196
0 0.8297746983408748 0.8742144293614881 0.8110671191553546 0.8548139768728005 0.789621040723982 0.8915786827551534 0.8083286199095022 0.910979135243841
0 0.715463950226712 0.8054903429650433 0.6973687859365694 0.7936634382002441 0.682361184554417 0.8344841139596986 0.7004563488445597 0.8463110187244977
0 0.6666943149210905 0.8376683803602745 0.6335425633668104 0.8213833094213298 0.6260992049258729 0.8483211780647221 0.6592509564801531 0.8646062490036667
0 0.7608479299363057 0.8629142208900548 0.7500761052828775 0.8365830939594523 0.7203247939303111 0.8582204113067733 0.7310966185837393 0.8845515382373758
0 0.7033419448860626 0.9184839251015721 0.6933185943296237 0.893239931107578 0.6637014772125066 0.9141461314255431 0.6737248277689455 0.9393901254195371
0 0.8935075855159582 0.8921061733695912 0.8846552078860741 0.8668136658556367 0.8515636181479892 0.887403988359334 0.8604159957778733 0.9126964958732885
0 0.876843131070763 0.7690186321234411 0.8662293449760053 0.7440450177828352 0.832147009350418 0.7697961158110568 0.8427607954451756 0.7947697301516627
0 0.843584539494031 0.6937774478876724 0.8395841065132676 0.667774633512711 0.8056759138986824 0.6770486690996061 0.8096763468794458 0.7030514834745676
0 0.9567865852663863 0.7811792437440869 0.9355937612149686 0.7737151044555373 0.9265171813317674 0.8195302219612196 0.9477100053831851 0.8269943612497691
0 0.9798922413793103 0.8941255352715799 0.969071585530764 0.8704231462700025 0.9387373225152129 0.8950422582826237 0.9495579783637592 0.9187446472842011
0 0.9640372479157933 0.6572343703910704 0.947445100367938 0.6365863645537394 0.9213939732662662 0.673802260413271 0.9379861208141214 0.6944502662506019
0 0.9026348810934953 0.6222974391267844 0.8830139187287006 0.6086935718871933 0.8677948430631698 0.6477168428244515 0.8874158054279645 0.6613207100640426
0 0.837621878620157 0.6032522418157635 0.8259173746084868 0.5803022339497435 0.7995036362466212 0.6042506900645015 0.8112081402582916 0.6272006979305216
0 0.8181457065584855 0.4929456840207348 0.8019861392832995 0.46870633310795595 0.7736899932386747 0.5022425061978816 0.7898495605138607 0.5264818571106605
0 0.753422920892495 0.5980673878746902 0.7446120689655172 0.5706558485463151 0.7137740872210953 0.5882775524002706 0.7225849391480731 0.6156890917286455
0 0.8929473236769184 0.5010686546694624 0.856764906728409 0.5002777821678556 0.8564394373412989 0.5267492923194714 0.8926218542898084 0.5275401648210782
0 0.9859902540898017 0.541279924198476 0.9776783124492402 0.5146817109486793 0.9468090120663649 0.531831322272499 0.9551209537069264 0.5584295355222956
0 0.8572303921568627 0.3880718954248367 0.8170955882352942 0.3880718954248367 0.8170955882352942 0.419934640522876 0.8572303921568627 0.419934640522876
0 0.7487745098039216 0.34926470588235303 0.7251838235294118 0.34926470588235303 0.7251838235294118 0.3954248366013073 0.7487745098039216 0.3954248366013073
0 0.8509461572020651 0.3221953593963337 0.8474147307254175 0.29582737503736567 0.811542254417218 0.3043684408250322 0.8150736808938654 0.3307364251840003
0 0.9120057859209257 0.3722811528983178 0.8903085824493732 0.33756562734383366 0.8724686595949853 0.3573877638487089 0.894165863066538 0.39210328940319306
0 0.7766464239186003 0.2362688066535839 0.7546656751430596 0.22738769603720388 0.7448251640858192 0.27068594468906165 0.7668059128613599 0.2795670553054417
0 0.8986030878999262 0.22880405012632202 0.881363081863304 0.21369852102756742 0.8630355755472086 0.25088476572689156 0.8802755815838307 0.2659902948256462
0 0.9653799019607843 0.2508169934640524 0.9492953431372549 0.22937091503267973 0.9284620098039216 0.2571486928104575 0.944546568627451 0.2785947712418302
0 1.0003072232462997 0.4080077026182683 0.9834974449914832 0.3849542924402342 0.957137982126607 0.4191239665243329 0.9739477603814236 0.442177376702367
0 0.81841958369346 0.1969233170075868 0.7863683016421781 0.1956664039859679 0.785702067127629 0.22586903531219474 0.817753349178911 0.22712594833381367
0 0.9189215686274511 0.1435784313725491 0.9073039215686276 0.12292483660130712 0.8803431372549021 0.14988562091503263 0.8919607843137257 0.17053921568627461
0 0.7396404447747004 0.09577051772114342 0.7340297163590597 0.06983648415551502 0.6991427844610019 0.08325453488553726 0.7047535128766426 0.10918856845116567
0 0.8113844943623809 0.08512197845953644 0.7996862526585672 0.06356051335838955 0.7717131187541881 0.0905416921597763 0.783411360458002 0.11210315726092318
0 0.862331527257509 0.014732467514647758 0.8441614268170529 -0.003841412935596297 0.8212662426762168 0.03597629861368397 0.8394363431166728 0.05455017906392803
0 0.9966299019607843 0.12745098039215713 0.9805453431372549 0.1060049019607845 0.9557291666666666 0.13909313725490205 0.9718137254901961 0.1605392156862747
0 0.9724406108597285 0.029072398190045264 0.9516874057315234 0.01326043237807948 0.9354732277526395 0.05109351432880855 0.9562264328808446 0.06690548014077433
0 0.7465336914275733 0.723839832889355 0.7395314751735884 0.6971647233503648 0.7063695467050961 0.7126402899689944 0.7133717629590811 0.7393153995079846