0 0.113415719407347 0.21873619465117067 0.07354162418867029 0.21652096713902194 0.07261294899242195 0.24623857341896893 0.11248704421109867 0.24845380093111763
0 0.19709316778312752 0.12971457562859073 0.19683084310236554 0.11117696485474382 0.16222884393971115 0.11204745539971625 0.16249116862047314 0.13058506617356316
0 0.25664464029877737 0.09573670052871783 0.2558361471214166 0.0607019961764165 0.22132884692065524 0.06211768028721696 0.22213734009801606 0.0971523846395183
0 0.23126131221719454 0.16827425842131724 0.19903846153846153 0.16588738059326294 0.19772812971342382 0.19733534439416794 0.22995098039215683 0.19972222222222222
0 0.19584379156476595 0.2620421618683943 0.19213514180289182 0.23608161353527551 0.1566857596430257 0.24508463122667004 0.16039440940489977 0.27104517955978885
0 0.05612289202660693 0.3652369642867481 0.037981512356935705 0.34731955226731975 0.016494728981052163 0.38599576234391014 0.03463610865072339 0.4039131743633385
0 0.1256740196078431 0.4173202614379085 0.11433823529411763 0.3719771241830065 0.09172794117647057 0.38202614379084965 0.10306372549019606 0.42736928104575167
0 0.28209869354981815 0.25883461982077904 0.2764841739863366 0.23221763818649638 0.24123441797533496 0.245436296690622 0.24684893753881645 0.27205327832490467
0 0.189717496080367 0.3383554639361504 0.17761441941040979 0.3214845085780282 0.15148020585331864 0.35481509978127485 0.1635832825232759 0.37168605513939706
0 0.27656014328808454 0.3319193061840121 0.26477658371040724 0.30835218702865763 0.23805147058823534 0.33210784313725494 0.24983503016591255 0.3556749622926094
0 0.09834558823529416 0.4375 0.06648284313725494 0.4375 0.06648284313725494 0.46405228758169936 0.09834558823529416 0.46405228758169936
0 0.06434882014226037 0.5342651135950222 0.047918783636295204 0.49443472206540967 0.02740770012419554 0.5094761833076161 0.04383773663016071 0.5493065748372286
0 0.24245521355229796 0.39456080802457694 0.21218038674460324 0.38971683573534577 0.209968125657203 0.4142975144842375 0.2402429524648977 0.41914148677346874
0 0.19213374028856825 0.48474842767295595 0.17517573066962638 0.46927796275743006 0.15723790695523499 0.5042337217906031 0.17419591657417685 0.5197041867061291
0 0.12504339122526836 0.5668531703782569 0.12454695679176649 0.5357432792121373 0.08490595333155887 0.5368678466861857 0.08540238776506076 0.5679777378523053
0 0.10845588235294125 0.6160130718954249 0.0723039215686275 0.6160130718954249 0.0723039215686275 0.6446078431372549 0.10845588235294125 0.6446078431372549
0 0.27619485294117646 0.4609885620915033 0.2701593137254902 0.4368464052287581 0.2347732843137255 0.45257352941176465 0.24080882352941177 0.47671568627450983
0 0.2700713523231642 0.5564732101054366 0.2643652733299624 0.5290840309380677 0.23249374964885672 0.5408882989681069 0.23819982864205858 0.5682774781354758
0 0.19177507078469896 0.6066597808081976 0.18047841066682077 0.5827374417350437 0.15084363804460882 0.6076160162820858 0.16214029816248698 0.6315383553552397
0 0.10695006976912765 0.7285860123470215 0.09839882117357109 0.7046425162794631 0.06336361947736578 0.7268870887849903 0.07191486807292234 0.7508305848525486
0 0.2341188598777768 0.7153851816452825 0.23335587004373387 0.6889348673984611 0.1981280048947201 0.6907414245855901 0.198890994728763 0.7171917388324115
0 0.30484068627450983 0.653186274509804 0.2955269607843138 0.6283496732026145 0.26256127450980393 0.650326797385621 0.27187500000000003 0.6751633986928105
0 0.14031862745098045 0.761437908496732 0.11825980392156869 0.761437908496732 0.11825980392156869 0.8031045751633987 0.14031862745098045 0.8031045751633987
0 0.20146364441641898 0.7749276841926154 0.18059277692700362 0.758483970413076 0.16086763955199238 0.8029919726951527 0.1817385070414077 0.8194356864746921
0 0.08028677386109191 0.8555889938686251 0.07773312433297758 0.8263071459462474 0.043490515202879436 0.8316160775943247 0.046044164730993764 0.8608979255167024
0 0.13338404327248143 0.9029355420329054 0.13161553414469238 0.8746393959882803 0.09378591954022986 0.8788426864998873 0.09555442866801893 0.9071388325445123
0 0.22675615057343698 0.8811428659514119 0.21692910654827974 0.8575579602910347 0.18735259433962267 0.8794664878530029 0.19717963836477992 0.9030513935133803
0 0.07677190142111892 0.9750224860586437 0.07309093362115489 0.9468017329255862 0.03547906547940276 0.9555233255381663 0.039160033279366804 0.9837440786712239
0 0.3140318627450982 0.8995098039215687 0.2738970588235295 0.8995098039215687 0.2738970588235295 0.9276960784313726 0.3140318627450982 0.9276960784313726
0 0.36246531520033287 0.022064338432254988 0.32757961550097375 0.014828785902017552 0.32425723121939226 0.04330636545843029 0.3591429309187514 0.05054191798866773
0 0.3516567684766214 0.13522812971342382 0.3473322021116139 0.10639768728004025 0.3124528657616893 0.1156988436400201 0.31677743212669685 0.1445292860734037
0 0.43746642492613486 0.1438076372101352 0.4248002283105023 0.09877227146566393 0.40049187483212456 0.11092644820485278 0.4131580714477571 0.15596181394932407
0 0.39477990196078433 0.2090640522875817 0.3626387254901961 0.19656470588235297 0.35701813725490195 0.22225882352941181 0.3891593137254902 0.23475816993464058
0 0.3542669691171327 0.2848426708913716 0.32213160710244226 0.2649493515489442 0.31113595097010477 0.29652662044181094 0.3432713129847952 0.3164199397842383
0 0.43486634340687697 0.2751064147133401 0.4227702747277962 0.24944808721225964 0.39167408844754975 0.2755096528566567 0.40377015712663056 0.3011679803577371
0 0.3738970588235294 0.4022875816993465 0.36452205882352945 0.37728758169934634 0.3288602941176471 0.40106209150326794 0.3382352941176471 0.42606209150326807
0 0.3750238443793807 0.5049696122793008 0.36992086993168305 0.4807777334161418 0.33571804853162984 0.49360379144116173 0.3408210229793275 0.5177956703043208
0 0.36593053317217294 0.5793602829259558 0.3568862476497448 0.5528303787268333 0.32551663644910017 0.5718422643029816 0.3345609219715283 0.5983721685021041
0 0.40101914453062437 0.6361180703319835 0.39845233601025004 0.6113055879683652 0.36392911890543844 0.6176546853669512 0.3664959274258128 0.6424671677305696
0 0.4417892156862745 0.5580065359477124 0.41911764705882354 0.5580065359477124 0.41911764705882354 0.5992647058823529 0.4417892156862745 0.5992647058823529
0 0.4492920331486095 0.4973989667892511 0.4485781347975664 0.4650355748752973 0.41720209042994905 0.4662660079877528 0.4179159887809921 0.4986293999017066
0 0.49816176470588236 0.37745098039215697 0.4675245098039216 0.37745098039215697 0.4675245098039216 0.4056372549019609 0.49816176470588236 0.4056372549019609
0 0.5161075112619965 0.27624489492430343 0.5154662031294205 0.25059256962126325 0.4786096874931993 0.25223063698287307 0.4792509956257753 0.27788296228591325
0 0.5527538845726969 0.36709982735232466 0.5473894746577875 0.3420659144160809 0.5124283203847577 0.3553844493772352 0.517792730299667 0.3804183623134789
0 0.5637162594593075 0.46731088418150607 0.5382209644977073 0.4414109019982932 0.5242887057979576 0.4657923547228551 0.5497840007595578 0.49169233690606795
0 0.5115204105659731 0.495310314810058 0.5091175935439678 0.4712821445900048 0.4738579929788509 0.47755051802380327 0.47626081000085624 0.5015786882438564
0 0.5220588235294118 0.15277777777777787 0.48743872549019607 0.15277777777777787 0.48743872549019607 0.17892156862745107 0.5220588235294118 0.17892156862745107
0 0.5442401960784313 0.01601307189542495 0.5246323529411764 0.0029411764705883467 0.5092524509803921 0.04395424836601317 0.528860294117647 0.057026143790849776
0 0.6043753704348676 0.16368676638620544 0.5976540779914333 0.13993819975273789 0.5645865603174893 0.15657594449434492 0.5713078527609236 0.1803245111278125
0 0.32394696280574076 0.802049221750556 0.3217780346674752 0.7721662118455631 0.29117046947645037 0.7761155750960179 0.293339397614716 0.8059985850010107
0 0.3618908592848905 0.848346789696271 0.36045811707035763 0.8235125913110343 0.32878279988465975 0.8267613417916186 0.3302155420991927 0.8515955401768553
0 0.4304434367850026 0.7994337425476257 0.422193673579846 0.7734344888101624 0.3904808472950033 0.7913237754323813 0.3987306105001599 0.8173230291698446
0 0.4181985294117647 0.690767973856209 0.41237745098039214 0.6674836601307189 0.38112745098039214 0.6813725490196079 0.3869485294117647 0.704656862745098
0 0.48420307593403067 0.7349247706648865 0.4816902801473679 0.7036544230975282 0.4470952946121702 0.7085965638882707 0.4496080903988329 0.739866911455629
0 0.541020192480662 0.6403729687593692 0.5101622931282604 0.618218579480722 0.5007673367512143 0.6414822809857889 0.5316252361036158 0.6636366702644361
0 0.4810851926977687 0.8137846517917512 0.4793462643678161 0.7859617985125086 0.44803287694388094 0.7894410637818347 0.4497718052738336 0.8172639170610773
0 0.47193627450980397 0.8824346405228759 0.46151018099547514 0.858107088989442 0.431452677224736 0.8810080442433385 0.4418787707390648 0.9053355957767724
0 0.41654608125090625 0.9131127115321613 0.40656090394251376 0.8873176701521474 0.3748451773889507 0.9091435464900833 0.38483035469734317 0.9349385878700972
0 0.39460784313725505 0.9599673202614379 0.3596813725490198 0.9599673202614379 0.3596813725490198 0.9852941176470589 0.39460784313725505 0.9852941176470589
0 0.563265931372549 0.8784722222222224 0.5376838235294118 0.8443627450980394 0.5225183823529411 0.8645833333333335 0.5481004901960784 0.8986928104575165
0 0.483393523338539 0.9603975070854303 0.4519564462953324 0.9576031002371452 0.4507390898837412 0.9819502284689687 0.4821761669269478 0.9847446353172538
0 0.591721002220466 0.7332016107786685 0.5543169715102932 0.7312458444670256 0.5534802980693238 0.7596927414599879 0.5908843287794965 0.7616485077716308
0 0.6190375188536953 0.48623680241327305 0.616633672699849 0.46059577677224733 0.5802837481146303 0.4666540975364505 0.5826875942684765 0.4922951231774762
0 0.6250156147696337 0.36045062430361724 0.5931507159102657 0.3328343786254983 0.5813141820875978 0.35711444800533 0.6131790809469658 0.3847306936834489
0 0.6406179559013813 0.07801019034069284 0.6369714913436263 0.05029705970175469 0.6000113803359505 0.05894269970355017 0.6036578448937056 0.08665583034248832
0 0.722297943567671 0.14404591104734576 0.7076092479674796 0.11377829587119395 0.6790015243902439 0.13845946915351504 0.6936902199904351 0.16872708432966685
0 0.6522691082802548 0.26763821239748564 0.6412631135256649 0.24073466966404408 0.6041491039090795 0.2677266766579244 0.6151550986636692 0.29463021939136597
0 0.7603160839807621 0.22203878406708602 0.7462634110247873 0.20159853249475895 0.720028671846097 0.23366321371315826 0.7340813448020718 0.25410346528548533
0 0.805584374160623 0.14523681618766232 0.7909540357238786 0.12712306383740724 0.7662058487778672 0.1626589220162952 0.7808361872146118 0.18077267436655028
0 0.8478850358342496 0.0884520888350253 0.8432779922346656 0.06053061247390989 0.8048148532591213 0.07181313324006956 0.8094218968587052 0.09973460960118498
0 0.8274498284759629 0.19519430472815774 0.824250474143569 0.1708182717194418 0.793453437317923 0.1780042469787592 0.7966527916503169 0.20238027998747513
0 0.8209580352411234 0.2900744126479421 0.8205195084790674 0.2649322116233881 0.7825213632750397 0.2661104486839781 0.7829598900370959 0.2912526497085321
0 0.7443915941863126 0.33059910734721915 0.7270449473563743 0.29076606647847203 0.7084415770199127 0.3051686757712164 0.7257882238498511 0.34500171663996354
0 0.7226472900480947 0.41322604513503514 0.6936794765075842 0.37782093969663333 0.6798175638179802 0.39798372179060304 0.7087853773584906 0.4333888272290048
0 0.8186274509803921 0.36519607843137264 0.7852328431372549 0.36519607843137264 0.7852328431372549 0.391748366013072 0.8186274509803921 0.391748366013072
0 0.9010853551709493 0.1891111288077206 0.8643007406031006 0.178448921686605 0.8597798099384159 0.20617729643000415 0.8965644245062646 0.21683950355111972
0 0.9089028550609433 0.30650878819996463 0.9084207737148913 0.2788694576929871 0.8689485625331212 0.2800934022257552 0.8694306438791732 0.3077327327327327
0 0.7591576013967232 0.4869113170382309 0.7224936207359658 0.4685793267078522 0.7151029076013968 0.4948574178529861 0.7517668882621542 0.5131894081833648
0 0.6456951422603591 0.5347230062850478 0.6127174598246208 0.5105393724988397 0.6024389842309285 0.5354568890896091 0.6354166666666666 0.5596405228758172
0 0.8313381755141083 0.5378307827195921 0.8058718914395028 0.49538697592858283 0.7885356886657102 0.5138789255539614 0.8140019727403157 0.5563227323449706
0 0.8749643096465928 0.4395602074410744 0.8453736379395742 0.4110188503335954 0.8320130633977217 0.43564422301857836 0.8616037351047404 0.46418558012605715
0 0.9239243966817497 0.39280794369029676 0.8890544871794873 0.39022498743086986 0.8879289215686276 0.41723856209150334 0.92279883107089 0.4198215183509303
0 0.9308455882352941 0.5379738562091504 0.9279044117647058 0.5105228758169935 0.890845588235294 0.5175816993464052 0.8937867647058823 0.5450326797385621
0 0.8869485294117647 0.5906862745098042 0.8520220588235294 0.5906862745098042 0.8520220588235294 0.6196895424836604 0.8869485294117647 0.6196895424836604
0 0.6351265616866217 0.6593968708427326 0.6003139640812076 0.6563024177222513 0.5988702173347216 0.6851773526519753 0.6336828149401355 0.6882718057724566
0 0.720608871787057 0.6443856039825259 0.6887397769988827 0.6195985302583902 0.6766610789393479 0.6472069829658981 0.7085301737275223 0.6719940566900338
0 0.8059267976175567 0.658239573331107 0.791108281495707 0.6361105892558114 0.7658600523246915 0.6661680049355916 0.7806785684465413 0.6882969890108872
0 0.875840612867443 0.686670772024839 0.8568809439333135 0.6701083026111165 0.8387106558513586 0.7070864327428144 0.8576703247854881 0.7236489021565368
0 0.6459620813305869 0.8103446631570915 0.6447973887998779 0.7854978891686377 0.6110940241855497 0.7883065028864984 0.6122587167162584 0.8131532768749523
0 0.6340014773032502 0.8797866863640433 0.5976837395917272 0.8779932178350793 0.5969060569433253 0.9059897931775452 0.6332237946548483 0.9077832617065092
0 0.7310063358416689 0.779117341164235 0.7282953450490961 0.7565257512261278 0.692197393778104 0.7642266474972726 0.6949083845706769 0.7868182374353799
0 0.766348733913406 0.8758737994755034 0.7531603318918355 0.8521346758366767 0.725354784296358 0.8795969450667778 0.7385431863179285 0.9033360687056046
0 0.7502883506343714 0.9915176855055748 0.7305813869665513 0.9477244329104191 0.7099012399077278 0.9642685505574778 0.7296082035755479 1.0080618031526336
0 0.8237078287197231 0.9373245866974242 0.8209540801614763 0.8895929450211458 0.7965650230680508 0.8920943867743176 0.7993187716262976 0.939826028450596
0 0.8971433400946586 0.9151594545864326 0.8888712812711291 0.8894241604687851 0.8594753634212307 0.9062218278115844 0.86774742224476 0.9319571219292316
0 0.9633706516680178 0.9484596607913202 0.9585188928174638 0.9233023926773363 0.9250935538840344 0.9347625088830837 0.9299453127345884 0.9599197769970674
0 0.9652488122477516 0.8705032256014236 0.9402067046429593 0.8308532218938357 0.9233284075380559 0.8498042923274117 0.9483705151428481 0.8894542960349996
0 0.9081934251186405 0.7551272854357506 0.8832858542103522 0.7522394511275432 0.8802451210315273 0.7988640265361932 0.9051526919398156 0.8017518608444005
0 0.8153334178498985 0.7811359026369169 0.8141818796484112 0.755034370069867 0.7772386325219742 0.757931879648411 0.7783901707234616 0.7840334122154609
0 0.9665647681724624 0.6766669374932295 0.9651903233669159 0.6418476690860506 0.9331261510128914 0.6440977864442278 0.9345005958184379 0.6789170548514065
0 0.9897070513419992 0.8018985681182913 0.9879769475357709 0.7730635046811516 0.9571205071853859 0.776354858318526 0.9588506109916143 0.8051899217556657