0 0.08052884615384616 0.11610734037204627 0.0617222850678733 0.09939039718451484 0.03824943438914027 0.1463360985419809 0.05705599547511312 0.16305304172951232
0 0.061116654571843246 0.22617971958981947 0.04721516690856314 0.20437346443173304 0.0178585403682518 0.23764430784408588 0.031760028031531905 0.25945056300217234
0 0.05464729726732321 0.4157138156921894 0.0449092250022181 0.38830294561263423 0.008007275308313395 0.411609440156153 0.01774534757341851 0.43902031023570814
0 0.11449754901960783 0.39377450980392165 0.1011519607843137 0.37004901960784314 0.06884803921568626 0.4023529411764706 0.0821936274509804 0.4260784313725491
0 0.10435517908360645 0.5321487566048457 0.0836987156913781 0.5180246790716981 0.06532593190842188 0.5657939169073842 0.08598239530065023 0.5799179944405318
0 0.09987745098039218 0.6531862745098039 0.09214418526031105 0.6274087221095335 0.056805696416497645 0.6462559161595672 0.06453896213657877 0.6720334685598377
0 0.11241515837104078 0.7457579185520362 0.09332579185520366 0.728789592760181 0.07211538461538468 0.7712104072398189 0.0912047511312218 0.7881787330316741
0 0.07135510237181411 0.8526352292420901 0.06263270000272206 0.828974459597197 0.02843806425855857 0.8513845033617334 0.03716046662765062 0.8750452730066266
0 0.1782169117647059 0.8692401960784314 0.1635840874811463 0.8441553544494721 0.1344197775263952 0.874399824032177 0.14905260180995478 0.8994846656611363
0 0.1790633497924717 0.7213551357282573 0.1727920602547588 0.69381064834693 0.13547776227279232 0.708914054672964 0.14174905181050523 0.7364585420542913
0 0.20220776772247362 0.9336802413273003 0.19293740573152338 0.9078355957767723 0.1603063725490196 0.9286437908496733 0.16957673453996983 0.9544884364002012
0 0.25400403106393593 0.7633229033531803 0.23784787166058802 0.7449726976111061 0.2146860582468282 0.7812259707804693 0.23084221765017612 0.7995761765225434
0 0.2160934025672125 0.6242912371134023 0.20314616181524156 0.6053841553803653 0.1757226601980999 0.6387692877838421 0.18866990095007083 0.657676369516879
0 0.23426542149706597 0.47416929058728124 0.226608344067554 0.44609334001240414 0.1937683376270216 0.4620157673775107 0.20142541505653355 0.4900917179523878
0 0.1650757112934194 0.3228978782413064 0.1436516335020655 0.2806707104206667 0.12588457118752544 0.29669590388084016 0.14730864897887935 0.3389230717014798
0 0.16075650452488688 0.1459420563097034 0.144529128959276 0.12658308195072898 0.12100348793363495 0.16164089994972347 0.13723086349924585 0.18099987430869788
0 0.21044624746450308 0.19331755690782068 0.1901834009465856 0.18173878746901062 0.1755250591615957 0.2273425174667569 0.19578790567951318 0.2389212869055669
0 0.18379841690774668 0.06948462445087326 0.18165129781420764 0.03799354441230045 0.14214932899389265 0.0427816618450659 0.1442964480874317 0.07427274188363871
0 0.2907433413279475 0.07492741731885888 0.27922636329209793 0.050187242278885824 0.24653943659008667 0.07723849196330897 0.2580564146259362 0.10197866700328202
0 0.25633118094953716 0.2852572077900534 0.2549563924554593 0.2595944892339338 0.22140471036130185 0.2627898875286155 0.2227794988553797 0.2884526060847351
0 0.3063624764974483 0.38280732384277916 0.2894053854418479 0.361812830154893 0.26076165055063116 0.4029422956397171 0.2777187416062315 0.42393678932760326
0 0.27972911764705877 0.5801785620915033 0.2646475490196078 0.5615411764705883 0.2378836274509804 0.6000436601307191 0.2529651960784314 0.6186810457516341
0 0.290794123468865 0.887013297005263 0.27293573308183133 0.8647895223013989 0.24604917679660945 0.9031988884231444 0.26390756718364317 0.9254226631270085
0 0.31049198717948717 0.7481263197586727 0.3101642156862745 0.7232156862745098 0.27493146681749625 0.7240398441427853 0.2752592383107089 0.7489504776269481
0 0.37899227762417775 0.4734583055264246 0.36213284949311975 0.4545284213090963 0.33577189992690754 0.4962665914555991 0.3526313280579655 0.5151964756729273
0 0.3354068492037699 0.246973513162171 0.3343353916152096 0.21982992091864376 0.2987174669591594 0.22232942440327885 0.29978892454771966 0.24947301664680613
0 0.4366623690413221 0.10755237573811668 0.41781501999758724 0.08318408606540897 0.38897859191002476 0.12283417468580747 0.4078259409537596 0.14720246435851517
0 0.3344697699820098 0.1726045146920243 0.30999776066941814 0.14173891736082764 0.29437618580585667 0.16375789907327618 0.3188481951184483 0.19462349640447285
0 0.40042892156862747 0.016748366013071964 0.3805759803921569 0.0035130718954249156 0.36568627450980395 0.04321895424836606 0.38553921568627453 0.056454248366013114
0 0.42861519607843135 0.24305555555555555 0.4167477652825836 0.21668348712033836 0.38944456459054205 0.2385260476739716 0.4013119953863898 0.2648981161091888
0 0.4310456442761072 0.3499238832633361 0.4070423011517353 0.3162349806326386 0.38874046662028805 0.33941730437247186 0.41274380974465996 0.3731062070031693
0 0.4158700980392157 0.4996732026143791 0.39577205882352945 0.4862745098039216 0.378982843137255 0.5310457516339869 0.3990808823529412 0.5444444444444445
0 0.43208465818759945 0.5963831478537361 0.42907889507154223 0.5723370429252784 0.3967358903020668 0.5795243773184952 0.39974165341812395 0.6035704822469529
0 0.3798209178603457 0.6577282128343717 0.3624684538524929 0.6416026907260639 0.3418034550037568 0.6811357320019069 0.3591559190116097 0.6972612541102146
0 0.3493209880031951 0.8487054955212934 0.32914537836656566 0.8207286501585005 0.31057510436918806 0.8445366937448819 0.3307507140058175 0.8725135391076749
0 0.5470289215686275 0.05859346405228756 0.5413568627450981 0.03266405228758169 0.5067215686274509 0.046133333333333325 0.5123936274509804 0.0720627450980392
0 0.5182974459991849 0.15098341107035587 0.49307937666983653 0.14518615375326427 0.487792150636236 0.18607403507977488 0.5130102199655844 0.19187129239686646
0 0.5309436274509803 0.27777777777777785 0.5137867647058824 0.2549019607843138 0.48943014705882354 0.2873774509803923 0.5065870098039216 0.31025326797385633
0 0.5075853617308993 0.37250676132521976 0.47373647734956054 0.3687457741717377 0.4718116125760649 0.3995436105476674 0.5056604969574037 0.4033045977011495
0 0.5306372549019608 0.41666666666666674 0.5021446078431373 0.41666666666666674 0.5021446078431373 0.4562908496732026 0.5306372549019608 0.4562908496732026
0 0.47549019607843135 0.49468954248366015 0.44607843137254904 0.49468954248366015 0.44607843137254904 0.5261437908496732 0.47549019607843135 0.5261437908496732
0 0.49349590753732686 0.5586473886190562 0.4601249100557655 0.5509091863044913 0.45615387209929853 0.5813538106374048 0.4895248695808599 0.5890920129519698
0 0.49755203364249184 0.7258750149887127 0.49027762028767896 0.7041487671023385 0.4563105902424782 0.724367237367339 0.463585003597291 0.7460934852537131
0 0.4279978952547562 0.8070999465461526 0.4153101993585538 0.7851079403260685 0.3848392284423063 0.8163602181888864 0.39752692433850867 0.8383522244089705
0 0.4593245386389851 0.903618800461361 0.4249387254901961 0.8921568627450981 0.41942401960784315 0.9215686274509806 0.4538098327566321 0.9330305651672436
0 0.5075239069494054 0.9781289405334259 0.48036342707721064 0.9433078124921505 0.46181858600473247 0.9690233254459869 0.4889790658769273 1.0038444534872624
0 0.5406742673206284 0.8395566583361775 0.5279574842289526 0.8164968916632722 0.4998424271449174 0.8440606731182086 0.5125592102365932 0.8671204397911141
0 0.6219362745098039 9.940249958765487e-17 0.5857843137254902 9.645094071716083e-17 0.5857843137254902 0.03635620915032689 0.6219362745098039 0.0363562091503269
0 0.6393814878892732 0.1502306805074971 0.6340470011534025 0.12178008458285275 0.5952638408304498 0.13470780469050364 0.6005983275663207 0.163158400615148
0 0.6333715005702093 0.21845071674698657 0.5952433506235515 0.2140300616807074 0.5935292738108376 0.2403125728089861 0.6316574237574956 0.24473322787526527
0 0.6192283908976435 0.3628792648557895 0.6019596600107933 0.34120870060562464 0.5758308598668825 0.3782245008094982 0.5930995907537326 0.39989506505966305
0 0.6139705882352942 0.5069444444444446 0.5796568627450981 0.5069444444444446 0.5796568627450981 0.536356209150327 0.6139705882352942 0.536356209150327
0 0.574548514664815 0.6229866057872757 0.5407459156549139 0.6185679653938245 0.5387310436360379 0.6459702248505395 0.572533642645939 0.6503888652439905
0 0.6292892156862745 0.7483660130718955 0.6055453431372549 0.7167075163398693 0.5897671568627451 0.7377450980392157 0.6135110294117647 0.769403594771242
0 0.5897671568627453 0.8300653594771243 0.5545343137254903 0.8300653594771242 0.5545343137254903 0.8627450980392157 0.5897671568627453 0.8627450980392157
0 0.6078401162403079 0.9599291235251892 0.5639962356074699 0.9545162987557031 0.5619159024541475 0.9844730961635477 0.6057597830869853 0.989885920933034
0 0.7167373958436662 0.12002605286071716 0.7005288413847833 0.07536248057401711 0.6791393359620408 0.08916216149191546 0.6953478904209239 0.1338257337786155
0 0.7018995098039216 0.22426470588235303 0.6623774509803921 0.22426470588235303 0.6623774509803921 0.2528594771241831 0.7018995098039216 0.2528594771241831
0 0.6684052035303433 0.4221556595718256 0.6514724803222952 0.3979660549888999 0.6273592869451818 0.4279735845248632 0.6442920101532299 0.4521631891077889
0 0.6728883861236804 0.6023127199597789 0.6615761689291102 0.5796882855706386 0.6302554675716441 0.6075289089994973 0.6415676847662143 0.6301533433886377
0 0.6884709653092007 0.7839240824534944 0.6763857466063348 0.7557252388134743 0.6460642911010558 0.7788273001508297 0.6581495098039215 0.8070261437908498
0 0.6882583478936128 0.9610916974050348 0.6858377014172005 0.92881641105287 0.6475259658318774 0.9339246424642464 0.6499466123082895 0.9661999288164114
0 0.7980983662962586 0.047453585709269386 0.7581350672851462 0.04523340243087426 0.7571947106398884 0.07532481507912246 0.7971580096510008 0.0775449983575176
0 0.7763692496229263 0.20749434389140267 0.7612250188536955 0.18153280542986416 0.7314031862745098 0.2124591503267973 0.7465474170437406 0.2384206887883358
0 0.719807596229038 0.335068690203802 0.6956281497089235 0.33382871858738583 0.6942352180901904 0.38211701470346887 0.718414664610305 0.3833569863198851
0 0.7523343961478397 0.49562583145352546 0.7359149965295854 0.47646986523222873 0.7124761408988374 0.5121862166695589 0.7288955405170917 0.5313421828908557
0 0.7495757918552036 0.6135306686777274 0.7376036953242837 0.5895864756158872 0.7076263197586726 0.6162330316742081 0.7195984162895926 0.6401772247360483
0 0.7242110117242772 0.6837645711205446 0.7153420002021426 0.6571575365541406 0.67858676975945 0.678938413853514 0.6874557812815847 0.7055454484199178
0 0.7911358231411376 0.8597521516857569 0.7760038099398175 0.8377958972367826 0.7475947631527858 0.8726033779848573 0.7627267763541059 0.8945596324338316
0 0.8852126891870807 0.12503575700837374 0.8709549071618037 0.10109676496593337 0.84302608311229 0.13066846101835958 0.8572838651375669 0.15460745306079995
0 0.8634620729735193 0.4957171012734993 0.8535191782898726 0.4658884172225593 0.8213690115221346 0.48494036789973727 0.8313119062057813 0.5147690519506773
0 0.8190315577588502 0.4112332904504185 0.818065999024044 0.3841976458758466 0.7831603229527105 0.3864138792772011 0.7841258816875168 0.413449523851773
0 0.7929254280897879 0.2993135036820159 0.7580343081802857 0.2970981944814126 0.7569231878271672 0.32820956436873405 0.7918143077366694 0.33042487356933736
0 0.9205503995014578 0.5409284977706559 0.895509920767399 0.5373874199698798 0.8911150569762525 0.5926371362014349 0.9161555357103114 0.5961782140022109
0 0.8386396581979094 0.6060794486406755 0.8301947432669564 0.5795382874291093 0.792412928206302 0.6009098191805905 0.8008578431372549 0.6274509803921569
0 0.8128625177446545 0.6736730325614411 0.7802712714044895 0.6716037470795257 0.7790125099813682 0.7068490669269218 0.8116037563215331 0.708918352408837
0 0.8153480942938973 0.7640563266505106 0.784994492178894 0.7484196225306604 0.7770614397444372 0.7757964309319234 0.8074150418594405 0.7914331350517736
0 0.8730757236952189 0.3486432457648175 0.8486598043018603 0.3412022036639844 0.8410558705638965 0.38555848380210644 0.8654717899572552 0.39299952590293946
0 0.9235887051125301 0.46292585548461124 0.894407604265725 0.43546128998173583 0.8820960976769462 0.45871635798276217 0.9112771985237514 0.48618092348563763
0 0.8593655245603398 0.19620898187453684 0.8373351273499091 0.1831539316757632 0.8236020568021023 0.22435314331918352 0.845632454012533 0.23740819351795717
0 0.9373684400230682 0.2359405036524415 0.8967668685121108 0.23177623990772794 0.8950980392156864 0.26070261437908515 0.9356996107266436 0.2648668781237988
0 0.9917012398891126 0.2854041928800788 0.9688706502613957 0.269748931421073 0.9509451860150129 0.31622235724502856 0.9737757756427298 0.33187761870403437
0 0.9810974204038051 0.4266829256455058 0.9526517909143855 0.3956513298388664 0.9372406450203844 0.42076578981427565 0.9656862745098039 0.45179738562091504
0 0.911346673948094 0.7292152095143986 0.8880483824829667 0.721079298209116 0.8775179435169294 0.7746888056725787 0.9008162349820567 0.7828247169778613
0 0.9812178804770363 0.6171991835414898 0.9587563926989494 0.5963047763060602 0.9383646192198233 0.6352757211772789 0.9608261069979102 0.6561701284127086