0 0.07137723699474044 0.07661061744245852 0.054103526821412076 0.05434672433016862 0.030383498890653334 0.08706400423466344 0.0476572090639817 0.10932789734695333
0 0.35977276094406224 0.4594090592873155 0.3592365083352658 0.4315239236298989 0.3267980566076628 0.432632930526569 0.32733430921645923 0.46051806618398566
0 0.4851288179722553 0.4389353128701913 0.4720860090012212 0.41625216683361005 0.44180465223178145 0.44720644264237075 0.4548474612028156 0.4698895886789519
0 0.3846974681242671 0.5427703190789311 0.3498809298511229 0.5363228119913118 0.34713726046815396 0.5626620380678136 0.38195379874129815 0.5691095451554329
0 0.2873507204895381 0.6095429223143397 0.26958643455408215 0.588973749125917 0.24487149528188695 0.6269199185135299 0.2626357812173428 0.6474890917019526
0 0.18771325368796682 0.6427676918171896 0.14835558989074057 0.6382044844204099 0.14646677151160656 0.6671663662337981 0.18582443530883277 0.671729573630578
0 0.2789533240303421 0.7147201946472019 0.24452062759410337 0.7094228567339345 0.24194173107199088 0.7392234387672343 0.27637442750822966 0.7445207766805018
0 0.34424019607843137 0.6822712418300654 0.3353553921568628 0.6585784313725491 0.3038602941176471 0.6795751633986928 0.3127450980392157 0.7032679738562091
0 0.19636807493025119 0.742065655144747 0.16141425183066457 0.73926934929678 0.1602123287537415 0.7659787510061817 0.1951661518533281 0.7687750568541487
0 0.25159138351784777 0.8393796518318225 0.24665753660527523 0.812243493812674 0.20977644635477782 0.8241646542976833 0.2147102932673503 0.8513008123168319
0 0.15220227797001162 0.8745722798923493 0.12861880046136104 0.867584582852749 0.1212514417531719 0.9117887351018839 0.14483491926182246 0.9187764321414842
0 0.1032475490196079 0.8190359477124183 0.06709558823529418 0.8190359477124183 0.06709558823529418 0.8476307189542484 0.1032475490196079 0.8476307189542484
0 0.1049433231020281 0.7379679634953938 0.09904615743258992 0.7152529549908911 0.06773059289766108 0.7297062924685506 0.07362775856709924 0.7524213009730533
0 0.14185049019607854 0.9689542483660131 0.10906862745098049 0.9689542483660131 0.10906862745098049 0.9995915032679739 0.14185049019607854 0.9995915032679739
0 0.047348766004824704 0.9496268118183132 0.03744143161996659 0.9216531617904786 0.004332320467619246 0.9424996391826974 0.014239654852477355 0.970473289210532
0 0.05019648847126555 0.8576026246080372 0.013255200893093419 0.8553116920450499 0.012297559336740718 0.8827640833271606 0.04923884691491286 0.885055015890148
0 0.10408848884381344 0.5904158215010142 0.08500464841108861 0.561790060851927 0.06876479039891822 0.5810372999774622 0.08784863083164306 0.6096630606265495
0 0.11014466762314681 0.6868424198947871 0.10948051171688189 0.658505101227483 0.07401422764227641 0.6599828630639248 0.07467838354854135 0.688320181731229
0 0.1329044117647059 0.5255718954248366 0.11727941176470587 0.48390522875817 0.09571078431372548 0.4982843137254902 0.11133578431372552 0.5399509803921568
0 0.22709601081812034 0.5481603560964616 0.21461681489571957 0.523958279156048 0.18841667966921516 0.5479750697803436 0.20089587559161592 0.5721771467207574
0 0.2832291601272313 0.5224036697567679 0.2544136284449746 0.5179361454649453 0.2527501595622241 0.5370105886538179 0.2815656912444808 0.5414781129456406
0 0.03928416955017309 0.5749615532487504 0.020451268742791268 0.5589821222606689 0.0032060986159169647 0.595114859669358 0.022038999423298785 0.6110942906574395
0 0.04165377376547148 0.45327612606864864 0.028285563140657544 0.42844944919399425 -0.0035374399217387685 0.4589124948605616 0.009830770703075168 0.48373917173521613
0 0.0848651960784314 0.375 0.048406862745098075 0.375 0.048406862745098075 0.40236928104575165 0.0848651960784314 0.40236928104575165
0 0.15451955417203375 0.4070189876437193 0.1521687598397023 0.37985425313677784 0.11987575139544869 0.38482240828204756 0.12222654572778016 0.411987142788989
0 0.05674574169430384 0.30015479238183906 0.051266491388840395 0.2740631242605846 0.017163226566591028 0.28679500979422434 0.022642476872054465 0.3128866779154788
0 0.11237897591163161 0.2911903335995032 0.11190125654334131 0.2612532531866442 0.07141322309466773 0.2624018498802236 0.07189094246295802 0.29233893029308256
0 0.16876618183017528 0.3190019349483556 0.15714051600455153 0.29164742712335845 0.13167732399940632 0.3108862833050237 0.1433029898250301 0.3382407911300208
0 0.23377008551024248 0.4369440268120028 0.2164898906847084 0.41567609471903777 0.1936558369354131 0.4486586168013531 0.2109360317609472 0.4699265488943181
0 0.24816176470588236 0.29411764705882354 0.21323529411764705 0.29411764705882354 0.21323529411764705 0.32107843137254904 0.24816176470588236 0.32107843137254904
0 0.21046590296236375 0.238082970581815 0.20556033071381793 0.20930361339034628 0.17073377730266961 0.2198571144240276 0.17563934955121538 0.2486364716154963
0 0.12480790428604763 0.1603538248838039 0.12238961033736434 0.13402129077591918 0.08531790332054036 0.14007381437050268 0.08773619726922366 0.1664063484783874
0 0.14350533448673589 0.055628412149173426 0.10978791810841985 0.05269646289888506 0.10856732987312574 0.07765071126489816 0.14228474625144177 0.0805826605151865
0 0.22408575260048566 0.09369827721600042 0.21561945018303066 0.0699926304471265 0.18468714888913051 0.08963218682420598 0.19315345130658546 0.11333783359307989
0 0.2825244372897088 0.17736251305255826 0.2741490457129597 0.15056126000696135 0.24234431198514905 0.16823055652241173 0.2507197035618981 0.19503180956800864
0 0.3094263381028087 0.24411985514926698 0.28611055908850025 0.2345544073485251 0.2755713434022258 0.28022434198904794 0.2988871224165342 0.28978978978978986
0 0.26348039215686275 0.3553921568627451 0.2270220588235294 0.3553921568627451 0.22702205882352944 0.38357843137254904 0.26348039215686275 0.38357843137254904
0 0.3005550962988746 0.44845931469234634 0.2919621620837684 0.42096192520400666 0.25863462988745795 0.4394772208686236 0.2672275641025641 0.4669746103569633
0 0.3264505024001302 0.8801453638163426 0.3222022211374176 0.8526326851625851 0.28578278821902203 0.8626301765519486 0.2900310694817346 0.8901428552057061
0 0.402942444219067 0.9816379310344828 0.391849645030426 0.9573394185260312 0.360086629479378 0.9831180978138384 0.37117942866801895 1.0074166103222901
0 0.3952818627450981 0.8984477124183007 0.3855392156862746 0.8724673202614381 0.35612745098039217 0.8920751633986931 0.3658700980392156 0.9180555555555556
0 0.45680147058823545 0.9264705882352943 0.44148284313725505 0.9060457516339872 0.417279411764706 0.9383169934640525 0.4325980392156864 0.9587418300653596
0 0.5220740646595906 0.9036640021382358 0.5126813952815528 0.8777819798520871 0.4812417852891579 0.8980655992020192 0.49063445466719574 0.9239476214881679
0 0.4743872549019608 0.8271241830065361 0.46501225490196085 0.802124183006536 0.43694852941176476 0.8208333333333334 0.4463235294117648 0.8458333333333334
0 0.36321590838243084 0.7813257894572773 0.36225236915115805 0.7573443685900433 0.32618749805168484 0.7599204308114342 0.32715103728295764 0.7839018516786682
0 0.4038028636799764 0.6939124248612035 0.3840535586882181 0.6827717912761091 0.37080150441607007 0.7245358411034847 0.39055080940782844 0.7356764746885791
0 0.4590031419635406 0.7467352162783637 0.4485414943993996 0.7221852166611796 0.4169960081846092 0.7460833122784452 0.42745765574875016 0.7706333118956292
0 0.4474375618199802 0.6194616570663873 0.42565220079129573 0.5998121157463974 0.40708020596962813 0.6364177866992494 0.4288655669983126 0.6560673280192394
0 0.4583944945815665 0.5463156766095224 0.4509970982385561 0.518519399441847 0.417940009876409 0.534159312215336 0.4253374062194194 0.5619555893830114
0 0.41590073529411764 0.45036764705882354 0.40777129817444224 0.4250760649087222 0.38022418018931714 0.4408172751859365 0.38835361730899254 0.46610885733603785
0 0.3821526206636501 0.36426910507792865 0.37832296380090497 0.33873805932629464 0.34179392911010564 0.3484791352438411 0.3456235859728507 0.3740101809954751
0 0.407918276799771 0.288184008396546 0.4008605266924288 0.2623055913362913 0.37060344210676965 0.2769756929535805 0.3776611922141119 0.3028541100138352
0 0.4306835205992509 0.23389476389806865 0.428802599691562 0.20442700301094222 0.3914933079973562 0.20866068150106484 0.39337422890504514 0.23812844238819128
0 0.354140625 0.16228145424836604 0.35400275735294123 0.16228145424836604 0.35400275735294123 0.16440155228758177 0.354140625 0.16440155228758177
0 0.36849783182503787 0.1492175716440422 0.3545083898944194 0.12523567119155352 0.32697728129713427 0.15378645047762696 0.34096672322775273 0.17776835093011564
0 0.523663324655468 0.15177913455512176 0.5114376394656913 0.12555592574226743 0.4810436424306286 0.15074734670826534 0.4932693276204053 0.17697055552111965
0 0.5138148600051374 0.25742964580300826 0.5111524959328709 0.23080600508034366 0.4765952778491309 0.23694951051745297 0.47925764192139736 0.26357315124011754
0 0.5045920014347203 0.3146955204846167 0.47185168579626974 0.31333134066634794 0.4712048660927786 0.3409289813486371 0.5039451817312292 0.34229316116690583
0 0.4646585885712412 0.35086182056051285 0.44818783133813483 0.33186851492233616 0.424925538539695 0.367731216319931 0.4413962957728014 0.3867245219581077
0 0.45327818627450983 0.08108660130718963 0.4371936274509804 0.059640522875817 0.41237745098039214 0.09272875816993464 0.4284620098039216 0.11417483660130728
0 0.35169588989441936 0.0008836098541981528 0.315519419306184 -0.0017961287078933658 0.31437877073906484 0.025579436902966362 0.3505552413273002 0.02825917546505788
0 0.5388131344013697 0.05466042966042968 0.5315019133952957 0.028960380063321214 0.4972095257021728 0.0463036565977742 0.5045207467082468 0.07200370619488267
0 0.5871131366747884 0.11136007657500864 0.5793269230769231 0.08644419306184004 0.5447811521058128 0.10563628804579023 0.5525673657036779 0.13055217155895882
0 0.6184985632183908 0.21537919765607386 0.6172054597701149 0.18606885282848773 0.5802083333333333 0.18897058823529414 0.5815014367816091 0.21828093306288027
0 0.631993699028284 0.27679268610098917 0.5985435103244838 0.27381933599398467 0.5971133198854763 0.30242314477413396 0.6305635085892765 0.30539649488113846
0 0.568627862218713 0.3433582269596878 0.5463442969469667 0.3345251019871037 0.538129400250033 0.3713676689915341 0.5604129655217792 0.38020079396411816
0 0.5459495436105477 0.5058203741266624 0.5128613083164301 0.5021439035384271 0.5111075895875592 0.5302034032003607 0.544195824881677 0.533879873788596
0 0.5178795707472178 0.6480418653948067 0.5067600688924219 0.6194488606253313 0.47175808161102273 0.6436477654124715 0.4828775834658187 0.6722407701819468
0 0.5294842789186681 0.784137274239084 0.5215167797888387 0.7586412770236299 0.4909520390996635 0.7756216885176163 0.4989195382294929 0.8011176857330703
0 0.5959936306409765 0.8118930146172713 0.5870616413593638 0.7892653084371856 0.5558349017481179 0.8111788099187615 0.5647668910297309 0.8338065160988473
0 0.5958075279505216 0.9529499552565105 0.5734810930438033 0.9517095977616927 0.57215365565637 0.9941875941595587 0.5944800905630884 0.9954279516543764
0 0.622531862745098 0.8787549019607843 0.619267156862745 0.854813725490196 0.5868872549019608 0.8626633986928105 0.5901519607843136 0.8866045751633989
0 0.5701331340850427 0.7366403643828586 0.5671633722773174 0.7106195942580265 0.5348370352760041 0.7171785611858291 0.5378067970837296 0.7431993313106613
0 0.558701698668647 0.5924141899019904 0.5166977183118514 0.5888393830631142 0.5154893562474585 0.6140807239637667 0.557493336604254 0.6176555308026429
0 0.6114084461218116 0.45856107929897616 0.6101341532188096 0.433075221238938 0.5770093158944993 0.4360196512233212 0.5782836087975013 0.46150550928335937
0 0.6309129901960785 0.5265114379084966 0.6245404411764706 0.5010212418300652 0.5912683823529411 0.5158088235294117 0.5976409313725489 0.541299019607843
0 0.6352995242214533 0.6446198577470204 0.6257028546712802 0.6232939254133024 0.5985798731257208 0.64499231064975 0.6081765426758938 0.6663182429834679
0 0.6531862745098039 0.943218954248366 0.6371017156862746 0.9217728758169936 0.611825980392157 0.9554738562091507 0.6279105392156863 0.9769199346405231
0 0.6421319191393371 0.05252400370177575 0.6335182413673435 0.02444979466712942 0.596274184452542 0.04476473480247557 0.6048878622245358 0.0728389438371219
0 0.7202818627450981 0.011846405228758287 0.6948529411764706 0.011846405228758284 0.6948529411764706 0.05637254901960796 0.7202818627450981 0.05637254901960796
0 0.7118927774972651 0.17728582849448807 0.6839957817891107 0.1543959858621561 0.6727717642851133 0.17871469045415025 0.7006687599932677 0.2016045330864822
0 0.7765092383107088 0.10844394167923578 0.7752799773755655 0.07894167923579688 0.7404440045248869 0.08152212166918049 0.7416732654600302 0.11102438411261939
0 0.7866587387557106 0.17306459546722344 0.7776588918193378 0.14746503084820806 0.7457745608251307 0.16739273771958751 0.7547744077615033 0.1929923023386029
0 0.7772669747149752 0.2696178005486778 0.739187344081509 0.2683794385768577 0.738683523349887 0.2959216385721947 0.7767631539833532 0.29716000054401476
0 0.6804722850678733 0.23141654097536454 0.6675221530920061 0.20921631473102067 0.6399486236802413 0.23781108597285075 0.6528987556561086 0.2600113122171946
0 0.705651313971164 0.29992425056684113 0.6998268767177975 0.2759205091590277 0.6662194635097578 0.29041782466053506 0.6720439007631243 0.3144215660683484
0 0.7853914359861591 0.3632881584006151 0.7811022202998846 0.33755286428296805 0.745775663206459 0.34801999231064973 0.7500648788927335 0.3737552864282968
0 0.6979039891818795 0.40715010141987834 0.683045977011494 0.3848630831643003 0.6549209770114942 0.41819641649763367 0.6697789891818795 0.44048343475321167
0 0.6914215686274511 0.5141339869281047 0.6814950980392157 0.48766339869281033 0.6497549019607842 0.5088235294117647 0.6596813725490196 0.5352941176470589
0 0.7631740196078431 0.48202614379084985 0.7251838235294118 0.48202614379084985 0.7251838235294118 0.5106209150326799 0.7631740196078431 0.5106209150326799
0 0.738311869787824 0.5697473002884166 0.7032323875958594 0.5573233170120957 0.6980573115791356 0.5833001691744735 0.7331367937711004 0.5957241524507942
0 0.6915957628104944 0.6470507413442108 0.6620254429499329 0.6269652410615653 0.651562621232778 0.6543494164200447 0.6811329410933394 0.6744349167026903
0 0.7655593942358648 0.6553323685676627 0.7344507969507968 0.636667210196622 0.7264768303371243 0.6602937779408368 0.7575854276221923 0.6789589363118776
0 0.680453431372549 0.7246732026143793 0.6436887254901961 0.7246732026143793 0.6436887254901961 0.7520424836601309 0.680453431372549 0.7520424836601309
0 0.6743554975450746 0.8347315587536466 0.6573672841176019 0.8152517406901445 0.6364082034860391 0.8477464393437303 0.6533964169135118 0.8672262574072324
0 0.7437056534676129 0.8499656672007325 0.7091058213168537 0.8470823478548359 0.7078040360112917 0.8748537677068233 0.7424038681620508 0.87773708705272
0 0.7851920811242952 0.9337586608320012 0.7530900235630733 0.907418511038178 0.7412769292266264 0.9330135487671465 0.7733789867878482 0.9593536985609696
0 0.7735397126788324 0.7785919393754036 0.7377562485132703 0.7766039691439834 0.7369029717606281 0.8039088252285316 0.7726864359261902 0.8058967954599517
0 0.8085960733907959 0.5895515146932812 0.7723757497857755 0.5862587580019155 0.7709902212813146 0.6133535376447067 0.8072105448863349 0.6166462943360722
0 0.83837170817232 0.6868768188540625 0.8312871225132388 0.6609000047707647 0.7968973629597823 0.6775738275845619 0.8039819486188636 0.7035506416678595
0 0.860569339597987 0.5373214499051716 0.8586040518644625 0.5105935367292386 0.8224928085285905 0.515313960694712 0.824458096262115 0.5420418738706451
0 0.8488179973256655 0.7780467397178146 0.8148526157596413 0.7640488854966652 0.8082455447477725 0.7925499761360995 0.8422109263137966 0.8065478303572488
0 0.8330658177905308 0.9571317551410808 0.8151527379244382 0.9461083213773314 0.8021236848397896 0.983747808066316 0.8200367647058823 0.9947712418300655
0 0.8777138129948686 0.8894651737066867 0.8404138843579028 0.8873929554490775 0.8395627315050804 0.914629846739389 0.8768626601420463 0.9167020649969981
0 0.8405204543157467 0.4160918233272692 0.8334138745704466 0.3914556802102285 0.8022080932888619 0.4074586449700156 0.809314673034162 0.43209478808705626
0 0.86659559911645 0.3302119830544131 0.8327547958695131 0.30573953776849255 0.8232620753628864 0.3290758090139498 0.8571028786098235 0.3535482542998703
0 0.8637524509803921 0.2428856209150328 0.860110294117647 0.2161764705882353 0.8250882352941175 0.22466666666666674 0.8287303921568626 0.2513758169934642
0 0.8996406146728353 0.1729914812366896 0.8875234082397003 0.14714144084600145 0.8594335205992509 0.17054968054637587 0.871550727032386 0.19639972093706398
0 0.9053308823529411 0.09313725490196093 0.8713235294117647 0.09313725490196093 0.8713235294117647 0.12173202614379099 0.9053308823529411 0.12173202614379099
0 0.8970948673587082 0.05618031526336024 0.8956008506343716 0.03028402537485582 0.8601535467128029 0.0339196462898885 0.8616475634371396 0.05981593617839292
0 0.9061062247562937 0.31672858439538265 0.9056013506331803 0.2871093025060652 0.8686050859424821 0.28823040143608636 0.8691099600655955 0.3178496833254038
0 0.9170993784111583 0.43507849875345334 0.9161669951485749 0.407728589717674 0.8834388265615526 0.4097121150865844 0.884371209824136 0.4370620241223638
0 0.9329044117647058 0.5792483660130718 0.9206966440422323 0.5548328305681247 0.8898001508295627 0.5822963800904978 0.9020079185520361 0.6067119155354449
0 0.9332325385775612 0.6993343195266272 0.9242045190857407 0.6704446571528019 0.8892454171017519 0.6898663804772401 0.8982734365935724 0.7187560428510654
0 0.9090129302651968 0.7556278579560362 0.8770257094356155 0.7521462556888707 0.8752794999878315 0.780667676669344 0.9072667208174128 0.7841492789365093
0 0.9322757282103594 0.8712574143337489 0.9254955088972007 0.843132060145831 0.8909636036495524 0.8579314481091088 0.8977438229627112 0.8860568022970268
0 0.9579372907699666 0.9814681970349116 0.9538617886178862 0.9561095169775227 0.9177068388330942 0.9664395026303203 0.9217823409851746 0.9917981826877093
0 0.9985866398446172 0.0661340794179307 0.986476253237144 0.03706915155999505 0.9549747965223826 0.060403563941299816 0.9670851831298557 0.08946849179923547
0 0.9711698193086966 0.1798259563945408 0.9637706737670955 0.15207916061353666 0.9300743944004606 0.1680536930540154 0.9374735399420618 0.19580048883501952
0 0.9744415383603107 0.35065194981795855 0.9624374917752334 0.32778709917971666 0.9366734109751281 0.35183357459314835 0.9486774575602053 0.37469842523139024
0 0.9858141229464759 0.4313659247482775 0.9765061936936938 0.40792373255608555 0.9458192567567569 0.42958509980568815 0.9551271860095389 0.45302729199788005
0 0.9893455882352938 0.527872549019608 0.9858995098039215 0.5026013071895427 0.9487475490196077 0.5116078431372549 0.9521936274509804 0.5368790849673204
0 0.9892614953329575 0.726118471882896 0.9564849182484497 0.7134678631836122 0.9503498324249828 0.7417264403098834 0.9831264095094907 0.7543770490091672
0 0.9932441427050052 0.8650825346112889 0.9779744565557852 0.8462890747353256 0.9532023272567811 0.8820710392783313 0.9684720134060012 0.9008644991542946
0 0.27988477555760216 0.05168860146736253 0.2769805973785021 0.022259595919148247 0.24027095096037054 0.028699884764434472 0.24317512913947062 0.05812889031264876