0 0.13849172374429228 0.2017979452054795 0.11619115968305131 0.20069668278270217 0.11496105291431642 0.24498052645715823 0.13726161697555736 0.24608178887993556
0 0.0522883562701628 0.8792987488655518 0.031567097375706475 0.8428293332113087 0.012484949493216196 0.8621042300623089 0.03320620838767253 0.8985736457165521
0 0.08626290752987587 0.6974465328537727 0.07756120199559115 0.6696010751440615 0.04379858452256644 0.6883580848512976 0.052500290056851154 0.7162035425610085
0 0.06541053921568625 0.6072303921568627 0.05925245098039217 0.5825980392156862 0.02395833333333335 0.5982843137254902 0.030116421568627438 0.6229166666666666
0 0.0982587450153929 0.4581288697424879 0.08104005893716817 0.4438575263263016 0.06240637719787603 0.48382542339029055 0.07962506327610075 0.49809676680647685
0 0.04091867316874939 0.3945434996105524 0.016667936604693727 0.3924574147448272 0.014509041958752448 0.43707457076094697 0.03875977852280811 0.4391606556266721
0 0.12601940130655281 0.387609277352766 0.11307087070093502 0.34495529418131915 0.09199876674975883 0.35632754075814443 0.10494729735537663 0.39898152392959124
0 0.17105180663670655 0.4450666635458186 0.15711248261241742 0.42350717572158475 0.12747626762164624 0.45757179065350573 0.14141559164593537 0.47913127847773945
0 0.15994467093768203 0.5401985051446321 0.14731817850902731 0.5196219989646023 0.11992361920015526 0.549506972756099 0.13255011162880995 0.5700834789361289
0 0.1968959116058245 0.6508673059309521 0.1606335515617115 0.6433126475884287 0.1572879866913401 0.671861467815598 0.19355034673545307 0.6794161261581215
0 0.1130282302562135 0.7343361828146159 0.0898503722451461 0.7334532167951466 0.08880355771998855 0.7823045613024981 0.11198141573105595 0.7831875273219674
0 0.20070105247981543 0.8354358900422914 0.18964460784313725 0.8108660130718954 0.15706999711649364 0.8369257016532103 0.16812644175317182 0.8614955786236064
0 0.13074712643678166 0.878634212305612 0.1237111223799865 0.8551808654496281 0.09127789046653145 0.8724785891368042 0.09831389452332662 0.8959319359927881
0 0.10545343137254905 0.9463235294117649 0.09911151960784309 0.920955882352941 0.06528799019607841 0.9359885620915029 0.07162990196078436 0.9613562091503268
0 0.17552083333333332 0.9426879084967321 0.168780637254902 0.9157271241830066 0.13330269607843143 0.9314950980392157 0.14004289215686275 0.9584558823529412
0 0.2927389705882353 0.7890114379084968 0.2808152821939586 0.7667538862391805 0.25087771595124536 0.7952658540893836 0.26280140434552196 0.8175234057586999
0 0.2823931211828994 0.6987919211400406 0.27774268723882994 0.672611700417872 0.24182377049180326 0.6839545162327225 0.2464742044358727 0.7101347369548913
0 0.2673447327044026 0.5171144715747935 0.24804326211616723 0.5028170859538785 0.23159741490935998 0.5422871192502159 0.25089888549759537 0.5565845048711309
0 0.252206944916695 0.46874079111413364 0.248625573784427 0.4407719879859458 0.21009223053383203 0.449543805961691 0.21367360166609994 0.4775126090898788
0 0.246971625188537 0.36420625942684776 0.24301234917043746 0.3378110859728507 0.20618872549019607 0.34763071895424835 0.21014800150829563 0.3740258924082454
0 0.2302802611709795 0.21544031848445336 0.20773131306198095 0.21129338549889037 0.20299522959708974 0.25707552565950537 0.22554417770608828 0.2612224586450684
0 0.16376026762056176 0.3219285461932521 0.16026596449390568 0.2939741211800036 0.12514076576576577 0.301779720897368 0.12863506889242182 0.32973414591061656
0 0.05442381870781101 0.15810162862959395 0.03851253616200579 0.14042242580092146 0.015534594985535196 0.1771871316832744 0.03144587753134041 0.19486633451194688
0 0.19263544509610359 0.09465107201156213 0.178749177360974 0.07529445638077543 0.15020813977120956 0.11169462026337357 0.16409440750633913 0.13105123589416023
0 0.12236041367766619 0.10100510122748288 0.11295582257293163 0.07974254742547429 0.08274061453849835 0.103501514426909 0.0921452056432329 0.12476406822891759
0 0.28601136516250336 0.14444836153639543 0.2674527430835348 0.13320071179156598 0.2526797105828633 0.17653494046020238 0.2712383326618319 0.18778259020503182
0 0.39216810577441985 0.16225939917251309 0.3581298345026084 0.1486440906637885 0.3517381723331534 0.17705147808358823 0.3857764436049648 0.19066678659231281
0 0.3472732843137255 0.07659313725490198 0.3251964388696655 0.058931660899653994 0.30438112745098034 0.10518790849673207 0.32645797289504036 0.12284938485198006
0 0.37271266738402675 0.25269308943089436 0.3649345408895265 0.22454367926032204 0.33130006575801046 0.24106587757054046 0.33907819225251074 0.2692152877411128
0 0.3489404390074614 0.3269101740991382 0.3433183671698768 0.29817514026259473 0.3102431459309387 0.30967956504135585 0.3158652177685233 0.33841459887789926
0 0.3395031237062963 0.41195915346304884 0.3204151142222724 0.39796127984143126 0.30187634074743147 0.4429037609925609 0.3209643502314554 0.45690163461417843
0 0.31473358178887995 0.5302936699794074 0.30061358447488584 0.5100188020413645 0.2729275785656728 0.5442967141194377 0.28704757587966695 0.5645715820574806
0 0.3732680940023069 0.6190719915417148 0.34979274798154564 0.6166642637447137 0.34679570357554795 0.6686130334486737 0.37027104959630924 0.6710207612456749
0 0.376685049019608 0.744076797385621 0.3612132352941177 0.7234477124183007 0.3368566176470588 0.7559232026143793 0.35232843137254916 0.7765522875816996
0 0.2592091983852365 0.8804065743944636 0.25446943483275664 0.8551278354479045 0.2213091118800461 0.8661812764321415 0.22604887543252594 0.8914600153787006
0 0.2929760678156613 0.9761718912618126 0.28294187898089174 0.9516438741101536 0.2505932309229425 0.975170163606844 0.2606274197577121 0.999698180758503
0 0.5389367698562738 0.019198588994724434 0.5262633985918224 -0.0050461212503130765 0.49319561338132284 0.025683537733181473 0.5058689846457742 0.04992824797821898
0 0.4656846114501289 0.11526333995600656 0.45637369468293953 0.08824342463161382 0.42430121928143993 0.10789142758028022 0.43361213604862936 0.13491134290467297
0 0.5384241245136187 0.13085723913430486 0.5297221904325933 0.10350830345108211 0.49143682764934765 0.1251646702779685 0.5001387617303731 0.15251360596119123
0 0.4399745475113122 0.23472850678733037 0.42969928355957765 0.21417797888386125 0.39972190799396684 0.240824534942182 0.40999717194570146 0.2613750628456511
0 0.4751838235294117 0.28513071895424846 0.45955882352941174 0.2642973856209152 0.4322916666666667 0.3006535947712419 0.4479166666666667 0.3214869281045752
0 0.4557173142979819 0.417619030580602 0.451369954916273 0.36738287772529926 0.4294265242593387 0.3707587901340584 0.4337738836410476 0.42099494298936113
0 0.41351963538224285 0.5104758757435559 0.41140050121172067 0.4808079973562458 0.37561687596386867 0.48535194976867146 0.37773601013439084 0.5150198281559816
0 0.481589944617059 0.6631331882200806 0.47930517887548935 0.6344974575924073 0.44279075495462283 0.6396768085031684 0.4450755206961925 0.6683125391308418
0 0.4958174864773495 0.4934316542709038 0.4945550202839757 0.464815753887762 0.4594436697092631 0.46756958530538656 0.460706135902637 0.4961854856885283
0 0.48292252361597227 0.5425275676489407 0.47213950359414397 0.516386913050569 0.4401026965488691 0.5398805715504372 0.4508857165706973 0.5660212261488089
0 0.5600490196078431 0.3786764705882354 0.5257352941176471 0.3786764705882354 0.5257352941176471 0.4056372549019609 0.5600490196078431 0.4056372549019609
0 0.5401834300233855 0.30104672602986154 0.5197989746357258 0.2624235474006117 0.5014183081489476 0.27966960484499614 0.5218027635366073 0.318292783474246
0 0.6065189141694414 0.2930506227648293 0.5864737097669256 0.28110879886545825 0.5707873196448391 0.3279189789123198 0.5908325240473548 0.33986080281169084
0 0.5856331248647905 0.21713629450442842 0.5631038335595019 0.21132228384499913 0.5563501165260486 0.25784789007545517 0.5788794078313372 0.2636619007348845
0 0.6294726209596467 0.09778937741194316 0.6184846165428629 0.0754645430413349 0.5883902579803252 0.10179710678355537 0.599378262397109 0.12412194115416363
0 0.6717524509803922 0.18962418300653597 0.6621936274509804 0.16413398692810455 0.6305759803921568 0.18521241830065355 0.6401348039215686 0.21070261437908494
0 0.6803700948184793 0.29681716094234445 0.6666090960037103 0.2775034783953002 0.641954358944629 0.30873281200346975 0.655715357759398 0.328046494550514
0 0.6825762849518506 0.047397706617163686 0.674137443438914 0.02039341377576671 0.6390695701357467 0.03987556561085969 0.6475084116486831 0.06687985845225666
0 0.7568791691934504 0.09312883228892932 0.7495278072569234 0.06764411090896846 0.7138259298564785 0.08595276598611963 0.7211772917930057 0.1114374873660805
0 0.7910539215686274 0.1658496732026145 0.765625 0.1658496732026145 0.765625 0.21405228758169945 0.7910539215686274 0.21405228758169945
0 0.7380269607843136 0.19462418300653617 0.7200857843137254 0.17668300653594798 0.6990196078431372 0.21413398692810479 0.7169607843137255 0.23207516339869294
0 0.8212840197873473 0.28753806985107144 0.8122487875986524 0.2639074625883311 0.7811370619349357 0.2850553022551712 0.7901722941236307 0.3086859095179115
0 0.6633594992050874 0.45540540540540536 0.6535000993640699 0.4305743243243244 0.6224330948595654 0.45250397456279823 0.632292494700583 0.47733505564387907
0 0.5684326194706818 0.4910338539231272 0.5669061145921007 0.4655921059467771 0.5346127918576015 0.469036727038457 0.5361392967361824 0.4944784750148072
0 0.6125519692117534 0.6236644848961552 0.5981824821619192 0.6024523849654477 0.5683454828922972 0.6383851152686483 0.5827149699421316 0.6595972151993559
0 0.6413084286286375 0.39132163833763467 0.6310753073922458 0.36906011143741413 0.6036243733499451 0.3914931328053157 0.6138574945863368 0.41375465970553627
0 0.3553921568627452 0.9076797385620915 0.321997549019608 0.9076797385620915 0.321997549019608 0.9350490196078431 0.3553921568627452 0.9350490196078431
0 0.4411175156182348 0.8121172759324551 0.4210515633698274 0.7910958021484095 0.3973864585266283 0.8312547679429292 0.4174524107750357 0.852276241726975
0 0.4388831490625447 0.9436110514765517 0.43003859846858444 0.9183409069223796 0.39859068627450983 0.9379084967320261 0.40743523686847 0.9631786412861982
0 0.4934510653972572 0.9399273678642941 0.4822985733310665 0.9196501095621294 0.45358278788393974 0.9477277664437647 0.46473527995013036 0.9680050247459293
0 0.5574078211205222 0.8047320865818807 0.550844082679307 0.7794495385120143 0.5148774833579403 0.7960495074295681 0.5214412217991556 0.8213320554994346
0 0.5481136321820953 0.7134554223834307 0.5404436405929663 0.6871583083635601 0.5050637714871471 0.7055034256776885 0.512733763076276 0.7318005396975591
0 0.6533872761532359 0.6883110903320867 0.6413192083191658 0.6663691488155958 0.6110759874759152 0.6959402980845519 0.6231440553099852 0.7178822396010429
0 0.6058481279310874 0.9012635276490537 0.5909195873168287 0.883491455489222 0.5654682694582445 0.9214987568247077 0.5803968100725032 0.9392708289845395
0 0.691918834841629 0.8979229512317748 0.6882541478129713 0.8734917043740575 0.6570866327300152 0.8818030417295125 0.6607513197586726 0.9062342885872298
0 0.6223677466526749 0.793503080122039 0.5999431889951223 0.7844637235469015 0.590199236285198 0.8274370534470811 0.6126237939427505 0.8364764100222184
0 0.6804049002616643 0.7943620371314327 0.6712685204064295 0.7723410190188151 0.6381421611105448 0.7967746457335102 0.6472785409657797 0.8187956638461279
0 0.7888763690064621 0.7541866913649804 0.767156329227381 0.7416812139164185 0.7516292297284608 0.789624538685014 0.7733492695075419 0.8021300161335759
0 0.7283652831423205 0.7122107544129961 0.7134522942653918 0.689344171468372 0.6851825835285674 0.72212064768498 0.7000955724054961 0.744987230629604
0 0.6917241454103765 0.5711543466944301 0.6769965729654693 0.548712331540286 0.6512721238938053 0.5787241887905608 0.6659996963387125 0.6011662039447049
0 0.7940994086502727 0.4848340408418217 0.7924133781916397 0.4574079453813915 0.7537238250211991 0.4616363118481063 0.755409855479832 0.48906240730853645
0 0.7045930527383367 0.49440387649312617 0.6949792934415144 0.4733451656524678 0.6611946416497633 0.5007645931935992 0.6708084009465856 0.5218233040342576
0 0.7502478892858662 0.3717984843973744 0.73147143890094 0.35862202798689985 0.7143451469524903 0.4020086342563057 0.7331215973374166 0.4151850906667802
0 0.8763136497167238 0.2491004328802469 0.8596055990767293 0.22788386063898425 0.8316058438833321 0.26708351790974033 0.8483138945233265 0.288300090151003
0 0.8853714641594342 0.3882259187828136 0.8669288412086147 0.36773411550412516 0.842293474766956 0.4071507018107789 0.8607360977177757 0.4276425050894674
0 0.7720588235294118 0.6237745098039218 0.7480085784313726 0.5917075163398695 0.7313112745098039 0.6139705882352943 0.7553615196078431 0.6460375816993466
0 0.8391057111971895 0.9009457356194137 0.8032699756778668 0.897592684342752 0.8016867849743265 0.9276733077100161 0.8375225204936492 0.9310263589866778
0 0.7698772740142991 0.877600221797504 0.7391192397536634 0.8731666312734484 0.7367487789339565 0.9024023147165005 0.767506813194592 0.9068359052405559
0 0.9412448152337859 0.9042138009049776 0.9225791023422946 0.8902524546771953 0.9042803433590632 0.933745157188064 0.9229460562505545 0.9477065034158463
0 0.8679840943946963 0.8133891417514582 0.8573133626873793 0.7882815377342415 0.8239344728639983 0.8135011433785738 0.8346052045713154 0.8386087473957905
0 0.9289545625942686 0.7855140774258421 0.9126084087481148 0.7473730517848166 0.8910963423831072 0.7637631975867272 0.907442496229261 0.8019042232277527
0 0.9930344407710668 0.7391856616457496 0.9680216291525349 0.7343051130372555 0.9631278763689519 0.7788926383987882 0.9881406879874839 0.7837731870072823
0 0.8697916666666666 0.10947712418300672 0.8537071078431373 0.08803104575163408 0.8296568627450981 0.12009803921568636 0.8457414215686274 0.14154411764705901
0 0.9506740196078431 0.22630718954248394 0.9359681372549018 0.20669934640522886 0.9108455882352942 0.24019607843137245 0.9255514705882354 0.2598039215686275
0 0.892348642879876 0.5663820162268624 0.8860722217609697 0.5389939967989076 0.8542138009049773 0.5519733534439415 0.8604902220238837 0.5793613728718964
0 0.8323952697144738 0.5668537018080487 0.8132251832522942 0.5371487029657523 0.7962438801654907 0.5566311282126275 0.8154139666276703 0.5863361270549239
0 0.9923154555940024 0.6625528642829681 0.9766219723183389 0.6446174548250673 0.9543685121107265 0.6792339484813532 0.9700619953863898 0.697169357939254
0 0.8530920367062226 0.6807044220435824 0.8464947258729956 0.6523604199452738 0.8148486346816384 0.6654553542313527 0.8214459455148654 0.6937993563296613
0 0.9337839061721687 0.3219567465169287 0.9221516551193224 0.2999847167504417 0.8941373171670515 0.32635115247022617 0.9057695682198976 0.34832318223671316