0 0.11836491327300148 0.1386620160884867 0.10888716063348415 0.11223919054801405 0.07489017722473604 0.1339184263448969 0.08436792986425339 0.16034125188536955
0 0.06219362745098041 0.20506535947712418 0.02696078431372551 0.20506535947712418 0.02696078431372551 0.23570261437908496 0.06219362745098041 0.23570261437908496
0 0.1519165887626444 0.05448187832590248 0.14674121482333763 0.00847855442095338 0.126006759672084 0.012625445451204108 0.13118213361139075 0.05862876935615321
0 0.20140019675690346 0.14667859646742207 0.1908669177013366 0.12034539882850491 0.15887271863762806 0.1430968292738087 0.16940599769319495 0.1694300269127259
0 0.0671073717948718 0.31339555052790347 0.05186415912518855 0.2872643288084465 0.022699849170437412 0.31750879839115137 0.03794306184012067 0.34364002011060835
0 0.18265259871071718 0.2643757274599338 0.1480366975557346 0.24706777688244252 0.1391099247918345 0.27880741337630943 0.17372582594681707 0.2961153639538007
0 0.16571289149143822 0.3567710643835212 0.15085174341229704 0.3349747138674475 0.12617835595776775 0.36488185017596786 0.14103950403690893 0.38667820069204156
0 0.12354631507775522 0.4207769889565022 0.12149890128465178 0.388018368266847 0.08321289722785664 0.39227236871760207 0.0852603110209601 0.4250309894072572
0 0.061937964841108854 0.49059894072571564 0.06007014874915482 0.4607138832544511 0.021403820148749145 0.46501014198782953 0.023271636240703185 0.4948951994590941
0 0.19577205882352938 0.474673202614379 0.18633578431372547 0.4495098039215686 0.15410539215686272 0.4709967320261438 0.16354166666666664 0.4961601307189542
0 0.2638712812711291 0.08631958530538653 0.26183231913455035 0.053696191120126205 0.2280594996619337 0.057448726617083626 0.23009846179851245 0.09007212080234395
0 0.31736896681749627 0.11884741075917556 0.28536481900452493 0.09446329813976878 0.27352469834087484 0.12209024635495228 0.3055288461538462 0.14647435897435904
0 0.3321685569423652 0.20499468732302764 0.3001776382557598 0.20210285286548135 0.2986577780955104 0.23199343601705297 0.3306486967821158 0.2348852704745992
0 0.2789234539969834 0.2941792357968828 0.2722605580693816 0.2690082956259427 0.23761312217194566 0.2853129713423831 0.24427601809954744 0.3104839115133232
0 0.263401765573486 0.42571505003181204 0.2618319451674475 0.39431864191104166 0.2249452325177858 0.3975974608132338 0.22651505292382434 0.4289938689340042
0 0.35543030337951464 0.2963863422309862 0.3207639226783443 0.27642691091819116 0.3120335721358635 0.30338378276865824 0.3466999528370338 0.3233432140814533
0 0.14782803278229978 0.5694671710814615 0.14196281222902857 0.5288016419121143 0.11886118570109926 0.5347251358936347 0.1247264062543705 0.5753906650629819
0 0.08910266519476422 0.5639565701168762 0.08104744914051412 0.5363386865023043 0.044085613467907306 0.5555040827769894 0.0521408295221574 0.5831219663915611
0 0.26102941176470595 0.5477941176470589 0.24448529411764713 0.5257352941176472 0.21446078431372556 0.5657679738562094 0.23100490196078438 0.587826797385621
0 0.3334611053361053 0.4447376109140814 0.3325438985365456 0.41477552212846336 0.2963771605315723 0.4167437799790741 0.297294367331132 0.44670586876469215
0 0.14747569109611056 0.658101628629594 0.13947484731597556 0.6308394942676524 0.10583614593378333 0.6483901210757527 0.11383698971391834 0.6756522554376942
0 0.06343705990683571 0.6962878705810134 0.05525200411656376 0.6685082872928177 0.021383788321958627 0.6862487812804681 0.02956884411223057 0.7140283645686637
0 0.08266149560714495 0.8233063749733327 0.07685769040553908 0.795669207346638 0.04374309070809336 0.8080319912336844 0.049546895909699226 0.8356691588603791
0 0.1530592419894787 0.827096285668739 0.1484636537541846 0.798501514426909 0.11318747010999522 0.8085804240395345 0.11778305834528932 0.8371751952813646
0 0.09054206103754142 0.9430598221410419 0.07554385992223292 0.9265100829793222 0.050906058436077456 0.966204318707017 0.06590425955138596 0.9827540578687366
0 0.16484045498067415 0.9081429381219235 0.15627817746331604 0.8818356506772872 0.12072831491793842 0.9024053824645496 0.1292905924352965 0.928712669909186
0 0.22973878778030554 0.9589381793232948 0.228572540894811 0.9293932582241001 0.19364607030657566 0.931844238616257 0.19481231719207018 0.9613891597154517
0 0.270937860438293 0.7924980776624376 0.23716515282583625 0.7878397731641678 0.23477220299884666 0.8186822376009227 0.26854491061130337 0.8233405420991926
0 0.2190563725490197 0.7361111111111112 0.18167892156862753 0.7361111111111112 0.18167892156862753 0.766748366013072 0.2190563725490197 0.766748366013072
0 0.2853348738855103 0.7162969640433179 0.28415311115296993 0.6902981839274289 0.24327718278528246 0.6936012892500704 0.24445894551782288 0.7196000693659593
0 0.33379817444219073 0.8709995492449853 0.32471792596348886 0.8427498873112463 0.28914701656524683 0.8630761212530991 0.29822726504394864 0.8913257831868381
0 0.3581203116031981 0.7559834065234899 0.3523974642614023 0.7277506929706306 0.3163374778093675 0.7407452826830756 0.3220603251511633 0.768977996235935
0 0.37138281017396113 0.8962060312194292 0.35901944834332866 0.8732455021053974 0.3331577506273659 0.8980019990642678 0.3455211124579984 0.9209625281782994
0 0.41845981317055125 0.9736989764459244 0.41740138272290056 0.9412404427179678 0.3777943488716241 0.9435365026513751 0.3788527793192748 0.9759950363793317
0 0.4308400293106933 0.8140362846169396 0.42993733575904586 0.7875572737686141 0.3950411865777239 0.7896721919008153 0.3959438801293713 0.8161512027491409
0 0.3996961269056448 0.6718160482157429 0.3957575922828958 0.6424083230325506 0.36064858576310616 0.6507676102991671 0.3645871203858551 0.6801753354823594
0 0.3095932808909099 0.6126427191824362 0.29383763324531803 0.5936359061496587 0.2714823694440369 0.626580505435757 0.2872380170896288 0.6455873184685346
0 0.37916518250898973 0.5112810118280301 0.370056694823258 0.48850979261370064 0.3379988890019675 0.5113064545310627 0.3471073766876993 0.5340776737453922
0 0.4384191176470588 0.5257352941176471 0.40379901960784315 0.5257352941176471 0.40379901960784315 0.5535130718954249 0.4384191176470588 0.5535130718954249
0 0.4592524509803923 0.41094771241830075 0.4225165801614765 0.40717993079584786 0.42072520184544415 0.43823048827374106 0.45746107266436 0.44199826989619395
0 0.42751585928489044 0.28895136485966944 0.4048803344867359 0.2814061899269512 0.3967524509803921 0.3247549019607844 0.4193879757785467 0.3323000768935026
0 0.41619061085972847 0.1793426344896934 0.40374717194570126 0.15030794369029668 0.37180901206636496 0.1746417797888386 0.3842524509803921 0.20367647058823535
0 0.40089254728440055 0.02013925039042172 0.3660799496789867 0.01704479726994049 0.3648558151136561 0.04152748857655163 0.39966841271906994 0.04462194169703286
0 0.5404411764705884 0.9718137254901961 0.5012254901960785 0.9718137254901961 0.5012254901960785 0.9995915032679739 0.5404411764705884 0.9995915032679739
0 0.4709803921568629 0.8488398692810462 0.4544607843137256 0.8323202614379087 0.43681372549019615 0.8636928104575166 0.4533333333333334 0.8802124183006539
0 0.5731852201603834 0.8819317107557905 0.5592494712972471 0.8613948176943264 0.5332333993447754 0.8927792854465146 0.5471691482079117 0.9133161785079785
0 0.5340531367041199 0.7971327201292504 0.4995122135933026 0.7860161011970332 0.4935892404714696 0.8187334765366823 0.5281301635822869 0.8298500954688994
0 0.6133932987141444 0.7484181358003141 0.6023947969395473 0.7267399294040068 0.5711077049514168 0.7549596594325167 0.5821062067260139 0.7766378658288241
0 0.6588876942286348 0.7857773769885316 0.6470067980022197 0.762624861265261 0.6146943211246763 0.7921029103465287 0.6265752173510913 0.8152554260697993
0 0.6955335405974472 0.8934865333157873 0.6920606329780236 0.8672467868579199 0.6580316900250033 0.8752535969645131 0.6615045976444269 0.9014933434223804
0 0.7757352941176471 0.9477124183006536 0.7408088235294118 0.9477124183006536 0.7408088235294118 0.9779411764705882 0.7757352941176471 0.9779411764705882
0 0.7762559655632396 0.8803700861674483 0.7669435756469033 0.8548066628677011 0.7296962419379904 0.8789287456506162 0.7390086318543269 0.9044921689503631
0 0.7300857843137255 0.7418300653594773 0.7140035479018775 0.7250777357638023 0.6913925477710793 0.7636671759870313 0.7074747841829273 0.7804195055827062
0 0.7020409125188537 0.6256913021618904 0.6891732654600302 0.5999560080442433 0.6569334464555053 0.6286136249371543 0.6698010935143289 0.6543489190548014
0 0.5918864844562579 0.6951948264571055 0.5872698293462768 0.6681104498118831 0.5478880157170923 0.6800443327298177 0.5525046708270736 0.7071287093750402
0 0.5295502618855762 0.6759781538186052 0.49772109186140223 0.6600635688065183 0.48873136583400495 0.6920270391261529 0.520560535858179 0.7079416241382399
0 0.46911797414695416 0.7137840753145862 0.4510414486079129 0.7011592003349383 0.4343768534994068 0.7435781697020445 0.45245337903844807 0.7562030446816924
0 0.47625467773860336 0.6309393105296798 0.4717454923609823 0.6016296055751429 0.43530436228119007 0.6115964103832912 0.43981354765881114 0.640906115337828
0 0.5557172681455321 0.588808569081166 0.5539882463304271 0.5622969012495556 0.5201303434131626 0.5662224552109776 0.5218593652282677 0.592734123042588
0 0.620134018910055 0.5926371734933594 0.6136903827367245 0.5651443258204825 0.5808245673714325 0.5788384155560208 0.5872682035447631 0.6063312632288977
0 0.8059272033555691 0.6605307930732434 0.7979299322821912 0.6365389798531097 0.7659503234283404 0.6554898591739102 0.7739475945017182 0.6794816723940439
0 0.9761625192265436 0.9783413255436211 0.9655564145565938 0.9530355319451443 0.9301521078108237 0.9794152114812085 0.9407582124807735 1.004721005079685
0 0.9189721947237708 0.8914382847913302 0.9012484477847827 0.8739333495429471 0.878801027718439 0.9143387056623655 0.8965247746574271 0.9318436409107488
0 0.8967327091929758 0.8516113963257952 0.8961327087931421 0.8236113776668906 0.8596253958353325 0.8250021324462358 0.8602253962351663 0.8530021511051402
0 0.8290674344959224 0.7972800624674651 0.7962546633697728 0.7789331366764997 0.7867733819191394 0.8090787494938981 0.819586153045289 0.8274256752848634
0 0.892076477868375 0.7315670905325826 0.8764272107357794 0.7144951627515694 0.8540680814404971 0.7509322623438816 0.8697173485730926 0.7680041901248947
0 0.9672928622668581 0.709070620117966 0.9627465925394549 0.680782719591902 0.9270310258249642 0.6909871672246136 0.9315772955523672 0.7192750677506776
0 0.8565426470588237 0.6264078431372551 0.8499475490196081 0.5962588235294117 0.8149593137254904 0.6098653594771241 0.8215544117647059 0.6400143790849674
0 0.7789616285881664 0.5107659349621513 0.767692072435301 0.4876488966998634 0.7364302267479926 0.5147424962955306 0.747699782900858 0.5378595345578185
0 0.5225336542975918 0.511721562082967 0.5136791275064662 0.4843812688331756 0.4802216979521456 0.5036446373644511 0.4890762247432713 0.5309849306142426
0 0.5869728640368516 0.4947136613087332 0.585270582751435 0.46445088290132713 0.5523674277044565 0.46774119840602496 0.5540697089898731 0.498003976813431
0 0.7054353503696562 0.5077413479052824 0.6786453310832531 0.4779746598092789 0.6636280536804886 0.5020023036537019 0.6904180729668917 0.5317689917497055
0 0.6081674520636984 0.41197414509081726 0.6009059148521286 0.38732892788791395 0.5694263893402665 0.40381820315603223 0.5766879265518362 0.4284634203589356
0 0.7045301122059501 0.4102489630612177 0.6956172511572508 0.38185985009128676 0.6591022396073017 0.402240321654049 0.6680151006560011 0.43062943462397996
0 0.5587126859815431 0.3664577535033935 0.542633522192228 0.3494853028368943 0.5213682591499781 0.3853004826975258 0.537447422939293 0.40227293336402503
0 0.8201626417340101 0.40283024285326474 0.8145680636471844 0.3770612771200067 0.7822378312347305 0.3895396124370942 0.7878324093215562 0.41530857817035227
0 0.8784164516298909 0.4993373356504644 0.8648403351940596 0.47692596883575883 0.8371422819351553 0.5067546415761174 0.8507183983709866 0.529166008390823
0 0.9638480392156864 0.5465686274509808 0.9394581932224733 0.5360475174146926 0.9276034709106824 0.5849033426996487 0.9519933169038955 0.5954244527359368
0 0.9702663108390565 0.43493082512192716 0.9378032621678113 0.4318391062008562 0.9361998606549219 0.4617692677747919 0.9686629093261669 0.46486098669586295
0 0.8762617473024713 0.3853284410411109 0.8571696615036547 0.3748465115829371 0.8446256091193874 0.41546534787485023 0.863717694918204 0.42594727733302407
0 0.9194240196078431 0.3059640522875819 0.8814338235294118 0.3059640522875819 0.8814338235294118 0.33905228758169953 0.9194240196078431 0.33905228758169953
0 0.6684318438914026 0.3021210407239819 0.6588659502262443 0.2754524886877828 0.6246955128205127 0.29724233283056817 0.6342614064856711 0.3239108848667672
0 0.6427696078431373 0.20710784313725492 0.639200781664017 0.17855723370429252 0.603429716481187 0.18650635930047696 0.6069985426603074 0.21505696873343932
0 0.7521718127084859 0.22830187399994586 0.7141054684321861 0.22519441732432952 0.7128221361158571 0.2531425433243838 0.7508884803921569 0.2562500000000001
0 0.8034007352941176 0.300204248366013 0.7958333333333333 0.2699346405228758 0.7613664215686275 0.2852532679738562 0.7689338235294119 0.3155228758169934
0 0.8572811386606559 0.23230083133376986 0.8437149697641727 0.2063481604013671 0.8125155269153396 0.23534158203866648 0.8260816958118228 0.26129425297106923
0 0.9895220588235297 0.28897058823529426 0.9720624279123418 0.26901672433679363 0.9496575836216842 0.30386870434448293 0.9671172145328722 0.32382256824298356
0 0.9754812242141977 0.21809870911488244 0.9693145628641914 0.1916049047963365 0.9367337363361831 0.20508662611827091 0.9429003976861894 0.23158043043681686
0 0.7992956599183249 0.11951516204709368 0.7627029209024823 0.11763861132833253 0.7618304153271354 0.14788547127368934 0.7984231543429781 0.14976202199245048
0 0.90625 0.11274509803921583 0.8676470588235294 0.11274509803921583 0.8676470588235294 0.14379084967320274 0.90625 0.14379084967320274
0 0.9885063159879337 0.10262380593262962 0.9711326357466064 0.08189731020613392 0.9465813536953243 0.118483534439417 0.9639550339366516 0.1392100301659127
0 0.888287000174781 0.047144757539859736 0.8791560058325079 0.0206781072724016 0.8463188159879335 0.0408182503770739 0.8554498103302065 0.06728490064453203
0 0.8149509803921569 0.03308823529411777 0.7794117647058824 0.03308823529411777 0.7794117647058824 0.06290849673202627 0.8149509803921569 0.06290849673202628
0 0.7068376279533234 0.04691862045112037 0.6905848280093222 0.024610855822099226 0.6618429396117959 0.06183844460365699 0.678095739555797 0.08414620923267814
0 0.6215572103506282 0.10981388757469031 0.6133488080218682 0.08493994112390266 0.5788716290805868 0.10516655276945451 0.5870800314093466 0.13004049922024216
0 0.5337254901960785 0.13299019607843146 0.49935049019607847 0.12465686274509812 0.4955122549019608 0.15280392156862754 0.5298872549019609 0.16113725490196087
0 0.48034763213243775 0.20975388425266298 0.4703656116425809 0.184798833028021 0.437830755139426 0.20793473098582002 0.44781277562928284 0.232889782210462
0 0.48033088235294125 0.08929738562091499 0.47022058823529417 0.06233660130718951 0.43933823529411764 0.08292483660130724 0.4494485294117647 0.10988562091503272
0 0.5613239930838079 0.065532481639252 0.5462860617192361 0.04305153374070015 0.5175499868376968 0.07722416332955762 0.5325879182022687 0.09970511122810946
0 0.5020731738291172 0.3088700938060891 0.46822297571878496 0.2825421619424973 0.4565109722645535 0.3093124555521692 0.49036117037488586 0.33564038741576097
0 0.5856287707390647 0.3080630970336853 0.5768052413273 0.26492584213172443 0.5558328619909502 0.27255216189039716 0.564656391402715 0.315689416792358