0 0.4246628564089391 0.7258387561720466 0.4210433791420498 0.70063647001741 0.38505089262779346 0.7098260410423265 0.38867036989468273 0.7350283271969632
0 0.24245571423515253 0.622333710860999 0.2296146120903235 0.5957003138198721 0.20205214305938982 0.6193252872749582 0.21489324520421882 0.645958684316085
0 0.14475203390400315 0.5421450263202868 0.11139629716009856 0.5193907252856852 0.10100720796248211 0.5464653213764432 0.13436294470638668 0.5692196224110447
0 0.17704728950403686 0.45487312572087646 0.17176686851211068 0.4267108804306035 0.13702061707035754 0.4382929642445212 0.1423010380622837 0.4664552095347942
0 0.7915245113386621 0.6662732615484098 0.7582524908836423 0.638872774114864 0.7462550416221593 0.6647720296634622 0.7795270620771791 0.692172517097008
0 0.3096743836792011 0.5371493646087967 0.30537379076298954 0.5099122761394566 0.2726861964945129 0.5190877411972745 0.2769867894107245 0.5463248296666147
0 0.23129287258034203 0.5476709160767609 0.22443286819520142 0.5234975672910273 0.1899402133057696 0.5408992670550649 0.1968002176909102 0.5650726158407985
0 0.2663874156219865 0.46030483231543984 0.2619274349083896 0.43503160827172394 0.23023344583735134 0.44497482052930465 0.23469342655094827 0.47024804457302055
0 0.3669931274764895 0.6536681093368254 0.33280402360423794 0.6426170858629664 0.32775326088805 0.670396280802 0.3619423647603015 0.6814473042758591
0 0.24527437706820762 0.3885868894157159 0.23559315886304144 0.3637632529922128 0.20391408295056057 0.38572741229153296 0.21359530115572675 0.410551048715036
0 0.1674219655728616 0.36826347934203685 0.14348237688391552 0.34948733135070664 0.12643892711326177 0.38811915083085513 0.15037851580220785 0.4068952988221854
0 0.14038979648279554 0.6620029691513442 0.10775277523460754 0.6444113832303351 0.1007652161058977 0.6674580694794131 0.1334022373540857 0.6850496554004222
0 0.2774941890314232 0.6918343437327107 0.27060278469350435 0.6670959691863354 0.23383368322221285 0.685305428962594 0.24072508756013167 0.7100438035089693
0 0.32843137254901966 0.7516339869281046 0.2907475490196079 0.7516339869281046 0.2907475490196079 0.7794117647058824 0.3284313725490198 0.7794117647058824
0 0.19353030846484937 0.7578212179180615 0.19126240435198472 0.7306063685636857 0.15612296747967477 0.7358122110632871 0.15839087159253942 0.763027060417663
0 0.37348500397832946 0.4751065111148277 0.3554621577242941 0.45732396947751275 0.3352546352606693 0.4937339198624225 0.3532774815147046 0.5115164614997374
0 0.31398684311175706 0.39751247269605716 0.3048554272164002 0.37214742854228816 0.272295873811163 0.39298554272164 0.2814272897065198 0.418350586875409
0 0.2700741801145237 0.3182876395395917 0.2481346520909249 0.2848559777893459 0.23052229741454103 0.3054037249117937 0.2524618254381399 0.3388353866620395
0 0.1706942357234865 0.2531039788178045 0.14705435093745528 0.2416422164973045 0.13518409188492916 0.28516649968990027 0.15882397667096038 0.2966282620104003
0 0.21441916389197185 0.21972037242569983 0.21356363300036996 0.19348409174990755 0.18088350906400297 0.19537859168824764 0.18173903995560486 0.22161487236403996
0 0.30360766232722597 0.16596016822029364 0.26581836628093863 0.16137964748741032 0.2639650634844102 0.1885614218364942 0.30175435953069757 0.19314194256937753
0 0.322758366065027 0.30312146056090694 0.3208042060226316 0.2705521265209846 0.28444377552292777 0.274430572440953 0.2863979355653231 0.30699990648087533
0 0.40266640373953144 0.36197782254707717 0.3981604812884678 0.3351733607869038 0.36207303824445153 0.34595811388051784 0.36657896069551515 0.37276257564069126
0 0.45067401960784315 0.4660947712418301 0.4096200980392157 0.4660947712418301 0.4096200980392157 0.4950980392156863 0.45067401960784315 0.4950980392156863
0 0.47433554346594126 0.3739799387963278 0.470659072877706 0.3421171936982886 0.4352739289357361 0.34937568476330805 0.43895039952397136 0.38123842986134726
0 0.47650732731670814 0.1931292686093431 0.4409932556399454 0.1843195764104562 0.4368997468302532 0.21365638954658364 0.4724138185070159 0.2224660817454705
0 0.3835252647696822 0.1481496249982278 0.37420117179192713 0.12452858945458159 0.3460428097486282 0.14428884352005447 0.3553669027263833 0.1679098790637007
0 0.2775540462607937 0.11064286604944047 0.2695659543626672 0.08614605089518586 0.23655126796346523 0.10528499953240439 0.24453935986159173 0.129781814686659
0 0.14898958744571655 0.12610760187744005 0.11349972035794184 0.09298372592885033 0.1003154197920779 0.11809667938763876 0.1358052868798526 0.1512205553362285
0 0.07844218569780853 0.9508410226835832 0.07034674163783158 0.9022683583237215 0.04585495963091116 0.9095251826220683 0.05395040369088809 0.9580978469819299
0 0.08026960784313733 0.7732843137254903 0.06525735294117647 0.7532679738562091 0.0392156862745098 0.7879901960784315 0.05422794117647066 0.8080065359477127
0 0.1568627450980393 0.8517156862745098 0.11734068627450987 0.8517156862745098 0.11734068627450987 0.8786764705882353 0.1568627450980393 0.8786764705882353
0 0.22610294117647065 0.8398692810457516 0.2034313725490197 0.8398692810457516 0.2034313725490197 0.8839869281045751 0.22610294117647065 0.8839869281045751
0 0.1815518890483023 0.9357564163876934 0.16977522716403637 0.9161286465805834 0.14350938546150166 0.9441455443966204 0.1552860473457676 0.9637733142037304
0 0.295343137254902 0.9603758169934641 0.2591911764705883 0.9603758169934641 0.2591911764705883 0.9877450980392157 0.295343137254902 0.9877450980392157
0 0.35647051800662966 0.8622186171507765 0.31252405331760214 0.8507853905650131 0.30840303528288115 0.8789456804689404 0.3523494999719087 0.8903789070547036
0 0.4081045550494146 0.8027372206716169 0.4061365845577264 0.7780719905091252 0.36752733490441836 0.7835484798216512 0.3694953053961066 0.8082137099841429
0 0.48996758925622325 0.8463551832167275 0.4598173400294268 0.8226004414016757 0.44959491262048473 0.8456664314526221 0.47974516184728117 0.8694211732676738
0 0.4865088736224418 0.9319021039072564 0.45176510841562917 0.930650076332236 0.45127334693001303 0.9549103096226323 0.48601711213682564 0.9561623371976528
0 0.4040735754910739 0.9304641283550125 0.36842930995137546 0.9254082041649844 0.36672464979725117 0.9467732780966759 0.4023689153369496 0.951829202286704
0 0.5692849736048264 0.9288681498240324 0.5639894419306183 0.902978883861237 0.5258295625942684 0.9168552036199097 0.5311250942684765 0.9427444695827051
0 0.5968914279251613 0.8494728754867839 0.5708709153078544 0.8173809099254388 0.5570915803168691 0.837243014416949 0.5831120929341761 0.8693349799782942
0 0.5856913692443271 0.7290381508408608 0.5639079367702138 0.7108852904457664 0.5471607182198722 0.7466126900198283 0.5689441506939855 0.7647655504149227
0 0.5343137254901962 0.7589869281045751 0.49785539215686286 0.7589869281045751 0.49785539215686286 0.7843137254901961 0.5343137254901962 0.7843137254901961
0 0.48368494325497563 0.7121818630516623 0.4543884275098409 0.6919773694343281 0.4453740044329178 0.7152145489215076 0.47467052017805256 0.7354190425388419
0 0.4571148700305811 0.6320437578701206 0.4238818807339449 0.6081841758109973 0.4142213077891707 0.6321055945313905 0.44745429708580686 0.6559651765905139
0 0.3820292267850537 0.561968183499815 0.3723322465778765 0.5386954310025898 0.3399463559008509 0.5626849796522383 0.3496433361080281 0.5859577321494637
0 0.5123485554520036 0.5305078151173487 0.508121299544981 0.504741683874544 0.47177460802587573 0.5153428022342831 0.47600186393289834 0.5411089334770878
0 0.5342518397633368 0.6270587827816081 0.502728320131045 0.624957214806122 0.5016105569409808 0.6547642332078301 0.5331340765732727 0.6568658011833162
0 0.6286764705882354 0.6115196078431374 0.6121323529411765 0.5894607843137255 0.586703431372549 0.6233660130718955 0.6032475490196079 0.6454248366013075
0 0.5832859561350313 0.5492638636210497 0.5635997826965838 0.5173910113873729 0.5476526177481301 0.5349016238797926 0.5673387911865776 0.5667744761134693
0 0.5761387146015154 0.45082442379019233 0.5451387176832174 0.4333725736732246 0.5374805595960094 0.45755623079072366 0.5684805565143074 0.4750080809076915
0 0.6325697586726997 0.49213172448466574 0.6221813725490195 0.4678921568627453 0.5942354826546004 0.48918426344896937 0.6046238687782806 0.51342383107089
0 0.6976532101167315 0.5587249815620154 0.6595628767071029 0.555550787111213 0.6582062542915997 0.5844920653086138 0.6962965877012284 0.5876662597594161
0 0.7024467222818158 0.6375868936370345 0.6698314090298516 0.6356541343332144 0.6689556274703081 0.6619275811195189 0.7015709407222722 0.663860340423339
0 0.6532325194228635 0.7371439141694415 0.6237340455049946 0.7152931927487978 0.6131266185719572 0.7407510173880875 0.642625092489826 0.7626017388087311
0 0.6644269148967165 0.8688676931892124 0.6553750400606007 0.8457351241635833 0.6201840784605075 0.8702157931027785 0.6292359532966232 0.8933483621284077
0 0.6893228842348514 0.7758451298656373 0.6717163003168803 0.7564171751975315 0.6491541350132147 0.7927673304089926 0.6667607189311857 0.8121952850770984
0 0.5125192533372451 0.24172513976496673 0.4888957141460076 0.24015023715221756 0.4874417815754732 0.27892177236646953 0.5110653207667106 0.2804966749792187
0 0.5468299019607844 0.20801045751633987 0.5410583333333333 0.18162614379084968 0.5083289215686274 0.19435424836601306 0.5141004901960785 0.22073856209150325
0 0.5721957900807382 0.3360246059207998 0.5561838489721148 0.29599475314924134 0.5358773916140851 0.31043490060384027 0.5518893327227085 0.35046475337539873
0 0.6132990134956725 0.26436258210682445 0.612201114859909 0.23508528515313018 0.5736180382377389 0.23765749026127486 0.5747159368735025 0.2669347872149691
0 0.6758055356288859 0.27960106806950435 0.6508847441415591 0.25301889048302245 0.6366869918699186 0.2766818109357564 0.6616077833572455 0.3032639885222383
0 0.6522314833467633 0.3922156191243622 0.6366715350523771 0.34657310412749576 0.6177205042976094 0.3580585773122034 0.6332804525919957 0.4037010923090698
0 0.7421762912482065 0.4680675115574687 0.7078072692491628 0.4469173441734418 0.6976028216164514 0.47639685955683075 0.7319718436154949 0.4975470269408577
0 0.7573623680241326 0.37877702362996485 0.7547558446455505 0.35097410759175457 0.7184436274509802 0.3570261437908496 0.7210501508295626 0.3848290598290599
0 0.729424845781009 0.2580276492619521 0.7205090603657192 0.23170485422633488 0.6895866168420695 0.2503248202190702 0.6985024022573592 0.2766476152546874
0 0.7013190863269527 0.9432675125523217 0.691267517408152 0.9175801697598307 0.6590815560994087 0.9399704037137391 0.6691331250182094 0.9656577465062302
0 0.7441789215686274 0.8868464052287581 0.7107843137254902 0.8868464052287581 0.7107843137254902 0.9113562091503268 0.7441789215686274 0.9113562091503268
0 0.7423406862745098 0.792075163398693 0.7120098039215687 0.792075163398693 0.7120098039215687 0.8210784313725492 0.7423406862745098 0.8210784313725492
0 0.44417784999532406 0.09155717135820947 0.43636023566819415 0.06758315408834441 0.40156430219146483 0.08775470972702806 0.40938191651859474 0.11172872699689311
0 0.504323136473367 0.07083311624029602 0.4672211222841661 0.06346534037293697 0.4643841233348964 0.08886323572830379 0.5014861375240973 0.09623101159566284
0 0.5899430935740633 0.08793195496020194 0.5678575761987963 0.06933362453892453 0.5520887934381673 0.10262327703358576 0.5741743108134342 0.12122160745486317
0 0.653755103316114 0.10866846266363023 0.6150428053657724 0.10743950082393684 0.6145862842304061 0.13300468440445123 0.6532985821807475 0.13423364624414458
0 0.7715596604495457 0.1384544874860515 0.731073648971784 0.1268870556352624 0.7268367407938786 0.15325003985333985 0.7673227522716404 0.16481747170412894
0 0.17122830551139373 0.056766693163751984 0.16749221648118703 0.025217496908673386 0.13407607975622682 0.03225247306129659 0.1378121687864335 0.06380166931637521
0 0.280880314232902 0.035843964819446 0.24466515349208073 0.03491537095429673 0.24429852578739442 0.06033489181254761 0.2805136865282157 0.06126348567769688
0 0.6967646863448448 0.0458035711959821 0.687364946975203 0.020167918369686184 0.6581923946342186 0.03918410063640182 0.6675921340038604 0.06481975346269774
0 0.7853365384615386 0.0744658119658119 0.7518815987933635 0.053132227249874195 0.7429949095022623 0.07790723981900438 0.7764498491704375 0.0992408245349421
0 0.8771446078431373 0.049836601307189685 0.8400735294117647 0.049836601307189685 0.8400735294117647 0.0780228758169936 0.8771446078431373 0.0780228758169936
0 0.9639763516792854 0.12529080113893748 0.958740111143467 0.09437204749886764 0.9171389657348085 0.10689712353588314 0.9223752062706269 0.13781587717595295
0 0.8302763676645037 0.15932622752541128 0.7953089020305633 0.1517656944153701 0.791871859953946 0.18002581815644422 0.8268393255878865 0.1875863512664854
0 0.8426650381906557 0.24374235360248664 0.8341674623053269 0.22032681116291378 0.802303425586086 0.24088425420758522 0.8108010014714149 0.2642997966471581
0 0.9373155055817948 0.2098525237345547 0.9366718995992558 0.17810129526263058 0.8987094335909545 0.1794693120557225 0.8993530395734934 0.2112205405276466
0 0.8076675257731958 0.3394565730072098 0.7876629775621588 0.307068256856007 0.7708352284212654 0.32554578532443906 0.7908397766323024 0.35793410147564186
0 0.9335104479748104 0.36568210009064456 0.9259964934879061 0.3381309336386623 0.8881136396164305 0.3564983779399838 0.8956275941033348 0.38404954439196604
0 0.9871705004959183 0.4178953358256403 0.9623328660257877 0.3803629104041099 0.9465153400854505 0.3989717644515654 0.971352974555581 0.4365041898730958
0 0.841306277810376 0.41586036950108407 0.8247575760354016 0.3914728089905954 0.798268192875654 0.423428255342037 0.8148168946506283 0.4478158158525257
0 0.8330067837360247 0.507181613257666 0.7958215456893328 0.5051157666995164 0.7948785341693002 0.5352921353405604 0.832063772215992 0.53735798189871
0 0.8005514705882353 0.553513071895425 0.7677696078431373 0.553513071895425 0.7677696078431373 0.5792483660130721 0.8005514705882353 0.5792483660130721
0 0.8861016694413615 0.615369496855346 0.875234114872364 0.5892873658897523 0.845163360155383 0.611561999013442 0.8560309147243803 0.6376441299790357
0 0.9447141724336795 0.5306829104190696 0.9430543540945792 0.5019127258746635 0.9051470588235294 0.5058006535947712 0.9068068771626298 0.5345708381391772
0 0.9665558539674224 0.6449209936387327 0.9286873880955503 0.6384752973201162 0.92590588016944 0.6675266023261571 0.963774346041312 0.6739722986447736
0 0.8542033050333536 0.7125690654268582 0.817639478471801 0.7103530759382792 0.8166818273701232 0.7384441749208276 0.8532456539316758 0.7406601644094065
0 0.9200367647058824 0.7340686274509806 0.8863357843137255 0.7340686274509806 0.8863357843137255 0.7598039215686276 0.9200367647058824 0.7598039215686276
0 0.8164377883506343 0.8296929065743947 0.8060030997693194 0.8065047097270281 0.7797812139561706 0.8274822183775472 0.7902159025374855 0.8506704152249137
0 0.8948112544198007 0.8514310778956391 0.8928851253616199 0.8231811850423227 0.8588250361620058 0.8273096807028821 0.8607511652201865 0.8555595735561985
0 0.9808094802311588 0.8122193129628688 0.9801946167403867 0.7843455013811921 0.9431555789991017 0.785798012665164 0.943770442489874 0.8136718242468407
0 0.8282469834087481 0.890836098541981 0.7984321266968325 0.8736455505279037 0.7908906485671192 0.8968984414278534 0.8207055052790349 0.9140889894419308
0 0.7923406862745099 0.9741013071895427 0.7621936274509806 0.9540032679738565 0.753308823529412 0.9776960784313727 0.7834558823529413 0.9977941176470589
0 0.9407781862745099 0.9636029411764708 0.9058517156862744 0.9480800653594773 0.8992647058823529 0.9744281045751636 0.9341911764705884 0.9899509803921571
0 0.9842508113255213 0.9028227164668313 0.9519685878563516 0.8898097271614295 0.9453509104335489 0.918995381436354 0.9776331339027186 0.9320083707417556
0 0.05194455421324 0.7228141896553887 0.05131887207858192 0.7015409970770138 0.02000289319182567 0.7031784338815501 0.02062857532648376 0.724451626459925
0 0.05384972954699121 0.632837502817219 0.05237914131169709 0.609308091052513 0.014473461798512508 0.6135198332206446 0.01594405003380663 0.6370492449853506
0 0.09351432880844647 0.3724861739567622 0.08050527903469082 0.34646807440925087 0.04685143288084466 0.3763826043237808 0.05986048265460031 0.40240070387129206
0 0.12342193024750885 0.23164175506268078 0.09180830118932821 0.21320047144540874 0.08183763259402123 0.24358727097396335 0.11345126165220186 0.2620285545912354
0 0.061710826572008125 0.20906440162271805 0.024839418526031116 0.2061725264818571 0.023610758958755935 0.2340221433400946 0.06048216700473294 0.23691401848095556