0 0.13625557519144996 0.9794524390585992 0.11965623159134901 0.9434871945917137 0.09938304721030047 0.9601216022889845 0.11598239081040142 0.9960868467558698
0 0.08228532792427316 0.8770227631282399 0.08066683569979716 0.851126887536624 0.0482631845841785 0.854727293216137 0.0498816768086545 0.8806231688077529
0 0.1440563725490196 0.771078431372549 0.1379595588235294 0.7466911764705881 0.10477941176470588 0.761437908496732 0.11087622549019607 0.7858251633986927
0 0.1711320710392783 0.8477847209171209 0.1702922383010712 0.8197902963102174 0.13164084523585792 0.821851703940362 0.132480677974065 0.8498461285472655
0 0.14823870441841902 0.6932176603673144 0.11169261822376016 0.692180891964629 0.11129835418330235 0.7168881051666519 0.1478444403779612 0.7179248735693372
0 0.18911954959780963 0.6135337482781491 0.1842430977161029 0.5867132629287621 0.15362284874921348 0.596610717140282 0.15849930063092021 0.6234312024896689
0 0.12990196078431374 0.5714869281045751 0.12509010957324107 0.545823721645521 0.08846957900807381 0.5580305651672435 0.09328143021914649 0.5836937716262977
0 0.23131097206898557 0.5633351399131552 0.2164865329152392 0.5426707701836906 0.1920496172309003 0.5738366916361807 0.20687405638464665 0.5945010613656454
0 0.2591911764705883 0.6433823529411765 0.2239583333333334 0.6433823529411765 0.2239583333333334 0.6719771241830066 0.2591911764705883 0.6719771241830066
0 0.249740364071815 0.8029081521302135 0.24105833677935146 0.7831860160584445 0.21441264774802718 0.8040391639960026 0.22309467504049071 0.8237613000677717
0 0.34293349168646087 0.8761080837719094 0.34215737215313685 0.8460981284833806 0.30498259279959017 0.8478073137410149 0.3057587123329142 0.8778172690295437
0 0.1887889452934199 0.957833833414742 0.18513602505058965 0.9277987114181377 0.1513142401088549 0.9351115297839183 0.15496716035168517 0.9651466517805225
0 0.30978697890330914 0.746805181002678 0.30056595525029495 0.7250530226417214 0.2696943121804596 0.7483186087233364 0.2789153358334738 0.7700707670842931
0 0.28462009803921573 0.5053104575163399 0.2619485294117648 0.5053104575163399 0.2619485294117648 0.5531045751633987 0.28462009803921573 0.5531045751633987
0 0.15893600590921303 0.47233973498075044 0.15019599449368787 0.44670236816187675 0.11854938893365566 0.4658821291073507 0.1272894003491808 0.49151949592622446
0 0.05477115823421611 0.5666719319574705 0.05309471833938218 0.5411900455559948 0.016082687274665518 0.5455189380781839 0.017759127169499445 0.5710008244796595
0 0.05273056689842917 0.4129012924744632 0.04660254111025274 0.3872219463144858 0.011851961704006203 0.4019646163656207 0.01797998749218263 0.42764396252559816
0 0.05257567521171892 0.489669960072226 0.05131799801632715 0.4628395132372015 0.013857099259937446 0.4659612548002339 0.01511477645532921 0.4927917016352585
0 0.21682962230445327 0.4558290091163002 0.17847948832461405 0.45476372761686024 0.17806611798732513 0.4812194292033517 0.21641625196716435 0.48228471070279166
0 0.12077883768027523 0.41975175261692105 0.12018092133136744 0.3926462114664362 0.08440232726625656 0.3940492935866366 0.08500024361516431 0.4211548347371215
0 0.2838125127465548 0.44153822995270425 0.2776031196282376 0.41519535005681335 0.24251026097660458 0.4299009289203548 0.24871965409492172 0.4562438088162457
0 0.38357843137254904 0.5155228758169934 0.34681372549019607 0.5155228758169934 0.34681372549019607 0.5408496732026143 0.38357843137254904 0.5408496732026143
0 0.36753780521642626 0.6318619743494882 0.36664527839437666 0.6044911518066346 0.333739132445431 0.6063987544703416 0.3346316592674806 0.6337695770131953
0 0.4047431715877012 0.6782301441977568 0.4034211203936827 0.6500263853920296 0.3657313363088425 0.653167200732433 0.36705338750286104 0.6813709595381602
0 0.37126509022632204 0.7277223314347161 0.33476753490599337 0.7244043718601408 0.3335223549574072 0.7487545575213805 0.37001991027773584 0.7520725170959558
0 0.4576446977873718 0.753339179708581 0.4407621649577262 0.7294222581999162 0.420158189422558 0.7552782274989508 0.43704072225220364 0.7791951490076154
0 0.41385866485322464 0.8661660810759757 0.40755341153802577 0.8400109562129285 0.3756793324266123 0.8536712758321058 0.38198458574181127 0.8798264006951529
0 0.37898284313725505 0.9007352941176471 0.35569852941176483 0.9007352941176471 0.35569852941176483 0.9391339869281046 0.37898284313725505 0.9391339869281046
0 0.433398749447786 0.9994789365775192 0.43214617952900397 0.9593966991764931 0.4085963783260271 0.9607050214655475 0.40984894824480916 1.0007872588665736
0 0.5394725575819849 0.9278138111139653 0.5098812505351487 0.9202585837828582 0.5057813436509977 0.9488060835687989 0.5353726506978338 0.9563613108999061
0 0.47968706175578174 0.8969316530253195 0.4410151170351106 0.8960999983001438 0.44068141398301847 0.9236861172730904 0.4793533587036896 0.9245177719982661
0 0.5202205882352943 0.7679738562091504 0.4831495098039217 0.7679738562091504 0.4831495098039217 0.7904411764705882 0.5202205882352943 0.7904411764705882
0 0.6372549019607843 0.7924836601307191 0.5958946078431374 0.7924836601307191 0.5958946078431374 0.8206699346405231 0.6372549019607843 0.8206699346405231
0 0.5963675319120937 0.9117318068166866 0.5843778786682459 0.8888943720665002 0.5569688445848138 0.9144761372110367 0.5689584978286616 0.9373135719612231
0 0.39528923795104715 0.41282135488563326 0.35663202639117714 0.4056626120041759 0.353788629380594 0.43295922330577447 0.39244584094046403 0.4401179661872318
0 0.33394607843137253 0.32516339869281047 0.2979166666666667 0.30915032679738563 0.2905637254901961 0.338562091503268 0.32659313725490197 0.3545751633986928
0 0.26949877450980386 0.308295751633987 0.2552267156862745 0.2808088235294118 0.22342769607843135 0.31016176470588236 0.23769975490196077 0.33764869281045756
0 0.18903598595669982 0.34752913258145074 0.1836560015316835 0.3160769159428936 0.1475799616218635 0.3270474076113769 0.15295994604687982 0.358499624249934
0 0.0667804933361245 0.3433378689554114 0.056802124764496545 0.31793838531854024 0.022721176993929226 0.34174095201544435 0.032699545565557174 0.3671404356523155
0 0.11510911679082113 0.289367311699061 0.1121176363558524 0.25945250734937353 0.0737274167308845 0.26627743528270115 0.07671889716585323 0.29619223963238867
0 0.20710784313725492 0.1813725490196079 0.1712622549019608 0.1813725490196079 0.1712622549019608 0.21119281045751634 0.20710784313725492 0.21119281045751634
0 0.14360818425308267 0.19106065965905267 0.1365726703052355 0.16667087797318242 0.1053874191429149 0.18266331446668016 0.11242293309076207 0.2070530961525504
0 0.31458242705463446 0.21330443982577968 0.2773590434530427 0.19746470212297465 0.27198367792063416 0.21992178479170368 0.309207061522226 0.2357615224945087
0 0.24478186274509803 0.09102287581699348 0.24029656862745097 0.058130718954248393 0.19969362745098035 0.06797385620915035 0.2041789215686274 0.10086601307189544
0 0.0869952008448756 0.1345200377577151 0.07303363731097777 0.10901002043651904 0.04482385184769809 0.13645737926565604 0.05878541538159592 0.1619673965868521
0 0.33742791234140723 0.15471453287197237 0.30722678777393314 0.12019896193771626 0.29384010957324114 0.14102268358323722 0.32404123414071523 0.17553825451749333
0 0.3031618756099725 0.031075326058025068 0.2671935997249579 0.028791626001833662 0.2662633916688848 0.05483745157188069 0.3022316675538994 0.0571211516280721
0 0.3842804542631532 0.2434969538343241 0.3473732366249667 0.2244480673113892 0.3401134548842161 0.2494539821961968 0.3770206725224026 0.2685028687191317
0 0.4170540278922233 0.3585425471589449 0.4162372190177472 0.33294920242535936 0.38226530727519203 0.33487668677954685 0.3830821161496681 0.36047003151313245
0 0.499533441042068 0.19427068555271823 0.46436954922867846 0.17991807664929393 0.4569389065603392 0.21228265360472703 0.4921027983737287 0.22663526250815133
0 0.40797933895043426 0.11310483521436876 0.372426958183804 0.10649043879267009 0.3693424286160088 0.13596483244049173 0.40489480938263905 0.1425792288621904
0 0.4203812005922954 0.04234086042049791 0.4091174380836379 0.015522378257027554 0.38137225048362833 0.03623878499836796 0.39263601299228584 0.0630572671618383
0 0.49984681372549017 0.0643382352941177 0.4834558823529412 0.042483660130719 0.4580269607843137 0.07638888888888898 0.47441789215686275 0.09824346405228768
0 0.5373468362363315 0.14761229007890198 0.5334579758611747 0.12357206230520615 0.502563872260881 0.13245664111836256 0.5064527326360375 0.15649686889205838
0 0.5836221398340112 0.2142913236120755 0.5773066288066661 0.19008186467391902 0.5416935323876599 0.20659808330302332 0.548009043415005 0.23080754224117983
0 0.5159218971093592 0.3091014756418031 0.506572796644431 0.2810541742470184 0.4719211138063473 0.30158850481773464 0.48127021427127553 0.32963580621251937
0 0.5992491426904578 0.33811553165049285 0.5823163899086484 0.3189250784977757 0.5608707561399016 0.3525652883311042 0.5778035089217108 0.37175574148382134
0 0.5518042613084837 0.4382725037209604 0.5498810910502815 0.4126302336115965 0.5150274218598331 0.4172773895036563 0.5169505921180354 0.44291965961302016
0 0.4757196030762386 0.49357196957659355 0.46036224457368036 0.4692561519475429 0.4309455143483649 0.5022854630777216 0.4463028728509232 0.5266012807067723
0 0.5974264705882353 0.23161764705882362 0.5600490196078431 0.23161764705882362 0.5600490196078431 0.2593954248366014 0.5974264705882353 0.2593954248366014
0 0.6299411973967814 0.07275383472492526 0.6003567915960406 0.04152585082414334 0.5860370629041369 0.06564328862103373 0.6156214687048778 0.09687127252181565
0 0.6539404223227752 0.41965183509301157 0.6333663273001507 0.4013637506284566 0.6155967194570136 0.4369029663147311 0.6361708144796379 0.4551910507792861
0 0.5510817641504193 0.5823925179136812 0.5280500124979169 0.5679412227591699 0.5123790132200189 0.6123423873798812 0.5354107648725213 0.6267936825343926
0 0.6902932896131425 0.5820899576046636 0.6565108306836249 0.5810424394983219 0.6560317302596717 0.6085108638049816 0.6898141891891892 0.6095583819113233
0 0.6306540004959418 0.5169635765060704 0.5934079060371836 0.5042298689988026 0.588762232221698 0.5283873728393271 0.6260083266804564 0.5411210803465949
0 0.5644221342383108 0.7077652086475616 0.5575103695324284 0.6816540975364503 0.5266770361990949 0.696163901458019 0.5335888009049773 0.7222750125691303
0 0.6502474002606824 0.7368867826514037 0.6232184347727532 0.710458460840984 0.6112964694548341 0.7321347614190186 0.6383254349427634 0.7585630832294383
0 0.6969246931346266 0.8170623499623264 0.6610303152762448 0.8147086202666949 0.6600471304473534 0.8413638534055268 0.6959415083057351 0.8437175831011584
0 0.7097795723092731 0.9019215400861949 0.7017358881325457 0.8799610055084625 0.6700952296857607 0.9005642249621829 0.6781389138624881 0.9225247595399153
0 0.829750897883906 0.786793017537048 0.8275456222092797 0.7573893418753639 0.78650383420695 0.7628615802756745 0.7887091098815763 0.7922652559373586
0 0.7437226417594065 0.7343659247482777 0.7434400503444621 0.708744303126656 0.7075526629570746 0.7094479773891538 0.7078352543720191 0.7350695990107754
0 0.8043285837651121 0.5879935825798369 0.7785442382911714 0.5488725066883403 0.7611786294828812 0.5692200887263369 0.7869629749568219 0.6083411646178334
0 0.7647925823747621 0.6628012095140123 0.7632602325508898 0.6372620457828069 0.7281540298949467 0.6410067073994409 0.7296863797188189 0.6665458711306462
0 0.7418681863708154 0.4731266933754512 0.7373658942948494 0.4467132465297842 0.7050818117030702 0.45649630186062645 0.7095841037790361 0.48290974870629333
0 0.7304303485092667 0.36697947443817713 0.7295897125973677 0.3367165816098129 0.6928527061509535 0.3385307547676605 0.6936933420628526 0.36879364759602473
0 0.6884305779668475 0.2576585497041709 0.6872509290499241 0.22620124525288085 0.6506543078578065 0.22864101999902203 0.6518339567747299 0.26009832445031206
0 0.7124926908714673 0.13433560372699554 0.7085642975822162 0.10657495781628795 0.6728680514832266 0.115555145514147 0.6767964447724776 0.1433157914248546
0 0.5664050891530461 0.049722125105614405 0.5301740997290447 0.04888922879701667 0.5298043585933631 0.07748254328972806 0.5660353480173644 0.0783154395983258
0 0.7570331385979049 0.17532008237084803 0.7237749294923449 0.17367770167427715 0.7229137288477034 0.2046809248813682 0.7561719379532634 0.20632330557793907
0 0.7809499661933739 0.25394128915934205 0.7471137592968222 0.2512874690105929 0.7459136240703178 0.2784905341446925 0.7797498309668695 0.28114435429344165
0 0.8283005617977527 0.3061614158772123 0.8262123755366767 0.2822964300363427 0.7920773183896743 0.2876063278147653 0.7941655046507503 0.31147131365563485
0 0.8072187472273978 0.4521186378020288 0.8046235915180552 0.4235719249992607 0.7692146881376986 0.4292945760506315 0.7718098438470411 0.4578412888533996
0 0.8813996093361202 0.5937240801565974 0.871122909823828 0.57060150625394 0.841990146312332 0.5936199860654924 0.8522668458246242 0.6167425599681498
0 0.8547031267804395 0.6757447167512513 0.8210736378816167 0.6650222710153948 0.8159695287368413 0.6934815462468702 0.849599017635664 0.7042039919827268
0 0.8044721425155429 0.8686708911206761 0.8037574725011956 0.838178303841862 0.7660147656623625 0.8397509166268132 0.7667294356767097 0.8702435039056273
0 0.8873835784313726 0.9028022875816996 0.8834836657265646 0.8792028158295281 0.8490798751007252 0.8893101441489836 0.8529797878055332 0.912909615901155
0 0.9350192103868576 0.7114445327680624 0.9001115934939466 0.6942436780672077 0.893614711997065 0.71768340738929 0.9285223288899761 0.7348842620901447
0 0.9164037298664552 0.7693189595696037 0.8811550606345853 0.7621497387088844 0.8784433797381952 0.7858518383958489 0.9136920489700652 0.7930210592565683
0 0.959202668751165 0.866615754627982 0.9585451726066399 0.8368092627428385 0.9187331587777723 0.8383705181871076 0.9193906549222974 0.8681770100722511
0 0.9456015282085176 0.6430045729037798 0.9449744839595302 0.6145785669496839 0.9073232307183895 0.6160550866846307 0.9079502749673769 0.6444810926387264
0 0.9070447945325125 0.5080931481724092 0.8818731167299882 0.47551803572208384 0.8662190488667627 0.4970226137968178 0.891390726669287 0.5295977262471432
0 0.8643828448837968 0.3745822854082252 0.834087984956453 0.3731894182851289 0.8333959177495228 0.39994935028643297 0.8636907776768666 0.40134221740952924
0 0.927771086883029 0.3610449064683346 0.900939190331305 0.3589404439936895 0.8991622295469913 0.3992182217714673 0.9259941260987153 0.4013226842461124
0 0.8809715534443865 0.33715982705766673 0.8796728591879229 0.31118594192839377 0.8442908966684018 0.3143310052634623 0.8455895909248655 0.34030489039273526
0 0.8989969897354914 0.20667960696582882 0.8959801454138702 0.17952800807123745 0.8563964008422161 0.18734701934465062 0.8594132451638373 0.21449861823924202
0 0.8250612745098039 0.08905228758169949 0.7858455882352942 0.08905228758169949 0.7858455882352942 0.11642156862745112 0.8250612745098039 0.11642156862745112
0 0.6935915314401623 0.049022425061978805 0.6924378803245437 0.022872999774622493 0.6617446331981068 0.025280313274735188 0.6628982843137254 0.0514297385620915
0 0.9391324454310026 0.09454618325317543 0.9160377358490566 0.060953878406708635 0.9001109877913429 0.08041990381058087 0.9232056973732888 0.11401220865704766
0 0.8955577119323564 0.023598658794372833 0.8686105947955389 -0.0040394100639015 0.8547839674903416 0.019926743931773728 0.8817310846271591 0.04756481279004806
0 0.9815044479884085 0.28438389911306805 0.975402283034135 0.2563591415452937 0.9350604865266644 0.27197532083850817 0.9411626514809379 0.3000000784062825
0 0.9909878172793588 0.1670564104088295 0.9514686775533082 0.15584530694044632 0.9470117464482546 0.1837754085321152 0.9865308861743052 0.19498651200049835
0 0.6612812556215149 0.65519877675841 0.6258094981111713 0.6410100737542725 0.6198563140852673 0.6674686694249568 0.6553280715956109 0.6816573724290941