0 0.0648596546748349 0.9032212202982505 0.031261558156737826 0.8813968157223925 0.020692681961201123 0.9103221610996507 0.054290778479298196 0.9321465656755087
0 0.17306372549019608 0.914967320261438 0.1706329296424452 0.8836370626682045 0.13705882352941176 0.8882679738562089 0.13948961937716262 0.9195982314494424
0 0.11015894020888478 0.9337316324691464 0.07439939419163902 0.9298657356024171 0.07244443495830852 0.962013954106074 0.1082039809755543 0.9658798509728033
0 0.26173808181419533 0.7303216813882102 0.26092271972686837 0.7031429451439787 0.22643133731128232 0.7049824855394766 0.22724669939860928 0.732161221783708
0 0.18976254771820236 0.6557294377928163 0.1557023251778588 0.6527018624558968 0.1541731736942565 0.6832848921279426 0.18823339623460006 0.6863124674648621
0 0.15710727625785384 0.8159043684757333 0.1508535657745015 0.7883880423489833 0.11636462301489141 0.8023229687165025 0.1226183334982437 0.8298392948432527
0 0.12997549019607843 0.7363888888888889 0.11736887254901963 0.712109477124183 0.08999877450980398 0.737374183006536 0.10260539215686278 0.7616535947712418
0 0.23616301295053832 0.7951097415093359 0.21598728350756752 0.7737472044520727 0.1932073061320019 0.811995067699936 0.21338303557497273 0.8333576047571992
0 0.36121806984741606 0.7737279875881823 0.32644630496472715 0.7707686884492301 0.32503323410067364 0.8002861687205692 0.3598049989833626 0.8032454678595216
0 0.3253820645905421 0.908174740484429 0.3206459054209919 0.8797577854671278 0.28668180507497115 0.8898212226066896 0.29141796424452127 0.9182381776239908
0 0.23897058823529418 0.9354575163398693 0.20189950980392163 0.9354575163398693 0.20189950980392163 0.9599673202614379 0.23897058823529418 0.9599673202614379
0 0.3360886626777528 0.699928661468991 0.32908054238868606 0.6729344203555487 0.29498698422565856 0.6886699087384844 0.30199510451472533 0.7156641498519267
0 0.335001161559407 0.6019149822554544 0.323867299491435 0.5789050006483123 0.29277870222299057 0.6056478800190173 0.3039125642909626 0.6286578616261593
0 0.2872570258606042 0.5851169844020797 0.27775618479627556 0.5622175213239543 0.2460273515818806 0.5856203486593946 0.25552819264620924 0.60851981173752
0 0.1315870098039216 0.636233660130719 0.11596200980392164 0.6154003267973858 0.09420955882352948 0.644403594771242 0.10983455882352945 0.6652369281045752
0 0.06283253469927302 0.7185879782624661 0.0270922835426306 0.7140495336711464 0.024934594624366656 0.7442571785268416 0.06067484578100908 0.7487956231181612
0 0.04437740753613122 0.7981845126036629 0.00563146233382578 0.7961975410548268 0.004777058533901082 0.8258168727855495 0.043523003736206524 0.8278038443343857
0 0.05300245098039218 0.6352124183006536 0.038296568627451 0.5959967320261439 0.016727941176470595 0.6103758169934642 0.03143382352941177 0.6495915032679738
0 0.09426291584049352 0.48410075640743194 0.08372920797532496 0.4616288462950724 0.05175630645516634 0.48827293089520457 0.0622900143203349 0.5107448410075641
0 0.1727941176470589 0.5559640522875817 0.13694852941176475 0.5559640522875817 0.13694852941176475 0.5837418300653595 0.1727941176470589 0.5837418300653595
0 0.18878063725490202 0.4764174836601307 0.18713848039215694 0.4764174836601307 0.18713848039215694 0.47693218954248373 0.18878063725490202 0.47693218954248373
0 0.20819005808907 0.4795672809418887 0.18907220237697805 0.4632533774009036 0.17089989372593534 0.5011123537572426 0.1900177494380272 0.5174262572982278
0 0.14528186274509802 0.4099673202614379 0.1389705882352941 0.3847222222222222 0.10523897058823528 0.3997140522875817 0.11155024509803921 0.4249591503267974
0 0.22993329118977907 0.36331440570194895 0.2060417775707568 0.35193749445479555 0.19499988909590987 0.39316054476089074 0.21889140271493213 0.40453745600804425
0 0.2925147203851955 0.48432871176083847 0.29118771029121704 0.4586731832772557 0.2568681836639981 0.4618290018176896 0.25819519375797656 0.48748453030127237
0 0.3325086438046853 0.5180164007460167 0.2999091518487158 0.5116243434997482 0.2968129991200545 0.5396961282396109 0.32941249107602394 0.5460881854858795
0 0.3872687669958495 0.46922976003053307 0.3734681372549019 0.45179738562091515 0.3508940711321024 0.4835682934974477 0.36469470087305 0.5010006679070657
0 0.327073857893673 0.3576468903712688 0.32597028502122505 0.3252754194461289 0.2874886294724075 0.3276076409945421 0.2885922023448555 0.35997911191968196
0 0.2433823529411765 0.25767973856209153 0.23388480392156863 0.23235294117647057 0.20042892156862746 0.254656862745098 0.2099264705882353 0.279983660130719
0 0.17673447116072702 0.3099953485043653 0.1699271862029483 0.28503530365917656 0.1384155395734936 0.3003136777825485 0.14522282453127233 0.32527372262773724
0 0.0797376202717839 0.37336376395017745 0.045347986923606365 0.36974380254510614 0.043667260434800244 0.3981294054671651 0.07805689378297778 0.4017493668722364
0 0.15209817818880128 0.2558684556296746 0.14481788204972712 0.2306300956808841 0.11279089599757429 0.2470541910922445 0.12007119213664845 0.272292551041035
0 0.1484000597154822 0.18439517287254148 0.12631324455379683 0.1532632810255945 0.1108390686652456 0.17278025962376725 0.13292588382693094 0.20391215147071423
0 0.20476670851267334 0.13977662203092625 0.18564831420373026 0.12328232105850473 0.1673593675274988 0.16096863542164833 0.18647776183644188 0.17746293639406985
0 0.3097204231433506 0.14588413085441432 0.3043152494158285 0.1184979173016357 0.2673679899420908 0.13146186799417525 0.2727731636696129 0.15884808154695385
0 0.30575980392156865 0.22467320261437912 0.26807598039215685 0.2246732026143791 0.26807598039215685 0.25245098039215685 0.30575980392156865 0.2524509803921569
0 0.3810562637029435 0.17802747585949524 0.37784190301814613 0.15302689275551618 0.3416505827152432 0.16129919453903685 0.3448649434000405 0.18629977764301592
0 0.402913314124171 0.0844244197987266 0.38286261824508 0.07169381924057358 0.3684330941248959 0.11209648677708911 0.3884837900039869 0.12482708733524213
0 0.32598039215686275 0.04738562091503268 0.31727941176470587 0.024183006535947685 0.2866421568627451 0.044607843137254875 0.29534313725490197 0.06781045751633986
0 0.2367419861202908 0.046273959021811015 0.2249352831020048 0.020513879709187086 0.19381747080854814 0.04586913417052217 0.20562417382683407 0.07162921348314609
0 0.0908700980392157 0.14714052287581703 0.08088235294117647 0.12050653594771242 0.048406862745098034 0.14215686274509803 0.05839460784313726 0.16879084967320265
0 0.0502450980392157 0.26429738562091504 0.015318627450980418 0.26429738562091504 0.015318627450980418 0.2916666666666667 0.05024509803921571 0.2916666666666667
0 0.4424019607843137 0.1401143790849674 0.41390931372549017 0.14011437908496738 0.41390931372549017 0.17810457516339873 0.4424019607843137 0.17810457516339875
0 0.4009462391513983 0.28489633558341376 0.3953772902603665 0.2533389585342333 0.35997770009643204 0.264444712311154 0.3655466489874639 0.29600208936033434
0 0.3532232818870124 0.3920719277810135 0.3200379780625122 0.3876472206044135 0.3179055037856727 0.41608021096227277 0.3510908076101729 0.4205049181388728
0 0.4467640959098571 0.4159306331884187 0.4390950780764795 0.38951512731789556 0.40518753881643155 0.40701579274243643 0.4128565566498092 0.4334312986129596
0 0.5110522627559312 0.2505788917777056 0.5098733208753115 0.22071236413534112 0.47261520284909553 0.22332696890911066 0.4737941447297152 0.25319349655147516
0 0.4818384051080016 0.3182274449425652 0.4691872707512566 0.2943308578242691 0.44015051170583697 0.3216595722199581 0.45280164606258194 0.34555615933825423
0 0.47176697998787137 0.509949632774072 0.43257656155245605 0.5075744558991984 0.43166691934505763 0.5342572939828854 0.470857337780473 0.536632470857759
0 0.4235864604462474 0.5641199008338967 0.4167194895199459 0.541229997746225 0.38344109195402304 0.5589784764480507 0.39030806288032455 0.5818683795357223
0 0.38816328077622797 0.690756182197965 0.3855906989084293 0.6553117209082946 0.35681410450778245 0.6590248298632168 0.35938668637558113 0.6944692911528872
0 0.445841748716654 0.8097404555527503 0.43402865438020705 0.784145417823782 0.40560175250357655 0.8074700552610173 0.41741484684002356 0.8330650929899857
0 0.4665244635590084 0.9171059933407324 0.4608479004809469 0.8906153656431124 0.42778856825749156 0.9032093969663336 0.433465131335553 0.9297000246639535
0 0.5044349294595887 0.8225978399489878 0.49780233739837404 0.7985941734417347 0.46585739478718313 0.814286425952495 0.4724899868483978 0.8382900924597483
0 0.5053261689291101 0.74267848164907 0.49269419306184004 0.7174145299145298 0.46328242835595773 0.743558320764203 0.4759144042232278 0.7688222724987432
0 0.48396493212669683 0.6756913021618906 0.4790723981900452 0.6517722473604827 0.4452417986425338 0.6640742835595776 0.45013433257918545 0.6879933383609855
0 0.513032616892911 0.5605832076420311 0.48136760567266307 0.5471495665182895 0.47532005297428537 0.5724916921114913 0.5069850641945334 0.5859253332352328
0 0.5667440328654735 0.7561488665366521 0.5584661197894151 0.7351255952323767 0.5282281549317425 0.7562921706327476 0.5365060680078009 0.777315441937023
0 0.5935963940370668 0.2478500761035008 0.5915147394574267 0.22148245142805983 0.5592356634434595 0.22601284806159908 0.5613173180230997 0.25238047273704
0 0.5623409131493744 0.30432006334931705 0.5267128686350623 0.28877328028852634 0.520770027927564 0.3129848535412971 0.5563980724418761 0.3285316366020879
0 0.5598497999061567 0.3811056444360226 0.5521500218817393 0.356580425543434 0.5198242636907502 0.37462270918491647 0.5275240417151674 0.39914792807750504
0 0.5806704189407721 0.4695745738157807 0.578489172730948 0.43952184825820373 0.5386777971497877 0.4446587999460953 0.5408590433596119 0.4747115255036723
0 0.6418614791684248 0.32942887819881655 0.6336852441837567 0.3056434673343274 0.6002647023658818 0.32606713177858426 0.6084409373505499 0.34985254264307347
0 0.5686914970756028 0.1234094595458396 0.5563010121530274 0.10105799654825265 0.5272877564840117 0.12965077025105082 0.539678241406587 0.15200223324863776
0 0.5507136606141857 0.06862500098000016 0.5468708349993336 0.043518540296299806 0.5135509521681524 0.05258517508029472 0.5173937777830044 0.07769163576399507
0 0.4478006501607139 0.005546627006426135 0.4132668328126053 0.001935247414467069 0.4116976246937445 0.028611785435101376 0.4462314420418531 0.03222316502706044
0 0.6632051015777045 0.06348782811149842 0.6268586681436011 0.05670316053713244 0.624189897614597 0.08212002271812356 0.6605363310487005 0.08890469029248955
0 0.6460815951775863 0.14798342940969855 0.6429460383995538 0.12230172627533624 0.609511237318953 0.12955889240135812 0.6126467940969856 0.15524059553572045
0 0.5574068627450982 0.6521372549019608 0.5271029411764706 0.6447908496732028 0.5234166666666666 0.6718235294117648 0.5537205882352942 0.679169934640523
0 0.5908116693702155 0.5980510733562897 0.5851448888699167 0.574439487938378 0.5527956828595008 0.5882418158361554 0.5584624633597995 0.6118534012540672
0 0.6590614186851212 0.6234861591695503 0.6483834342560554 0.5997573048827374 0.6188274942329873 0.6234020569011918 0.6295054786620531 0.6471309111880046
0 0.6675999581327193 0.4879297211173912 0.6576815557183726 0.4626828786081454 0.6270922737422371 0.48404682157560525 0.6370106761565836 0.509293664084851
0 0.6662729951531174 0.7251437541308658 0.6646322152456489 0.699438202247191 0.6305393533818022 0.7033068957920247 0.6321801332892708 0.7290124476756995
0 0.5756938159879336 0.8986261940673705 0.5675641025641026 0.8735595776772248 0.5355937028657618 0.8919929612870791 0.5437234162895928 0.9170595776772248
0 0.5278120981999357 0.9450839762134362 0.5259889304082288 0.9183441819350692 0.4911829998392799 0.9225630826100931 0.49300616763098676 0.9493028768884603
0 0.6477195945945946 0.8763645998940117 0.6342590752517223 0.8516869810987459 0.6048754636989931 0.8801801801801802 0.6183359830418654 0.904857798975446
0 0.6811042089249493 0.9272425061978814 0.6581336629479378 0.9254408947487042 0.6565204530087898 0.9620069867027271 0.6794909989858012 0.9638085981519044
0 0.7248815578510224 0.7698553505405739 0.7177462808179571 0.7453915435700644 0.6861069494822056 0.7617971227811948 0.6932422265152709 0.7862609297517043
0 0.7263794237207079 0.8558504702694085 0.7096036585365854 0.8379563207396779 0.6883817551410809 0.8733261597321856 0.7051575203252034 0.8912203092619163
0 0.7486639256294234 0.6426741307963029 0.7155756903353055 0.6242917778551262 0.7080976621417796 0.6482214680744093 0.7411858974358974 0.6666038210155859
0 0.7463068937982433 0.563950995179369 0.7233081581048708 0.552999216277763 0.7127653380356667 0.5923590778694585 0.7357640737290391 0.6033108567710646
0 0.7092524509803921 0.34926470588235303 0.6746323529411765 0.34926470588235303 0.6746323529411765 0.38031045751633996 0.7092524509803921 0.38031045751633996
0 0.7389885819245473 0.30652097696295955 0.7322299123251493 0.27866706588665224 0.6963058716047109 0.29416371090331195 0.7030645412041089 0.3220176219796193
0 0.7244215307857111 0.2050018047599087 0.7231956767267478 0.15760211447999628 0.6984933893391085 0.1587378518311521 0.6997192433980719 0.20613754211106455
0 0.7420503393665159 0.08620035193564607 0.7325103695324283 0.059604072398190044 0.7008116515837104 0.07981774761186528 0.7103516214177978 0.1064140271493213
0 0.7769163196251953 0.034549424489559985 0.7486910029498525 0.01915379721210026 0.7398772340794725 0.047880155011857314 0.7681025507548151 0.06327578228931703
0 0.7855170300878971 0.15717686499887315 0.7836259719405001 0.11431288032454365 0.7592366041244083 0.11622577191796261 0.7611276622718053 0.1590897565922921
0 0.7499433002839145 0.4319091399757492 0.717890493301393 0.41302531570697676 0.7088586028302725 0.44027944133913005 0.740911409812794 0.45916326560790244
0 0.7966087728194725 0.48593644354293447 0.7811031524678836 0.46844292314627 0.759499661933739 0.5024847870182556 0.7750052822853278 0.5199783074149201
0 0.7991681690974652 0.7013892626278936 0.7820485868180759 0.6811718511741385 0.7579918947222072 0.71738622637222 0.7751114770015967 0.7376036378259753
0 0.7762914781297137 0.936551030668678 0.7658653846153848 0.9122234791352438 0.7344221342383108 0.9361802413273003 0.7448482277526397 0.9605077928607344
0 0.8119503316032295 0.8918805267204922 0.8016057525951555 0.8702061707035756 0.7739114763552478 0.8937043444828913 0.7842560553633217 0.9153787004998079
0 0.8239925147436865 0.6201673471445133 0.813383676092545 0.5961206462019255 0.7835261353898886 0.6195383251844011 0.7941349740410303 0.6435850261269889
0 0.8475997295469914 0.37041920216362423 0.8126787276776838 0.36281735141656407 0.8095108479497276 0.38868836919487215 0.8444318498190352 0.3962902199419323
0 0.8546429488826097 0.27015547849416344 0.8192027356794246 0.26385499614693053 0.8160828195907185 0.29505415703399274 0.8515230327939036 0.3013546393812257
0 0.8660689634514807 0.17223758968695535 0.8426531146464963 0.1614716821904108 0.8311958882915548 0.20577295742951812 0.854611737096539 0.21653886492606267
0 0.8583915757024458 0.024958223839364066 0.8258385132403475 0.015011454753722887 0.820754876692945 0.044588976484064534 0.8533079391550433 0.05453574556970571
0 0.8933459194488604 0.08663663663663668 0.8802033651298355 0.06254195371842425 0.8526778616852145 0.08923335099805695 0.8658204160042393 0.11332803391626936
0 0.9424019607843137 0.1266339869281047 0.9028799019607843 0.1266339869281047 0.9028799019607843 0.15686274509803935 0.9424019607843137 0.15686274509803935
0 0.9365808823529411 0.21609477124183024 0.9019607843137255 0.21609477124183024 0.9019607843137255 0.24060457516339886 0.9365808823529411 0.24060457516339886
0 0.9024922110164009 0.351441987603267 0.8942241082229162 0.32738932493131173 0.8645802564210763 0.3455050121435472 0.872848359214561 0.36955767481550245
0 0.8921568627450981 0.4526143790849675 0.8514093137254902 0.4526143790849675 0.8514093137254902 0.48120915032679756 0.8921568627450981 0.48120915032679756
0 0.8914300202839757 0.5995379761099842 0.8902182640297498 0.5720715010141988 0.8543166835699796 0.5748873112463375 0.8555284398242055 0.6023537863421231
0 0.9033379801734821 0.7290047865490684 0.8830722902543918 0.7159037344801615 0.8683336066768715 0.7564351143183423 0.8885992965959619 0.7695361663872492
0 0.8561473554389909 0.8312986553432413 0.8554140127388535 0.8039205278714457 0.8206522417884351 0.8055758502976561 0.8213855844885725 0.8329539777694518
0 0.8939887342177227 0.8925956633889954 0.8831966020829698 0.8670143131436551 0.8520538779309944 0.8903713562576365 0.8628460100657475 0.9159527065029769
0 0.9513047866205305 0.046256247597078144 0.9217037918108418 0.02257545174932727 0.9103770184544405 0.04774605920799706 0.9399780132641291 0.07142685505574793
0 0.9653429870927269 0.33001808619976253 0.9627318337137442 0.30355839862607176 0.9256893278073652 0.31005708387280484 0.9283004811863479 0.3365167714464956
0 0.9683261009321762 0.485286081645773 0.9600851816136291 0.4601708989606771 0.9277161684345867 0.47905282331511845 0.9359570877531339 0.5041680060002144
0 0.9963188159879336 0.5832830568124686 0.9936463046757164 0.5547762694821518 0.9582390648567118 0.5606774761186525 0.9609115761689291 0.5891842634489692
0 0.9658400205392753 0.6401303010038769 0.9551039203744836 0.6145681577543726 0.9239535567576604 0.6378270959216005 0.9346896569224522 0.6633892391711049
0 0.9605083576665253 0.9506039472100556 0.9521192934739947 0.9267417201735245 0.9209335605739494 0.946232803236053 0.92932262476648 0.9700950302725838
0 0.9660570210574502 0.8563569721014216 0.9648589494163423 0.8307981104244551 0.9312891012436101 0.8335955977721826 0.9324871728847178 0.8591544594491493
0 0.9742647058823529 0.7667483660130721 0.9436274509803921 0.7667483660130721 0.9436274509803921 0.7937091503267976 0.9742647058823529 0.7937091503267976