0 0.1224264705882353 0.05996732026143794 0.08713235294117647 0.036437908496732035 0.0770220588235294 0.06339869281045754 0.11231617647058824 0.08692810457516344
0 0.08619388206489313 0.3961925361260279 0.0777225042692838 0.37186447681556006 0.042310595539369986 0.3937861346007448 0.05078197333497931 0.41811419391121263
0 0.15910734189134654 0.31924359910576455 0.12494395013804283 0.31427437848710216 0.12325945160815063 0.33486269385245115 0.15742284336145435 0.33983191447111355
0 0.040441176470588286 0.5175653594771242 0.0052083333333333825 0.5175653594771242 0.005208333333333383 0.5469771241830066 0.040441176470588286 0.5469771241830066
0 0.14618787368070932 0.5779926230594291 0.14423023294961343 0.5460178244515292 0.10376484582248288 0.5504222203293122 0.1057224865535788 0.5823970189372122
0 0.18668550835326786 0.44011770149836843 0.15013470785178357 0.43578575477226666 0.14841505869863872 0.4615804920694393 0.18496585920012304 0.4659124387955412
0 0.20508000369959303 0.5387116167221606 0.20430135497595264 0.5148330558638551 0.16908180725120237 0.5168747687754348 0.16986045597484276 0.5407533296337403
0 0.28422833623039545 0.36221808512973136 0.26214729091771033 0.34437481619018784 0.2419090075586985 0.38889903958001387 0.2639900528713836 0.40674230851955734
0 0.3476660188104817 0.42714789242869067 0.3270801620093509 0.41407750715813135 0.3125260501612845 0.4548290203327173 0.33311190696241527 0.46789940560327653
0 0.3224777864470167 0.5260156726670968 0.3108236956636247 0.5003766729436345 0.2839149679347898 0.522121099391178 0.29556905871818173 0.5477600991146403
0 0.23930219146482132 0.6389177239523262 0.2096561418685121 0.6050365244136872 0.19624783737024226 0.6258938869665515 0.22589388696655144 0.6597750865051905
0 0.3094456817996909 0.5972896835082581 0.27336020767228053 0.5943439305182654 0.272040644577333 0.6230810823637893 0.3081261187047433 0.626026835353782
0 0.40255913607053556 0.5551196429354739 0.3890725753388604 0.5294309558275212 0.35880543492564815 0.5576802868798526 0.3722919956573233 0.5833689739878054
0 0.36536347786537293 0.3161680479752038 0.3296821305841924 0.297869921164342 0.32139112088134214 0.32661208813422277 0.3570724681625227 0.34491021494508456
0 0.43085259342481874 0.3268336097513131 0.418113179787604 0.2983411577454994 0.38932803680817485 0.32122165601119945 0.4020674504453896 0.3497141080170131
0 0.42211246598283436 0.39784325355290406 0.38098069743911805 0.39680849208010616 0.38060105714883824 0.4236364059265463 0.42173282569255455 0.42467116739934413
0 0.46925498647734953 0.5360378634212306 0.43327628465179174 0.5320402298850575 0.431573275862069 0.5592883705206221 0.4675519776876268 0.5632860040567951
0 0.5 0.48366013071895425 0.4936274509803921 0.45816993464052286 0.46412377450980385 0.4712826797385621 0.47049632352941173 0.49677287581699353
0 0.44000504613610153 0.632641291810842 0.4352292387543253 0.6071703191080353 0.40459198385236445 0.6173827374086889 0.40936779123414074 0.6428537101114956
0 0.39995739789998846 0.7005581177244073 0.39848191495533125 0.6736715396217658 0.3610433707506671 0.6773240805197819 0.36251885369532433 0.7042106586224233
0 0.48540224913494806 0.702782583621684 0.480896770472895 0.6787533640907343 0.44557381776239907 0.6905276816608996 0.4500792964244521 0.7145569011918493
0 0.531598630831643 0.5505127338291638 0.49721095334685605 0.5321726391706109 0.48916075050709945 0.5590066486364661 0.5235484279918864 0.5773467432950192
0 0.5379082394922705 0.3851091108147709 0.5348042302563343 0.35909455721835326 0.49634606361436256 0.3672523501424079 0.4994500728502988 0.3932669037388255
0 0.5712402885682574 0.4680755950178813 0.5660261746207916 0.4437430632630411 0.5323194136145023 0.45658373412257985 0.537533527561968 0.48091626587742015
0 0.6184742647058824 0.36196895424836595 0.6169694348327567 0.3358852364475202 0.5793432814302192 0.3397443291041907 0.5808481113033449 0.3658280469050365
0 0.513175157330837 0.2851879301676463 0.4793350496697353 0.27889209618418553 0.4764845659749311 0.3061300514900922 0.5103246736360327 0.31242588547355293
0 0.7008272058823529 0.38174019607843135 0.6852022058823529 0.36090686274509814 0.6596200980392157 0.39501633986928114 0.6752450980392157 0.4158496732026144
0 0.5964578516996317 0.5311634843165796 0.5939747623940406 0.5063325912606673 0.5632505458515283 0.5117946742015583 0.5657336351571195 0.5366255672574707
0 0.6696611988584642 0.4838410583806924 0.662205620956036 0.4593204910571508 0.6272382109995817 0.47822179373631524 0.6346937889020099 0.5027423610598569
0 0.613771893041036 0.617196845581734 0.6103566924117126 0.5926074010506059 0.5757764146772768 0.6011457412319481 0.5791916153066001 0.6257351857630763
0 0.7275903161361349 0.5982234939797151 0.7258508437256799 0.5734843308087997 0.6877076096653568 0.57825223506634 0.6894470820758118 0.6029913982372554
0 0.7363026055910058 0.30250355991682604 0.7255245477862978 0.27645658688878155 0.6956466611257083 0.2984357219034681 0.7064247189304164 0.32448269493151255
0 0.7526946366782008 0.43183775470972696 0.7454224336793541 0.40880911188004615 0.7141255767012687 0.4263792772010766 0.7213977797001154 0.44940792003075736
0 0.7975982532751091 0.35114165025544436 0.7896012608100008 0.3201230128150242 0.7527916024488397 0.3369941062305564 0.7607885949139481 0.3680127436709765
0 0.7977183851068518 0.5071877065432916 0.7690501762502755 0.48329753249614477 0.7573976922229567 0.5081561650877581 0.7860659010795329 0.532046339134905
0 0.6595594456056535 0.6880018081682757 0.6579918134766597 0.6587393417603927 0.6252239474469992 0.6618600909060747 0.6267915795759929 0.6911225573139578
0 0.8012124316939891 0.6885902175077682 0.7968810270009644 0.6640455909139612 0.7584247428479588 0.6761103075109824 0.7627561475409838 0.7006549341047895
0 0.8419117647058824 0.5784313725490198 0.8178615196078431 0.5463643790849675 0.8028492647058824 0.5663807189542486 0.8268995098039216 0.598447712418301
0 0.8769127583465819 0.4283253842077373 0.8403467806041335 0.4201996113760821 0.8369601218865925 0.4472928811164107 0.8735260996290409 0.45541865394806597
0 0.8825177757616678 0.3071819234628332 0.855342486707739 0.2795752806143977 0.8425987952569838 0.30187674065321957 0.8697740843109125 0.329483383501655
0 0.931549255679609 0.3144508322686961 0.8948782841748597 0.3132866744431485 0.8943788882408487 0.3412528467477644 0.931049859745598 0.34241700457331203
0 0.9376494500239122 0.46829666826080046 0.9033148015303682 0.45848676869121646 0.8991451458632234 0.48443129284234043 0.9334797943567673 0.4942411924119243
0 0.908243932819029 0.5953471552555447 0.8965681252008997 0.5555629218900675 0.8757056613629058 0.5664476856316295 0.8873814689810351 0.6062319189971068
0 0.8928801464211011 0.6542122992591083 0.8566567075659407 0.6425037129624908 0.8519460635511794 0.6684122550436771 0.8881695024063399 0.6801208413402946
0 0.7083669417687584 0.9382643889564304 0.706691390785249 0.9103385392312726 0.6716217190373764 0.9140793042177122 0.6732972700208859 0.94200515394287
0 0.6441772237862399 0.9561066660081329 0.6382365288684743 0.9310237319109004 0.6067997728058477 0.9442602607793747 0.6127404677236133 0.9693431948766073
0 0.5552413273001507 0.9042232277526396 0.5355863499245852 0.8867521367521366 0.518288084464555 0.9213486676721971 0.5379430618401206 0.9388197586727
0 0.633573806881243 0.8477339992600815 0.6294499167591564 0.8184085583919101 0.593286394746578 0.8274494388950547 0.5974102848686645 0.8567748797632262
0 0.7663345161833374 0.8607341791966072 0.7363772892799235 0.8590344783793924 0.7355599266367189 0.8846451745331362 0.7655171535401326 0.8863448753503511
0 0.7834875241080038 0.822032706525233 0.7816970025715204 0.7957717239901425 0.7464214681774348 0.8000475463409408 0.7482119897139183 0.8263085288760312
0 0.684246323529412 0.7427859477124186 0.6503186274509807 0.7363235294117649 0.647542892156863 0.762230392156863 0.6814705882352943 0.7686928104575165
0 0.5909578913532625 0.7435816457730633 0.5897364191578269 0.711823368691739 0.5529741240758598 0.7143370298939248 0.5541955962712953 0.746095306975249
0 0.7302838125616934 0.7920553605738959 0.7289391245932805 0.7681497966909988 0.6949544306535543 0.7715482660849714 0.6962991186219671 0.7954538299678685
0 0.5000502913429523 0.8200063201381182 0.4825431233814282 0.8040348686644471 0.4640867785793564 0.8400010790479716 0.4815939465408805 0.8559725305216427
0 0.4994134492483815 0.7177561585175718 0.4624730531088204 0.7166854223975846 0.4620307883427345 0.7438109947175218 0.4989711844822956 0.7448817308375091
0 0.8311235940338131 0.8847364856473072 0.8301044140934284 0.8453281946190987 0.8006431640352103 0.8466827348516605 0.8016623439755949 0.886091025879869
0 0.8817356403527954 0.7729654129309717 0.8790073301625483 0.7450760198751126 0.8419670028792186 0.7515178159243873 0.8446953130694657 0.7794072089802464
0 0.9184044519447124 0.8739352298296368 0.9118922001335212 0.844630096679277 0.8755702470143164 0.8589795102572343 0.8820824988255075 0.8882846434075944
0 0.4175012677484787 0.7942444219066936 0.4092186443542935 0.7666356772594096 0.37483096686950645 0.7849757719179628 0.38311359026369174 0.8125845165652467
0 0.21688736335242076 0.6984498814274973 0.1798259145739469 0.6810630289141392 0.17386983401844117 0.7036334394402661 0.21093128279691503 0.7210202919536243
0 0.11109014588196875 0.6693300013129537 0.07418133532197796 0.664955623765103 0.07231157712962703 0.6930019966503668 0.10922038768961782 0.6973763741982176
0 0.3192974238734429 0.8430158534581896 0.31847600116931946 0.8183731723344834 0.28485504909208637 0.8203655250501712 0.2856764717962099 0.8450082061738776
0 0.29656862745098045 0.8937908496732027 0.2576593137254903 0.8937908496732027 0.2576593137254903 0.920751633986928 0.29656862745098045 0.920751633986928
0 0.2862640868202952 0.7277158715719966 0.2494741130988478 0.7088492183815108 0.24257283454618966 0.7327736506973924 0.2793628082676371 0.7516403038878782
0 0.4538206163612986 0.9231925693774777 0.45213054484088716 0.8984048537447766 0.4170760004821601 0.9026538894246223 0.41876607200257154 0.9274416050573233
0 0.045482110369921176 0.6732110369921165 0.037396401859713 0.648953911461492 0.007179224782696629 0.6668603867663906 0.015264933292904808 0.6911175122970151
0 0.2412536746604107 0.25704581438680846 0.20659058490456747 0.25526822004035493 0.20571581660729288 0.28559352101254093 0.2403789063631361 0.28737111535899446
0 0.20416259019200195 0.19935150082208908 0.18870383392442214 0.17736571413042004 0.16534563409563405 0.20656346391640512 0.18080439036321386 0.22854925060807416
0 0.1347025016903313 0.1723968897903989 0.1329783637592968 0.1448106828938472 0.10161426639621364 0.14829558260085643 0.10333840432724813 0.17588178949740815
0 0.0811887254901961 0.18913398692810457 0.04197303921568629 0.18913398692810457 0.04197303921568629 0.2173202614379085 0.08118872549019611 0.2173202614379085
0 0.039864971217844936 0.34520597229717576 0.03359136085626911 0.31732325957906093 0.0003401016369850661 0.33062376326677456 0.006613711998560887 0.3585064759848894
0 0.21628626265818618 0.09573884960297085 0.18215298627846035 0.06815640404359642 0.16918616422391658 0.09668341256359272 0.2033194406036424 0.12426585812296716
0 0.2953198406335275 0.18147745707560892 0.26200479295017864 0.16111826126911793 0.2535191085042338 0.1858038887482301 0.2868341561875827 0.20616308455472107
0 0.3323906485671192 0.13822900955253895 0.3128770739064857 0.09920186023127203 0.29498963046757165 0.11510180995475118 0.3145032051282051 0.1541289592760181
0 0.3968125104149307 0.1369961487900166 0.3667966797200466 0.10546436704993625 0.3527653377214908 0.12920971504749218 0.382781168416375 0.16074149678757252
0 0.3161764705882353 0.03267973856209155 0.2824754901960784 0.03267973856209155 0.2824754901960784 0.06045751633986933 0.3161764705882353 0.06045751633986933
0 0.4226209913521305 0.049755902871613175 0.4175834384289704 0.023635258084857193 0.38085743964507707 0.03622702909647778 0.3858949925682371 0.062347673883233756
0 0.47347310545839955 0.0886018371312489 0.46374039480657125 0.06408982511923687 0.43198363804981454 0.08650635930047694 0.44171634870164284 0.11101837131248896
0 0.37160498748538345 0.23624580027509606 0.3353408360633559 0.2340968135241611 0.3344342511524078 0.2612943608526046 0.3706984025744353 0.2634433476035396
0 0.47061060732609467 0.21407383101989946 0.4457776518315237 0.1901606146177199 0.43399069820626013 0.21192114438743714 0.45882365370083117 0.2358343607896167
0 0.2352596036047743 0.8077068341799749 0.19925091960103714 0.7972315806516149 0.1945535294427018 0.8259378538414419 0.23056221344643896 0.8364131073698019
0 0.17056499323867477 0.7972588460671625 0.1613262762001352 0.7685161708361505 0.12775207065584854 0.7877014311471715 0.1369907876943881 0.8164441063781834
0 0.08946078431372556 0.8071895424836601 0.052083333333333405 0.8071895424836601 0.052083333333333405 0.8394607843137255 0.08946078431372556 0.8394607843137255
0 0.18644971264367818 0.9291510029299078 0.18208257268424613 0.9005219743069641 0.14465906017579444 0.9106707234617984 0.1490262001352265 0.939299752084742
0 0.06069060312848339 0.9546481065243744 0.049142956343767585 0.9292885684873514 0.018562807229135787 0.9540439272944343 0.0301104540138516 0.9794034653314573
0 0.37757587504444357 0.9819128401304558 0.3660452386125706 0.9565454399803353 0.332801450835539 0.9834091068708658 0.34433208726741205 1.0087765070209862
0 0.9822057810129369 0.947871908164723 0.9733783427724308 0.9236781885425955 0.9450020557543749 0.9420844287705238 0.9538294939948808 0.9662781483926514
0 0.9859068627450981 0.8717320261437911 0.954779411764706 0.850980392156863 0.9463235294117649 0.8735294117647061 0.9774509803921569 0.8942810457516343
0 0.9522058823529411 0.7299836601307191 0.9175857843137255 0.7299836601307191 0.9175857843137255 0.7598039215686276 0.9522058823529411 0.7598039215686276
0 1.0033088235294119 0.6684640522875818 0.9968443627450981 0.6426062091503267 0.9599877450980392 0.6589869281045752 0.9664522058823529 0.6848447712418302
0 0.9824019144617105 0.5697016206734691 0.9656891053355401 0.54805455361481 0.9402927382628816 0.5829123123419885 0.9570055473890521 0.6045593794006475
0 0.9980337597367713 0.32201013967230746 0.9888635676873488 0.29511090966066816 0.956778387724953 0.31455647327424135 0.9659485797743755 0.3414557032858807
0 0.636759735095286 0.24268848204908597 0.6023107468416384 0.23533936455497445 0.5994544561194214 0.25914178724011716 0.6339034443730689 0.2664909047342287
0 0.7045354698483167 0.21482303613269205 0.6930464992600814 0.18724950672092736 0.6610247872734 0.21096929337772846 0.6725137578616353 0.23854282278949318
0 0.627198589470794 0.13867343903722523 0.5938157789370123 0.13253407158273664 0.591074513235866 0.1590329733604839 0.6244573237696478 0.1651723408149725
0 0.7631121652130884 0.15155873074781978 0.7265914942475413 0.14571542339333224 0.7240269530525144 0.17421032556029786 0.7605476240180615 0.18005363291478543
0 0.8590686274509803 0.20465686274509817 0.8223039215686274 0.20465686274509817 0.8223039215686274 0.23161764705882362 0.8590686274509803 0.23161764705882368
0 0.9125794203387025 0.16516744916704126 0.8813410617564276 0.14603043670222424 0.8725987266136854 0.17140035044979005 0.9038370851959602 0.19053736291460707
0 0.8556900238849081 0.08217565590920045 0.8185378825751265 0.08099622285174707 0.818056018441371 0.10798061434205422 0.8552081597511525 0.10916004739950762
0 0.5971099800554304 0.06367368611909766 0.559291384981998 0.046218949931359714 0.5515365574895744 0.0760893965688434 0.5893551525630067 0.09354413275658136
0 0.49777505796663135 0.024572811129593294 0.4862762425021422 -0.0014911705899153997 0.4534329477292201 0.024268276290807748 0.46493176319370927 0.05033225801031644
0 0.7346813725490197 0.021241830065359596 0.6954656862745098 0.021241830065359592 0.6954656862745098 0.052287581699346525 0.7346813725490197 0.052287581699346525
0 0.7613376052501238 0.07951604366362705 0.7375488921422954 0.0629673736755724 0.7234712328467793 0.09894361409744697 0.7472599459546078 0.1154922840855016
0 0.9767156862745098 0.21650326797385638 0.9417892156862745 0.21650326797385638 0.9417892156862745 0.24468954248366032 0.9767156862745098 0.24468954248366032
0 0.9400060356921471 0.10353862842974128 0.9353849588920428 0.07396373690907317 0.9001373323871977 0.0837547442715301 0.9047584091873021 0.11332963579219821
0 0.49738970588235293 0.16681372549019619 0.4685661764705882 0.13799019607843144 0.45636029411764706 0.15968954248366024 0.48518382352941175 0.188513071895425
0 0.5651823108703461 0.23473671853826716 0.528099414790024 0.21748885989625685 0.5210553574129747 0.24441281253742267 0.5581382534932969 0.261660671179433