0 0.28134871727372807 0.009134505443077735 0.24862992389795627 0.00664164499539988 0.24748919095709887 0.03325874694873885 0.28020798433287064 0.0357516073964167
0 0.17761126942126326 0.057386016690413204 0.1675444399212972 0.03221894294049802 0.13957336827464548 0.05210948277811703 0.14964019777461154 0.07727655652803221
0 0.11186406537753225 0.1934796248149352 0.07489539324016901 0.19088533203336586 0.07382308931860039 0.2180503647131044 0.11079176145596364 0.2206446574946738
0 0.19558823529411767 0.1473856209150327 0.18541666666666667 0.12026143790849672 0.15269607843137256 0.1420751633986928 0.16286764705882356 0.1691993464052288
0 0.11796698768002775 0.32420903464630696 0.09098451327433627 0.29272948117300024 0.07659855977789344 0.3146509341199607 0.10358103418358493 0.3461304875932674
0 0.18877854256718662 0.2651671051807305 0.15362146056505666 0.25159770510973295 0.148468333020109 0.2753333228925223 0.18362541502223897 0.2889027229635199
0 0.24111519607843138 0.22058823529411764 0.21354166666666666 0.22058823529411764 0.21354166666666666 0.25449346405228757 0.24111519607843138 0.25449346405228757
0 0.294450924845859 0.14228415634431307 0.2849663944898072 0.11541132033549967 0.25359835860689883 0.13509322520320688 0.2630828889629506 0.16196606121202028
0 0.2884348880302792 0.22983931731763316 0.26674190453661367 0.22714871471376763 0.26342946696104724 0.27462698663021967 0.2851224504547128 0.2773175892340852
0 0.06852834710594036 0.38922414313846315 0.05849337193287668 0.36112621265388484 0.02900005889601685 0.3798521256931609 0.03903503406908052 0.4079500561777392
0 0.20197047360146725 0.41647015153500155 0.19570382440281234 0.39259720220679223 0.16337435586706842 0.4076842875234727 0.16964100506572338 0.431557236851682
0 0.13081605593056894 0.4684720882888675 0.12084538733526198 0.43808528876031294 0.08548698167791709 0.4587110253937642 0.09545765027322406 0.48909782492231874
0 0.05507006745505827 0.5220460801304924 0.05437555221395317 0.4998215924151291 0.020427137492778743 0.5017076154551943 0.021121652733883844 0.5239321031705576
0 0.07150193640992314 0.5861666305564583 0.0513023372332359 0.5755858881305747 0.03888324666883333 0.6177355288340014 0.05908284584552057 0.6283162712598852
0 0.15992647058823536 0.5208333333333334 0.1237745098039216 0.5208333333333334 0.1237745098039216 0.5469771241830066 0.15992647058823536 0.5469771241830066
0 0.25052640184732855 0.503080827293477 0.2176604899958623 0.49731487784585143 0.21447162935970857 0.5296286656255423 0.24733754121117482 0.5353946150731679
0 0.25275707095999933 0.387891239483982 0.22142557839979066 0.37040389479921443 0.21404302919971485 0.39391868114019657 0.2453745217599235 0.41140602582496416
0 0.3161717571644042 0.3876131221719457 0.313560520361991 0.3597599296128708 0.2775122549019608 0.3657679738562091 0.28012349170437406 0.39362116641528405
0 0.3179073636753972 0.4423870521444587 0.28183406789078885 0.43737687217437426 0.27976417864268943 0.4638714545500467 0.31583747442729776 0.46888163452013126
0 0.32241854691715616 0.5250297772123116 0.2920691947971089 0.5080906039360061 0.2836816646815192 0.5348064406004771 0.3140310168015665 0.5517456138767826
0 0.2661987800107574 0.6117416833732662 0.23076347122390106 0.6093793294541424 0.22962660750085573 0.6396956954020178 0.26506191628771214 0.6420580493211415
0 0.15652152663133198 0.6356384134155878 0.15560964969444205 0.6040266796034022 0.11926399991311148 0.605890559079368 0.12017587685000145 0.6375022928915535
0 0.1548791936499371 0.6881749565269533 0.1134733652635367 0.6865019937638664 0.11270462313365721 0.7203266474785633 0.15411045152005762 0.7219996102416503
0 0.07230392156862753 0.7438725490196079 0.036458333333333405 0.7438725490196079 0.036458333333333405 0.7741013071895425 0.07230392156862753 0.7741013071895425
0 0.1521407050081179 0.8159490654011073 0.15133047645809916 0.7857005328670746 0.11828439178219059 0.7872741559468799 0.11909462033220933 0.8175226884809125
0 0.2674271914648213 0.7791955017301038 0.23059039792387545 0.7669165705497886 0.22532799884659746 0.7949826989619377 0.2621647923875433 0.807261630142253
0 0.2393975106355756 0.6840570322745738 0.2050889829830791 0.6702473104521853 0.1990642892556697 0.6968563744149101 0.23337281690816622 0.7106660962372986
0 0.3080437234967924 0.6635436676210843 0.2984561315283969 0.6366984101095768 0.269997462940814 0.6547674060382009 0.2795850549092095 0.6816126635497083
0 0.31260045001607206 0.723608432444016 0.29876346030215367 0.7014692489017464 0.27495680649308907 0.7279210864673737 0.28879379620700746 0.7500602700096433
0 0.3636968746889619 0.7824723798148702 0.36224121628346767 0.7553000895789788 0.3237253657808301 0.7589682658173251 0.3251810241863242 0.7861405560532165
0 0.34669186277325403 0.8645964728031745 0.34634835949026366 0.8375742145412636 0.31052863958621935 0.8383836997368351 0.3108721428692097 0.8654059579987461
0 0.10365384615384622 0.8930266465560585 0.08045814479638017 0.8913084464555053 0.07864724736048273 0.9347699849170438 0.10184294871794879 0.9364881850175968
0 0.0801482721801592 0.8709312107681356 0.07788232867404388 0.8407186306865981 0.04142096194913609 0.8455801462499192 0.043686905455251404 0.8757927263314568
0 0.179342006709427 0.9200796949578492 0.176495862871691 0.8919977424255209 0.142309609460714 0.8981574277247962 0.14515575329844993 0.9262393802571246
0 0.23208248816768087 0.8536736533693937 0.2240956727518594 0.8270509353166554 0.19245478363759297 0.8439260761775975 0.20044159905341444 0.8705487942303357
0 0.29701284072504225 0.8957076972558209 0.2602624573555257 0.8901604695774031 0.2580436524346118 0.9162930608681668 0.2947940358041284 0.9218402885465844
0 0.4008393451720311 0.9223085460599336 0.38647451905290414 0.8878329633740288 0.3655342443581206 0.9033442779627573 0.3798990704772476 0.9378198606486622
0 0.3772441400418035 0.7134592415646462 0.3757449362993928 0.685474105039647 0.34084334876082406 0.6887980657576058 0.34234255250323475 0.7167832022826051
0 0.41537269319492504 0.6252066512879662 0.39945573817762403 0.6079632833525568 0.37893238177623995 0.6416426374471358 0.39484933679354095 0.6588860053825452
0 0.38388480392156865 0.5200163398692811 0.35294117647058826 0.5200163398692811 0.35294117647058826 0.5522875816993464 0.38388480392156865 0.5522875816993464
0 0.38518370367706983 0.3467058583824728 0.3736527847691644 0.32590498505840815 0.3481714278009493 0.35101704699809844 0.35970234670885465 0.37181792032216315
0 0.3364047948304267 0.1931305681465737 0.30453778159065104 0.1747828938570059 0.29677296473661297 0.19875846870456212 0.32863997797638855 0.21710614299412992
0 0.3896295893194021 0.1466064005053481 0.35640690756058624 0.12747818979572678 0.3480110726266997 0.15340217134597278 0.3812337543855156 0.17253038205559407
0 0.40005424300867887 0.033354762670095336 0.39101826181292193 0.00256549341047892 0.3586618048858888 0.019447123111539694 0.3676977860816457 0.05023639237115611
0 0.4053308823529412 0.2720588235294118 0.37036215348208246 0.2534088347982872 0.36286130831643 0.27841165201712875 0.39783003718728865 0.29706164074825336
0 0.43302213906814874 0.4561566393741107 0.4326957053642823 0.43047718800328866 0.39568718606052405 0.4313135387220176 0.3960136197643905 0.4569929900928397
0 0.43167892156862747 0.08088235294117654 0.4096200980392157 0.08088235294117654 0.4096200980392157 0.12622549019607848 0.43167892156862747 0.1262254901960785
0 0.5033818815987935 0.16756221719457018 0.4967241704374058 0.12317747611865257 0.4714484351432881 0.12991767219708397 0.47810614630467574 0.17430241327300158
0 0.46035539215686283 0.22393790849673204 0.4501225490196079 0.19665032679738564 0.4205882352941177 0.21633986928104582 0.4308210784313726 0.2436274509803922
0 0.6116861927367881 0.18035885830136086 0.6100746289273149 0.14669508094791872 0.5704857151381744 0.15006435020656897 0.5720972789476476 0.1837281275600111
0 0.5238978228448486 0.2732639398236436 0.4879429795609016 0.27086695027138047 0.4869528079311525 0.2972715270646913 0.5229076512150995 0.29966851661695443
0 0.6526885863515712 0.06324207266603879 0.650218875759911 0.03854496674943631 0.6130327403887318 0.04515583525986813 0.6155024509803921 0.06985294117647062
0 0.5675617573483427 0.06576720744583012 0.565636151271015 0.036241247593471415 0.5289887061766545 0.04049022673484653 0.5309143122539822 0.07001618658720524
0 0.5194873031179686 0.0046273974070503284 0.4867531541305047 0.0006596217722062113 0.4849073850851816 0.02773090110361092 0.5176415340726456 0.031698676738455035
0 0.4795890635129105 0.3757498168868234 0.4777697709611968 0.3524628722248882 0.4448030849308379 0.3570415786179936 0.44662237748255157 0.38032852327992883
0 0.6234667993835089 0.2575705682564147 0.5889095812997688 0.2514270628193054 0.586364949910095 0.2768733767160431 0.6209221679938352 0.28301688215315246
0 0.6855459409373506 0.20530946118284715 0.6834461681013868 0.1801121871512833 0.6497190339550453 0.18510879961740792 0.6518188067910089 0.2103060736489718
0 0.7012431529551322 0.10312725327378883 0.6684122269904402 0.08944770078850053 0.6615597306538272 0.11868501849138241 0.6943906566185192 0.1323645709766707
0 0.7466299019607843 0.018790849673202735 0.7230392156862745 0.018790849673202735 0.7230392156862745 0.061683006535947826 0.7466299019607843 0.061683006535947826
0 0.7776294368112208 0.13960450360192747 0.7705090704164875 0.11349649348790615 0.7384808394160584 0.12902533276084152 0.7456012058107914 0.15513334287486286
0 0.7409863083164298 0.2315556682443094 0.7177674949290059 0.20403707459995507 0.7020474137931033 0.22761719630380903 0.7252662271805272 0.2551357899481634
0 0.6881127450980392 0.269607843137255 0.6531862745098039 0.269607843137255 0.6531862745098039 0.2965686274509805 0.6881127450980392 0.2965686274509805
0 0.6168306505983483 0.3686302601269736 0.6115020506770044 0.3430529805045227 0.5763754283948537 0.35606284060902293 0.5817040283161976 0.3816401202314738
0 0.5261609516045483 0.4309109777879682 0.4909448269346717 0.42092058781069824 0.4865024913170119 0.448759224348033 0.5217186159868885 0.45874961432530303
0 0.44855808441227435 0.557698570473828 0.44759755071872764 0.5269614922803323 0.42000809205831374 0.5284942399836885 0.42096862575186045 0.5592313181771843
0 0.4950970347155255 0.6003120647165971 0.4861248392799743 0.5729682310082503 0.4510557296689167 0.5934252116147005 0.460027925104468 0.6207690453230473
0 0.4508461130043957 0.6941944074019196 0.41704866770385735 0.6799639041174824 0.4108208932187485 0.7062589519434977 0.44461833851928684 0.720489455227935
0 0.48297196959069805 0.9176132230846767 0.4493781465288819 0.8999679826885714 0.44150427460332325 0.9266180107443083 0.4750980976651394 0.9442632511404138
0 0.439950980392157 0.8419117647058824 0.40379901960784326 0.8419117647058824 0.40379901960784326 0.8668300653594772 0.439950980392157 0.8668300653594772
0 0.4911647823869433 0.7876029506214819 0.48806563810495296 0.7607437001775662 0.4528876940949791 0.7679596886924326 0.4559868383769694 0.7948189391363483
0 0.5476269873669287 0.8839848183732284 0.5135214330244687 0.869398795132428 0.5078810333042191 0.892845162596995 0.5419865876466791 0.9074311858377956
0 0.6051241934089993 0.9477584291960338 0.5828619217030593 0.9368746519175742 0.5719165298342648 0.9766760768950089 0.5941788015402046 0.9875598541734684
0 0.6781266560678325 0.918477300830242 0.6662162162162161 0.896641494435612 0.6371969395866454 0.924781399046105 0.6491073794382618 0.946617205440735
0 0.6286604741454104 0.8620846347388514 0.6009760541384696 0.840446237492047 0.5913613786222454 0.8623149112152237 0.6190457986291862 0.8839533084620281
0 0.7519605921302134 0.9095778710508425 0.7486268488053873 0.8856860438895896 0.7122106356918094 0.8947195231115623 0.7155443790166355 0.9186113502728153
0 0.8587161419786927 0.927677614226803 0.8276644418251923 0.9011376995656915 0.8152546404162783 0.9269500864962325 0.8463063405697787 0.9534900011573442
0 0.8111095399698343 0.8608283056812469 0.8078101432880845 0.838832327802916 0.7740502450980392 0.8478349673202614 0.7773496417797889 0.8698309451985924
0 0.7976619048832704 0.7538223117092014 0.7585269268019166 0.7516481462602373 0.7577288714445918 0.7771859176946342 0.7968638495259456 0.7793600831435984
0 0.6917268321355692 0.78898278768521 0.6844695457368468 0.7618889184633131 0.6550272824061751 0.775909043858871 0.6622845688048975 0.8030029130807679
0 0.5839851949899707 0.8034664235770967 0.5734924818460294 0.7813765011687996 0.5447527444760617 0.8056456127256614 0.5552454576200029 0.8277355351339586
0 0.6407428355957767 0.7193941679235797 0.6299019607843137 0.6977124183006537 0.6025405354449472 0.7220336852689795 0.6133814102564104 0.7437154348919054
0 0.5637573962288934 0.7190679408182274 0.5582486610661316 0.6930266473215351 0.5217117754531776 0.7067670145605948 0.5272205106159394 0.732808308057287
0 0.573970617025197 0.6065076056525457 0.5522481555268937 0.5971371320650424 0.5426683153684341 0.6366176854453608 0.5643907768667374 0.6459881590328642
0 0.5414524770085025 0.5243001330325642 0.5267818410550061 0.501944878246284 0.5017514749262537 0.5311469720631616 0.5164221108797502 0.553502226849442
0 0.640625 0.5919117647058826 0.6044730392156863 0.5919117647058826 0.6044730392156863 0.6176470588235295 0.640625 0.6176470588235295
0 0.7415450161575629 0.5953577478170102 0.7036270915761904 0.5944549400888823 0.7032574326351516 0.6220561410197913 0.741175357216524 0.6229589487479192
0 0.7132674247690214 0.7008687645417595 0.7124365532771455 0.6720652194900609 0.6805149774089843 0.6737022233807358 0.6813458489008601 0.7025057684324345
0 0.8482230392156864 0.6861928104575162 0.8415747549019608 0.6595996732026145 0.8097732843137254 0.673733660130719 0.8164215686274511 0.7003267973856208
0 0.8689227740276438 0.8007339547840996 0.8607818024750883 0.7729943480124291 0.8242898183863709 0.7920336440587163 0.8324307899389265 0.8197732508303869
0 0.8207475490196079 0.5843300653594774 0.7985906862745099 0.5621732026143794 0.7864950980392158 0.5836764705882357 0.8086519607843138 0.6058333333333337
0 0.7604166666666666 0.46895424836601324 0.7368259803921569 0.46895424836601324 0.7368259803921569 0.5138888888888891 0.7604166666666666 0.5138888888888891
0 0.6835171568627451 0.5073529411764708 0.6482843137254902 0.5073529411764708 0.6482843137254902 0.5339052287581701 0.6835171568627451 0.5339052287581701
0 0.6280115358446217 0.4524429908661678 0.6110711634811652 0.4346959341044515 0.5882459253417455 0.47342967155316384 0.6051862977052019 0.4911767283148801
0 0.7227799773755658 0.4249308697838109 0.7041619532428358 0.38769482151835105 0.6847897812971344 0.40491452991453003 0.7034078054298644 0.4421505781799899
0 0.7647394992909881 0.3477101771714504 0.7635613784167031 0.31629362052385374 0.7331838907632878 0.3183187863674148 0.7343620116375728 0.34973534301501147
0 0.8221176079285125 0.3410265896392422 0.820506150573437 0.31452706868911084 0.7840555988360512 0.3184676688769364 0.7856670561911268 0.3449671898270677
0 0.8264539042845346 0.4391475901493474 0.8198391379078565 0.4150938942341546 0.7872334168731154 0.4310344689622503 0.7938481832497933 0.4550881648774431
0 0.8640284671803231 0.5028996065260697 0.8580599903689436 0.47769937110024535 0.824335858398775 0.4918990056140006 0.8303043352101545 0.5170992410398249
0 0.8059129901960784 0.23304738562091512 0.7844669117647058 0.20445261437908496 0.7703737745098039 0.2232434640522876 0.7918198529411765 0.25183823529411775
0 0.8564538439138031 0.18396508768523925 0.8226921956901574 0.17946353458875314 0.8205900553290624 0.20749207273668557 0.8543517035527082 0.21199362583317172
0 0.8412087639109699 0.13090995407171874 0.8379843998410175 0.10368199081434375 0.8038288288288288 0.11087263734322558 0.8070531928987811 0.1381006006006006
0 0.8935708898944195 0.5903092006033185 0.8714319381598793 0.5822586726998494 0.8633083521870285 0.6219739819004526 0.8854473039215688 0.6300245098039218
0 0.9065054965244818 0.8440661011932105 0.8862222303028449 0.8301972012126041 0.870040783752335 0.8722689622439296 0.8903240499739719 0.886137862224536
0 0.955552098344906 0.020107319096903914 0.9161944844753046 0.0017404326244232957 0.90895344774881 0.029325334439640888 0.9483110616184114 0.04769222091212151
0 0.9326677607585703 0.1275305344603195 0.9286694984339467 0.09954269818795501 0.8954585800403311 0.10797721714506378 0.8994568423649545 0.1359650534174283
0 0.9972606689734718 0.16798827374086894 0.991763985005767 0.1386726259131104 0.9572339965397925 0.15018262206843525 0.9627306805074971 0.1794982698961938
0 0.9842845949855353 0.2454060859316404 0.9825945234651238 0.22061837029893921 0.9488106718097075 0.22471338262080787 0.950500743330119 0.249501098253509
0 0.930021715394684 0.2919436776693495 0.898089717545974 0.2781352461672046 0.8913904251389915 0.30567678161813316 0.9233224229877014 0.31948521312027806
0 0.9191271880724609 0.3986178958319199 0.9138918218671551 0.37568200578962846 0.8844010787706088 0.3876492638577922 0.8896364449759144 0.41058515390008365
0 0.9476891883362786 0.44196015315997655 0.9363494593116216 0.4173907402732195 0.9020764958343851 0.4455121462032596 0.9134162248590423 0.47008155909001664
0 0.9702848762455801 0.5378709953926927 0.9335874718739954 0.5263580842172936 0.9287658711025393 0.5536804885888782 0.965463275474124 0.5651933997642774
0 0.9332040006468018 0.7091420202664588 0.9324035279498152 0.6840605424275449 0.8963169118754596 0.6861080100062318 0.897117384572446 0.7111894878451457
0 0.9906262633919547 0.7175207196280575 0.9602341065292095 0.7135991510006064 0.9583788154437032 0.7391609392898054 0.9887709723064484 0.7430825079172565
0 0.9865673517040885 0.8168158903940126 0.9766698753633944 0.7888700748438178 0.9417654404032907 0.8108469413001795 0.9516629167439846 0.8387927568503744
0 0.9286442795583773 0.9256068487212833 0.8989631938601187 0.9066109538743976 0.8909218108569825 0.9289481288831095 0.9206028965552411 0.9479440237299949
0 0.9958993212669683 0.9080568124685773 0.9855769230769231 0.8874120160884869 0.9560237556561086 0.913681498240322 0.966346153846154 0.9343262946204124