0 0.06234027318792693 0.9528291841081002 0.033362249394139766 0.9209113607990014 0.0199476068517295 0.9425630645516635 0.048925630645516666 0.9744808878607623
0 0.06985903477413064 0.05260535153287837 0.05886618459538511 0.015296284259560183 0.020931507962300942 0.03516682916260427 0.031924358141046466 0.07247589643592245
0 0.11746323529411765 0.09019607843137258 0.10784313725490197 0.06454248366013073 0.07340686274509804 0.0875 0.08302696078431372 0.11315359477124186
0 0.1034480277010133 0.23272387814186077 0.0999689515067772 0.20643752467429927 0.06490882846427162 0.21468696539018292 0.0683879046585077 0.24097331885774445
0 0.10345039292730843 0.16083054046766057 0.09904741611772408 0.13499974318476574 0.06346606668207558 0.14578197028647744 0.06786904349165993 0.17161276756937224
0 0.10534427207923837 0.3129050942604708 0.10360961202217289 0.28688519340448904 0.06636981103073272 0.291298799447919 0.06810447108779819 0.3173187003039008
0 0.05848381801125707 0.35508635912150976 0.022312313762277925 0.3508925615274252 0.020518913475333876 0.37839136592723394 0.05669041772431302 0.3825851635213185
0 0.09147066025234775 0.45487251381127053 0.08351247575425862 0.4259336610909463 0.050609684373259585 0.4420194702105458 0.058567868871348745 0.4709583229308701
0 0.1496365837316608 0.953457083475319 0.14492975736560476 0.9301998237842187 0.10888795542876614 0.9431672445868907 0.11359478179482217 0.9664245042779911
0 0.09221813725490204 0.8366013071895425 0.05759803921568635 0.8366013071895425 0.057598039215686354 0.8660130718954249 0.09221813725490204 0.8660130718954249
0 0.06687492838625593 0.5217595377571532 0.02622293895644456 0.5031757711606679 0.018835086079720467 0.5319063101257061 0.05948707550953184 0.5504900767221913
0 0.16491799395477041 0.03852463509365408 0.1639695115266554 0.006908554156486874 0.1252202358579214 0.008975182192152681 0.12616871828603646 0.04059126312931989
0 0.17097268606523547 0.16355952401713725 0.17001487446446115 0.13886926941939934 0.1358295838347198 0.14122687566972633 0.1367873954354941 0.16591713026746424
0 0.20934436274509802 0.2213643790849673 0.20272671568627448 0.1948937908496732 0.16871936274509805 0.2100081699346405 0.17533700980392158 0.23647875816993458
0 0.18102708442427415 0.317040738154807 0.17558283513702214 0.29111574154884506 0.13796810452667713 0.30515857431004056 0.14341235381392914 0.33108357091600243
0 0.0406587191089454 0.6365587655180415 0.009789418726070344 0.619409154194222 0.000833913447035672 0.6480667710871331 0.031703213829910724 0.6652163824109525
0 0.13363185576721795 0.6167312120577768 0.12756982241295098 0.5908665364129044 0.09726837799176613 0.6034921382550649 0.10333041134603309 0.6293568138999373
0 0.19998598842267282 0.44243820964108055 0.16386539684133042 0.436772234491066 0.16177411664324437 0.4604734100693747 0.19789470822458677 0.4661393852193892
0 0.19537881024429846 0.5146920436932615 0.18740812667601547 0.4895723136598848 0.1548357658621793 0.5079464659138436 0.16280644943046227 0.5330661959472204
0 0.22089460784313733 0.5669934640522876 0.18259803921568635 0.5669934640522876 0.18259803921568635 0.5931372549019608 0.22089460784313733 0.5931372549019608
0 0.18730568989340704 0.7244305720050883 0.16757529773654425 0.6889730556652192 0.1497912965521779 0.7065658310303988 0.1695216887090407 0.742023347370268
0 0.08637223122636419 0.6537086471541615 0.05997304716051741 0.6506915975466362 0.057253680443003815 0.6929928575968475 0.0836528645088506 0.6960099072043728
0 0.08750000000000001 0.7868464052287583 0.07659313725490197 0.7577614379084968 0.04191176470588237 0.7808823529411765 0.05281862745098042 0.809967320261438
0 0.16256269126147577 0.7964746495900866 0.15632119177150636 0.7705839850391025 0.12283059900260686 0.7849370962257737 0.12907209849257625 0.8108277607767579
0 0.2386591931854709 0.09714855887710275 0.23657234410157507 0.06654143897996358 0.19922502812600448 0.07106838637094182 0.20131187720990035 0.101675506268081
0 0.26776960784313725 0.20220588235294124 0.22855392156862744 0.20220588235294124 0.22855392156862744 0.2275326797385621 0.26776960784313725 0.2275326797385621
0 0.2812575834789361 0.31137764511745286 0.2683853863327509 0.29040073124959553 0.24240893758493495 0.318738675338122 0.25528113473112013 0.3397155892059794
0 0.24039071510957322 0.3602364475201846 0.23580594002306804 0.33272779700115346 0.20408016147635522 0.34212802768166095 0.20866493656286042 0.36963667820069207
0 0.18375757089107095 0.8668931561184018 0.18069097763910555 0.8413382123520237 0.14873933192621822 0.8481545634374396 0.1518059251781836 0.8737095072038177
0 0.22614078291649203 0.9454991616599133 0.22540978238088585 0.917233807616475 0.19180158702435843 0.9187790120006831 0.1925325875599646 0.9470443660441216
0 0.2999915046204721 0.966495871499143 0.29063097529492915 0.9428255674575402 0.2569169189921184 0.966527570676486 0.2662774483176613 0.9901978747180888
0 0.2284036731130808 0.811618094726475 0.226167573193661 0.783294162413824 0.1940479787805533 0.7878021756647865 0.1962840786999731 0.8161261079774376
0 0.2919488773427352 0.8794973299519597 0.27472436135337425 0.8614525989154863 0.25362138151790686 0.8972637162120369 0.27084589750726784 0.9153084472485105
0 0.24090035391750061 0.701846540829333 0.234747477829306 0.6710821603883599 0.20097657839069236 0.683089591299867 0.20712945447888695 0.7138539717408401
0 0.31880767012687433 0.06223567858515955 0.3129145040369089 0.030805459438677428 0.2767264994232987 0.04286812764321417 0.2826196655132641 0.0742983467896963
0 0.38260713674115937 0.06649399206553079 0.3480097825156263 0.0603433513143249 0.3449621114821474 0.09082006164911384 0.37955946570768045 0.09697070240031973
0 0.33394607843137253 0.18627450980392155 0.32748161764705885 0.16041666666666662 0.2930147058823529 0.17573529411764702 0.2994791666666667 0.20159313725490197
0 0.34079818779843546 0.25670421450099906 0.31755911561515804 0.24855015408581402 0.3087449519963426 0.29320858308781206 0.33198402417962003 0.30136264350299713
0 0.3097426470588236 0.39011437908496743 0.2745098039215687 0.3901143790849674 0.2745098039215687 0.41830065359477125 0.3097426470588236 0.41830065359477125
0 0.3002450980392157 0.5494281045751634 0.29121611880046133 0.5293637062668205 0.26499423298731256 0.5503412149173394 0.2740232122260669 0.5704056132256825
0 0.31949567565879855 0.766507847300279 0.31673972773822906 0.7411939552891221 0.2812370425877358 0.7480654427376047 0.2839929905083053 0.7733793347487616
0 0.36856617647058837 0.8696895424836601 0.3278186274509805 0.8696895424836601 0.3278186274509805 0.8978758169934641 0.36856617647058837 0.8978758169934641
0 0.46775832500138864 0.10582240922809161 0.46728305699050154 0.07920740061841545 0.43298148225295785 0.0802963394989724 0.43345675026384495 0.10691134810864857
0 0.44653200895325595 0.16240314817177787 0.40909441325337076 0.14691172926148055 0.4026197178980052 0.1747289389363845 0.4400573135978904 0.19022035784668181
0 0.43570296394841557 0.26502049475046746 0.39950755669015764 0.25778141329881593 0.39654795292200007 0.2840890023491059 0.432743360180258 0.2913280838007575
0 0.4201314758136757 0.37196571945190937 0.4149805290136359 0.345118360372914 0.3830352032945158 0.3560144404631565 0.3881861500945556 0.38286179954215194
0 0.39349208947857944 0.5959338559560643 0.35853773987813914 0.5915645622560092 0.3565037583281135 0.6204922998563737 0.3914581079285538 0.6248615935564287
0 0.3606686610608021 0.4883433105885734 0.34902571151358347 0.4682535152914119 0.3206872415848616 0.49745072673312524 0.33233019113208023 0.5175405220302868
0 0.3932008677278371 0.7757073051828421 0.3877334596024012 0.7456365604929452 0.3525710316650511 0.757002193765624 0.3580384397904869 0.787072938455521
0 0.4300378567268492 0.9364524687762893 0.4280873859444769 0.9104461916779915 0.390564332168511 0.9154492655147869 0.3925148029508833 0.9414555426130848
0 0.5019614992712729 0.9502366597748291 0.4794959443371126 0.9219942478575989 0.4657417499195012 0.9414446238016959 0.48820730485366143 0.9696870357189259
0 0.5660859144542771 0.058837266470009884 0.5602035615131007 0.02877190699288569 0.5230750043380183 0.04168618774943611 0.5289573572791948 0.0717515472265603
0 0.5256271626297577 0.24322376009227223 0.5140030276816608 0.21739234909650137 0.48160863610149945 0.24330786236063054 0.49323277104959634 0.26913927335640137
0 0.45522758328995316 0.40035029498525077 0.41752749219156693 0.39699917577650534 0.4161610163977095 0.4243286916536527 0.45386110749609576 0.4276798108623982
0 0.4211691771077449 0.4960467735577056 0.4206238026036143 0.4716867123732049 0.3839101019887144 0.47314795418872335 0.384455476492845 0.49750801537322403
0 0.43544688803123055 0.6631011001685743 0.41690372415934696 0.6406245378996244 0.3987709054209919 0.6672193387158785 0.4173140692928755 0.6896959009848284
0 0.49391525202223086 0.8540466779165674 0.4622372189053358 0.8373481798394445 0.45505322685669225 0.861576545179968 0.48673125997358724 0.878275043257091
0 0.5501825980392157 0.8927173202614378 0.5387671568627451 0.8707320261437909 0.5122573529411764 0.8952026143790852 0.5236727941176469 0.9171879084967322
0 0.6157374567474051 0.9638773548635142 0.5774306516724337 0.9605463283352558 0.5760751153402538 0.9882595155709345 0.6143819204152251 0.9915905420991928
0 0.5705704664830823 0.796485228248213 0.554387302710421 0.7515319955463763 0.53539339988271 0.7636880933561113 0.5515765636553711 0.8086413260579481
0 0.4883367637818558 0.7463589504290563 0.47730042181811455 0.7007420703122594 0.45527076287630974 0.7102171924377668 0.46630710484005095 0.7558340725545638
0 0.46412081643002023 0.6136502704530087 0.4593477434077078 0.5874867590714447 0.4269195824881677 0.598004000450755 0.43169265551048003 0.624167511832319
0 0.5001924199532994 0.48162497734275883 0.4767784101813645 0.48073301506573274 0.47597549419441515 0.5182024277900394 0.49938950396635007 0.5190943900670655
0 0.5316532237236307 0.6655341535982148 0.5279673908551831 0.6353454272471195 0.4909024463315358 0.6433905314848104 0.4945882791999835 0.6735792578359057
0 0.6009308689229116 0.3244135553764885 0.5777976430298146 0.31284694242994004 0.5647033642224012 0.3594043781896321 0.5878365901154982 0.3709709911361806
0 0.6022345754494357 0.18153255102186755 0.598542015274381 0.15568462979648465 0.5653592536576993 0.1641119978261181 0.569051813832754 0.189959919051501
0 0.7181372549019608 0.9571078431372549 0.6859681372549019 0.9571078431372549 0.6859681372549019 0.983251633986928 0.7181372549019608 0.983251633986928
0 0.6481314686230839 0.07621511856412949 0.628501449299096 0.06361313084996442 0.6136700156120355 0.10468479336797835 0.6333000349360233 0.11728678108214342
0 0.7018697005829361 0.16005564387917345 0.6775851218865924 0.15009273979862225 0.6687284711181769 0.1884715597950893 0.6930130498145206 0.1984344638756405
0 0.6812193627450981 0.2636846405228759 0.6454656862745097 0.2477941176470589 0.6393688725490195 0.2721813725490197 0.6751225490196078 0.2880718954248367
0 0.6156810056825278 0.45432251987843975 0.60970966810291 0.42725245618417224 0.577481032221806 0.43989113692186016 0.5834523698014238 0.46696120061612767
0 0.5712953125636949 0.5359252068810892 0.570723650686886 0.5122965159729866 0.5334936534385064 0.5138978061772181 0.5340653153153154 0.5375264970853206
0 0.5925035253827559 0.6772260273972605 0.5632932111200645 0.6626208702659148 0.5555751410153102 0.6900628973050409 0.5847854552780016 0.7046680544363866
0 0.6746323529411765 0.7581699346405231 0.6378676470588235 0.7581699346405231 0.6378676470588235 0.786356209150327 0.6746323529411765 0.786356209150327
0 0.6598565921539492 0.8689833226505064 0.6233616124755993 0.8536901883091028 0.6156549544037525 0.8863851013411803 0.6521499340821023 0.9016782356825841
0 0.7503063725490197 0.9105392156862745 0.7135416666666666 0.9105392156862745 0.7135416666666666 0.9399509803921569 0.7503063725490197 0.9399509803921569
0 0.781458552568996 0.10940714217767157 0.7787104892745453 0.07957102640935088 0.7425979165923494 0.08548419620526601 0.7453459798868001 0.1153203119735867
0 0.7927376202684795 0.21501291505828582 0.7857630686946668 0.1896509093353306 0.7554438891129417 0.20447361935306282 0.7624184406867546 0.22983562507601804
0 0.7430462865859472 0.32875711062382823 0.7076446157879683 0.3247112053897735 0.7058093598055105 0.3532596317835617 0.7412110306034894 0.3573055370176164
0 0.8308823529411765 1.331703341229679e-16 0.7977941176470589 1.3046890736014285e-16 0.7977941176470589 0.026143790849673335 0.8308823529411765 0.026143790849673342
0 0.9310661764705882 0.056372549019608 0.8955269607843137 0.05637254901960798 0.8955269607843137 0.08496732026143805 0.9310661764705882 0.08496732026143806
0 0.8783103313219742 0.052925577781265686 0.8773557896327816 0.028319614237631012 0.8422011518808531 0.030744072013626066 0.8431556935700458 0.055350035557260736
0 0.9850584464555053 0.125471342383107 0.9704091251885371 0.10035822021116136 0.9430689102564103 0.12871103569632977 0.9577182315233786 0.15382415786827544
0 0.9151348039215687 0.11887254901960798 0.8841911764705882 0.11887254901960798 0.8841911764705882 0.1470588235294119 0.9151348039215687 0.1470588235294119
0 0.8563112745098039 0.17156862745098053 0.821078431372549 0.17156862745098053 0.821078431372549 0.20057189542483675 0.8563112745098039 0.20057189542483675
0 0.8569449434410075 0.32568439646819336 0.8244424053630335 0.29596779022547415 0.8106387995231406 0.3228081349141548 0.8431413376011145 0.352524741156874
0 0.9565356070214904 0.2552843655769875 0.933703124252142 0.22115095699250684 0.9176863712327892 0.2401979065290343 0.9405188540021379 0.274331315113515
0 0.7107359686994063 0.3964082268993225 0.6753350422737902 0.38819931642381733 0.6714989206691852 0.41760958205912346 0.7068998470948011 0.4258184925346286
0 0.8149509803921569 0.3856209150326798 0.7794117647058824 0.3856209150326798 0.7794117647058824 0.41094771241830075 0.8149509803921569 0.41094771241830075
0 0.9320081680862389 0.3417038195368648 0.9234553832845354 0.31762931416910667 0.8928354571466594 0.3369682148877652 0.9013882419483629 0.3610427202555233
0 0.7011804975539911 0.4708102984263348 0.6658662450781531 0.46438952524890964 0.663097706120988 0.49145968394118983 0.698411958596826 0.497880457118615
0 0.6875132954125047 0.5375824700949564 0.6476137624861266 0.5352694536934272 0.6467455142434334 0.5618957331360219 0.6866450471698116 0.5642087495375511
0 0.6476626184181538 0.6590713813615335 0.6370373430270985 0.6358889623265038 0.6078899537343027 0.6596386869354485 0.618515229125358 0.6828211059704782
0 0.7593541335453099 0.8182715068009188 0.7428418124006358 0.795206677265501 0.7168428722840486 0.8282962374138847 0.7333551934287227 0.8513610669493026
0 0.7260568357153314 0.7422880697367978 0.7028650848622044 0.712396479748323 0.687213336655742 0.7339850979641331 0.710405087508869 0.763876687952608
0 0.997974336793541 0.38286236063052664 0.9935409457900808 0.3562620146097654 0.9570141291810842 0.36708477508650517 0.9614475201845444 0.39368512110726633
0 0.9067782285327926 0.4243013297272934 0.8743978194726167 0.40703177822853287 0.8659672920892495 0.43513353617309003 0.8983477011494253 0.4524030876718505
0 0.7954898841864454 0.47949958507852664 0.7941256195786864 0.452669047792599 0.7575498010900099 0.45597533646954147 0.758914065697769 0.48280587375546913
0 0.9841028690888121 0.4487528835063439 0.9466172866205308 0.444908208381392 0.9451755334486737 0.46989859669357964 0.982661115916955 0.4737432718185316
0 0.7473136965273556 0.5616709386856664 0.7118740406059028 0.5598535204332842 0.7111029049729198 0.5865862223766909 0.7465425608943727 0.588403640629073
0 0.7602694221151084 0.6488903956993363 0.7537314807119868 0.6269077521410138 0.7209355309681026 0.644248139361918 0.7274734723712244 0.6662307829202405
0 0.8824017266142126 0.5267734482327963 0.8760010771824653 0.4977571708088756 0.834898370176096 0.5138758794388243 0.8412990196078433 0.5428921568627451
0 0.9666973342654988 0.5111304233369369 0.9306431820830016 0.5093823432311189 0.9299363708012092 0.5352987568968384 0.9659905229837065 0.5370468370026563
0 0.8553921568627451 0.5845588235294119 0.8174019607843137 0.5845588235294119 0.8174019607843137 0.6156045751633988 0.8553921568627451 0.6156045751633988
0 0.9379537814344663 0.6479594125085875 0.9337628839194682 0.6252587176356817 0.9002095858986306 0.6362710821143156 0.9044004834136288 0.6589717769872212
0 0.8515561687858042 0.768668009563287 0.8459593754366356 0.7434106857311412 0.8069270760560757 0.75878704609318 0.8125238694052443 0.7840443699253258
0 0.9049817741438423 0.8141283690948549 0.874591302631072 0.7886153806643811 0.8643741693632265 0.8102516628786421 0.8947646408759968 0.8357646513091158
0 0.8609068627450981 0.9093137254901961 0.8244485294117647 0.9093137254901961 0.8244485294117647 0.9354575163398693 0.8609068627450981 0.9354575163398693
0 0.9348356152805948 0.9798371647509581 0.9332171230561188 0.953941289159342 0.8968073867478025 0.9579868154158215 0.8984258789722784 0.9838826910074376
0 0.9656862745098039 0.7369281045751636 0.9316789215686274 0.7369281045751636 0.9316789215686274 0.7659313725490198 0.9656862745098039 0.7659313725490198
0 0.9730636892330897 0.8652335441079788 0.9401340787794407 0.8471545422902892 0.9326216063348416 0.8714806435394674 0.9655512167884907 0.889559645357157
0 0.9996936274509803 0.5829248366013073 0.9693627450980392 0.5829248366013073 0.9693627450980392 0.613153594771242 0.9996936274509803 0.613153594771242