0 0.11762552994170641 0.09600556438791734 0.09831246687864334 0.08237281399046106 0.08265517355590886 0.12180599717364425 0.10196823661897193 0.13543874757110053
0 0.10331825037707389 0.1935646053293112 0.09181749622926093 0.1705630970336853 0.06389046003016592 0.19538712921065865 0.07539121417797887 0.21838863750628454
0 0.17852011494252876 0.121027721433401 0.15818331643002032 0.11018142889339648 0.14457614942528738 0.1555386522425062 0.16491294793779582 0.16638494478251073
0 0.200048673068199 0.036874968496396036 0.16837022405363172 0.012029126132029541 0.15658000025202884 0.03875363341566279 0.1882584492665961 0.06359947578002928
0 0.2487158198077122 0.05862969089217415 0.23094728884523935 0.043230297391364324 0.21385396205934049 0.07829353182397743 0.23162249302181334 0.09369292532478726
0 0.20746754437435821 0.20828484344693823 0.1863357843137255 0.19591503267973856 0.17027024962104542 0.24470665656121135 0.19140200968167814 0.25707646732841105
0 0.1488415047347485 0.28365881062179515 0.13100699211461964 0.25138683540441914 0.11014725683810328 0.27188061041292644 0.12798176945823211 0.30415258563030245
0 0.150461915535445 0.32143036701860234 0.12858959072194368 0.320240036416507 0.12716970364029187 0.3666230144171321 0.1490420284537932 0.3678133450192274
0 0.09045498317974822 0.40771671086186123 0.05616178117614123 0.40705404029174325 0.055928431063731715 0.4285222506334188 0.09022163306733871 0.4291849212035369
0 0.053742924462048466 0.527042132516808 0.0443963670711838 0.504993843287076 0.009839913759199974 0.5310363878120493 0.019186471150064638 0.5530846770417813
0 0.11973039215686276 0.5312908496732027 0.1104779411764706 0.5066176470588235 0.07616421568627452 0.5294934640522876 0.08541666666666668 0.5541666666666667
0 0.18566176470588241 0.45874183006535946 0.14981617647058826 0.45874183006535946 0.14981617647058826 0.4877450980392157 0.18566176470588241 0.4877450980392157
0 0.07454610028724865 0.6180893801257233 0.05391766579243163 0.603086882311311 0.037478924690895477 0.6432704716706216 0.05810735918571249 0.658272969485034
0 0.141941171609943 0.6124263207183386 0.12080161762275568 0.606660987812742 0.11368472153363089 0.6530526067640742 0.13482427552081822 0.6588179396696707
0 0.06464460784313733 0.7132352941176471 0.029718137254902032 0.7132352941176471 0.029718137254902032 0.7410130718954249 0.06464460784313733 0.7410130718954249
0 0.13872913026596775 0.7078763023361159 0.1250788681809357 0.6856314307901379 0.09636630023296446 0.7169542321879246 0.1100165623179965 0.7391991037339027
0 0.11490959119496866 0.8022496608706375 0.09385613207547176 0.7915165248489333 0.08145070292267857 0.8347764829202121 0.10250416204217547 0.8455096189419163
0 0.07224443490924226 0.9158405714186649 0.05815779892858999 0.8921889356980637 0.02998582722213553 0.9220180822107801 0.04407246320278781 0.9456697179313815
0 0.1657739050860519 0.981211112538174 0.16149940598510143 0.9514479336130375 0.12523024766675228 0.9607081442475095 0.1295047467677027 0.990471323172646
0 0.26494664475057406 0.8784181226237104 0.25386370891499993 0.8544930547881854 0.22138092870210072 0.8812435796693965 0.23246386453767484 0.9051686475049215
0 0.18629664654879294 0.8201469171483623 0.15993178340700445 0.7943679398541692 0.146042304204919 0.8196215384034153 0.1724071673467075 0.8454005156976088
0 0.2686261550224849 0.7749674390575794 0.2625294830423908 0.7499033431394148 0.2284322230213963 0.7646481042295746 0.23452889500149038 0.7897122001477391
0 0.3427601809954751 0.8916855203619909 0.33288084464555057 0.8686337355455002 0.3040111236802413 0.890629713423831 0.3138904600301659 0.9136814982403217
0 0.32643995098039214 0.772671568627451 0.31611519607843136 0.7313725490196078 0.2952512254901961 0.7406454248366012 0.3055759803921569 0.7819444444444444
0 0.23774509803921576 0.6437908496732027 0.21354166666666674 0.6437908496732027 0.21354166666666674 0.6854575163398693 0.23774509803921576 0.6854575163398693
0 0.2943925429760946 0.6226413510609725 0.26463873220521095 0.604608738472558 0.2562764403706689 0.6291381278538815 0.28603025114155256 0.6471707404422958
0 0.24573177938688165 0.5394365233403006 0.22221885264257984 0.5032627898875287 0.2045246715437444 0.5237093991572941 0.22803759828804618 0.559883132610066
0 0.35489562204192027 0.6435654721658778 0.3473736477349561 0.6184922244759972 0.31499323867478024 0.6357617759747577 0.3225152129817444 0.6608350236646382
0 0.36833266356764277 0.4635689701779284 0.3361992969270426 0.46192110522200025 0.33537249833463667 0.49058345642540635 0.36750586497523685 0.4922313213813345
0 0.30379137798306394 0.4333886171866746 0.27524778675904543 0.4065240607405396 0.26265608726169454 0.4303083820133135 0.29119967848571304 0.45717293845944856
0 0.2404355804642362 0.39098134946109403 0.2158237110180086 0.35925938439706734 0.1990288289353651 0.38242473899381696 0.2236406983815927 0.4141467040578437
0 0.32880311106954707 0.36627830252397714 0.32700111443623553 0.32142860853933514 0.30513088780822345 0.32299076758419315 0.30693288444153494 0.3678404615688352
0 0.30461962445115687 0.2574217087576164 0.28357414961749655 0.24549593968520886 0.2689334667164907 0.29142749388444283 0.289978941550151 0.30335326295685033
0 0.37960246374133133 0.33747880510672257 0.3743399514204245 0.2911686966827425 0.3514874194740732 0.2957853698032175 0.3567499317949801 0.34209547822719755
0 0.34014114266396217 0.1447515212981745 0.3176766396213657 0.14225546540455264 0.31445655848546306 0.19377676357899484 0.3369210615280595 0.19627281947261668
0 0.29185049019607845 0.09795751633986934 0.2710171568627451 0.08406862745098043 0.2560661764705882 0.12393790849673204 0.27689950980392153 0.13782679738562095
0 0.2988314982728843 0.01296289241085039 0.2755471845473941 0.004792957770327514 0.266709209590572 0.049572030884892856 0.28999352331606215 0.05774196552541573
0 0.40342194570135753 0.8565548014077428 0.3992505656108598 0.8287456008044243 0.3626036953242836 0.8385180995475113 0.3667750754147813 0.8663273001508296
0 0.42226875624925864 0.9561672767637738 0.4216266184520481 0.9270570299568979 0.3831920894978562 0.928564266386474 0.3838342272950667 0.95767451319335
0 0.4846578054298643 0.8732088989441931 0.4807692307692308 0.8472850678733032 0.4451828808446456 0.8567747611865261 0.4490714555052791 0.882698592257416
0 0.4286960659898477 0.7203041538104246 0.4079109435652434 0.7038813410304902 0.38892517666965265 0.7465993165455693 0.40971029909425705 0.7630221293255036
0 0.4586821211668085 0.6227896125208005 0.450260530492995 0.5981932207115672 0.4163091321784874 0.6188592892508327 0.4247307228523009 0.6434556810600659
0 0.4316151557428393 0.5130256281279857 0.3996408945959798 0.5090288454846282 0.39738892289732936 0.5410568874209897 0.4293631840441889 0.5450536700643471
0 0.4452332657200812 0.4020030425963489 0.4359364435429345 0.3710136353391932 0.39800963488843816 0.39124126662159125 0.4073064570655849 0.42223067387874696
0 0.4537848793363499 0.2145550527903469 0.44157711161387636 0.1901395173453997 0.40969079939668185 0.21848290598290596 0.4218985671191554 0.24289844142785316
0 0.4335171568627451 0.10457516339869286 0.4185049019607843 0.08455882352941177 0.39307598039215685 0.11846405228758172 0.40808823529411764 0.1384803921568628
0 0.37771801327534904 0.08172159914549483 0.3482299534599833 0.07926426082754769 0.34686975471122306 0.10828183413443203 0.37635781452658873 0.11073917245237919
0 0.5303892733564015 0.1311591695501731 0.49494752018454446 0.12807727797001162 0.4934371395617071 0.15895617070357568 0.5288788927335641 0.16203806228373716
0 0.5462397885356852 0.23254682925637962 0.5110102366495407 0.22744109709896734 0.5087593070857489 0.25505249974814787 0.5439888589718934 0.2601582319055601
0 0.5104674035219184 0.2980543066483495 0.4866815754964407 0.2887265309520837 0.47670983202198086 0.3339317680363017 0.5004956600474586 0.3432595437325675
0 0.5073121400760067 0.45852130983189954 0.4916255741297708 0.43656011750716933 0.4649952058706955 0.4703764581536143 0.48068177181693134 0.4923376504783445
0 0.5212500668854565 0.561772434868429 0.504394931866015 0.5442150025565107 0.4818582489090238 0.5826776081364423 0.4987133839284653 0.6002350404483605
0 0.5309012229459259 0.7409070606327883 0.530342331569306 0.7125898975507159 0.4960040114661782 0.7137947508876678 0.496562902842798 0.7421119139697402
0 0.5528861669356021 0.8342283588414584 0.5448822795951298 0.809920256548172 0.5137265598259254 0.8281577510472184 0.5217304471663977 0.8524658533405048
0 0.5369031141868511 0.9231728181468666 0.5156322087658594 0.9112312572087657 0.5002515859284891 0.9599365628604383 0.5215224913494809 0.971878123798539
0 0.6253084379819344 0.8912701035470368 0.6134184291694206 0.865328266137916 0.5690157523683631 0.9015082250128518 0.5809057611808769 0.9274500624219726
0 0.7143995098039218 0.907434640522876 0.6952818627450982 0.8946895424836603 0.6788602941176473 0.9384803921568627 0.6979779411764708 0.9512254901960786
0 0.6818772021226313 0.8393467991043506 0.6711807942680358 0.7977496574475905 0.6479331825864018 0.8083771370734804 0.6586295904409972 0.8499742787302406
0 0.5970800211976683 0.7336172937643528 0.5787294647588767 0.7209304893128424 0.5617998145204028 0.7644638756403465 0.5801503709591945 0.7771506800918567
0 0.6496626257560913 0.7351891589308205 0.6461742062011164 0.7080570068365702 0.6147789161263236 0.71523307313938 0.6182673356812988 0.7423652252336302
0 0.566972536965606 0.6341576931318976 0.5333544278367085 0.6300827708132434 0.5312424662487947 0.66105820743598 0.5648605753776921 0.6651331297546342
0 0.6638663383905598 0.6323307603584422 0.6491576834353651 0.6107580664241564 0.6219986580605092 0.6436780971815574 0.636707313015704 0.6652507911158432
0 0.6012305286836219 0.5347839843275951 0.5876339262495449 0.5084148159705971 0.5593533832631196 0.534338647041487 0.5729499856971966 0.5607078153984849
0 0.6657169117647058 0.5023284313725489 0.6587622549019607 0.4745098039215686 0.6212622549019607 0.4911764705882353 0.6282169117647058 0.5189950980392157
0 0.7207414215686274 0.576184640522876 0.7035845588235294 0.5533088235294119 0.6810661764705882 0.5833333333333335 0.6982230392156863 0.6062091503267975
0 0.7510137707305771 0.6685316829789504 0.743309113178192 0.643491545933699 0.7078938602734285 0.6628639919670739 0.7155985178258134 0.6879041290123253
0 0.7342086438647858 0.40462433087865624 0.7149556938159879 0.3954562594268477 0.7034078054298641 0.43856837606837623 0.7226607554786622 0.4477364475201847
0 0.5957465409042794 0.32744215938303356 0.5825465308231261 0.2975221365324193 0.5512028076011896 0.32210544886335 0.5644028176823428 0.3520254717139642
0 0.6830569918753254 0.323640253161751 0.6732198178875844 0.2993752239919899 0.6376617245258759 0.3250026786670953 0.6474988985136167 0.34926770783685634
0 0.6527573529411764 0.2045751633986929 0.632046568627451 0.19076797385620925 0.6174632352941177 0.22965686274509814 0.6381740196078431 0.2434640522875818
0 0.6333827448438322 0.11621149468142208 0.6018938960631789 0.0972504674586632 0.5915137716711577 0.12789654899701175 0.6230026204518108 0.14685757621977064
0 0.5793262230634828 0.041581731702582066 0.5655258080955154 0.01909216656959816 0.5398663487672297 0.047084304018637176 0.5536667637351971 0.06957386915162107
0 0.69058894240768 0.04244241183957667 0.6796694972006622 0.0194835783273853 0.6483649038741504 0.04595250276606196 0.6592843490811682 0.06891133627825334
0 0.7461349924585218 0.13681498240321788 0.7246417797888386 0.11770990447461065 0.7087575414781296 0.14947838109602848 0.7302507541478128 0.1685834590246357
0 0.735714826709997 0.23823596186314053 0.7177021873475853 0.19402723110699024 0.6853861931928248 0.21743523072421106 0.7033988325552365 0.26164396148036134
0 0.7903229547851905 0.23479599942700136 0.7758025780602257 0.21662083400255547 0.7493728756722968 0.25415867217671523 0.7638932523972619 0.2723338376011611
0 0.7752532043945984 0.37237608402634725 0.7666614213778896 0.3453733374024058 0.7324280441748684 0.36473767198189255 0.7410198271915771 0.39174041860583403
0 0.7922488509119358 0.5592299887536063 0.7764840350105129 0.5359976284778252 0.7525136301403355 0.564914307368833 0.7682784460417583 0.5881466676446141
0 0.811574505367758 0.7189453760388016 0.7954407328542278 0.6964983881938899 0.7708732588057849 0.7278901605891226 0.7870070313193152 0.7503371484340343
0 0.7795296003016591 0.817024886877828 0.7679817119155355 0.793929110105581 0.7381457390648567 0.8204499748617398 0.7496936274509803 0.8435457516339869
0 0.7960193986131039 0.9073260401721666 0.7889683464849354 0.8818079467559384 0.7482917862266858 0.9017894149529733 0.7553428383548542 0.9273075083692015
0 0.8082586287939834 0.12000962485450814 0.784405637254902 0.11883169934640536 0.7831423751007253 0.16430913689676796 0.8069953666398066 0.16548706240487077
0 0.8032556674089193 0.06118430547823764 0.7884357410156491 0.03603533947753664 0.7625245484629182 0.06318039834230232 0.7773444748561884 0.08832936434300333
0 0.878507064590542 0.08162245290272979 0.8608708189158014 0.06146674356016908 0.8377955594002305 0.0973615916955016 0.8554318050749711 0.11751730103806231
0 0.8777186292732706 0.23544293801783434 0.8497350845542678 0.20674186651116475 0.8354301060572928 0.23153716257258808 0.8634136507762957 0.26023823407925767
0 0.8805799805085237 0.31309953259246337 0.8584731555827078 0.2931600434436881 0.8366517935067201 0.33617026434708414 0.8587586184325361 0.3561097534958593
0 0.8187961280017625 0.47846441947565554 0.8068166170962767 0.4529081295439525 0.7788644249834764 0.4762016229712861 0.7908439358889623 0.5017579129029892
0 0.8830228698881585 0.48876296043332657 0.8682726991377103 0.4695643254882988 0.8421911906997924 0.505187849208382 0.8569413614502406 0.5243864841534097
0 0.9381121081488727 0.45509168670933386 0.9230068586686232 0.43360866522631236 0.89806902490726 0.46478095742801623 0.9131742743875095 0.48626397891103773
0 0.9178921568627451 0.5898692810457519 0.8832720588235294 0.5898692810457519 0.8832720588235294 0.6196895424836604 0.9178921568627451 0.6196895424836604
0 0.842462689823704 0.6563984891681698 0.8328733199511258 0.6336681309516883 0.8012651277128061 0.657374275130428 0.8108544975853843 0.6801046333469095
0 0.8941819105691059 0.7065000797066796 0.8808210784313728 0.6842320261437911 0.855227761836442 0.7115315638450505 0.8685885939741752 0.733799617407939
0 0.8379487257610226 0.8321193532661686 0.8176032187736975 0.8202946141624239 0.8045852629725926 0.8601142436716862 0.8249307699599178 0.8719389827754307
0 0.9078809908288544 0.86731252294156 0.8993510962641551 0.8393169715497266 0.8656002950216131 0.8575986555561036 0.8741301895863123 0.8855942069479371
0 0.9214178223102713 0.9770712689220767 0.9199808874326934 0.9473746147854651 0.8849826653459313 0.9503852145348639 0.8864196002235092 0.9800818686714755
0 0.8364374873660805 0.9702193248433396 0.820399358196887 0.9467985647867396 0.7952351172427734 0.9774332929047909 0.8112732464119669 1.0008540529613907
0 0.9557136915492643 0.7381730690762874 0.9375782449756291 0.7226974880001188 0.9196785765952237 0.7599884637926303 0.9378140231688588 0.7754640448687988
0 0.9341299019607843 0.23202614379084985 0.8982843137254902 0.23202614379084985 0.8982843137254902 0.26184640522875835 0.9341299019607843 0.26184640522875835
0 0.9741421568627451 0.18104575163398695 0.9635416666666666 0.15277777777777768 0.9292279411764707 0.17565359477124173 0.9398284313725491 0.203921568627451
0 0.9629289215686274 0.3415032679738564 0.9276960784313726 0.3415032679738564 0.9276960784313726 0.3713235294117649 0.9629289215686274 0.3713235294117649
0 1.0019814113764318 0.6707815634504627 0.9893503688604156 0.6441160292499838 0.958008760434867 0.6705089626609719 0.9706398029508833 0.6971744968614508
0 0.9630416757781181 0.9245009961853392 0.9417550477440046 0.8876041742595427 0.9226699741234782 0.9071786087421337 0.9439566021575918 0.9440754306679303