0 0.07996323529411767 0.9497549019607843 0.07082612456747409 0.9010236447520186 0.04559544405997698 0.9094338715878509 0.054732554786620556 0.9581651287966166
0 0.17987048030221267 0.9310494993104276 0.16695954758050008 0.9148475445223962 0.14382589044792232 0.9476202254602147 0.15673682316963491 0.9638221802482461
0 0.08011642156862753 0.7730800653594773 0.06510416666666674 0.7530637254901963 0.03921568627450987 0.7875816993464054 0.05422794117647066 0.8075980392156865
0 0.05330882352941182 0.6115196078431373 0.01501225490196084 0.6115196078431373 0.01501225490196084 0.6339869281045751 0.05330882352941182 0.6339869281045751
0 0.07573529411764705 0.05857843137254901 0.058272058823529406 0.012009803921568625 0.03707107843137255 0.026143790849673203 0.0545343137254902 0.0727124183006536
0 0.14913448428996523 0.1214329018778121 0.10882695908715476 0.09738981666911814 0.09977173212043038 0.12437794409935546 0.14007925732324086 0.14842102930804946
0 0.06285590159851472 0.2120352760041661 0.026947340714576846 0.20378043442165164 0.023462618303672533 0.2307289543993117 0.05937117918761041 0.23898379598182615
0 0.12243159227744803 0.22969829623779647 0.08799499932064642 0.2199290500089166 0.08355266370298661 0.2477676865462513 0.11798925665978822 0.2575369327751312
0 0.0940056126000696 0.37843233940519005 0.08500478593804385 0.34962969408670763 0.04824008005569093 0.37005453068801486 0.05724090671771667 0.3988571760064973
0 0.052083333333333384 0.5281862745098039 0.016544117647058872 0.5281862745098039 0.016544117647058872 0.553921568627451 0.052083333333333384 0.553921568627451
0 0.05367192050087364 0.7148494628874653 0.04730331489031257 0.69590694363554 0.01846728790526112 0.7131422701093638 0.02483589351582219 0.7320847893612892
0 0.1724372855863741 0.05473520860370828 0.16714611062485538 0.02439913882433425 0.13368045075906196 0.03477608761992912 0.1389716257205807 0.06511215739930315
0 0.2809559065084641 0.036126194893200424 0.2447256415706887 0.03488755335686622 0.24426809570740252 0.058679938247747664 0.2804983606451779 0.05991857978408186
0 0.2774694617523849 0.10903518498961524 0.26825518358151157 0.0849756808767792 0.23656075087126407 0.1065548691050328 0.2457750290421375 0.13061437321786884
0 0.2148095327161071 0.21863927075864795 0.2132430873780354 0.192531848457454 0.18053574768540165 0.19602063135800157 0.1821021930234733 0.22212805365919555
0 0.17162232160905597 0.25373542887945555 0.1479100338589044 0.24157528131527523 0.13556037750151606 0.2843874233542214 0.15927266525166767 0.2965475709184018
0 0.16760336306653809 0.3714742044358728 0.14794954472961946 0.35034106643918606 0.12599059169695623 0.3866465354531893 0.14564441003387485 0.40777967344987603
0 0.1756801470588235 0.4574918300653595 0.17275122549019606 0.4301552287581699 0.13800857843137251 0.43677287581699337 0.14093749999999997 0.46410947712418293
0 0.30330882352941174 0.16299019607843143 0.26378676470588236 0.16299019607843143 0.26378676470588236 0.1907679738562092 0.30330882352941174 0.1907679738562092
0 0.3217057309859811 0.30325885302656297 0.3208994108332168 0.2720811404530141 0.28532853907596295 0.273716582832658 0.2861348592287271 0.30489429540620683
0 0.2706209854631508 0.3150256366914583 0.24438915652467885 0.28543075276087454 0.22986287187288706 0.3083206558485464 0.25609470081135904 0.33791553977913014
0 0.2445380784492466 0.3873569330497316 0.23457329034622054 0.36327536180075193 0.2044767257404329 0.38541536334983706 0.21444151384345897 0.40949693459881675
0 0.3135068153655514 0.39686596447748873 0.3046687076317516 0.37256116820953916 0.27311256286901375 0.3929611001773696 0.2819506706028136 0.41726589644531925
0 0.2663363062002636 0.46098175031941974 0.26191913399531186 0.43565662967769625 0.23029202381311678 0.4454634855481443 0.23470919601806858 0.47078860618986773
0 0.144841958009619 0.5434740720187446 0.11175372271550134 0.5189642680971761 0.10085726507584171 0.5451157664323592 0.13394550036995936 0.5696255703539278
0 0.23134354522042888 0.5480108493332314 0.22505075664856322 0.5241305234707667 0.19004101965883882 0.5405314813398268 0.1963338082307045 0.5644118072022914
0 0.14037863856882962 0.6635250320059296 0.10820004548211042 0.6444562361026887 0.10070813119062062 0.6669319789771581 0.1328867242773398 0.6860007748803989
0 0.19308731031964532 0.7584468884235742 0.19200309078806208 0.7319437443182064 0.15687476168779974 0.7344985318891346 0.15795898121938295 0.7610016759945024
0 0.24318910256410262 0.6209778783308197 0.23013291855203621 0.5948655103066868 0.20156957013574664 0.6202551533433885 0.21462575414781304 0.6463675213675215
0 0.2773637128608184 0.6910396523298755 0.2700504220561802 0.6663369811675419 0.23374977237749506 0.6854425862615867 0.24106306318213327 0.7101452574239203
0 0.1565563725490197 0.8521241830065359 0.1188725490196079 0.8521241830065359 0.1188725490196079 0.877859477124183 0.1565563725490197 0.877859477124183
0 0.22985032291848495 0.8434415061771494 0.20939518240530638 0.8358049203855628 0.2001262764007681 0.8799425680262213 0.2205814169139467 0.887579153817808
0 0.2968831337844872 0.986273786800856 0.2955031016831511 0.9586731447741339 0.25841304442130836 0.9619700387529644 0.25979307652264444 0.9895706807796865
0 0.354779411764706 0.8570261437908496 0.3100490196078432 0.8570261437908496 0.3100490196078432 0.8843954248366013 0.354779411764706 0.8843954248366013
0 0.32959012813046007 0.777704976379991 0.32749102116093953 0.7497168834530512 0.2889972820811493 0.7548493819970232 0.29109638905066976 0.782837474923963
0 0.3094721855587513 0.5378416269387861 0.30565124995075055 0.5101853311094475 0.27274441675531563 0.5182677111925368 0.27656535236331636 0.5459240070218754
0 0.3836962669683258 0.14627325289089996 0.37238404977375567 0.12364881850175966 0.3462245475113122 0.1469017094017094 0.35753676470588236 0.1695261437908497
0 0.4025137494021999 0.3652957117806472 0.40025331779053086 0.3381705324406185 0.36265916427546635 0.3437400366650725 0.3649195958871354 0.3708652160051012
0 0.4429236221515634 0.08569599010775485 0.43124834393216754 0.06390213743154918 0.40131077768945417 0.09241410528175237 0.41298605590885007 0.11420795795795803
0 0.5035250865051903 0.09092176086120723 0.5020851355247982 0.06596261053440987 0.46525555074971164 0.06974000384467513 0.46669550173010377 0.09469915417147251
0 0.47556655354449473 0.18975238813474113 0.4392203996983409 0.18706008044243344 0.4379798265460031 0.21683383609854204 0.4743259803921569 0.21952614379084975
0 0.5125612745098039 0.24101307189542492 0.4883578431372549 0.24101307189542492 0.4883578431372549 0.28104575163398704 0.5125612745098039 0.28104575163398704
0 0.47636153085087246 0.37097499550278823 0.46942177100197874 0.340131618396594 0.43459648767763975 0.3540617317263296 0.4415362475265335 0.3849051088325238
0 0.3732432237600923 0.4758592848904268 0.3572570645905421 0.45854094579008076 0.3362370242214533 0.4930353710111496 0.3522231833910035 0.5103537101114957
0 0.45006127450980393 0.4665032679738562 0.4102328431372549 0.4665032679738562 0.4102328431372549 0.494281045751634 0.45006127450980393 0.494281045751634
0 0.382062957055036 0.5629503782691879 0.37291821446260526 0.5395804805329759 0.3398527408734668 0.5625825491167245 0.34899748346589754 0.5859524468529365
0 0.3662233275663207 0.6542435601691658 0.3343605824682815 0.6436226451364861 0.32933246828143026 0.6704392541330259 0.36119521337946947 0.6810601691657056
0 0.4074094187157876 0.8053075612322723 0.40667448663364897 0.7798299157181335 0.3684109537463435 0.781792148173893 0.36914588582848207 0.8072697936880316
0 0.37806372549019623 0.9297385620915033 0.3768382352941178 0.9297385620915033 0.3768382352941178 0.9317075163398691 0.37806372549019623 0.9317075163398691
0 0.4045980825958703 0.9291021747932213 0.367955383480826 0.9254148591590029 0.36662057522123903 0.9489964717450403 0.4032632743362833 0.9526837873792587
0 0.42438373915139826 0.7291968016714884 0.42259070636451296 0.702898987463838 0.3858787367405979 0.7073489231758278 0.3876717695274832 0.7336467373834781
0 0.5107230392156863 0.5089869281045751 0.4733455882352941 0.5089869281045751 0.4733455882352941 0.5355392156862745 0.5107230392156863 0.5355392156862745
0 0.45686323269360796 0.6351669093809054 0.42612520804077597 0.6069903867824761 0.41449524106724916 0.6295454742462857 0.44523326572008115 0.6577219968447149
0 0.5834441310770884 0.07866192138956048 0.559553787268332 0.07530889067955958 0.5566142895514371 0.11254252842689597 0.5805046333601934 0.11589555913689688
0 0.6968655731523379 0.05137003519356463 0.6913650075414782 0.024478381096028148 0.6602045625942683 0.035809451985922544 0.6657051282051282 0.06270110608345902
0 0.784668362207897 0.07322443817709753 0.7517060334407737 0.05324726922732578 0.7434906325543916 0.07734577849404617 0.7764529613215151 0.09732294744381792
0 0.8774956114474729 0.07547101379190284 0.8759839989103173 0.04775811727738339 0.8395235498836168 0.05129367597088161 0.8410351624207724 0.07900657248540106
0 0.9637573219488005 0.12430654558978488 0.9584986260046695 0.09425685448046443 0.917414357734664 0.10703862683113288 0.9226730536787949 0.1370883179404533
0 0.9377852434077081 0.18021748929456854 0.9000697261663286 0.17725940951093094 0.8986223799864774 0.21006592292089266 0.9363378972278568 0.21302400270453029
0 0.8300750444123457 0.15944378033460077 0.7953763427470903 0.15264011334141347 0.792313914346433 0.18040613084070786 0.8270126160116883 0.18720979783389516
0 0.7700090823131283 0.13385007133140914 0.7295990096546233 0.1300014929829801 0.7281589031551707 0.15688348097276145 0.7685689758136757 0.16073205932119047
0 0.6537422164811871 0.1086488694576931 0.6150604464758876 0.1074494347288466 0.6146116520932697 0.13318031266560687 0.6532934220985692 0.13437974739445335
0 0.5470079541250461 0.20834104081884328 0.5412851461339252 0.1816346035269454 0.5083472068072512 0.19418238993710696 0.5140700147983722 0.22088882722900482
0 0.614740255858441 0.23831300813008144 0.574893143232903 0.23240973218555727 0.5723263390722142 0.2632113821138212 0.6121734516977523 0.2691146580583454
0 0.6752168392337717 0.28337584713618996 0.6533869120284547 0.25310501474481684 0.6368004061732302 0.27436976584125844 0.6586303333785473 0.30464059823263157
0 0.7297274662460138 0.25594652509215926 0.7200168345885066 0.23166994594839102 0.6895810010855553 0.2533132053282675 0.6992916327430625 0.27758978447203575
0 0.8431010148979766 0.24312996243490154 0.834029897336293 0.2196517758046617 0.8019234771194399 0.24170467049906585 0.8109945946811233 0.26518285712930567
0 0.5692829387852701 0.34249003666507244 0.560538318986131 0.29730950103618686 0.5386893232902917 0.3048274350390563 0.5474339430894308 0.35000797066794187
0 0.6528382374353351 0.3922678491897634 0.6368571707949341 0.347094700819563 0.6177255701348682 0.35912715406488754 0.6337066367752693 0.4043003024350879
0 0.757710881382256 0.3563385750339741 0.7210978450786257 0.3514568368601567 0.7189016695787226 0.38073917685886255 0.7555147058823529 0.38562091503267987
0 0.8411458333333335 0.4140114379084969 0.8244485294117647 0.391748366013072 0.7991727941176471 0.42544934640522897 0.8158700980392157 0.4477124183006538
0 0.8082399983220672 0.3404265944356555 0.7894759905796058 0.30657779615513703 0.770705241142912 0.3250765057449223 0.7894692488853733 0.35892530402544076
0 0.9333541329375787 0.36501618996222335 0.9274431102716316 0.33874497811356963 0.8885141212448281 0.35431657372429093 0.8944251439107752 0.3805877855729447
0 0.9871323529411765 0.41544117647058826 0.9617034313725492 0.38153594771241855 0.9474571078431374 0.4005310457516343 0.9728860294117647 0.43443627450980393
0 0.5760842891860014 0.4508600035357974 0.5450304566719704 0.43375789287589617 0.5376559939680353 0.4575631759903531 0.5687098264820664 0.47466528665025426
0 0.6325480829274384 0.4917624162191417 0.6226426876483077 0.46754922775904434 0.5940505182964906 0.488343532742184 0.6039559135756213 0.5125567212022815
0 0.743109732340256 0.46876170369564946 0.708086423108985 0.44652468196150913 0.6972076492334458 0.47698524881301874 0.7322309584647169 0.49922227054715906
0 0.8330502028397565 0.5076431147171514 0.796340432724814 0.5047639170610775 0.7950262001352264 0.5345531890917287 0.831735970250169 0.5374323867478026
0 0.9454718548493223 0.5265988945913936 0.9420575486906173 0.5008019147256219 0.9049350654691407 0.5095366166600869 0.9083493716278458 0.5353335965258588
0 0.5831159292319549 0.5498660344778378 0.564410480349345 0.517251405656877 0.5480917940320233 0.5338900662157149 0.5667972429146332 0.5665046950366756
0 0.6283239904872842 0.6216891542095386 0.6189307901378374 0.5937504044522101 0.5869366991846243 0.6128733093897626 0.5963298995340711 0.6408120591470912
0 0.801149289353468 0.553900646246423 0.7682807390601464 0.5528050279033122 0.7677939109747586 0.5787691924573286 0.8006624612680802 0.5798648108004394
0 0.6994864497862013 0.5634213246529786 0.6619982472360261 0.5520612632741376 0.6571799520397551 0.580328595092261 0.6946681545899304 0.591688656471102
0 0.886043914607263 0.6185921607301698 0.8775144303283443 0.5912978110376301 0.8454268911706695 0.6091242216807828 0.8539563754495881 0.6364185713733225
0 0.5340073529411765 0.6262254901960784 0.5015318627450981 0.6262254901960784 0.5015318627450981 0.6564542483660131 0.5340073529411765 0.6564542483660131
0 0.4829665923670763 0.7087607069938264 0.4525165022108659 0.694354212726372 0.4461594133956725 0.7182414555470987 0.47660950355188286 0.7326479498145531
0 0.7027901892003428 0.6376616350803679 0.6698658045247241 0.6356198127749031 0.6689491669576628 0.6618967563639956 0.7018735516332814 0.6639385786694604
0 0.7914756343713957 0.6665417147251058 0.7589046280276818 0.6389057093425607 0.7467434400230681 0.6643862937331797 0.7793144463667819 0.6920222991157248
0 0.855631608445426 0.713585235004127 0.8185155674897945 0.7077631109326553 0.8159621143679314 0.7367022463137701 0.8530781553235629 0.7425243703852418
0 0.9203431372549019 0.7340686274509806 0.8863357843137255 0.7340686274509806 0.8863357843137255 0.7602124183006538 0.9203431372549019 0.7602124183006538
0 0.9813112745098039 0.7847222222222224 0.9436274509803921 0.7847222222222224 0.9436274509803921 0.8133169934640525 0.9813112745098039 0.8133169934640525
0 0.966030354449472 0.6450226244343892 0.9300575037707389 0.6390271493212671 0.9274934012066365 0.6663775766716945 0.9634662518853696 0.6723730517848167
0 0.4870476389995513 0.9525556135578941 0.485036398375324 0.9278843952340395 0.4508205518311949 0.9328432135737683 0.45283179245542216 0.9575144318976229
0 0.5851634757676656 0.7296537797508942 0.565679337772845 0.7118787766679 0.5480646503884572 0.746204834134912 0.5675487883832778 0.7639798372179061
0 0.5349264705882354 0.7598039215686274 0.49785539215686286 0.7598039215686274 0.49785539215686286 0.7851307189542484 0.5349264705882354 0.7851307189542484
0 0.48940311418685123 0.8466695501730104 0.46025266724336805 0.8233491926182239 0.45035863610149957 0.8453359284890427 0.4795090830449827 0.8686562860438293
0 0.5972495198006369 0.8491891354745346 0.5708243853805179 0.8175693165102895 0.5572233855304687 0.8377765162875056 0.5836485199505876 0.8693963352517506
0 0.57003253887762 0.9264565021410864 0.5624683062880325 0.9012423935091277 0.5258620689655172 0.920765720081136 0.5334263015551047 0.9459798287130947
0 0.6528535824773479 0.7407830201142783 0.626428821107331 0.7148763913201441 0.6142367074567051 0.7369847574066123 0.6406614688267221 0.7628913862007465
0 0.6889947620327643 0.7754758224691247 0.672099237638696 0.7569712005137166 0.649961312590535 0.7929052237802967 0.6668568369846034 0.8114098457357048
0 0.6646255630630631 0.8645722928811166 0.6529502848436672 0.8427784402049108 0.6211289414414415 0.8730844815403641 0.6328042196608373 0.8948783342165697
0 0.7015210495963092 0.9464628988850442 0.6937579880918981 0.9201879214854994 0.6596819570435488 0.9380864428442284 0.6674450185479597 0.9643614202437731
0 0.7426470588235294 0.7916666666666669 0.7123161764705882 0.7916666666666669 0.7123161764705882 0.8214869281045754 0.7426470588235294 0.8214869281045754
0 0.7447916666666666 0.8868464052287581 0.7107843137254902 0.8868464052287581 0.7107843137254902 0.9113562091503268 0.7447916666666666 0.9113562091503268
0 0.7925857843137255 0.9750816993464051 0.7629632665167978 0.9535380500395486 0.7535262114399899 0.9766064068939678 0.7831487292369176 0.9981500562008242
0 0.8168321468714874 0.8292171433329171 0.8076878044211313 0.806864306232047 0.7807914168852255 0.8264253153490695 0.7899357593355814 0.8487781524499397
0 0.8296568627450983 0.8991013071895428 0.8038458765859287 0.869603037293349 0.7909782295271052 0.8896193771626298 0.8167892156862748 0.9191176470588237
0 0.9413270926783611 0.9646907378367757 0.9060974785140344 0.9486210892705915 0.8997466585828381 0.9733730028485874 0.9349762727471648 0.9894426514147715
0 0.8942091515335825 0.8521917629681118 0.8934167463144785 0.8247217153725105 0.8604244504300983 0.8264136279819658 0.8612168556492021 0.8538836755775674
0 0.9842248862295636 0.9017009382549585 0.9518319147143097 0.8897035413974569 0.9458844246867801 0.9182514935295991 0.978277396202034 0.9302488903871005
0 0.5370710784313726 8.451963918135021e-17 0.49816176470588236 8.134296141395409e-17 0.49816176470588236 0.022467320261437992 0.5370710784313726 0.022467320261437995
0 0.9862466026014368 0.010993011065812656 0.9530916326926812 0.006572348411311921 0.9507589545719279 0.03767472335468859 0.9839139244806836 0.04209538600918933