0 0.14285412440838402 0.3626183231913455 0.13412778904665315 0.3335305386522425 0.10037398580121705 0.35153256704980845 0.10910032116294793 0.38062035158891144
0 0.1918563919902239 0.3585747282860264 0.1702547839249014 0.35788896295061934 0.16945196633894352 0.40284674776426155 0.19105357440426599 0.40353251309966864
0 0.15631352152990954 0.4861502899232095 0.15214529923393896 0.45677424707541703 0.11472442026881274 0.466213748075629 0.11889264256478331 0.4955897909234215
0 0.26981279580797835 0.45913905792201937 0.23647101081812033 0.4554344151453685 0.2346898242055443 0.4839334009465856 0.2680316091954023 0.4876380437232365
0 0.26524279266161915 0.37356015013266036 0.24073298874005056 0.3702921762764512 0.23727492234517578 0.41639972820811494 0.26178472626674437 0.4196677020643241
0 0.22699749470698835 0.27672526504558315 0.21085590763299678 0.25961794199280575 0.185256148188526 0.30255947396417604 0.20139773526251759 0.31966679701695344
0 0.3124253785672685 0.3445115835112923 0.2932858910891089 0.30410599883517764 0.27335590176664726 0.32088914773830324 0.29249538924480684 0.3612947324144179
0 0.2409926470588235 0.5229575163398692 0.21056985294117644 0.5094362745098039 0.20287990196078431 0.5401960784313726 0.23330269607843135 0.5537173202614379
0 0.2977941176470589 0.5220588235294119 0.27634803921568635 0.5077614379084968 0.2628063725490197 0.5438725490196079 0.2842524509803922 0.5581699346405229
0 0.37876048891172176 0.2963820389873563 0.359678161657676 0.2791170762336959 0.33854434240945275 0.32064317721266106 0.3576266696634985 0.33790813996632146
0 0.35624057315233787 0.49148441427853184 0.3435614630467571 0.46612619406737055 0.3111095399698341 0.49497234791352435 0.3237886500754148 0.5203305681246857
0 0.06552466829688001 0.5005798200727558 0.047474726033600534 0.4876660402421169 0.029866158357107292 0.5314206629534031 0.047916100620386766 0.5443344427840421
0 0.1598512403181913 0.6029469913706882 0.15191390168166907 0.5690810131881935 0.12162990196078431 0.5816993464052288 0.12956724059730654 0.6155653245877235
0 0.08481231329646936 0.6168356929481679 0.05460705858518452 0.6133836638383068 0.0525706990656879 0.6450603674749208 0.08277595377697274 0.6485123965847819
0 0.2432598039215687 0.6196895424836601 0.20986519607843143 0.6196895424836601 0.20986519607843143 0.6515522875816994 0.2432598039215687 0.6515522875816994
0 0.37789931482013595 0.6144375230901852 0.37339245275919153 0.5866452070476947 0.33187009974959975 0.5986156151225319 0.33637696181054416 0.6264079311650225
0 0.33076314183260863 0.6573634317540247 0.3087901503013657 0.6555323491264211 0.30669084267948427 0.7003175783932251 0.32866383421072726 0.7021486610208286
0 0.23774509803921576 0.7071078431372549 0.2040441176470589 0.7071078431372549 0.2040441176470589 0.738562091503268 0.23774509803921576 0.738562091503268
0 0.1877710735202033 0.6947378356477217 0.1763416700430955 0.6700648376653939 0.14800077043967244 0.6934044020446835 0.15943017391678022 0.7180774000270114
0 0.2545283357245337 0.7978040809819862 0.2452923242467719 0.7711222700462298 0.20989359158297463 0.7929061055316435 0.2191296030607365 0.8195879164673999
0 0.17617478025693037 0.8809584178498986 0.1684837728194726 0.8553217263917062 0.13367351250845166 0.873887198557584 0.1413645199459094 0.8995238900157765
0 0.10543180507497123 0.8753748558246829 0.09226138985005766 0.8477797001153403 0.06268382352941174 0.8728758169934642 0.0758542387543253 0.9004709727028066
0 0.3550857843137255 0.8672385620915033 0.3450980392156863 0.8406045751633988 0.31433823529411764 0.8611111111111113 0.3243259803921568 0.8877450980392158
0 0.4180002883506344 0.8098808150711265 0.4060247260668973 0.7832684544405996 0.37628856689734713 0.8070573817762398 0.38826412918108416 0.8336697424067667
0 0.4016544117647059 0.6797385620915033 0.37653186274509803 0.6797385620915033 0.37653186274509803 0.7177287581699346 0.4016544117647059 0.7177287581699346
0 0.16507849590533166 0.985258687884033 0.16440738659945134 0.945886941939054 0.14195630497940012 0.9465672777457221 0.14262741428528045 0.9859390236907012
0 0.234226272216807 0.969694746850616 0.22134800778696392 0.9496216243886524 0.19619833427480335 0.9783064509816959 0.20907659870464643 0.9983795734436595
0 0.308812964841109 0.941824430921794 0.28683865787694396 0.9301048005409059 0.27354842799188644 0.9744055668244309 0.29552273495605147 0.986125197205319
0 0.28369251706207355 0.857240548152963 0.25203035288701126 0.8550186418950639 0.2509275809771423 0.8829555302784099 0.28258974515220464 0.885177436536309
0 0.3152821939586645 0.7853404875463699 0.3062649046104928 0.7586225931814167 0.2730798530430883 0.7785336241218593 0.28209714239126005 0.8052515184868125
0 0.15754216194249723 0.24075696772664168 0.1469746901351214 0.2166027464526398 0.11601995072640456 0.2406786548816418 0.12658742253378036 0.26483287615564366
0 0.09843985671191553 0.22608722976370038 0.08717477375565612 0.20355706385118147 0.05663178733031675 0.2307063851181498 0.06789687028657618 0.25323655103066867
0 0.18289064221194096 0.09580395828743486 0.16141013989865613 0.0891945729602703 0.1535511676580745 0.13460196812807523 0.1750316699713593 0.1412113534552398
0 0.13032598039215684 0.09881045751633988 0.11834803921568626 0.07574183006535948 0.08603921568627451 0.1055653594771242 0.09801715686274509 0.1286339869281046
0 0.2963930842607313 0.12596493552375912 0.2737016428192899 0.1166556262144498 0.2637321144674085 0.15985691573926872 0.28642355590885 0.16916622504857803
0 0.316068339100346 0.05041330257593234 0.31431300461361017 0.01998750480584391 0.27612456747404845 0.023904267589388697 0.2778799019607843 0.054330065359477125
0 0.3557485077111499 0.1746205860553237 0.3384831418922936 0.156635829994015 0.3153937249551124 0.1960417682334709 0.33265909077396877 0.2140265242947796
0 0.381327586495349 0.09115500011153499 0.364088745566486 0.07607101429877988 0.34418561366526135 0.11650912355841091 0.36142445459412437 0.13159310937116603
0 0.428154229662461 0.9761262669940648 0.4139238722530231 0.9538320403859454 0.38293978657359506 0.9889912865469984 0.39717014398303296 1.011285513155118
0 0.46482931231598074 0.9105685804673307 0.46397675483931594 0.8821499979118377 0.4284943110630834 0.8840423949132368 0.4293468685397482 0.9124609774687297
0 0.49525122549019607 0.7967728758169936 0.4799325980392157 0.7763480392156865 0.4537377450980392 0.8112745098039218 0.4690563725490196 0.8316993464052289
0 0.4849937786930965 0.7103159279758583 0.4809016604453598 0.6816711002417012 0.4444949478697387 0.6909172494672557 0.44858706611747545 0.719562077201413
0 0.470766496935337 0.5712092503157985 0.45156673390926994 0.5508339915942579 0.42584175115737266 0.5939288344948722 0.44504151418343973 0.6143040932164129
0 0.4474859228077848 0.49465370410865706 0.44400990414753266 0.4708181475812135 0.4115202912019827 0.4792413805670968 0.4149963098622349 0.5030769370945404
0 0.48430651672433683 0.4538783160322952 0.4828395328719724 0.4284505959246444 0.45013336216839683 0.431805074971165 0.4516003460207613 0.4572327950788158
0 0.44364030471517335 0.36923527637445236 0.44317061412422815 0.34105384091774255 0.40681193504055124 0.34213113511281446 0.4072816256314964 0.37031257056952427
0 0.45955611226791604 0.24719474810573197 0.43693334634738845 0.2127219619411187 0.41964634305049453 0.23289013245416165 0.442269108971022 0.267362918618775
0 0.45266544117647056 0.13133169934640532 0.4378063725490196 0.11151960784313734 0.41161151960784315 0.14644607843137264 0.4264705882352941 0.16625816993464063
0 0.4521668147124622 0.029979273588630045 0.43865146729832877 0.004235754704566366 0.41054332806948274 0.030470017984822618 0.42405867548361625 0.0562135368688863
0 0.5169326877092301 0.26364976885062974 0.5145788498326159 0.235403714331261 0.47994380679100906 0.24053483181890645 0.48229764466762315 0.2687808863382752
0 0.5758728151894242 0.9093558690444506 0.5733941087747316 0.8820900984828322 0.5379760558069382 0.8878142282554049 0.5404547622216308 0.9150799988170234
0 0.6489604462474645 0.8923681541582151 0.6358519269776876 0.8717123056118998 0.6093866210277213 0.9015705995041694 0.6224951402974983 0.9222264480504847
0 0.7002759009009009 0.8275640346228583 0.6854607180710122 0.8068698109874582 0.658470786963434 0.8412206323971032 0.6732859697933227 0.8619148560325033
0 0.5834072853279242 0.8260226504394861 0.5756951487491548 0.8003155285102548 0.5432619168356998 0.8176132521974309 0.5509740534144691 0.843320374126662
0 0.5920958957610648 0.7601242609130647 0.5846706860284892 0.7367235999376751 0.5545869775137157 0.7536938970485729 0.5620121872462912 0.7770945580239625
0 0.5611331070889894 0.6516779788838613 0.5287439769402856 0.6506964900914763 0.5282792776377458 0.6779588491738117 0.5606684077864497 0.6789403379661966
0 0.5461630595634481 0.08094493772351707 0.5383747225305218 0.05378560858305585 0.5054895024047356 0.0705506227648292 0.5132778394376619 0.09770995190529043
0 0.5938070486815415 0.21330290736984464 0.5825733056914449 0.19137036153203682 0.5517892654019012 0.21940135756804416 0.5630230083919978 0.241333903405852
0 0.602751946366782 0.3231329296424453 0.582792675893887 0.3071655132641292 0.5625720876585928 0.35210015378700504 0.5825313581314878 0.3680675701653211
0 0.5548171191553545 0.39067998994469577 0.5437877073906485 0.3686211664152839 0.5128912141779788 0.39608471593765704 0.5239206259426847 0.4181435394670689
0 0.5928142467394197 0.4231453139325112 0.577549685032384 0.4046428148936801 0.5547311684854938 0.43810997249578576 0.5699957301925295 0.45661247153461687
0 0.5204091251885369 0.6058320764203117 0.5030165912518854 0.5903720462543992 0.48425716440422323 0.6278908999497236 0.5016496983408748 0.643350930115636
0 0.5787377450980392 0.5535130718954249 0.5440870098039216 0.5381127450980393 0.5357843137254902 0.5713235294117648 0.5704350490196078 0.5867238562091504
0 0.639851727432187 0.4725902608114599 0.6241621249138634 0.4532799807889078 0.5984855603583288 0.4903683518135689 0.6141751628766524 0.509678631836121
0 0.6634100092739799 0.5543620826709063 0.6428863606253313 0.5398748012718602 0.62570134472708 0.5831555820526411 0.6462249933757287 0.597642863451687
0 0.6296730033476805 0.7136788617886178 0.6290163199426112 0.6856603698389925 0.5916466403634624 0.687217439821457 0.5923033237685318 0.7152359317710824
0 0.7433479384904647 0.7125134300295461 0.7349226933924254 0.6877993777419644 0.7017064531291969 0.7079304324469515 0.7101316982272361 0.7326444847345331
0 0.7557195784793135 0.9527676902056668 0.7449590854067788 0.9333566046630553 0.7187541199242532 0.9591817880371384 0.729514612996788 0.9785928735797499
0 0.8068564104770647 0.8331625508894499 0.7857694931028328 0.8232839950024223 0.7749603986588133 0.8643031226361374 0.7960473160330451 0.8741816785231649
0 0.8286061882626382 0.922429295173425 0.8062041420286886 0.9142152115543101 0.7965657791297812 0.9609466680338611 0.8189678253637308 0.969160751652976
0 0.8747572586727 0.8034470839617899 0.8614276960784316 0.7805964052287582 0.8316907051282052 0.811434766214178 0.8450202677224737 0.8342854449472097
0 0.8553129225828263 0.7121717940049582 0.8461534398242057 0.6836756254225829 0.8128750422582826 0.7026918526031103 0.8220345250169033 0.7311880211854856
0 0.772671568627451 0.6041666666666669 0.7478553921568627 0.6041666666666669 0.7478553921568627 0.6486928104575165 0.772671568627451 0.6486928104575165
0 0.7244107574536663 0.5734768108156505 0.7080059763631479 0.5531661294654848 0.6824721326886918 0.5898301101262424 0.6988769137792102 0.610140791476408
0 0.7466704374057315 0.5141101055806937 0.7400980392156864 0.489281045751634 0.7049057315233785 0.5058421317244848 0.7114781297134238 0.5306711915535445
0 0.6959169103851672 0.3719619492575017 0.681522286447412 0.34911333983249343 0.6519987216274877 0.3821797324308086 0.666393345565243 0.4050283418558169
0 0.7071186881832379 0.24774061542020961 0.6936437185493665 0.22720732835907234 0.6678108190178726 0.2573457111458153 0.6812857886517438 0.27787899820695255
0 0.6565080488031174 0.20139662068823336 0.6399735959052392 0.18407481289045596 0.6187430413805901 0.22010242056864818 0.6352774942784686 0.23742422836642557
0 0.612107122260669 0.0935986159169551 0.5990433967704728 0.07216070742022307 0.5724920703575548 0.10092464436755101 0.5855557958477509 0.12236255286428305
0 0.6732350571444048 0.1232249575705053 0.6503688319250354 0.12162031018668988 0.6486423125880187 0.16535880005777648 0.6715085378073882 0.16696344744159186
0 0.6687113657569396 0.026477391749795354 0.6517183019113874 0.009106704263230816 0.6286554597346284 0.04921599500542003 0.6456485235801808 0.06658668249198457
0 0.7906604155423638 0.11698746776998274 0.7749291689152725 0.09470153504827016 0.746307227019248 0.13061926605504592 0.7620384736463394 0.1529051987767585
0 0.8340722318339101 0.1755094194540563 0.8004086554155515 0.17401326050212923 0.7996711170594766 0.2035147947451272 0.8333346934778351 0.20501095369705424
0 0.8042892156862745 0.288562091503268 0.7905024509803923 0.2517973856209151 0.770404411764706 0.2651960784313726 0.7841911764705882 0.3019607843137255
0 0.7680759803921569 0.4281045751633989 0.7512254901960784 0.40563725490196095 0.7290134803921569 0.4352532679738564 0.7458639705882353 0.4577205882352943
0 0.7777063936278994 0.35941358855222477 0.7627649155499344 0.3369210409079764 0.7361927730836157 0.36830147582058126 0.7511342511615808 0.3907940234648296
0 0.845549206943924 0.49445797427251165 0.8342153740477083 0.4667530494150953 0.8004714624703383 0.4912940760168188 0.8118052953665541 0.5189990008742351
0 0.8586827966847587 0.5842267289293107 0.842961529998533 0.5610585464443467 0.8165523690773067 0.5929172167620167 0.8322736357635323 0.6160853992469808
0 0.9058633367139958 0.9615421455938699 0.9028503211629478 0.9133338967771018 0.8753908891142663 0.9163849447825109 0.8784039046653143 0.9645931935992789
0 0.8514729169577572 0.390432831881763 0.8450133319361001 0.3612818840917207 0.8119687601881609 0.37429944265909065 0.818428345209818 0.40345039044913295
0 0.8580652308501256 0.2973665388877582 0.8522658847275936 0.2719598796842844 0.8196907439446367 0.28517877739331043 0.8254900900671688 0.3105854365967842
0 0.8782363921001926 0.10767430768068312 0.872524049359628 0.0630636310400847 0.8485269324492801 0.0685263893611395 0.8542392751898447 0.11313706600173791
0 0.9066879325259515 0.2763143983083431 0.8994719579008073 0.2526984813533258 0.8692740772779698 0.2691022683583239 0.8764900519031139 0.2927181853133412
0 0.8988970588235294 1.4452633181113986e-16 0.8627450980392157 1.4157477294064582e-16 0.8627450980392157 0.030637254901960925 0.8988970588235294 0.03063725490196093
0 0.9725588147793828 0.0708047499047221 0.9567953941790917 0.049186344510037276 0.9296484286892067 0.0843768553302585 0.9454118492894977 0.10599526072494332
0 0.9255514705882353 0.17524509803921573 0.918719362745098 0.14791666666666659 0.8841605392156862 0.1632761437908496 0.8909926470588235 0.19060457516339874
0 0.9664904306000073 0.29264383989993753 0.9587851322517749 0.26035497063115437 0.9210754423720706 0.2763530208831501 0.928780740720303 0.3086418901519333
0 0.9149533371040722 0.4089712166918051 0.9054581447963801 0.3625502765208648 0.8831118024132729 0.370676219205631 0.8926069947209652 0.4170971593765712
0 0.9498072094691534 0.48633030447951525 0.930416068866571 0.46564642117009397 0.9076996652319463 0.5035070938944683 0.9270908058345287 0.5241909772038896
0 0.9339340244294438 0.5996865959498554 0.9191176470588235 0.5759803921568627 0.8915742526518805 0.6065841637201327 0.9063906300225009 0.6302903675131253
0 0.9529582178914501 0.6858683690286969 0.9394247185416941 0.667361019490569 0.9141492286597432 0.7002191563371051 0.9276827280094991 0.7187265058752329
0 0.9891663766098155 0.7725760915806166 0.9559041072050121 0.7540970530223925 0.9470301804153612 0.7824936187492749 0.9802924498201647 0.8009726573074991
0 0.9526906224818694 0.8653107932670789 0.9436043681171099 0.838657780463784 0.9129041599516521 0.8572639672307282 0.9219904143164115 0.883916980034023
0 0.7684975205611997 0.0025327983152623364 0.7481875551381656 -0.0061327869318989064 0.7371883804319987 0.039697107677130014 0.7574983458550328 0.04836269292429126
0 0.5469830549075155 0.018918721879686715 0.5410699779203466 -0.002981563257975541 0.5081544568960729 0.012817886833675842 0.5140675338832417 0.0347181719713381
0 0.03715376818613998 0.2409940112061903 0.020853375087454933 0.2217440231658384 -0.006435785659185926 0.2628244802037924 0.009864607439499122 0.2820744682441442