0 0.14207768781669974 0.21740746860541976 0.12164367151354925 0.20037912168612768 0.10086885877946686 0.24469872218550345 0.12130287508261735 0.26172706910479554
0 0.16790043720190784 0.40761349584879003 0.15479680047694755 0.38315337396219756 0.1223378709591945 0.41406664016958145 0.1354415076841548 0.4385267620561739
0 0.2526411426639621 0.4336404101870634 0.25131423258958757 0.4035637818345729 0.21505345672751858 0.4064077642551273 0.21638036680189315 0.4364843926076178
0 0.11034749024044009 0.06999249548990037 0.0856602397746429 0.06842505101588149 0.08366535245319848 0.12428189601632511 0.10835260291899568 0.125849340490344
0 1.0002360575377691 0.9422077574199077 0.9919820797171329 0.9140830922532946 0.9558713034394085 0.9329234972677595 0.964125281260045 0.9610481624343724
0 0.8920154600301661 0.9086224233283057 0.8889658748114633 0.8760935143288086 0.8502780920060329 0.8825414781297135 0.8533276772247359 0.9150703871292106
0 0.9899473609360105 0.821491625923762 0.9831107527956294 0.7724959342510309 0.9596826217418488 0.7783075636597206 0.9665192298822299 0.8273032553324517
0 0.8398208018616006 0.8140529233742783 0.8383795395590142 0.7833059942524351 0.7999077306019684 0.786511978332189 0.8013489929045547 0.8172589074540322
0 0.9334370286576169 0.7991390145801912 0.9219739819004524 0.7723919054801408 0.8901348039215685 0.7966503267973857 0.901597850678733 0.8233974358974362
0 0.8509715484131797 0.9427144397277814 0.838068526379624 0.921823832625834 0.8094924954517889 0.9532014352132606 0.8223955174853446 0.974092042315208
0 0.8880967351311071 0.6806027121854286 0.86998480508593 0.6716169484420849 0.8572001187648457 0.7174287410926368 0.8753120488100228 0.7264145048359805
0 0.725857843137255 0.8838235294117647 0.7133578431372548 0.8616013071895424 0.6861029411764704 0.8888562091503268 0.6986029411764707 0.9110784313725491
0 0.7022592174787246 0.9636135919656683 0.683860790937997 0.9427166136724963 0.6630795750335111 0.975243734218648 0.6814780015742387 0.9961407125118199
0 0.617319985426603 0.966464626391097 0.6040921436142024 0.9417726550079492 0.5747342011128774 0.9697326002473061 0.5879620429252782 0.994424571630454
0 0.5580639430328344 0.8801267548439492 0.5442445469311985 0.8353782341338902 0.522240109061376 0.8474591019839889 0.5360595051630119 0.892207622694048
0 0.6420979449472096 0.8292640774258421 0.6378205128205128 0.8007478632478632 0.5972850678733032 0.8115573152337857 0.6015625 0.8400735294117647
0 0.6526803425650418 0.70758913811958 0.6327744716563668 0.696329251544976 0.6189655336842909 0.7397287708857864 0.6388714045929657 0.7509886574603902
0 0.7650122549019608 0.7320261437908498 0.7285539215686274 0.7320261437908498 0.7285539215686274 0.7573529411764708 0.7650122549019608 0.7573529411764708
0 0.7155462580959986 0.6742321740159111 0.7079770539437493 0.6459738118475143 0.6748084131842781 0.6617684026853579 0.6823776173365271 0.6900267648537546
0 0.8152997109448998 0.6127763987327303 0.8042723405297711 0.591334289592202 0.7748718032465624 0.6182147808225642 0.7858991736616912 0.6396568899630924
0 0.7420219232294214 0.5890886018657748 0.7372644403049279 0.5602553720203585 0.695259489717291 0.5725768241927319 0.7000169726417848 0.6014100540381483
0 0.8316839723302946 0.5356446667182834 0.8016742821264736 0.5347554907122442 0.8012407332133249 0.5607684255011647 0.831250423417146 0.5616576015072039
0 0.9195876980929356 0.5451081117378459 0.9124236167069566 0.519635822365476 0.8775391149610527 0.5370780732384278 0.8847031963470318 0.5625503626107977
0 0.9840457955279165 0.5372595745403883 0.967559023175995 0.5170358004553643 0.9383469050531826 0.559372203531904 0.954833677405104 0.5795959776169279
0 1.0071057873575069 0.6706027178021937 0.9878633820829283 0.6487191980781633 0.9615337528351352 0.6898781587413801 0.9807761581097136 0.7117616784654106
0 0.5610946213347725 0.7182909096360257 0.5546692300773521 0.6897336151586017 0.5215866162978954 0.7029666606703845 0.5280120075553157 0.7315239551478084
0 0.574643117382088 0.5840233615968909 0.5634232578166403 0.5630796237413885 0.5349637321144675 0.590183933933934 0.5461835916799151 0.6111276717894364
0 0.6309599726881555 0.6365683483204932 0.6148659529514829 0.6139802504444616 0.5895268094097035 0.6460764989307156 0.605620829146376 0.6686645968067473
0 0.46988421149334314 0.7746688055327848 0.4597964426039517 0.7470955705684483 0.42275848950824924 0.7711852961591492 0.4328462583976406 0.7987585311234856
0 0.38942672341142764 0.8185946776036107 0.38369869796055955 0.7911001554394442 0.34844566408225186 0.8041568346536323 0.35417368953311984 0.8316513568177988
0 0.4819293018931711 0.9051090263691683 0.47326107167004733 0.878141199008339 0.43709854631507783 0.8988054992111788 0.4457667765382015 0.9257733265720081
0 0.36013616830884815 0.9093124963124669 0.3359398047082424 0.9030682734477944 0.32998259484335357 0.944106830294806 0.3541789584439593 0.9503510531594784
0 0.4748774509803923 0.9742647058823529 0.4362745098039217 0.9742647058823529 0.4362745098039217 0.9995915032679739 0.4748774509803923 0.9995915032679739
0 0.33276499423298733 0.767266243752403 0.32382107843137253 0.7409052287581699 0.28798543829296425 0.7625203767781622 0.296929354094579 0.7888813917723954
0 0.2759518568342098 0.8551135977606565 0.25212995801231103 0.8408204584675172 0.23442786678080801 0.893271099153452 0.25824976560270685 0.9075642384465914
0 0.17703065389051553 0.9320305799544556 0.15447553455771448 0.8989497382663475 0.1354748913139917 0.9219808209860114 0.15803001064679273 0.9550616626741196
0 0.241897559196689 0.7773537327272314 0.22305405726304361 0.7639539091299726 0.20837361761313516 0.8006550082547437 0.22721711954678056 0.8140548318520026
0 0.365675461361015 0.7285707420222991 0.36080233564013836 0.6993319876970396 0.3266435986159169 0.7094530949634756 0.3315167243367935 0.7386918492887351
0 0.29302735062214125 0.6333968402477903 0.25615269048076006 0.6319920912900234 0.25550795868918535 0.662079574896843 0.29238261883056654 0.66348432385461
0 0.3705864123480487 0.6240203134996801 0.36465360496405863 0.5967733462546888 0.3308288406533439 0.6098668034072235 0.33676164803733394 0.6371137706522149
0 0.4894959922669216 0.6048153136192931 0.4886198663364903 0.5744429480310097 0.4474853918672343 0.5765524082602022 0.4483615177976656 0.6069247738484856
0 0.4308674483306836 0.6249558381911324 0.42165838632750385 0.601275393040099 0.3900725357710651 0.623112524288995 0.39928159777424477 0.6467929694400283
0 0.6551276030485187 0.4973244954916273 0.654486233361958 0.46568359095462997 0.6160024867611277 0.4670703926339392 0.6166438564476885 0.49871129717093654
0 0.7607230392156863 0.4460784313725492 0.7239583333333334 0.4460784313725492 0.7239583333333334 0.4779411764705884 0.7607230392156863 0.4779411764705884
0 0.5337269931557529 0.4967127574300161 0.5232640815760267 0.4716017696386731 0.49007179522752503 0.49618864841534105 0.5005347068072512 0.5212996362066841
0 0.5974899868483978 0.4239648095010362 0.5952146102343375 0.3966602901323131 0.5626643950263032 0.40148254423720703 0.5649397716403635 0.4287870636059302
0 0.46162909836065574 0.5010085181613629 0.45706866763098686 0.47516607735990574 0.42819230151076826 0.4842253294760526 0.43275273224043714 0.5100677702775098
0 0.35248049949906973 0.5283353609083538 0.32835757478173755 0.48778087877486775 0.30775390904537 0.5095686632317161 0.33187683376270216 0.5501231453652021
0 0.21309548655706828 0.5499070625338928 0.1992511933812827 0.5257682949453435 0.16736436659816767 0.5582803536261667 0.18120865977395328 0.582419121214716
0 0.13322912763831649 0.8354070396736191 0.12285539215686271 0.8100490196078431 0.08921880854252526 0.8345119895091795 0.09959254402397903 0.8598700095749554
0 0.1968137254901961 0.7227124183006537 0.17757352941176474 0.7098856209150327 0.16060049019607847 0.7551470588235296 0.17984068627450983 0.7679738562091504
0 0.04760067484568575 0.9479351115331702 0.025904909131466702 0.9416429619942595 0.01733050226653969 0.9942032223149654 0.03902626798075874 1.000495371853876
0 0.03827729125358008 0.732541125064258 0.03629282330909891 0.7014511272673863 -0.0013918263934787442 0.7057273995740618 0.0005926415510024228 0.7368173973709334
0 0.06737068965517246 0.6135519495154383 0.055633029073698485 0.5878408834798288 0.018971433400946636 0.6175952219968448 0.030709093982420606 0.6433062880324545
0 0.13267708565141065 0.6794150615269228 0.12986062173923793 0.6443657328421071 0.09913837066983162 0.6487546258520223 0.10195483458200431 0.683803954536838
0 0.17453751630835557 0.4841860160972136 0.16549583309698035 0.45921374818008215 0.13189293919110556 0.48084319713099005 0.14093462240248078 0.5058154650481216
0 0.06916975952005695 0.5210412888866294 0.0609971327554358 0.4921967238350253 0.02658384280678563 0.5095308254387898 0.03475646957140678 0.538375390490394
0 0.06622455095176757 0.40898424454940124 0.0566755671246601 0.3817014336148084 0.02267827751538574 0.40285530270502357 0.03222726134249323 0.43013811363961646
0 0.21158989331026531 0.19819540561322568 0.20973904267589394 0.16611399461745482 0.17565059111880046 0.169610246059208 0.17750144175317187 0.20169165705497885
0 0.22240171498398786 0.313076343240257 0.20690084414854767 0.29440862782553334 0.1808460096072813 0.3328705264340694 0.19634688044272153 0.35153824184879306
0 0.2951604633410587 0.27808694772468084 0.28696071533679135 0.25046674392083296 0.2508168018614575 0.2695426982550369 0.25901654986572487 0.29716290205888485
0 0.2837356640769515 0.19378930817610068 0.277746947835738 0.1658419657171045 0.243433222345542 0.1789138611419411 0.24942193858675546 0.2068612036009373
0 0.34987745098039214 0.104983660130719 0.3125 0.104983660130719 0.3125 0.13521241830065364 0.34987745098039214 0.13521241830065364
0 0.19446366782006913 0.06955978469819302 0.18988610149942325 0.04209438677431757 0.15387831603229526 0.052763360246059196 0.1584558823529412 0.08022875816993463
0 0.2790257295835389 0.022604754856276176 0.26732760904921143 -0.0030852353367566256 0.23614784916762604 0.022155522662622055 0.2478459697019535 0.04784551285565486
0 0.40158414966472805 0.16054285706719212 0.3678595830552642 0.15668862088325342 0.36588132011313435 0.18746159998305106 0.3996058867225982 0.19131583616698977
0 0.3602941176470588 0.29901960784313736 0.3244485294117647 0.29901960784313736 0.3244485294117647 0.329248366013072 0.3602941176470588 0.329248366013072
0 0.3261479524785786 0.41671594911423016 0.3140967513010566 0.375397545077012 0.2920231430373758 0.3868431197322539 0.3040743442148978 0.4281615237694721
0 0.41760946579671726 0.3697937551681562 0.4074625344071771 0.345337048742085 0.37454580402351584 0.3696160555498919 0.384692735413056 0.39407276197596314
0 0.42419709263015554 0.4244900833896778 0.38759508113590274 0.4216193373901286 0.3861699205544287 0.4539229772368718 0.4227719320486816 0.4567937232364211
0 0.4101884476889752 0.08505933458988568 0.40958080147410475 0.061158583471647876 0.37373486159169556 0.06277873894655903 0.37434250780656597 0.08667949006479685
0 0.46098085460599325 0.24478973979528917 0.4548534036256011 0.2161949685534591 0.4210657140214576 0.22906646935503763 0.42719316500184973 0.2576612405968677
0 0.5021968092510838 0.26574493894921064 0.4899736010022669 0.24317901602831812 0.4636640913972079 0.26851409935170834 0.47588729964602466 0.2910800222726009
0 0.4889620413616089 0.12560573227860528 0.4838996623327442 0.09725640971696262 0.44721582302448876 0.10890207298942466 0.4522782020533535 0.1372513955510673
0 0.5137989765073674 0.37715406600311085 0.5001124204077879 0.35383622968530903 0.46995178493437234 0.3853081971358297 0.4836383410339517 0.4086260334536316
0 0.5496305507497117 0.341472029988466 0.5477580738177623 0.3090157631680124 0.5087262110726644 0.3130190311418686 0.5105986880046136 0.3454752979623222
0 0.6654141792855757 0.16455016825211943 0.629126019219569 0.15362470070536474 0.6229767278198408 0.1899348023037599 0.6592648878858475 0.20086026985051458
0 0.6621323529411766 0.04387254901960797 0.627389705882353 0.028431372549019757 0.6187806372549021 0.06286764705882364 0.6535232843137256 0.07830882352941185
0 0.601314412960306 0.0827664195759606 0.5826921927307508 0.06812330623306247 0.5632952235772357 0.11197732344970514 0.581917443806791 0.1266204367926033
0 0.5615808823529411 0.15645424836601315 0.5254289215686274 0.15645424836601315 0.5254289215686274 0.18586601307189551 0.5615808823529411 0.18586601307189551
0 0.7060360828149572 0.24558742351920676 0.6889583681236867 0.2252568107915038 0.6631971986807498 0.26372682382628954 0.6802749133720203 0.2840574365539925
0 0.7225167803123099 0.060184366049365945 0.7156542336971808 0.03334418373241634 0.6788061649926052 0.05009330587085983 0.6856687116077345 0.07693348818780944
0 0.6010085438003824 0.21279961392031752 0.583368522887733 0.19982304681216156 0.5681711039019071 0.23655014269457408 0.5858111248145565 0.24952670980273006
0 0.742953431372549 0.11192810457516349 0.7287071078431373 0.0929330065359478 0.7018995098039216 0.1286764705882354 0.7161458333333334 0.14767156862745107
0 0.7899764540647719 0.15587133729896477 0.7781862745098038 0.1307189542483661 0.7442856356025555 0.15896948667107302 0.7560758151575235 0.1841218697216717
0 0.8268042694873351 0.2630119652936511 0.8230403333022346 0.23373690607620262 0.7877248837679403 0.24180900882689846 0.7914888199530408 0.2710840680443469
0 0.7871414129854277 0.3592021438925766 0.7478685053788052 0.35592940159202474 0.7464224746318762 0.3867780575265127 0.7856953822384987 0.39005079982706453
0 0.6742945296103658 0.3598626967896385 0.6683248357514371 0.3327064423725509 0.6297648353757052 0.347775867806745 0.6357345292346339 0.37493212222383265
0 0.8831423010380623 0.3960399846212997 0.8460784313725491 0.39223856209150343 0.844375360438293 0.4217584582852751 0.8814392301038062 0.4255598808150713
0 0.9072297854785479 0.31822704329256474 0.8736501407493692 0.3137497573286742 0.8713750970685306 0.3440836730731898 0.9049547417977092 0.3485609590370804
0 0.9081975286532951 0.2487809474315037 0.8968538436148098 0.22202148528943563 0.8605004143491207 0.2494182725621289 0.871844099387606 0.27617773470419693
0 0.9597327106518285 0.18243243243243235 0.9384936406995231 0.1427861685214625 0.9183806968733439 0.16194135311782365 0.9396197668256493 0.2015876170287935
0 0.8619862368024132 0.1179801407742584 0.8483102375565611 0.09453557063851181 0.8203125 0.1235702614379085 0.8339884992458522 0.14701483157365508
0 0.9373278895433337 0.030976163764161777 0.9273024554425152 0.0031277357063326573 0.8941552563808358 0.02434194310580755 0.9041806904816543 0.05219037116363667