0 0.033014096522586946 0.968136352146752 0.02745131892536022 0.941249593760156 -0.004327808471454842 0.9529384682049615 0.0012349691257718817 0.9798252265915575
0 0.22112855269743856 0.9815800163942751 0.2203301478749102 0.9496438234931414 0.18143341548606123 0.951372567154868 0.1822318203085896 0.9833087600560017
0 0.07264346105414643 0.9127338550098939 0.06929303831624394 0.8870472806859747 0.036051335671883435 0.8947555015890148 0.03940175840978592 0.920442075912934
0 0.1587655932320204 0.9162021721400921 0.14802801612736483 0.8941763729510551 0.11877993728247009 0.9195247079499639 0.1295175143871257 0.9415505071390011
0 0.14344834087481148 0.8516654097536452 0.13356900452488688 0.8286136249371544 0.10394042232277528 0.85118778280543 0.11381975867269989 0.8742395676219207
0 0.07009864589400125 0.7663317802368473 0.0475302125800816 0.7633226557949914 0.04430268394486515 0.8063563709312107 0.06687111725878479 0.8093654953730667
0 0.1267749517839923 0.7669639987142398 0.11728945676631312 0.7380558234222651 0.08467936354869819 0.7570783777992071 0.09416485856637738 0.7859865530911818
0 0.09639634206036195 0.6899853617148238 0.09144822872087494 0.6664818233522606 0.0589880352997119 0.6786306676736316 0.06393614863919891 0.7021342060361948
0 0.06946067728401405 0.625815923166938 0.06067246767702714 0.6018227159859579 0.0293769800496618 0.6222011730456376 0.038165189656648696 0.6461943802266177
0 0.15034299838915738 0.6612659464163381 0.14058767983113932 0.6336258771686202 0.1114623257234906 0.6519006091577332 0.12121764428150866 0.679540678405451
0 0.04232266435986159 0.5518118031526336 0.04081783448673587 0.5257280853517878 0.009189374279123407 0.5289720299884659 0.010694204152249127 0.5550557477893117
0 0.15422252866209107 0.5638655154437078 0.15308559770315508 0.5360738697808282 0.11656879709695349 0.5387296370976428 0.11770572805588946 0.5665212827605224
0 0.10855033633656809 0.4557020195199541 0.09735090740133373 0.43470309026638976 0.07143685409552471 0.4592734519193049 0.08263628303075905 0.48027238117286936
0 0.10371577876433591 0.34185010482180295 0.09812014428412874 0.3157371439141694 0.06562731224565298 0.32811536564311256 0.07122294672586016 0.3542283265507461
0 0.09872161160154998 0.19043534947411353 0.07193381624566617 0.16459747593936036 0.060885648836057446 0.1849607648904039 0.08767344419194127 0.2107986384251571
0 0.08475010975582478 0.2495231097763311 0.05172251979799339 0.24579117870764958 0.04999622495889402 0.2729515508428129 0.0830238149167254 0.2766834819114944
0 0.043092560553633225 0.15862072279892353 0.022139922145328738 0.1472390426758939 0.011177191464821245 0.18311707035755478 0.03212982987312574 0.19449875048058438
0 0.17170916531750316 0.22064445044072672 0.15767267563341497 0.1980301059496958 0.12851647363250168 0.2302024667782898 0.14255296331658987 0.2528168112693207
0 0.1055791086693997 0.0918631026154384 0.07198488694505356 0.08802376298979883 0.07018314821876888 0.1160508098431161 0.10377736994311501 0.11989014946875566
0 0.17875346108533408 0.11249154461502263 0.17130774854939326 0.08788832058321829 0.13887272418231453 0.10533874304971678 0.1463184367182553 0.12994196708152114
0 0.09160539215686274 1.3081909231087943e-17 0.05361519607843137 9.980271095992523e-18 0.05361519607843137 0.03186274509803923 0.09160539215686274 0.03186274509803923
0 0.15437633092729336 0.04775205803995317 0.14261188431649105 0.02474602911216202 0.11364520243922675 0.05107937627331138 0.12540964905002905 0.07408540520110254
0 0.2509337637494022 0.10928503108560499 0.25027588474414153 0.08121552686115097 0.21192103060736492 0.08281364578351666 0.21257890961262554 0.11088315000797067
0 0.2563485660101145 0.1576159687102594 0.2211808790258185 0.1553830996953835 0.22022017234495614 0.18228288675953044 0.2553878593292521 0.18451575577440635
0 0.23682598039215685 0.29534313725490197 0.19791666666666666 0.29534313725490197 0.19791666666666666 0.32516339869281047 0.23682598039215685 0.32516339869281047
0 0.16440162005583417 0.3173510059210581 0.14717089849379483 0.2950331189454643 0.12243951812140227 0.3289781508291403 0.1396702396834416 0.35129603780473406
0 0.21173417791611293 0.3848387967949764 0.17826335944603763 0.36874353982575986 0.1714301951458348 0.39400554117802494 0.20490101361591012 0.4101007981472415
0 0.16474148781134076 0.47148803214979684 0.14515848569157397 0.43493309485956544 0.12577007154213038 0.4533982511923689 0.14535307366189718 0.4899531884826003
0 0.20876941104909127 0.8538953294213062 0.17681497781594394 0.8384022708840227 0.1688179833977387 0.8677245837507753 0.20077241663088602 0.8832176422880588
0 0.25551470588235303 0.752450980392157 0.23069852941176472 0.7193627450980392 0.21522671568627452 0.7399918300653595 0.2400428921568628 0.7730800653594773
0 0.21691176470588241 0.6625816993464052 0.18137254901960792 0.6625816993464052 0.18137254901960792 0.690359477124183 0.21691176470588241 0.690359477124183
0 0.23869761606327372 0.4698242775802096 0.20941702374706084 0.4489095687829146 0.1999252438834801 0.47253355422115995 0.229205836199693 0.4934482630184549
0 0.2465377083816444 0.6193889404206712 0.2459601900878617 0.5893579891439712 0.21079759926309552 0.5905601290012282 0.2113751175568782 0.6205910802779281
0 0.2693587721871792 0.9539458135706483 0.24756888416214376 0.9524931543689794 0.24626546379150172 0.9872510309194337 0.2680553518165371 0.9887036901211026
0 0.2835740604394173 0.8654212312601899 0.269851638041127 0.8441736094821919 0.24225611822043838 0.8758573544615011 0.2559785406187287 0.8971049762394989
0 0.3458946078431374 0.9215686274509806 0.3295036764705883 0.8997140522875818 0.302389705882353 0.9358660130718957 0.3187806372549021 0.9577205882352943
0 0.305738674780257 0.7700867703403199 0.2867752704530089 0.7599729546991211 0.2755134381338743 0.797512395762903 0.29447684246112243 0.8076262114041018
0 0.3636260146203121 0.8192427428161623 0.34848807821133443 0.8009811052434272 0.3259949085619285 0.8341289342004465 0.3411328449709061 0.8523905717731817
0 0.3226691699811597 0.5911703649431302 0.28823333158886333 0.5768220989463401 0.28124454853115627 0.6066409066592237 0.3156803869234526 0.6209891726560138
0 0.35242183763749413 0.7047614777618365 0.31469317910090877 0.6991720468675275 0.3124028574844573 0.726655906264945 0.3501315160210427 0.732245337159254
0 0.3122549019607843 0.49730392156862746 0.3026960784313726 0.47181372549019607 0.269607843137255 0.49387254901960786 0.2791666666666667 0.5193627450980393
0 0.2838708346032714 0.4145860848657254 0.2524589175048258 0.3901545937891565 0.24160253479630195 0.4149691828372109 0.2730144518947476 0.4394006739137798
0 0.31363122171945695 0.22407616892911011 0.3025075414781297 0.20182880844645557 0.2751461161387632 0.22615007541478135 0.2862697963800905 0.2483974358974359
0 0.33374007610772943 0.3512847388848197 0.3316438774951801 0.32445339664418793 0.29534326880172423 0.3294951478516123 0.2974394674142736 0.3563264900922441
0 0.339654425306034 0.14118008160907095 0.30433694886794505 0.12065368504676278 0.2962165529195104 0.14549254324197455 0.3315340293575994 0.16601893980428273
0 0.39056372549019597 0.24689542483660135 0.3880090497737556 0.2196455505279035 0.3559577677224735 0.2249874308697838 0.3585124434389139 0.2522373051784817
0 0.3795095221121389 0.12905272425937436 0.37787636030173416 0.10001873651884619 0.3411268873615325 0.10369368381286637 0.3427600491719373 0.13272767155339454
0 0.3365851368066278 0.058077789399700035 0.333453962660424 0.029688477140785766 0.2977850380202885 0.03668238393296919 0.3009162121664923 0.06507169619188345
0 0.4468996361431171 0.15848409810659667 0.43193475843945833 0.1402659861195338 0.41031180513442495 0.17184236237450318 0.4252766828380838 0.19006047436156603
0 0.5331589366515838 0.02281297134238314 0.5209040346907994 -0.0016968325791854883 0.4918457767722474 0.024132730015082964 0.5041006787330317 0.04864253393665159
0 0.49509886058981234 0.08607891324536972 0.48765310413709717 0.06055060540748922 0.4577731561793617 0.0760439117559446 0.4652189126320769 0.10157221959382509
0 0.5060073860625331 0.16059993817346763 0.4868798025967143 0.14238319201554506 0.4653509207737148 0.1825704380851441 0.4844785042395336 0.20078718424306666
0 0.4580190755927036 0.23755037761306494 0.4450182016506335 0.21842265503162844 0.4198434132366083 0.2488421910319088 0.43284428717867846 0.26796991361334527
0 0.46137202449073017 0.344237176063681 0.46022163729304955 0.31969558251316094 0.4231422140840772 0.32278553444724195 0.42429260128175783 0.34732712799776194
0 0.40407743845713473 0.3837319903630553 0.38705363532274223 0.3657298077381805 0.3641960068699013 0.40415712513715946 0.3812198100042938 0.42215930776203425
0 0.404949380229799 0.5160809812247616 0.3987194798301486 0.48783876607968024 0.36317343418259024 0.5017783918238209 0.36940333458224056 0.5300206069689023
0 0.3838503800396563 0.5877533597708748 0.36877271976206216 0.5555876845120072 0.3452267845340383 0.5752092972020271 0.3603044448116326 0.6073749724608947
0 0.4019607843137255 0.6642156862745098 0.36795343137254904 0.6642156862745098 0.36795343137254904 0.693218954248366 0.4019607843137255 0.693218954248366
0 0.42995543396592256 0.7961182206710457 0.4267686292687656 0.772323412265607 0.39115064289003604 0.7808038852129235 0.3943374475871931 0.8045986936183622
0 0.447422848931905 0.8773302585144811 0.44658203736766267 0.8493032063730708 0.4091541768464574 0.8512993589342018 0.4099949884106997 0.8793264110756122
0 0.4542734623645145 0.9776548578190263 0.4501249137566491 0.9524562662749548 0.4147223659611404 0.9628179875809573 0.4188709145690058 0.9880165791250287
0 0.6170171517777236 0.06532472947685308 0.5812936040598813 0.03774865755430814 0.5692535442600277 0.06547728012366781 0.6049770919778701 0.09305335204621276
0 0.6125829008073818 0.1438389081122646 0.5764669838523645 0.13180026912725884 0.5711865628604382 0.15996251441753181 0.6073024798154556 0.17200115340253758
0 0.5725753622031241 0.2316710782700709 0.5378022291098078 0.2306407632154541 0.5373650509068386 0.25687145539360867 0.5721381840001548 0.2579017704482255
0 0.5567651396841922 0.3593050494534097 0.5516473624848168 0.3331475215454914 0.5156038521603331 0.34568439470183354 0.5207216293597084 0.3718419226097519
0 0.5078874188337652 0.43804790540468497 0.5028479152672488 0.4157900979859046 0.4685234942264018 0.42960621714700026 0.47356299779291816 0.4518640245657806
0 0.46169292327175876 0.5376233678326565 0.4282886261408796 0.5319375300231451 0.4256364906764488 0.5596376115405332 0.459040787807328 0.5653234493500444
0 0.4655330882352942 0.6803513071895426 0.451593137254902 0.6617647058823531 0.42693014705882354 0.6946486928104577 0.4408700980392157 0.7132352941176472
0 0.49517722473604825 0.7637795374560081 0.4877281297134238 0.7356385118149822 0.4532890271493212 0.7518451483157363 0.4607381221719456 0.7799861739567623
0 0.5143138363942862 0.8501049892053353 0.502052002927868 0.8292457782509687 0.4745947841806406 0.8579398086534766 0.4868566176470588 0.8787990196078432
0 0.554524973662873 0.9095556423595699 0.516520166397377 0.9024436316432198 0.5135912707219924 0.9302681405593731 0.5515960779874884 0.9373801512757232
0 0.5606801415731916 0.7948677158120784 0.5263894557375324 0.7900037887431905 0.5244324565099093 0.8145315123960657 0.5587231423455685 0.8193954394649535
0 0.5618515217953307 0.7072209461878057 0.5586635072385953 0.6808666925187926 0.5248537739132164 0.6881376029113472 0.528041788469952 0.7144918565803604
0 0.5125612745098039 0.6045751633986928 0.4797794117647059 0.6045751633986928 0.4797794117647059 0.6339869281045751 0.5125612745098039 0.6339869281045751
0 0.5465287017913174 0.5214062217279439 0.5375621847320967 0.49525388030521683 0.5074565823966318 0.5136039617287383 0.5164230994558525 0.5397563031514654
0 0.6244601465121364 0.8837864761765923 0.6124216415190611 0.8629197341885951 0.5873104818135433 0.888674769783998 0.5993489868066185 0.9095415117719952
0 0.6311625206521402 0.7801729064704844 0.6227068331307086 0.7542421314047612 0.5888967470931139 0.7738421812816276 0.5973524346145453 0.799772956347351
0 0.7051430421140178 0.07308321571987837 0.7013844258783204 0.049567770552951265 0.6677927629920862 0.05911294252062437 0.6715513792277835 0.08262838768755149
0 0.6991327917629934 0.18148314638810398 0.696133284099666 0.1514880697548306 0.6617366105830979 0.1576030339355538 0.6647361182464253 0.1875981105688272
0 0.6427045625942683 0.2753996983408748 0.6414413650075413 0.24508295625942686 0.6072162518853694 0.24761814982403219 0.6084794494720964 0.27793489190548015
0 0.6209349593495933 0.3404471544715447 0.6077534672405547 0.31847800095648027 0.580142575322812 0.3479296190020724 0.5933240674318507 0.3698987725171369
0 0.6078453762747487 0.46766507049429606 0.5745959315516707 0.4428388184343977 0.5631911107926727 0.46999315357486887 0.5964405555157508 0.49481940563476723
0 0.6005415533265329 0.5823486909214555 0.5826506361215007 0.5648553496543128 0.5603359118213761 0.6054275756545394 0.5782268290264083 0.622920916921682
0 0.6234681372549019 0.7030228758169936 0.5919117647058824 0.7030228758169936 0.5919117647058824 0.7283496732026146 0.6234681372549019 0.7283496732026146
0 0.7018167064122948 0.8330794029323441 0.6983389639639641 0.8052574633456985 0.6656978669846317 0.8125110404522168 0.6691756094329624 0.8403329800388624
0 0.6718717036461065 0.6976334313825951 0.6415888538784711 0.6962166898729981 0.6409293947366834 0.7212761372609297 0.6712122445043188 0.7226928787705267
0 0.6904116573636753 0.5687765373789417 0.6879696221554314 0.540557463861457 0.6528392013739802 0.5459621439816802 0.6552812365822241 0.574181217499165
0 0.7290016020767871 0.6563674340117055 0.7126558083026433 0.6338215115646106 0.6879805878411099 0.6656251290483647 0.7043263816152537 0.6881710514954595
0 0.6606083496343905 0.6280816760591806 0.6444746693214103 0.6080042072252497 0.6226414407805879 0.639194533712139 0.6387751210935682 0.6592720025460699
0 0.6862664767290748 0.8972569727089672 0.6492456050154951 0.894588801774655 0.6481839002899048 0.9207775183392125 0.6852047720034846 0.9234456892735247
0 0.752150870707399 0.9750769598815586 0.7417749972917345 0.950701892174918 0.713980405698191 0.9717356371646265 0.7243562791138555 0.9961107048712673
0 0.8429703968301316 0.9607938425539249 0.8394359265004178 0.9315755544949554 0.8009737426918031 0.9398469918731521 0.804508213021517 0.9690652799321217
0 0.7786307005471166 0.8835026789456398 0.7778337071397017 0.8579988899083609 0.7406612124919291 0.8600640284999038 0.741458205899344 0.8855678175371826
0 0.7881453950193216 0.686659749057774 0.7550500035780734 0.6815681503745051 0.7527005510233289 0.7087173798959974 0.7857959424645771 0.7138089785792663
0 0.7639187061685987 0.8100221840561044 0.757594461142121 0.786833285625686 0.7250004472591955 0.8026364438719529 0.7313246922856733 0.8258253423023713
0 0.8456495098039215 0.7943627450980394 0.8126142156862746 0.78151568627451 0.8072441176470587 0.8060647058823531 0.8402794117647058 0.8189117647058825
0 0.913909612625538 0.8411075243105373 0.9133109158297466 0.8155631276901002 0.8808575442372071 0.8169153515064561 0.8814562410329986 0.8424597481268931
0 0.9509109592845637 0.9352607898683555 0.9405515747375437 0.9059092003184656 0.9066605218574683 0.9271741746745915 0.9170199064044882 0.9565257642244814
0 0.913736508010144 0.7537171913981158 0.905291450176285 0.7298723222201606 0.87660106234923 0.7479366404816398 0.8850461201830889 0.7717815096595948
0 0.9919469200489667 0.7870008337026954 0.9755327386605879 0.7679698987596476 0.9529488934971189 0.8025984613436334 0.9693630748854977 0.8216293962866812
0 0.8570169878296144 0.6565190443993688 0.8558886916835698 0.6309443317556906 0.8203103870858689 0.6337347870182555 0.8214386832319135 0.6593094996619336
0 0.9400051959619953 0.6295473157592412 0.9393949979041497 0.6059529908558832 0.9035814296027198 0.6075995916973281 0.9041916276605653 0.6311939166006862
0 0.8584598471741639 0.5628234332948866 0.8562874855824683 0.5348241061130335 0.8231001297577855 0.5394016724336794 0.8252724913494811 0.5674009996155325
0 0.7898272097401394 0.5503931513143907 0.7892871196222454 0.5255490058912687 0.7530945234862045 0.5269477535680239 0.7536346136040986 0.5517918989911459
0 0.698905510480054 0.4857561415370747 0.6701878380662609 0.4835037750732478 0.668770072684246 0.5156397903989183 0.6974877450980392 0.5178921568627451
0 0.6856704649405402 0.42827775126277706 0.6499438834864576 0.42059461546620014 0.6465616672632543 0.44855426957801386 0.6822882487173368 0.4562374053745908
0 0.7421174534693991 0.3965079002922281 0.7231975441798721 0.3824392497948876 0.7063302013330014 0.4227657706241878 0.7252501106225282 0.4368344211215283
0 0.8032027714932127 0.41247171945701366 0.7679699283559577 0.4030762946204124 0.7640460030165911 0.4292357968828558 0.7992788461538461 0.4386312217194572
0 0.8810730785426001 0.4252738980519275 0.846896649664728 0.421368020465885 0.8452848420567578 0.4464405832565334 0.8794612709346299 0.4503464608425759
0 0.9254628247237983 0.4881328588965199 0.9097281837862049 0.4699506071464121 0.8882471135662388 0.5029984074848216 0.9039817545038321 0.5211806592349294
0 1.0001441753171858 0.5233323721645523 0.977076124567474 0.5156430219146484 0.9697231833910034 0.5548587081891581 0.9927912341407151 0.5625480584390621
0 0.9823597465131256 0.4416441057840596 0.9663029915942177 0.418937583676513 0.9419328691934855 0.44957430898029044 0.9579896241123934 0.4722808310878371
0 0.9265116869918699 0.38693109357564176 0.924228837876614 0.3595369041925714 0.8899636836441893 0.3646132233381157 0.8922465327594452 0.39200741272118605
0 0.9007352941176471 0.292075163398693 0.8639705882352942 0.292075163398693 0.8639705882352942 0.31862745098039236 0.9007352941176471 0.31862745098039236
0 0.8197775229522049 0.30481972433482796 0.7906787326873772 0.28583327962302557 0.7819104129964621 0.30972377385334493 0.8110092032612898 0.3287102185651473
0 0.7304982088989443 0.3127985168426345 0.7260322398190046 0.2830253896430367 0.6881480957767723 0.29312782805429866 0.6926140648567118 0.32290095525389645
0 0.7680603690520793 0.19712959493776278 0.7569021637317346 0.16985398193247578 0.7272581803422005 0.19141324257940975 0.7384163856625452 0.21868885558469678
0 0.8278186274509803 0.23651960784313736 0.7931985294117647 0.23651960784313736 0.7931985294117647 0.2622549019607844 0.8278186274509803 0.2622549019607844
0 0.9996936274509803 0.22794117647058842 0.9647671568627451 0.22794117647058842 0.9647671568627451 0.2565359477124185 0.9996936274509803 0.2565359477124185
0 0.9404187589670016 0.20173959827833582 0.9124028574844573 0.18449904351984706 0.902888868962219 0.21198389925075736 0.9309047704447634 0.22922445400924615
0 0.8878982843137252 0.21352124183006546 0.874629901960784 0.187967320261438 0.8455551470588232 0.21480555555555575 0.8588235294117643 0.24035947712418324
0 0.7869975296901094 0.06451503577245836 0.7516023187666232 0.04759657017381093 0.7441689668769714 0.07524342281602449 0.7795641778004576 0.09216188841467192
0 0.8737921091648854 0.12301019469921609 0.852237561202676 0.08628763150434068 0.8336339591522425 0.10570008581783635 0.855188507114452 0.14242264901271176
0 0.991333929714319 0.10239546362560852 0.9786417423052307 0.07737897829755051 0.9478986661430151 0.1051080273850391 0.9605908535521033 0.1301245127130971
0 0.8988452924273156 0.061735125084516576 0.8975511325219742 0.03240083389677711 0.8625475405679512 0.03514621365787695 0.8638417004732927 0.06448050484561642