0 0.08937111429937829 0.07531284871672246 0.061760222381635574 0.04586123067113023 0.04753258010521281 0.06957396779850152 0.07514347202295552 0.09902558584409374
0 0.08719002306805074 0.15945790080738179 0.06831206747404843 0.14435553633217993 0.048605103806228366 0.18814878892733566 0.06748305940023068 0.20325115340253752
0 0.16956894272231715 0.09529160903642234 0.15035455312830526 0.08045944864806229 0.1303716896509641 0.12648058877769644 0.14958607924497602 0.1413127491660565
0 0.17359068627450985 0.22557189542483663 0.16292892156862743 0.19714052287581701 0.1292279411764706 0.21960784313725495 0.13988970588235297 0.24803921568627457
0 0.24609533468559833 0.030499211178724357 0.22023326572008112 -0.008293892269551503 0.20058950304259632 0.014987604237097156 0.22645157200811353 0.05378070768537301
0 0.2817278589288065 0.11455399833311405 0.2503717594420319 0.09190792648155464 0.23819334780892226 0.12188555511690141 0.2695494472956968 0.14453162696846084
0 0.25279299050548987 0.22133266441533034 0.23254311869021727 0.19757281481874386 0.20693158913700735 0.2363781626266377 0.22718146095227992 0.26013801222322414
0 0.3271335808548865 0.15017680880306422 0.30737144066591693 0.13545207689755756 0.2905451856088513 0.17559893106880198 0.3103073257978208 0.1903236629743086
0 0.32972447599729543 0.2650129592066712 0.30310175794455707 0.23346010818120352 0.28802400270453005 0.25607674104124406 0.3146467207572684 0.28762959206671174
0 0.07433534719620336 0.31386599225677536 0.055402694517297374 0.30009679030848013 0.036938382040714375 0.34523177636234964 0.055871034719620356 0.3590009783106449
0 0.1795343137254902 0.31086601307189543 0.14552696078431376 0.31086601307189543 0.14552696078431376 0.34191176470588236 0.1795343137254902 0.34191176470588236
0 0.2721488743856863 0.3503358096011657 0.264931116442388 0.3258756299044325 0.23044591643965012 0.34396622662718024 0.23766367438294841 0.3684264063239135
0 0.3711750256871307 0.32388260981248396 0.3685554734994434 0.2976870879356109 0.33171049533350455 0.3042373062762222 0.33433004752119183 0.33043282815309527
0 0.1007567729048915 0.39129262321773306 0.08134082147093719 0.3777322761844951 0.0638367001604913 0.42228822133835736 0.08325265159444561 0.43584856837159536
0 0.24653250877028124 0.38764186452003596 0.21234700949069726 0.38581863789179144 0.21151158146964857 0.413666238593414 0.24569708074923255 0.41548946522165847
0 0.3397671568627451 0.42892156862745096 0.31464460784313725 0.39542483660130723 0.2987132352941176 0.41666666666666674 0.3238357843137255 0.45016339869281047
0 0.3956673949874998 0.39073939199845736 0.39251036953242835 0.36488185017596786 0.35611870209095237 0.37278081675241226 0.3592757275460237 0.39863835857490176
0 0.039828431372549065 0.46119281045751637 0.015012254901960828 0.46119281045751637 0.01501225490196083 0.508578431372549 0.03982843137254907 0.508578431372549
0 0.13078950665179515 0.4705841941063318 0.11309971226742965 0.4513656520591199 0.08860051646379904 0.4914552451923336 0.10629031084816454 0.5106737872395455
0 0.1739722118518173 0.5204314801419709 0.15869903594123094 0.500632918776396 0.1310173464467104 0.5385963786545956 0.14629052235729678 0.5583949400201705
0 0.23154433576330988 0.5320208120602669 0.21721975293083606 0.5107175863094083 0.19124473289645452 0.5417681849711978 0.20556931572892836 0.5630714107220562
0 0.302456007670607 0.5645944564904837 0.26896176499731883 0.5635052128263116 0.2684300756568978 0.5925708967693301 0.3019243183301859 0.593660140433502
0 0.1151279047775383 0.6359280062425359 0.11334773232272768 0.6055463963471015 0.0740654336230974 0.6096383024616463 0.07584560607790798 0.6400199123570807
0 0.0544291214339814 0.7150498611461754 0.04207954641083906 0.6882924485960336 0.007874957923083428 0.7163577519706023 0.02022453294622577 0.7431151645207441
0 0.14252651880424302 0.7439247830279654 0.13761652201864352 0.7161014679095682 0.09951884442301512 0.7280536804885889 0.1044288412086146 0.7558769956069861
0 0.24044618776878782 0.6670991568870424 0.23086823019170497 0.6407597735500645 0.19298281580290114 0.6652513545690892 0.202560773379984 0.6915907379060671
0 0.29961908732565196 0.7079054645913349 0.2646951435213261 0.7057888619365271 0.26364589650293113 0.7365667744761135 0.298569840307257 0.7386833771309212
0 0.36437340238162036 0.6863011367769153 0.3395202079241872 0.6836501293681224 0.3365977352785312 0.732358006795723 0.3614509297359644 0.7350090142045159
0 0.20220588235294124 0.8141339869281046 0.1776960784313726 0.8141339869281046 0.1776960784313726 0.8627450980392157 0.20220588235294124 0.8627450980392157
0 0.06623262615520033 0.7911904267110004 0.051839610532492364 0.769979666845957 0.025992005280915408 0.8011609049272245 0.04038502090362337 0.8223716647922678
0 0.1308210784313725 0.9040032679738562 0.12187499999999998 0.8801470588235296 0.08780637254901962 0.9028594771241831 0.09675245098039215 0.9267156862745097
0 0.2757105882352942 0.8366517647058825 0.2589719607843137 0.8125716339869282 0.23361627450980393 0.8439054901960785 0.2503549019607844 0.8679856209150327
0 0.3329094230629055 0.8294694705639382 0.3083966579196735 0.8136228345117478 0.29433222173627827 0.8523000340160848 0.31884498687951024 0.8681466700682753
0 0.24134454438435785 0.9690983335172719 0.23515616377883236 0.9431660719322127 0.1999250450649303 0.9581126071441712 0.2061134256704558 0.9840448687292305
0 0.3295969925967975 0.9734772779236345 0.3222019205752265 0.9468550186459788 0.2874073860545424 0.9640375048290325 0.29480245807611344 0.9906597641066882
0 0.40455504498747247 0.56644802687414 0.3985818105048538 0.540717170641321 0.3606778361887952 0.5563600806765197 0.3666510706714139 0.5820909369093387
0 0.416496983408748 0.8786890397184515 0.40605203619909497 0.8543174962292611 0.37259615384615385 0.8798076923076925 0.3830411010558069 0.9041792357968829
0 0.41774232503220265 0.8018403225036973 0.4105951230857306 0.7756339153666332 0.37295826177186203 0.7938820905491148 0.38010546371833404 0.8200884976861791
0 0.44147709640714433 0.7033308047720847 0.42595446003723886 0.6768848316974309 0.40562432475921206 0.6980988859005893 0.42114696112911754 0.724544858975243
0 0.48004149679673846 0.6183192583964279 0.4460487041351194 0.5896937487866434 0.4338835905649388 0.6153756552125801 0.467876383226558 0.6440011648223646
0 0.5197062196438208 0.6828416381843257 0.5139183081489477 0.6384676500569647 0.49076160280626013 0.6438373208610662 0.4965495143011332 0.6882113089884272
0 0.5365150764828878 0.7589645410271516 0.5014122065135068 0.7374347807792646 0.4916507664472194 0.765728809956909 0.5267536364166004 0.787258570204796
0 0.512894700438209 0.8990587283312655 0.5092023325033245 0.8738959246268678 0.4765706578489383 0.882408535406273 0.4802630257838228 0.9075713391106708
0 0.5574264705882354 0.9444771241830067 0.5416911764705884 0.9287418300653598 0.5204779411764707 0.9664542483660135 0.5362132352941177 0.9821895424836603
0 0.606311274509804 0.8308823529411766 0.5689338235294119 0.8308823529411766 0.5689338235294119 0.8594771241830066 0.606311274509804 0.8594771241830066
0 0.6544164781297134 0.9686588738059329 0.6384285444947209 0.9313536953242838 0.6180382730015083 0.9468891402714933 0.6340262066365008 0.9841943187531423
0 0.7497674779518796 0.9274541912835005 0.7270678140251735 0.921658532408597 0.7204694323144106 0.9676028198761313 0.7431690962411166 0.9733984787510348
0 0.6238390964493905 0.7154146793852677 0.6056952172760997 0.6978206147323796 0.5846167859035505 0.7364644055820527 0.6027606650768415 0.7540584702349409
0 0.6668552036199096 0.6613876319758674 0.6325439734717417 0.6604142637447137 0.6321003571111703 0.68821422234052 0.6664115872593382 0.6891875905716737
0 0.6804959339227019 0.8010219502059013 0.6752645783747024 0.7556835354565717 0.6502854754618611 0.7608074540027956 0.6555168310098606 0.806145868752125
0 0.7118715311110376 0.8875714466991074 0.7039820500513093 0.8619306332549901 0.673018078221722 0.8788681904951062 0.6809075592814504 0.9045090039392235
0 0.5978860294117647 0.5908905228758172 0.5825674019607843 0.5704656862745098 0.5572916666666666 0.6041666666666666 0.5726102941176471 0.624591503267974
0 0.5205170144734529 0.54413108330332 0.48720760463519036 0.5296487311997277 0.48012085814676153 0.5586256501746365 0.513430267985024 0.5731080022782288
0 0.45495777518928365 0.4585695334239308 0.44828431372549027 0.4352124183006537 0.4132613812851873 0.4530018443020774 0.4199348427489808 0.47635895942535444
0 0.4963235294117647 0.3937908496732027 0.46292892156862747 0.3937908496732027 0.46292892156862747 0.4207516339869281 0.4963235294117647 0.4207516339869281
0 0.633227915387757 0.5001997309552983 0.6142253175695874 0.4825544615527123 0.5916470356663172 0.5257812576752124 0.6106496334844868 0.5434265270777986
0 0.71716723752299 0.5272358214616001 0.6991567692259734 0.5067794870995564 0.6769527962218274 0.5415335318016979 0.694963264518844 0.5619898661637417
0 0.7746045932185028 0.633937276568086 0.7385242452272027 0.6269216533475555 0.7354372130280078 0.6551459477401956 0.7715175610193077 0.6621615709607261
0 0.5894240196078432 0.3875980392156863 0.5769975490196079 0.36550653594771254 0.5449877450980393 0.3975163398692812 0.5574142156862746 0.4196078431372549
0 0.6849153136688201 0.4348093524500361 0.6655899353961238 0.41591342702784406 0.6432459905927689 0.45653878121576197 0.6625713688654653 0.47543470663795406
0 0.7735393408195687 0.43383486394927934 0.7478938162390372 0.43269506285681125 0.7467927792648691 0.47673654182353675 0.7724383038454006 0.47787634291600484
0 0.45555256338204075 0.32183818325631747 0.4320155410890471 0.31260797843553567 0.42258043742974893 0.35538044835768706 0.44611745972274264 0.3646106531784689
0 0.5854710564000881 0.27196243666005737 0.5742488708966732 0.2480217742527723 0.5403206928838951 0.27629525593008747 0.55154287838731 0.3002359183373725
0 0.5330882352941176 0.2091503267973857 0.5116421568627451 0.2091503267973857 0.5116421568627451 0.25694444444444453 0.5330882352941176 0.25694444444444453
0 0.6487745098039216 0.24419934640522878 0.6423713235294117 0.21858660130718954 0.6042279411764706 0.23553921568627448 0.6106311274509804 0.2611519607843137
0 0.7209834377537996 0.39350320996248594 0.7081937434737208 0.3525761882662335 0.6854170292377306 0.3652299183973392 0.6982067235178095 0.40615694009359166
0 0.7339841108857337 0.2629451205769665 0.7119569810682894 0.25119731800766293 0.699364012846518 0.29317387874690115 0.7213911426639622 0.3049216813162048
0 0.8028712403435831 0.3384279650745301 0.786656435667339 0.3218528314054804 0.763682353627245 0.3618077566926001 0.7798971583034893 0.3783828903616499
0 0.4669956789023061 0.20909401836212774 0.44958902643838455 0.18954975504219782 0.42615180588051293 0.22665877914523444 0.4435584583444344 0.2462030424651643
0 0.40189950980392153 0.09697712418300655 0.3818014705882353 0.08357843137254906 0.36323529411764705 0.1330882352941177 0.3833333333333333 0.1464869281045752
0 0.5428921568627451 0.0951797385620916 0.5052083333333334 0.0951797385620916 0.5052083333333334 0.12990196078431382 0.5428921568627451 0.12990196078431382
0 0.500649940487377 0.021635970682202642 0.4873183298878657 0.002379199816241739 0.45825502725051676 0.038149418446825 0.47158663785002813 0.057406189312785905
0 0.5983281959071839 0.07927869109798213 0.5953179852727117 0.04917658475326084 0.5642124753831663 0.05470645317806889 0.5672226860176385 0.08480855952279018
0 0.6390931372549019 0.11723856209150336 0.6026348039215687 0.11723856209150336 0.6026348039215687 0.14501633986928114 0.6390931372549019 0.14501633986928114
0 0.6709511966551325 0.00955930411380256 0.6500082900807381 -0.001817089580930245 0.6374754901960784 0.03919934640522891 0.6584183967704729 0.050575740099961713
0 0.7185968137254902 0.1603349673202616 0.7008272058823528 0.13664215686274514 0.6792279411764706 0.16544117647058823 0.6969975490196079 0.18913398692810468
0 0.7599571078431373 0.06924019607843156 0.7434129901960784 0.047181372549019794 0.7172181372549019 0.082107843137255 0.7337622549019608 0.10416666666666675
0 0.9226159381103386 0.04233052854606094 0.9152918731755463 0.018405249759073032 0.8809100041301774 0.03711647100825342 0.8882340690649697 0.061041749795241323
0 0.8241421568627451 0.032271241830065495 0.7993259803921569 0.03227124183006549 0.7993259803921569 0.07352941176470602 0.8241421568627451 0.07352941176470602
0 0.8107560331825038 0.17502513826043242 0.7977469834087481 0.14900703871292115 0.7667090874811463 0.17659627953745613 0.7797181372549019 0.2026143790849674
0 0.8768014705882353 0.14781045751633992 0.8640441176470588 0.12513071895424843 0.8339460784313726 0.15522875816993473 0.8467034313725491 0.17790849673202622
0 0.921280443557531 0.2190103103693289 0.9203752626725323 0.1755616278893979 0.8951785417328072 0.17649483977605435 0.8960837226178058 0.2199435222559854
0 0.8209216582974653 0.25658715925394565 0.8056674438067911 0.23748087039693946 0.776503018890483 0.2788755380200863 0.7917572333811574 0.2979818268770925
0 0.9478774234412866 0.2776777190276861 0.9293876679885434 0.2626119923624881 0.910742316589557 0.3032927590511861 0.9292320720423001 0.3183584857163841
0 1.00272130911188 0.1590974625144175 0.9954169663569328 0.12906849785518962 0.9574162406205048 0.1455012441195909 0.9647205833754521 0.17553020877881878
0 0.8771446078431373 0.3619281045751636 0.852328431372549 0.36192810457516356 0.852328431372549 0.40931372549019623 0.8771446078431373 0.4093137254901963
0 0.9653105345911948 0.4036795535824394 0.9594027469478356 0.3761098779134296 0.9227016278209396 0.39009125662843763 0.9286094154642988 0.41766093229744744
0 0.8509178813391687 0.5077732858591104 0.8487249802190737 0.4804838496979288 0.8125397936602132 0.4856531620634803 0.8147326947803082 0.5129425982246619
0 0.94302073947741 0.5465087384333748 0.9389313028274766 0.5178826818838403 0.9026231389711246 0.5271038028632313 0.9067125756210581 0.5557298594127658
0 0.9143789175506268 0.9484724900889316 0.9122468659594986 0.9172024000857173 0.8760873714239794 0.9215853691203257 0.8782194230151077 0.9528554591235401
0 0.8193538904000907 0.9537940609769919 0.8046565085571801 0.9399132003475764 0.7835462002720163 0.9796502512372964 0.7982435821149269 0.9935311118667121
0 0.9655144888899909 0.80834373518941 0.9329697677975068 0.7873471409361943 0.9194929921800087 0.8244831448599674 0.9520377132724928 0.845479739113183
0 0.8844443824167412 0.8401430890505154 0.8490304405384714 0.8254890441353694 0.8426364919612096 0.8529593417265678 0.8780504338394794 0.867613386641714
0 0.950376345333086 0.695981783880745 0.9231821573266533 0.6916307137997157 0.9194810416280079 0.7327542215624423 0.9466752296344406 0.7371052916434715
0 0.8922168432458668 0.6144285118698106 0.8567724508446272 0.6138066804241749 0.8564822003753898 0.6432187279735622 0.8919265927766293 0.6438405594191979
0 0.9683786257265823 0.6461627951534836 0.9522853663268165 0.6201396522942878 0.9219982675188065 0.6534377492294098 0.9380915269185724 0.6794608920886056
0 0.8833946078431373 0.7333333333333334 0.8468749999999999 0.7089869281045753 0.8350490196078431 0.7405228758169936 0.8715686274509804 0.7648692810457518
0 0.8122250927397986 0.8198463169051406 0.7940994303126656 0.8022699169757995 0.7730739931107579 0.8408165518459637 0.7911996555378908 0.8583929517753048