0 0.08967774853131914 0.07774948500801099 0.05456316281376363 0.057886689046565465 0.046134937438010226 0.0843753973703619 0.08124952315556574 0.10423819333180742
0 0.14667042019647616 0.1405377905049782 0.1436203665035994 0.11071504328573892 0.10933149882671121 0.11694938286335496 0.11238155251958795 0.14677213008259424
0 0.059799583550234264 0.20474362311296196 0.02039139770952631 0.2012406732604546 0.018813443519000543 0.23279975707096992 0.0582216293597085 0.2363027069234773
0 0.1423919328624117 0.21667691164315528 0.1361668073180388 0.19260642620491344 0.10158122095809631 0.20850784522097895 0.1078063465024692 0.2325783306592208
0 0.10656982305117171 0.3055535628885701 0.0735742467718795 0.28934520962856697 0.06468197034911527 0.3215267814442851 0.09767754662840748 0.33773513470428823
0 0.1664210972850679 0.27243778280542996 0.15001084087481145 0.2479832830568125 0.1264757730015083 0.27606020613373555 0.14288602941176473 0.30051470588235296
0 0.22334558823529413 0.09313725490196081 0.19148284313725492 0.09313725490196081 0.19148284313725492 0.11968954248366018 0.22334558823529413 0.11968954248366018
0 0.1764202256244964 0.03081632196257501 0.13810761008674222 0.024978209118726755 0.13575241740531832 0.05245545706867224 0.1740650329430725 0.05829356991252049
0 0.28799019607843135 0.05310457516339874 0.25582107843137253 0.05310457516339874 0.25582107843137253 0.08700980392156868 0.28799019607843135 0.08700980392156868
0 0.263453431372549 0.18300000000000005 0.25049387254901956 0.15804084967320267 0.22599142156862745 0.1806584967320262 0.23895098039215684 0.2056176470588236
0 0.26747306266344467 0.2695503731411905 0.23546014846568902 0.2520390354603669 0.22803410545422445 0.27617367524762676 0.2600470196519801 0.29368501292845034
0 0.3400639242183359 0.15283165518459632 0.33408104795972443 0.127672893481717 0.30441607048224695 0.14021418477300832 0.3103989467408585 0.16537294647588763
0 0.3739367070357554 0.08174740484429069 0.34429065743944637 0.05803056516724341 0.3340451989619377 0.0807982506728182 0.3636912485582468 0.10451509034986546
0 0.3119485294117647 0.3498366013071896 0.2979166666666667 0.31241830065359477 0.2763480392156863 0.3267973856209151 0.29037990196078434 0.36421568627450984
0 0.1344030883152609 0.3708297348303106 0.10078207465694276 0.36954893430999375 0.10018832165819024 0.39725740758511124 0.13380933531650838 0.3985382081054281
0 0.21957147466376856 0.38073876586816413 0.2055957920119549 0.3543402541925162 0.1784354763845492 0.3799029041947804 0.19241115903636286 0.40630141587042834
0 0.3625282053573423 0.2910474830519625 0.35163004624561556 0.2687322048708077 0.32145438644504515 0.29493122733331845 0.3323525455567719 0.31724650551447325
0 0.3509965823359238 0.4272856120911882 0.3413427449089568 0.40062263253099384 0.3079711814812714 0.42210317910513623 0.31762501890823835 0.4487661586653306
0 0.2720518780560083 0.3952499135674421 0.2502631562700647 0.386075714920729 0.2404376265619598 0.4275612847993942 0.26222634834790337 0.43673548344610724
0 0.20220418968692444 0.4935069331600043 0.18485267034990788 0.4678009785866465 0.15519716173762318 0.5033875889213881 0.17254868107463978 0.5290935434947459
0 0.11837572866984632 0.47170332096802686 0.10585171568627452 0.4483251633986929 0.08295657790143088 0.4701300565271154 0.09548059088500267 0.4935082140964494
0 0.05255946640951465 0.41580681452909035 0.02954034072645455 0.4085851280402872 0.021423979427836748 0.45457784206578805 0.044443105110896844 0.4617995285545912
0 0.08201593137254903 0.5482434640522876 0.07493872549019609 0.5199346405228757 0.03789828431372549 0.5363970588235294 0.04497549019607844 0.5647058823529412
0 0.18229166666666674 0.5825163398692811 0.14399509803921576 0.5825163398692811 0.14399509803921576 0.6123366013071896 0.18229166666666674 0.6123366013071896
0 0.27205882352941185 0.5551470588235294 0.23743872549019615 0.5551470588235294 0.23743872549019615 0.5784313725490197 0.27205882352941185 0.5784313725490197
0 0.32973449560819806 0.5482395824091327 0.320651450625499 0.5226724928282023 0.28647566209741815 0.5442572013722533 0.2955587070801171 0.5698242909531838
0 0.3031085910964971 0.4899053381508599 0.2920800754490942 0.46808547923556815 0.2662938022137682 0.4912557537368755 0.2773223178611711 0.5130756126521673
0 0.04184991213466519 0.644916913306203 0.040977617462079174 0.6181665433468985 0.006010682574916759 0.6201936120360094 0.0068829772475027745 0.6469439819953139
0 0.040768177595227606 0.7170533633237167 0.03964735831988655 0.6871648493146219 0.010522865630042538 0.6891064821606115 0.011643684905383598 0.7189949961697064
0 0.12360309236176328 0.6999840514338296 0.11320532385668346 0.6730721800089171 0.08027716710777198 0.6956894997960481 0.09067493561285181 0.7226013712209607
0 0.19407993966817497 0.7201043237807945 0.19145456259426846 0.6921003016591252 0.15661293363499243 0.6979072398190046 0.15923831070889893 0.7259112619406738
0 0.24199065892451402 0.7764372773429831 0.2390644723554658 0.7322193469662543 0.21437741942270472 0.7351237061348146 0.21730360599175294 0.7793416365115432
0 0.2837495146573481 0.6628203261502621 0.2659814235099981 0.6434369539895165 0.24486446806445356 0.6778497702711447 0.26263255921180356 0.6972331424318902
0 0.3578034354707977 0.6645979997510694 0.3459936488529457 0.6437902804719968 0.3200050601987195 0.6700130005555405 0.33181484681657153 0.690820719834613
0 0.34875468091745976 0.769202380333212 0.34355203619909497 0.7427161890397186 0.3071198704946169 0.7554385326190601 0.3123225152129817 0.7819247239125535
0 0.09584793896402001 0.7767061220350857 0.08324734160236734 0.7520649538611872 0.05607741157111648 0.7767648902532334 0.06867800893276915 0.801406058427132
0 0.07574022313972907 0.8627998649512383 0.07351346492855816 0.8380581070493391 0.04175268293437249 0.8431398321684088 0.04397944114554339 0.8678815900703079
0 0.14083286859673805 0.8279612477032585 0.12382502465124558 0.8094835900834643 0.10083723307954681 0.8470999762916984 0.11784507702503927 0.8655776339114928
0 0.19162157787643364 0.8473917869034407 0.18120202090270074 0.8223848501664817 0.1512353172401036 0.844582408435072 0.16165487421383654 0.8695893451720312
0 0.30957451578192263 0.8431123465646422 0.2762508967001436 0.8381755141080823 0.2739829925872789 0.8653903634624581 0.3073066116690579 0.870327195919018
0 0.26180712669683254 0.8932566616390147 0.23762448984118534 0.8817411202791826 0.23076229926359684 0.9073599651021796 0.25494493611924407 0.9188755064620117
0 0.08519325037707393 0.9530090497737556 0.07666949472096529 0.9292458521870286 0.0430736236802413 0.9506693061840119 0.05159737933634993 0.974432503770739
0 0.20290292522334377 0.9343299203310516 0.19455925861468848 0.9073123332173109 0.15901007222415595 0.9268295335885836 0.1673537388328112 0.9538471207023244
0 0.27984712437509907 0.9658915733817407 0.2671645164311133 0.9396808502975031 0.23901380905043873 0.9638965125604491 0.2516964169944245 0.9901072356446865
0 0.35362795211021214 0.9637197196102729 0.33630480537940083 0.9459523896299535 0.3146651086084991 0.9834611973661831 0.3319882553393104 1.0012285273465025
0 0.3791387993553586 0.8711046199301639 0.36396958098307824 0.8581826931685916 0.3473705680902498 0.892824111379712 0.36253978646253016 0.9057460381412841
0 0.46905244828947135 0.09795288197621228 0.467629063290458 0.06663841199791903 0.4300831494537431 0.06967242523724952 0.4315065344527564 0.10098689521554277
0 0.502103554453004 0.017459249528085318 0.4906577629967858 -0.007568881122845195 0.46070898274747885 0.01677972070585967 0.47215477420369706 0.04180785135679019
0 0.41988040906017576 0.21563556457065589 0.41825346517917505 0.18960446247464505 0.3839735463150777 0.19341334234843363 0.3856004901960784 0.21944444444444447
0 0.4928865581765701 0.1899737898543513 0.46186050562356923 0.18701892770644643 0.46067700557380314 0.2091109286354136 0.491703058126804 0.21206579078331847
0 0.5766446512233211 0.16402047544681594 0.5686166059344092 0.13785499450517674 0.5347963300364393 0.15630241772225126 0.5428243753253513 0.18246789866389043
0 0.621086280017625 0.14143423661599477 0.6082609054857898 0.09717412058456348 0.5890308988764045 0.10708048762576194 0.6018562734082397 0.15134060365719323
0 0.5801609691719088 0.049381353542042226 0.5717837205238567 0.014276692540681065 0.547655588971048 0.02451286956308475 0.5560328376191002 0.05961753056444591
0 0.6667647058823528 0.04053921568627465 0.6510147058823528 0.010205882352941285 0.6155833333333333 0.04291176470588245 0.6313333333333332 0.07324509803921582
0 0.6556759049773755 0.17189919557566613 0.6477691365007541 0.14985608345902465 0.6168834841628958 0.16955128205128206 0.6247902526395174 0.19159439416792354
0 0.6373261781260348 0.25762884891292354 0.6355948570797926 0.2310819262038774 0.6005471020490748 0.23514543403352586 0.602278423095317 0.26169235674257196
0 0.7290134803921569 0.18402777777777782 0.7140012254901961 0.1640114379084968 0.6905637254901961 0.19526143790849682 0.7055759803921569 0.21527777777777787
0 0.7466082756632063 0.10705978469819306 0.7298551038062283 0.08791330257593234 0.7059580449826989 0.12508650519031142 0.7227112168396769 0.14423298731257214
0 0.8513228509189076 0.08938933241106356 0.8247921290025075 0.05979043176963755 0.8085720217165749 0.08563710679437547 0.8351027436329752 0.11523600743580148
0 0.8566176470588235 0.1535947712418302 0.8198529411764706 0.1535947712418302 0.8198529411764706 0.1825980392156864 0.8566176470588235 0.1825980392156864
0 0.8135004336855387 0.24485162697786883 0.8052094832571098 0.216425511223256 0.7736145061241654 0.23280809195885685 0.7819054565525942 0.26123420771346967
0 0.44019607843137254 0.2640522875816994 0.4203431372549019 0.25081699346405234 0.40563725490196073 0.2900326797385621 0.42549019607843136 0.30326797385620924
0 0.4962215543151567 0.3033842612470779 0.49573873801345353 0.2795653236963885 0.4621037283526549 0.28077739611659747 0.4625865446543581 0.30459633366728683
0 0.5918991477522074 0.3142104200677587 0.5772056080713395 0.28995441805489736 0.5447438319553425 0.3249132538721249 0.5594373716362103 0.3491692558849862
0 0.7203294683257919 0.34156171442936156 0.7105509992458522 0.31430052790346896 0.6782235105580693 0.3349151583710406 0.688001979638009 0.3621763448969332
0 0.8833448396326855 0.31577259485996506 0.8745658104870906 0.2892814893679946 0.8391986347706504 0.3101179649838819 0.8479776639162454 0.33660907047585237
0 0.42918080693815985 0.37776520864756163 0.4097324950690335 0.36696059094249145 0.3979489354913563 0.40466798159105855 0.41739724736048267 0.4154725992961288
0 0.4798710998998139 0.41296037879872144 0.4608232252755116 0.3861522589571109 0.44446472019464717 0.40681563379609753 0.46351259481894946 0.4336237536377081
0 0.5774401672433679 0.4480968858131488 0.5731221164936562 0.4221885813148789 0.5396446078431373 0.43210784313725487 0.5439626585928489 0.4580161476355248
0 0.6284976377428798 0.4126870582320411 0.6139276129003636 0.39131768846301734 0.5872413162097416 0.42366471475468026 0.6018113410522579 0.445034084523704
0 0.7453101432880844 0.402997737556561 0.7334794494720966 0.3793363499245852 0.7058352187028659 0.4039089994972348 0.7176659125188537 0.42757038712921064
0 0.8187382198216446 0.40945028178655485 0.809507922609503 0.3825985080785064 0.7739353004472952 0.404337332733189 0.7831655976594368 0.4311891064412374
0 0.4287990196078431 0.4913398692810456 0.42224264705882353 0.4651143790849673 0.38823529411764707 0.4802287581699346 0.39479166666666665 0.5064542483660129
0 0.4723918002535888 0.5333920134643543 0.4538438787755287 0.515935146190886 0.43548699791694967 0.550609254479313 0.45403491939500973 0.5680661217527814
0 0.5341106055681941 0.5141326327952914 0.5203695428447621 0.49377550283465144 0.4959782255443614 0.5230450835951324 0.5097192882677933 0.5434022135557723
0 0.6137229720655385 0.549355358581789 0.5860571112006447 0.535522428149342 0.5792581587429493 0.5596964813322589 0.6069240196078431 0.5735294117647058
0 0.6964496828143021 0.5072520184544407 0.6793180507497115 0.4876730103806227 0.6553777393310265 0.5249134948096885 0.6725093713956171 0.5444925028835064
0 0.7974877450980392 0.5061274509803924 0.7647058823529411 0.5061274509803924 0.7647058823529411 0.5318627450980394 0.7974877450980392 0.5318627450980394
0 0.7881213513580368 0.5907323119884343 0.7818908313956365 0.5633180241538726 0.7435244335328749 0.5788195990479175 0.7497549534952753 0.6062338868824793
0 0.6634233481811432 0.6044628950318065 0.6488585746102451 0.5856143645282912 0.623472504257828 0.6204881581437328 0.6380372778287262 0.6393366886472481
0 0.5538494552599927 0.593637240916338 0.542083175995077 0.5704782150615832 0.5108740402366367 0.5986671118756585 0.5226403195015524 0.6218261377304131
0 0.4206283806626099 0.6371844714897453 0.4134867308992563 0.6133789722785665 0.38184584178498987 0.6302541131395086 0.38898749154834344 0.6540596123506874
0 0.5049245788919595 0.6661567311488354 0.5016891614028163 0.641711354564197 0.46781751710751424 0.6496811532219152 0.4710529345966576 0.6741265298065536
0 0.5945968274950428 0.6907587941543659 0.5901200016523462 0.6648926892854521 0.5512089667327605 0.6768653154145554 0.5556857925754571 0.7027314202834692
0 0.7038342734354015 0.6680992031515802 0.6975515377383831 0.6457605873399588 0.6659909683051302 0.6615408720565852 0.6722737040021488 0.6838794878682066
0 0.7764705882352941 0.6859477124183008 0.7563725490196079 0.6725490196078433 0.7385416666666668 0.7200980392156865 0.7586397058823531 0.733496732026144
0 0.6880046136101499 0.7522106881968473 0.677218497693195 0.7282415417147251 0.646986735870819 0.7524269511726259 0.6577728517877739 0.7763960976547482
0 0.6143460733472301 0.7400612074273675 0.6000780362923043 0.7221242465583179 0.5779044223566695 0.7534808723258822 0.5921724594115952 0.7714178331949318
0 0.49179232106934245 0.790104886206646 0.48844646016626675 0.7651224581303474 0.4527012288228023 0.7736332274978389 0.456047089725878 0.7986156555741375
0 0.41764705882352937 0.7223856209150327 0.4088848039215687 0.6990196078431373 0.37922794117647063 0.7187908496732027 0.3879901960784314 0.742156862745098
0 0.41703809092130006 0.8236385307547678 0.4087912134031695 0.7994476900349181 0.3777909280150416 0.8182357417852987 0.3860378055331722 0.8424265825051483
0 0.4876195355191258 0.8809265509482479 0.4755906460945035 0.8616803278688524 0.4500662970106076 0.890040715739848 0.46209518643522984 0.9092869388192435
0 0.4341021861067166 0.9350749876152581 0.40734589985138303 0.9087064736244946 0.3934463990363872 0.9337800829378207 0.4202026852917207 0.9601485969285841
0 0.5624202343659357 0.8152676257879878 0.5546249564914723 0.790322736589705 0.5242560041768186 0.8071943767645126 0.532051282051282 0.8321392659627955
0 0.6220454766064843 0.8143119459004726 0.5893151815181519 0.8099479065553615 0.5875194137060765 0.8338914773830325 0.620249708794409 0.8382555167281435
0 0.693606929714937 0.8202708397217447 0.6920059094012347 0.7955083922031485 0.6576307105167236 0.7994595644887246 0.6592317308304259 0.8242220120073207
0 0.7785766961651917 0.8222569263693679 0.7637542295679334 0.7996703106021171 0.7373790777372896 0.8304413210712014 0.7522015443345479 0.8530279368384522
0 0.6309742647058824 0.9103349673202614 0.6208910034602075 0.8879277201076506 0.5846669550173009 0.9169069588619759 0.5947502162629758 0.9393142060745867
0 0.5179463612368025 0.953792735042735 0.5140342194570136 0.9277117898441427 0.4785657051282052 0.937170060331825 0.482477846907994 0.9632510055304172
0 0.7177279411764705 0.92040522875817 0.7140024509803922 0.8930849673202615 0.6779019607843136 0.9018366013071897 0.681627450980392 0.929156862745098
0 0.8153283417025347 0.9089401004304161 0.8133854913916787 0.8856258967001435 0.7816086800573889 0.8903335724533715 0.7835515303682449 0.9136477761836441
0 0.8546526369168357 0.9485153256704981 0.8191303245436106 0.9445684020734731 0.8175731068289385 0.9694838855082264 0.8530954192021636 0.9734308091052515
0 0.8806987678339817 0.488965501894662 0.871663042648966 0.4605675084560413 0.834652285038529 0.4815028864983087 0.8436880102235448 0.5099008799369293
0 0.8799771087680355 0.7403425206560613 0.8736068719940806 0.710614749044272 0.8352871809100998 0.7252127266000742 0.8416574176840547 0.7549404982118635
0 0.8864486841118341 0.8601455378666183 0.8860839083800558 0.8329089498938456 0.8488332255120729 0.8337958709145118 0.8491980012438511 0.8610324588872846
0 0.8880844645550527 0.5684891905480141 0.8855769230769232 0.5417420814479638 0.8492269984917044 0.5478004022121669 0.8517345399698341 0.5745475113122173
0 0.9408921568627449 0.9644183006535948 0.9370147058823527 0.9359836601307193 0.8984607843137254 0.9453300653594774 0.9023382352941176 0.9737647058823529
0 0.9548717848521161 0.7978541800540707 0.9422695340315046 0.7751701285769699 0.9143394293058233 0.8027554171949266 0.926941680126435 0.8254394686720274
0 0.9937926808654498 0.8660260311020961 0.9886308316430021 0.8404625873337841 0.9529994929006084 0.853253324318233 0.9581613421230561 0.878816768086545
0 0.9510694886062532 0.6774938173467586 0.9505287824589295 0.646493331566861 0.9136059220985692 0.6476382264617558 0.9141466282458929 0.6786387122416535
0 0.9819103446099472 0.5425541389660301 0.9451614175713204 0.5382307357850151 0.9433145039131534 0.5661396532862074 0.9800634309517801 0.5704630564672223
0 0.9681392639022823 0.4740718418514947 0.9636712471873996 0.4487530804671596 0.9320114111218258 0.4586855780563592 0.9364794278367085 0.48400433944069426
0 0.9486171833598304 0.36091459106164986 0.9356336115527292 0.33711137608196434 0.9043008081611023 0.36749470058293576 0.9172843799682034 0.39129791556262133
0 1.0076377848436673 0.26428855325914163 0.997413222045575 0.2385378025083909 0.9645021860095391 0.2617691220632398 0.9747267488076312 0.28751987281399055
0 0.9443048629486397 0.19443596354343357 0.9240461106587964 0.18002973969287825 0.907262407558179 0.22198899744442188 0.9275211598480223 0.2363952212949772
0 0.9280447092630154 0.0558231913455039 0.9031483663445095 0.051296583542139146 0.8988268355009348 0.0935515517904256 0.9237231784194407 0.09807815959379035