0 0.10381771165144763 0.15638862343974896 0.06807609099596519 0.1460287333946816 0.06372106604374601 0.17273955310162575 0.09946268669922845 0.18309944314669313
0 0.15348843936716317 0.19141245196218692 0.13524599217369349 0.17631525428483272 0.11780721408735167 0.21377633313697444 0.13604966128082133 0.22887353081432862
0 0.13572303921568626 0.10212418300653597 0.10232843137254902 0.10212418300653597 0.10232843137254902 0.12377450980392157 0.13572303921568626 0.12377450980392157
0 0.2412314063556457 0.14642494929006086 0.24008303752535498 0.12039525580347081 0.20403777890466532 0.12322233491097588 0.20518614773495603 0.14925202839756593
0 0.08584091227906104 0.26475290169061794 0.08488409473487327 0.24093877614638862 0.050395800211976684 0.24340222575516696 0.05135261775616447 0.2672163512993963
0 0.15226715686274514 0.3451797385620915 0.1161151960784314 0.3451797385620915 0.1161151960784314 0.37254901960784315 0.15226715686274514 0.37254901960784315
0 0.23453749593760156 0.3194760408767559 0.2332849230852562 0.28774419528400685 0.19269817733723324 0.2905923879680786 0.1939507501895786 0.3223242335608277
0 0.2361152666440857 0.2090090386762511 0.2005886351661586 0.2071514370303464 0.19979806461932184 0.2340308356227968 0.23532469609724893 0.2358884372687015
0 0.06258578431372554 0.37501633986928107 0.02689950980392161 0.36821895424836604 0.02358455882352945 0.3991584967320262 0.05927083333333339 0.4059558823529412
0 0.15985868905084155 0.44661706865637113 0.1253917772861357 0.44355334316617506 0.12404834721499222 0.470421944589045 0.15851525897969806 0.4734856700792411
0 0.0796189712662934 0.5221259645708025 0.04921230595574281 0.5198092662614272 0.048129407377271546 0.54507689975909 0.07853607268782212 0.5473935980684652
0 0.1854960221793636 0.49344396228436743 0.16138048457087759 0.49052086681667206 0.1583418715846995 0.5350871906139506 0.18245740919318554 0.5380102860816459
0 0.23284624763611034 0.39087331209979764 0.19983888225340898 0.38772975349192135 0.1984547626157062 0.41356665339570686 0.23146212799840754 0.41671021200358316
0 0.25939832131388696 0.5211013041996304 0.2581778765943706 0.4942515203702707 0.22298147301006405 0.4970956741952652 0.22420191772958042 0.5239454580246249
0 0.1272418018931711 0.6095560063105703 0.09121239012846523 0.6055527383367141 0.0894565584854632 0.6336460446247465 0.12548597025016908 0.6376493125986028
0 0.04610839969175442 0.6273421668521847 0.04344603561948796 0.6007185261295203 0.01298270399863002 0.6061342295287838 0.015645068070896474 0.6327578702514484
0 0.21014093137254902 0.5934232026143791 0.20315563725490193 0.5654820261437908 0.17135416666666664 0.5796160130718954 0.17833946078431373 0.6075571895424836
0 0.19396707874835847 0.6746611269604069 0.1911439229271385 0.6499249045268607 0.15618773490920615 0.6570174644145571 0.1590108907304261 0.6817536868481033
0 0.0832707170459425 0.7297540670769526 0.0767765135251181 0.7059419875005964 0.04733120437956208 0.7202185010257145 0.05382540790038646 0.7440305806020706
0 0.1408558122503793 0.7246829149213507 0.1078329175886111 0.7221906209846135 0.10674908936250163 0.7477207969774142 0.13977198402426982 0.7502130909141513
0 0.0777155069344811 0.8152658217758648 0.06704477522716401 0.784439263510282 0.032034612625538 0.8059839789574366 0.04270534433285509 0.8368105372230192
0 0.15287817895172134 0.8209625590130604 0.11963218064027024 0.8159442951169923 0.11744826665288266 0.8416659487462238 0.15069426496433377 0.8466842126422918
0 0.1767769607843138 0.9089052287581699 0.1541053921568628 0.9089052287581699 0.15410539215686284 0.954248366013072 0.1767769607843138 0.954248366013072
0 0.23592139542167306 0.9065198925649641 0.20021727834405795 0.9020568779302621 0.19814147827572473 0.9315793677910014 0.23384559535333985 0.9360423824257034
0 0.22291566216650588 0.8405376084860173 0.21655114914818382 0.8188511196828457 0.1846567622950819 0.8354916693453336 0.191021275313404 0.8571781581485052
0 0.2190563725490197 0.7565359477124183 0.18167892156862753 0.7565359477124183 0.18167892156862753 0.7843137254901961 0.2190563725490197 0.7843137254901961
0 0.03406141868512113 0.9030661284121491 0.019766435986159164 0.8808294886582083 -0.004429786620530507 0.9084823144944251 0.009865196078431455 0.9307189542483658
0 0.09754430618401212 0.97341628959276 0.06324998890959109 0.9570856623192262 0.055777825836216925 0.9849817377931563 0.09007214311063796 1.0013123650666904
0 0.31133765189675283 0.8966070463018296 0.30561395458038076 0.8727583074836127 0.2716750796835425 0.8872388941062637 0.27739877699991455 0.9110876329244806
0 0.39931013353617306 0.9290525693035837 0.37634698275862066 0.8928682105025919 0.36067655510480057 0.9105476673427992 0.38363970588235297 0.946732026143791
0 0.4920820966001079 0.9688942855429633 0.4855555180787911 0.9398872698926666 0.4529507330455118 0.9529291839059784 0.4594773115668285 0.9819361995562751
0 0.43148500223906855 0.8501443399545789 0.4254731031890733 0.8235917858170999 0.39076194303169887 0.8375635735534016 0.396773842081694 0.8641161276908806
0 0.3997549019607843 0.7833333333333334 0.3900735294117647 0.7575163398692811 0.3583333333333334 0.7786764705882353 0.36801470588235297 0.8044934640522876
0 0.5125955984053373 0.789693678301196 0.5042917581970547 0.7481744772597837 0.4822863273940281 0.7559986304341931 0.49059016760231067 0.7975178314756054
0 0.5680790093590111 0.8528521281554222 0.566175229208377 0.823237770256671 0.5240477623383227 0.8280523378989628 0.5259515424889568 0.857666695797714
0 0.5842598951855907 0.9355370500993078 0.5802411845141969 0.9109782626630121 0.5489808399693105 0.92007218107607 0.5529995506407043 0.9446309685123656
0 0.3002283996739573 0.7705703104952526 0.297318072725626 0.745070302947969 0.26141149300366795 0.752355695935033 0.26432181995199927 0.7778557034823166
0 0.31763441412251475 0.6767032000283951 0.31351395290466844 0.6526671762576248 0.2802217861543376 0.6628133604101065 0.28434224737218394 0.6868493841808768
0 0.45974237182239547 0.6859864290091857 0.44636760164481293 0.6617335124205028 0.4154919231870177 0.6920037854183412 0.42886669336460026 0.7162567020070242
0 0.5140567665648287 0.6457366815921203 0.5001318437515155 0.622950444261244 0.47412225401289954 0.6512077763229503 0.48804717682621274 0.6739940136538266
0 0.3226102941176471 0.5959967320261438 0.2895220588235295 0.5959967320261438 0.2895220588235295 0.6233660130718954 0.3226102941176471 0.6233660130718954
0 0.4167512051501099 0.5869445461448757 0.40594871247254094 0.5620660781601715 0.37592547392400943 0.5852419114257046 0.3867279666015784 0.6101203794104088
0 0.5670938389629915 0.6058822863022317 0.5352658294149635 0.604669790700402 0.5346888194511085 0.6315969223469704 0.5665168289991365 0.6328094179488001
0 0.5937640844913298 0.7013836827402788 0.5556285810865085 0.6914352905477168 0.5517228540255429 0.7180520971854075 0.5898583574303642 0.7280004893779696
0 0.3764458380518936 0.49752572357190855 0.3415102419463972 0.4912552319632298 0.33908986542310354 0.5152284851463289 0.3740254615285999 0.5214989767550077
0 0.4822454596592736 0.518161362905818 0.4636370941819352 0.4883879781420765 0.44525474124075864 0.5088128147433837 0.4638631067180971 0.5385861995071253
0 0.5635099480968857 0.5186053440984236 0.5308708189158016 0.5002816224529029 0.5224509803921569 0.5269444444444444 0.555090109573241 0.5452681660899654
0 0.5202205882352942 0.44281045751633985 0.4846813725490196 0.44281045751633985 0.4846813725490196 0.46691176470588236 0.5202205882352942 0.46691176470588236
0 0.427463835840615 0.46280552803050773 0.42622633471459026 0.4392930066360387 0.3911287083746209 0.44257699506550957 0.3923662095006456 0.4660895164599786
0 0.31203644990106133 0.4527247106793788 0.30552403759669006 0.4290870660190682 0.272574203993524 0.4452257600287822 0.2790866162978953 0.4688634046890928
0 0.34619341830526296 0.37913826202789536 0.31009158335407516 0.37003149285101916 0.3063392758372744 0.3964763267789486 0.34244111078846207 0.4055830959558248
0 0.318365528324799 0.28301393099465866 0.2838353915624284 0.2732181475159719 0.2798189788041679 0.29838766746773787 0.31434911556653844 0.3081834509464246
0 0.39159458942536546 0.3242153556991199 0.3793901592428878 0.3020254826400697 0.35473868015414256 0.3261291510823984 0.3669431103366202 0.34831902414144866
0 0.3875610687525513 0.2613761813209725 0.3761621169622987 0.23629848738241654 0.34958609871080737 0.2577740576866519 0.36098505050106006 0.28285175162520787
0 0.34528186274509803 0.21282679738562102 0.31035539215686275 0.21282679738562102 0.31035539215686275 0.23856209150326807 0.34528186274509803 0.23856209150326807
0 0.4573202054794521 0.3104922105828633 0.4553107373086221 0.28503894708568356 0.42079891888262155 0.28988271107529767 0.42280838705345153 0.31533597457247736
0 0.5308250191627724 0.29296633533615213 0.4966206296516084 0.27945349009717385 0.4909459764359716 0.3049894295675396 0.5251503659471355 0.3185022748065179
0 0.5698529411764706 0.36356209150326807 0.5361519607843137 0.36356209150326807 0.5361519607843137 0.3905228758169936 0.5698529411764706 0.3905228758169936
0 0.49635201756069464 0.22824571644862415 0.4824772894475897 0.20865786499482888 0.4587721507852733 0.23850878034737555 0.4726468788983782 0.2580966318011708
0 0.5757780209267908 0.1986969960712743 0.566870811191117 0.17268228827184634 0.5321808597314561 0.19379791089946605 0.5410880694671298 0.219812618698894
0 0.5293523755656109 0.1570713926596279 0.5280778657616894 0.12648315736551033 0.5004364630467573 0.1285306686777275 0.5017109728506788 0.15911890397184514
0 0.4686344824815172 0.13486419157827068 0.4521857923497267 0.10854628736740603 0.4271737383477981 0.13633745848066006 0.4436224284795885 0.1626553626915247
0 0.4032199260495452 0.1263218197221627 0.3741665263190127 0.10645624725684137 0.3640359774831327 0.1327956742301294 0.3930893772136652 0.15266124669545073
0 0.33282770048893595 0.10653363744812408 0.2992184743434649 0.0949156333484551 0.2932477537930339 0.12562219617924295 0.326856979938505 0.13724020027891193
0 0.6847787921348316 0.9679284166850263 0.6480605584930601 0.9566304986414044 0.6430467200925315 0.9855993427333481 0.6797649537343029 0.99689726077697
0 0.6429455491997719 0.9201116766257295 0.6318265246374202 0.8950225955619615 0.6048038089661593 0.9163132200302275 0.615922833528511 0.9414023010939956
0 0.7636642156862745 0.906372549019608 0.7318014705882354 0.8851307189542484 0.7227941176470589 0.9091503267973857 0.754656862745098 0.9303921568627452
0 0.836850524603852 0.9048665207777077 0.82195382247424 0.880209910356281 0.7966383031921238 0.9074006532889245 0.8115350053217358 0.9320572637103512
0 0.8901580118190463 0.9232677097012787 0.8722115145134267 0.9063768887077542 0.8567329789883622 0.9356141224773207 0.8746794762939819 0.9525049434708451
0 0.9794095423143352 0.9653645568762915 0.9494453545666973 0.9420590775170175 0.9374444402113178 0.969489738900742 0.9674086279589558 0.992795218260016
0 0.9149670995501833 0.8639546680792186 0.8949728308063704 0.8279649843403556 0.8771391805172024 0.8455784661074351 0.8971334492610153 0.8815681498462982
0 0.7874923755965466 0.8382704836720469 0.7544896006488284 0.8255583036921851 0.748918340125476 0.8512718137999656 0.7819211150731942 0.8639839937798275
0 0.6768497210883249 0.8476053079051178 0.6611420504751527 0.8251292914179772 0.6343750677627977 0.8583852396363578 0.6500827383759697 0.8808612561234983
0 0.7545236215291485 0.7690622669649517 0.7418718745887617 0.7449637013642146 0.7122215916567969 0.7726372987673819 0.7248733385971837 0.7967358643681188
0 0.6795118885182941 0.7552653965366218 0.6509769178289873 0.7205271713496397 0.6361326940570043 0.742204450508726 0.664667664746311 0.7769426756957081
0 0.8344255749996039 0.7596127173585685 0.7957820153121881 0.7459738139394806 0.7899753019639546 0.7752224441379895 0.8286188616513706 0.7888613475570774
0 0.9073416613135112 0.7746200534295883 0.9039118182374353 0.7460380277956218 0.8652806774035666 0.7542793378401804 0.8687105204796426 0.7828613634741469
0 0.8083669508659495 0.6990014877546348 0.8071486133363851 0.6730102871239285 0.7722054531929503 0.6759222171358814 0.7734237907225147 0.7019134177665878
0 0.6709661872510969 0.6476052473598323 0.6565068297694239 0.6226557677836119 0.6276975052634248 0.652338102123126 0.6421568627450981 0.6772875816993464
0 0.7446310280869104 0.603616852146264 0.7091067170111288 0.5961380498145206 0.705760631955485 0.624393879173291 0.7412849430312666 0.6318726815050345
0 0.8915231332258932 0.6527162234756918 0.8627492949234489 0.6383293043244697 0.8561517929089445 0.6617870892649299 0.8849256312113887 0.6761740084161519
0 0.9512200522935615 0.6811303661446281 0.9500607139012971 0.6556249215148091 0.9129958021635004 0.6586200658976614 0.9141551405557647 0.6841255105274804
0 0.6173881694829955 0.5812803650581655 0.601402962468304 0.560893434372762 0.5798117124441088 0.5909903283458826 0.5957969194588002 0.6113772590312863
0 0.688546150167384 0.5554459588713533 0.6706495098039215 0.5363562091503267 0.6506232065997131 0.5697333811573408 0.6685198469631755 0.5888231308783675
0 0.8770856900452491 0.5951954499748617 0.8731617647058825 0.5690359477124184 0.834629524886878 0.579311211664153 0.8385534502262446 0.6054707139265962
0 0.7595465686274511 0.5187418300653596 0.74734068627451 0.4970424836601307 0.7185661764705884 0.5258169934640523 0.7307720588235295 0.5475163398692812
0 0.7095323451778903 0.45955272380445406 0.6803229804365185 0.44234410581728933 0.6729399565255967 0.46462270428533414 0.7021493212669685 0.48183132227249886
0 0.6292711680871875 0.4832073882601339 0.5941581086116157 0.4693749708909693 0.5888394520516045 0.49337711331563516 0.6239525115271762 0.5072095306847998
0 0.8325507183071249 0.5120324532453244 0.8307003494467095 0.4873608684397852 0.7940266453115902 0.49225069565780116 0.7958770141720055 0.5169222804633404
0 0.9400322596905085 0.5290404422265906 0.9100813108019559 0.503136918863518 0.8974924706386412 0.5290139791992204 0.927443419527194 0.5549175025622931
0 0.8930415957839755 0.4608555215665466 0.8891422348987352 0.43685945458045256 0.8546795907272433 0.446815329563328 0.8585789516124834 0.47081139654942195
0 0.7698645336512985 0.3921679031973151 0.7662791467938528 0.36348480833774954 0.7369667461579226 0.36999867514573404 0.7405521330153683 0.3986817700052996
0 0.6632822576122919 0.4019195062836065 0.6525419867661078 0.38229530770045544 0.6266717602198172 0.40746633893468415 0.6374120310660012 0.4270905375178352
0 0.7215394747442755 0.31810262123173627 0.7098623311608575 0.2967501301077718 0.6831467143388951 0.3227236464624576 0.694823857922313 0.3440761375864221
0 0.6444240196078431 0.3170751633986928 0.6380208333333334 0.29146241830065356 0.6024509803921568 0.30727124183006527 0.6088541666666667 0.3328839869281045
0 0.7938112745098039 0.272467320261438 0.7619485294117647 0.272467320261438 0.7619485294117647 0.3006535947712419 0.7938112745098039 0.3006535947712419
0 0.8787314834693003 0.35267818806354667 0.8393292901102049 0.3512582892037595 0.8388035369257193 0.37719544630504287 0.8782057302848147 0.3786153451648301
0 0.9497353801728755 0.39826412793118987 0.9400159202172418 0.37126562805442936 0.9052551856243148 0.39351249819390255 0.9149746455799486 0.42051099807066306
0 0.9296068171830366 0.2801867505956459 0.919169550648209 0.2552837988634258 0.8893615414194683 0.27749368809268377 0.8997988079542958 0.3023966398249039
0 0.8229448481100718 0.22123667688713677 0.8223963164437917 0.19271303024056755 0.7836381760325682 0.19403809487001106 0.7841867076988484 0.2225617415165803
0 0.6544665567738429 0.2063999193296127 0.6338068602755964 0.19770109975140357 0.6247638539042821 0.2358826822080638 0.6454235504025286 0.24458150178627294
0 0.7211807145037002 0.1928342997380536 0.6856653410391392 0.18987468528267348 0.6844338902876325 0.21614563464815248 0.7199492637521935 0.2191052491035326
0 0.7666768567383189 0.1285844023969909 0.7624211610245848 0.09879453240085243 0.7263804865491054 0.10794771956922816 0.7306361822628394 0.13773758956536664
0 0.622766255404266 0.12287604123686681 0.6078595350537287 0.10043581705326228 0.5823077000699639 0.1306113174150416 0.5972144204205012 0.15305154159864612
0 0.7096516919791526 0.05265189980536526 0.6920962882487344 0.03342455286252614 0.6683053981303108 0.07204164986634412 0.6858608018607291 0.09126899680918324
0 0.6081268853695324 0.03235671191553554 0.573767911010558 0.01618778280542996 0.566030354449472 0.04541855203619918 0.6003893288084465 0.06158748114630476
0 0.8473248755460733 0.07796572860577759 0.824268173790042 0.06293617486851272 0.8095627798748036 0.10304179463734484 0.8326194816308349 0.11807134837460971
0 0.9073560799598235 0.03558561509236211 0.8988537299663739 0.012040645879732753 0.867331474627713 0.03227715547986093 0.8758338246211624 0.05582212469249029
0 0.9470096825859057 0.10073691192648677 0.9393995098039215 0.07410130718954253 0.9032426955930886 0.0924666731379021 0.9108528683750727 0.11910227787484635
0 0.9750510878154789 0.18942209545447075 0.9531743900330913 0.18021085428293912 0.9431173445448708 0.22267393523320342 0.9649940423272585 0.23188517640473502
0 0.9902724465153347 0.8579553638301552 0.9822164388527204 0.834776675116668 0.9483403669989053 0.855708231709269 0.9563963746615198 0.8788869204227564
0 0.9885964119254259 0.6105251526840245 0.9868837391513982 0.5854059519982857 0.9528788974606236 0.5895277509911068 0.9545915702346514 0.6146469516768456
0 0.9881610996575001 0.44476634633502937 0.9675080567840477 0.4298812703901988 0.9504488730200955 0.47196059034128085 0.971101915893548 0.48684566628611137
0 0.5134803921568627 0.03022875816993472 0.47732843137254904 0.03022875816993472 0.47732843137254904 0.05718954248366021 0.5134803921568627 0.057189542483660226
0 0.4434865196078432 0.3794035947712418 0.44078431372549026 0.3541830065359477 0.40402573529411756 0.3611846405228758 0.4067279411764706 0.3864052287581699