0 0.04373012718600954 0.013321409644939065 0.02121091679915209 0.00408275922981806 0.011049284578696347 0.04811649885179298 0.0335684949655538 0.05735514926691398
0 0.08895299036569645 0.1049907275482281 0.0782076887848565 0.0781274735961282 0.045179879910441686 0.10161391546237873 0.05592518149128164 0.12847716941447862
0 0.11241382438316401 0.40124754546230684 0.09042525754859275 0.3918657569462231 0.08078497182617607 0.43203361412295926 0.10277353866074733 0.44141540263904305
0 0.21835473178908876 0.4258589014189441 0.20654272071522914 0.39886001896440787 0.1758737173625927 0.42271368823868066 0.18768572843645231 0.44971257069321685
0 0.27274559152520067 0.3657553625477037 0.25331458086590347 0.3476197525990263 0.23290482300302676 0.3864954818616485 0.252335833662324 0.4046310918103259
0 0.05139414676761795 0.4158108457904614 0.042418947777130664 0.389115382126448 0.00991464036109493 0.4085432440302854 0.018889839351582217 0.43523870769429884
0 0.03982843137254907 0.5 0.00674019607843142 0.5 0.006740196078431421 0.5310457516339869 0.03982843137254907 0.5310457516339869
0 0.11088820939059141 0.517731949184039 0.09470202498000928 0.4968697559437331 0.07036960390129636 0.5304317160523027 0.08655578831187849 0.5512939092926085
0 0.1854025263951735 0.5029537456008044 0.17107371794871795 0.4742961287078934 0.13536953242835592 0.5060331825037707 0.1496983408748115 0.5346907993966817
0 0.14996936274509803 0.6166258169934641 0.14298406862745097 0.5886846405228758 0.10833333333333334 0.6040849673202614 0.11531862745098038 0.6320261437908496
0 0.06526636389850059 0.6358732218377547 0.056077266879602544 0.6100076154141899 0.022691669993789406 0.6310932555525982 0.031880767012687446 0.6569588619761632
0 0.08993771477663233 0.6961795027289267 0.0690443703254498 0.6837982615726704 0.05435112189205587 0.7278780068728523 0.07524446634323839 0.7402592480291086
0 0.04425458795617898 0.7805104900797804 0.02888209999302214 0.760772974670295 0.005603019677621966 0.7930055474146952 0.02097550764077881 0.8127430628241805
0 0.11885257878986252 0.8323325488117876 0.11016796424452131 0.8056997308727412 0.07974112737304775 0.8233384768851897 0.08842574191838896 0.8499712948242362
0 0.04721398722942662 0.9106207095858742 0.023669783294709416 0.8978675991212357 0.01064959198264392 0.9406005347095531 0.034193795917361124 0.9533536451741915
0 0.1351064780894565 0.9392728176679926 0.1253080079896728 0.9143312574139977 0.09400894477007886 0.9361909206149838 0.10380741486986256 0.9611324808689787
0 0.2238929279576999 0.899812734082397 0.21915792300066092 0.8724549276639495 0.18105240691782332 0.8841797018432842 0.1857874118748623 0.9115375082617317
0 0.18009261065168783 0.7779576463653542 0.16156397903989186 0.7609730673878746 0.14098582072086133 0.8008822229156914 0.1595144523326573 0.8178668018931711
0 0.23197888077046708 0.7342133784997816 0.22582206747768466 0.7065077186822607 0.19020944601043444 0.7205769024717916 0.19636625930321686 0.7482825622893127
0 0.26448906485671186 0.6578179989944696 0.26192024886877824 0.6304172951231775 0.22508012820512818 0.6365573152337859 0.2276489441930618 0.663958019105078
0 0.2585841615324435 0.5546871179893403 0.24270015830521738 0.5355254633025279 0.2219054080485062 0.5661703584176813 0.2377894112757323 0.5853320131044937
0 0.1875707013574661 0.29499748617395677 0.1834228883861237 0.2673453996983409 0.1455387443438914 0.27744783810960283 0.14968655731523378 0.3050999245852187
0 0.09934297624159154 0.2894005534087114 0.09229417131816231 0.26355493535613755 0.05999534850436524 0.2792149706597968 0.06704415342779448 0.30506058871237063
0 0.046586649365628605 0.22517781622452904 0.03890931372549019 0.18423202614379086 0.016201701268742787 0.19180123029604 0.023879036908881206 0.2327470203767782
0 0.11821276617095151 0.1865563181942856 0.09596108786400949 0.182728072464059 0.09200615379212074 0.22359572454024257 0.11425783209906276 0.22742397027046915
0 0.17708333333333334 0.13235294117647065 0.15287990196078433 0.13235294117647065 0.15287990196078433 0.1813725490196079 0.17708333333333334 0.1813725490196079
0 0.2096049892559764 0.06497895962037786 0.1768965719849584 0.04515567642582152 0.16617353276927213 0.0766099247918346 0.1988819500402901 0.09643320798639093
0 0.2669306184012066 0.042603066867772765 0.2608078808446455 0.012669683257918564 0.22373680241327298 0.026150075414781298 0.22985953996983408 0.0560834590246355
0 0.28886084549930274 0.12675019209425428 0.2734928604968838 0.10264354895320486 0.2429978976351063 0.13720450686321942 0.2583658826375253 0.16131115000426882
0 0.2684314881613023 0.2506898199531385 0.25895128098409176 0.22793732272783324 0.22750184979652238 0.2512331976815883 0.2369820569737329 0.27398569490689356
0 0.3315196078431372 0.19630718954248372 0.31338235294117645 0.17816993464052294 0.2933455882352941 0.21379084967320272 0.3114828431372549 0.2319281045751635
0 0.37298158198202475 0.12515867637812336 0.36162883200976426 0.0991230364417392 0.3292582316879863 0.12421652506327242 0.3406109816602469 0.15025216499965657
0 0.37684577677224734 0.2530869783810961 0.35047699849170433 0.25113373554550034 0.34843797134238313 0.3000703871292107 0.3748067496229261 0.3020236299648065
0 0.35373651960784314 0.37051797385620916 0.33516053921568634 0.3533709150326798 0.3156164215686275 0.3910114379084968 0.3341924019607843 0.40815849673202614
0 0.33547794117647056 0.440359477124183 0.3014705882352942 0.440359477124183 0.3014705882352942 0.4709967320261438 0.33547794117647056 0.4709967320261438
0 0.2982311320754717 0.5452645209027007 0.2972865797262301 0.5162982488592922 0.2641544117647059 0.5182189542483661 0.26509896411394746 0.5471852262917746
0 0.36147072991046125 0.5695927311194228 0.35001239657712785 0.5480241036684423 0.31957207015754274 0.576773300842495 0.3310304034908761 0.5983419282934754
0 0.3101679234016554 0.7068220111462904 0.2901608412486809 0.6942685478346201 0.2741357343220575 0.739673017460053 0.294142816475032 0.7522264807717233
0 0.2746629901960786 0.7894199346405231 0.25934436274509803 0.7689950980392157 0.23437499999999997 0.8022875816993466 0.2496936274509805 0.8227124183006539
0 0.3638188516731614 0.8049267025422159 0.3485205201954599 0.7789658976103587 0.31443681573575816 0.8146726356157606 0.32973514721345965 0.8406334405476178
0 0.30758533596365384 0.9594880838514266 0.27644966523194653 0.9441933684042724 0.26809092539454815 0.9744440459110474 0.29922659612625546 0.9897387613582018
0 0.39865022496250624 0.9556217482271474 0.3873583569405099 0.9365124331129997 0.3575143726045659 0.9678636893851025 0.36880624062656225 0.9869730044992502
0 0.5087069239768482 0.9596873873997148 0.5041094115594598 0.9313360608258191 0.46754695859502204 0.9418765878065579 0.47214447101241047 0.9702279143804535
0 0.4887923065984073 0.8117631722768744 0.475750560463093 0.7897371121372326 0.44929743441745296 0.8175825079747486 0.4623391805527672 0.8396085681143903
0 0.43864171221585974 0.8102539909769219 0.4284484534964427 0.7778446555613397 0.39857740109318057 0.7945467493782175 0.4087706598125976 0.8269560847937996
0 0.44175129996750084 0.7214250893727657 0.430438197378399 0.683029104827935 0.4079541761455965 0.6948064492832126 0.4192672787346983 0.7332024338280433
0 0.39193071243459976 0.6820927664498884 0.3842568823040438 0.6587870601274591 0.35374645494107865 0.676646822486268 0.36142028507163465 0.6999525288086973
0 0.4396869219385869 0.5579969786656802 0.4321570939696634 0.5317391170304601 0.39928759711431744 0.548496115427303 0.4068174250832409 0.5747539770625232
0 0.41622038989006 0.4826518757792133 0.41269976198571906 0.45213976727492533 0.374367774566474 0.460002739053232 0.37788840247081495 0.49051484755752
0 0.42953431372549017 0.3684640522875818 0.3958333333333333 0.3684640522875818 0.3958333333333333 0.39787581699346414 0.42953431372549017 0.39787581699346414
0 0.4834607764831172 0.3947709808097894 0.4674785049802668 0.37510049280628116 0.44218955553467393 0.41162897533880427 0.4581718270375243 0.4312994633423125
0 0.4289696125736181 0.15464730323170692 0.4081647360391684 0.14437329012827496 0.39634962097022164 0.18690770437648327 0.4171544975046713 0.19718171747991523
0 0.4488593514328808 0.04436902966314732 0.43622737556561086 0.019105077928607366 0.4053308823529411 0.04656862745098044 0.4179628582202111 0.0718325791855204
0 0.49007449246889323 0.27800088601255835 0.4794122462344466 0.25542201163373013 0.4494199386532609 0.28060073898583665 0.4600821848877075 0.30317961336466487
0 0.4851535220252484 0.6124960829080491 0.47640301839914045 0.5868279389381323 0.44392542976094546 0.6065113259915839 0.4526759333870534 0.6321794699615007
0 0.5594314210832848 0.8600320326150263 0.5428557561638516 0.84607357794603 0.5254853426519123 0.8827444509156798 0.5420610075713455 0.8967029055846762
0 0.535288206017476 0.725520848972565 0.5241264863525809 0.7003354302415199 0.4966496073927274 0.7219838803311015 0.5078113270576224 0.7471692990621466
0 0.5475101914158979 0.5222326184115466 0.5420549485861181 0.4941770838583934 0.5098811053984574 0.5052989061948687 0.5153363482282373 0.5333544407480217
0 0.5646268130539888 0.4479772137165369 0.5535221931238249 0.4248023547318472 0.5222590988450174 0.4514338794878683 0.5333637187751813 0.474608738472558
0 0.5453490102111131 0.34212449623086727 0.5100990376182422 0.3402444976925808 0.5091941129486938 0.3704086533441918 0.5444440855415648 0.3722886518824783
0 0.5173832271762208 0.15591825902335466 0.4998790121143998 0.13968246534282508 0.4781355376545522 0.18135745805753303 0.49563975271637317 0.1975932517380626
0 0.5379044117647059 0.04655228758169941 0.5239705882352941 0.021781045751633962 0.494264705882353 0.0514869281045751 0.5081985294117648 0.07625816993464055
0 0.5626586697131252 0.1523795479095421 0.5449921971835193 0.1398657965344046 0.5290141570718158 0.1799675442657388 0.5466806296014217 0.19248129564087635
0 0.5630502572316056 0.25521258008153763 0.5518024412735392 0.23146719083673073 0.5245989856338575 0.25437536400698896 0.535846801591924 0.2781207532517958
0 0.6144454900402133 0.3704799089747185 0.5925900706069394 0.3356731298772821 0.5751015072165593 0.3551952471502644 0.5969569266498332 0.39000202624770086
0 0.6036078939347761 0.49357411358325737 0.5854350807680586 0.4794397033424771 0.5674781570659353 0.5204841003759019 0.5856509702326528 0.5346185106166822
0 0.5800060118386978 0.5877404735479098 0.5464217998520164 0.5857935627081022 0.545347761746208 0.6187307312862252 0.5789319737328895 0.6206776421260329
0 0.5932788201487492 0.7650552174892945 0.5911151960784314 0.7160130718954248 0.5663666328600405 0.7179541356772594 0.5685302569303583 0.7669962812711291
0 0.6406004901960783 0.8384150326797384 0.637610294117647 0.8105065359477124 0.6006801470588234 0.8175408496732026 0.603670343137255 0.8454493464052287
0 0.6631025996464158 0.6733187345976642 0.6528399228543877 0.6511419157827066 0.6240786724525876 0.674803653701918 0.6343413492446158 0.6969804725168756
0 0.6854482851206929 0.7415493384822751 0.673576234220117 0.720744982618409 0.6471827113814695 0.7475210202808051 0.6590547622820452 0.7683253761446712
0 0.6801151960784313 0.8717614379084968 0.6590049019607843 0.8666437908496731 0.6530098039215686 0.910607843137255 0.6741200980392156 0.9157254901960786
0 0.6544800375066299 0.43812879381035363 0.6523174077488445 0.41044713291069973 0.6171659920945621 0.4153292739737945 0.6193286218523477 0.4430109348734485
0 0.6737188260340632 0.2860803993130099 0.665484784242164 0.2625545656218692 0.6330976277372261 0.2827065741138304 0.6413316695291255 0.30623240780497113
0 0.6267540501143994 0.23818537243421004 0.6191597012079612 0.21425166678967705 0.5861475785420819 0.232873889831968 0.5937419274485203 0.25680759547650095
0 0.642136731263421 0.17657120897431397 0.6332128744675607 0.153270027340679 0.6010014037033125 0.1752012414780395 0.6099252604991726 0.1985024231116745
0 0.6283700980392157 0.0915032679738563 0.5952818627450981 0.0915032679738563 0.5952818627450981 0.11805555555555565 0.6283700980392157 0.11805555555555565
0 0.6375612745098039 0.014297385620915135 0.6035539215686274 0.014297385620915131 0.6035539215686274 0.045751633986928206 0.6375612745098039 0.045751633986928206
0 0.7372942101368849 0.040379516586508936 0.7005017573066962 0.03118140337896178 0.6968252867184609 0.057325194228634954 0.7336177395486496 0.06652330743618212
0 0.7925848897953341 0.09554410572014693 0.7920240267639902 0.06787486284051335 0.7582566283812795 0.06909170602547587 0.7588174914126234 0.09676094890510949
0 0.930453431372549 0.02369281045751649 0.890625 0.023692810457516488 0.890625 0.056781045751634125 0.930453431372549 0.05678104575163414
0 0.8912417274102015 0.12574017908723292 0.8737992001393278 0.10434401230162783 0.8486232881367451 0.14083084129087817 0.8660658154076188 0.16222700807648327
0 0.9682703398101324 0.16344859965102182 0.9672216030077191 0.1340839691834502 0.9295211438647858 0.13647764912903323 0.9305698806671991 0.16584227959660489
0 0.7484681372549019 0.16053921568627466 0.7129289215686274 0.16053921568627466 0.7129289215686274 0.19035947712418314 0.7484681372549019 0.19035947712418314
0 0.7741172048716394 0.2404786570985785 0.7588551142106329 0.21819115962536237 0.730886774813018 0.25223957280506726 0.7461488654740248 0.2745270702782834
0 0.8274975490196078 0.22886601307189547 0.8144718137254902 0.20377941176470601 0.7861139705882351 0.22995588235294137 0.7991397058823528 0.2550424836601308
0 0.9139266424895751 0.24156112294088083 0.905099370064768 0.21671398574512765 0.8724512853784049 0.23733382870493594 0.881278557803212 0.2621809659006891
0 0.9762931034482759 0.25549357674104145 0.9550583164300201 0.24416835699797163 0.9425287356321836 0.2859336263240929 0.9637635226504395 0.2972588460671627
0 0.91746746112238 0.33266565246788377 0.9157560006761324 0.3052822853279243 0.8801829783637591 0.3092348433626324 0.8818944388100067 0.33661821050259194
0 0.8208915109365045 0.3531889290012036 0.8089861170099807 0.32849626011656174 0.7776763909534932 0.3553331681649796 0.7895817848800168 0.38002583704962145
0 0.7480131775573972 0.34607314827393637 0.731642411583571 0.3306653685338647 0.7121987218674999 0.36739233799755466 0.728569487841326 0.38280011773762634
0 0.9507590232237069 0.40915279215905426 0.9424494703581349 0.3818804135233305 0.9055347883076114 0.40187586630069744 0.9138443411731835 0.4291482449364212
0 0.7887343731871447 0.4413928046563795 0.7708442104652512 0.4315707545345555 0.7583128480682214 0.4721484994392235 0.7762030107901149 0.48197054956104746
0 0.7407319054694766 0.47404966614490013 0.7081781975227424 0.45867708183672007 0.7009170617726459 0.48601312230767113 0.7334707697193803 0.5013857066158514
0 0.8340073529411764 0.5043300653594771 0.8272058823529411 0.47712418300653586 0.7929227941176469 0.492361111111111 0.7997242647058823 0.5195669934640523
0 0.9059327018325903 0.523256392700716 0.8949306041138595 0.4951399207528482 0.8639068554613525 0.5167216589458966 0.8749089531800834 0.5448381308937644
0 0.9434769404486686 0.6395283914147902 0.9338205860946999 0.6131650112737963 0.901898038145389 0.6339517866826498 0.9115543924993578 0.6603151668236437
0 0.9675245098039215 0.5314542483660133 0.9599701181842599 0.5045941892738831 0.9254549422508728 0.5218517772405766 0.9330093338705344 0.5487118363327068
0 0.7732843137254902 0.5388071895424839 0.7417279411764706 0.5388071895424839 0.7417279411764706 0.5686274509803924 0.7732843137254902 0.5686274509803924
0 0.8267890147862422 0.6748499946426658 0.8248628857280617 0.6466001017893497 0.7872669559627129 0.6511571841851495 0.7891930850208935 0.6794070770384657
0 0.899971442196788 0.7059562890012718 0.8906700547866203 0.6797746059207999 0.8585355946677313 0.7000700544169403 0.8678369820778989 0.7262517374974122
0 0.9790702183510321 0.6959049238356602 0.9735020681700671 0.6740963356268811 0.9392995813944239 0.6896208686314285 0.9448677315753888 0.7114294568402075
0 0.7530165912518854 0.7658371040723982 0.7414687028657617 0.742741327300151 0.7097944947209653 0.7708961789844143 0.7213423831070892 0.7939919557566616
0 0.8368037947937796 0.7620224814063554 0.827707699459094 0.7337235181428893 0.7937637339418527 0.7531200698670273 0.8028598292765384 0.7814190331304934
0 0.7365196078431373 0.8210784313725492 0.7037377450980392 0.8210784313725492 0.7037377450980392 0.8500816993464052 0.7365196078431373 0.8500816993464052
0 0.927865767919858 0.7787837651033099 0.9124438688231408 0.758955609121816 0.8871575026243149 0.7939194734955012 0.9025794017210322 0.8137476294769951
0 0.8010791743651441 0.9217825735115085 0.7942311100846474 0.8951512124206881 0.7618270098397285 0.9099645153897937 0.7686750741202252 0.9365958764806144
0 0.8583441464821222 0.8751057285659363 0.8449718858131487 0.8598231449442523 0.8201016435986159 0.8985101883890811 0.8334739042675894 0.9137927720107651
0 0.9001331135902637 0.932837502817219 0.8921251690331304 0.9061443542934414 0.8626500169033131 0.9218644354293442 0.8706579614604463 0.9485575839531216
0 0.9693627450980392 0.8884803921568631 0.9546568627450981 0.8688725490196082 0.9250919117647058 0.908292483660131 0.9397977941176471 0.927900326797386
0 0.6962806372549021 0.5487663398692811 0.6803492647058824 0.53406045751634 0.661654411764706 0.5700653594771242 0.6775857843137256 0.5847712418300655
0 0.7194175414601451 0.6317460410237229 0.7058509363602358 0.6105113547803861 0.6784242611989152 0.6416626401487995 0.6919908662988249 0.6628973263921363