0 0.24718137254901962 0.5100490196078432 0.2386029411764706 0.48717320261437913 0.20649509803921567 0.5085784313725491 0.21507352941176472 0.5314542483660132
0 0.2499841150391627 0.5719549128638532 0.2139853405293588 0.5688911873736572 0.2127193782156687 0.595335733481851 0.2487181527254726 0.598399458972047
0 0.1604519074469166 0.46081817873954417 0.14104534948694508 0.443899641030851 0.12150195570456161 0.4837528361949271 0.14090851366453314 0.5006713739036202
0 0.2818112600069614 0.3929888424797927 0.2802569178558998 0.36466527439378116 0.24684690074254553 0.36792478825849867 0.24840124289360715 0.3962483563445102
0 0.1866420577932062 0.35456558667660015 0.18100029522722588 0.32614781967758816 0.14442827959801544 0.3390555898996624 0.15007004216399578 0.3674733568986744
0 0.17685420958266576 0.26954013122758835 0.1540922789349203 0.25666469570967176 0.1409308957045854 0.29802904300501004 0.16369282635233084 0.31090447852292674
0 0.2659306840713814 0.2956387236542558 0.25403310200484686 0.2696803627818169 0.22332424542850846 0.2947023940662408 0.23522182749504297 0.3206607549386796
0 0.35527524105912967 0.2567099042565856 0.3500331615733891 0.22787846708501264 0.31152986454772713 0.24032397723472157 0.31677194403346765 0.2691554144062945
0 0.0625407022014582 0.40246277813171005 0.06013396333262547 0.3727796654161063 0.023540250937920292 0.37805443477029804 0.02594698980675303 0.4077375474859018
0 0.37022058823529413 0.4526960784313725 0.3623774509803922 0.42132352941176476 0.3243259803921568 0.4382352941176471 0.33216911764705875 0.46960784313725484
0 0.37763021299202565 0.33663857672826764 0.36354783308125577 0.31648817945757246 0.33663177221400037 0.34992934598961695 0.35071415212477025 0.3700797432603122
0 0.4399136178861789 0.3247150486210745 0.4126389885222382 0.2956221106328711 0.3969467360114778 0.3217758648174717 0.4242213653754185 0.3508688028056751
0 0.45955882352941174 0.3864379084967321 0.42463235294117646 0.3864379084967321 0.42463235294117646 0.417483660130719 0.45955882352941174 0.417483660130719
0 0.33083078528441073 0.5415372419594903 0.3114064623374102 0.5098827897495634 0.29253725004853426 0.5304673849737916 0.3119615729955348 0.5621218371837184
0 0.10872149288900111 0.5371083340346153 0.09060212067659688 0.522241156834694 0.07344525793149882 0.559414359449073 0.09156463014390305 0.5742815366489944
0 0.22533700980392163 0.6435866013071896 0.2087928921568628 0.6215277777777779 0.18290441176470595 0.656045751633987 0.19944852941176477 0.6781045751633988
0 0.32314950980392154 0.6030718954248366 0.3073651960784314 0.5872875816993465 0.28795343137254903 0.6217973856209151 0.30373774509803925 0.6375816993464053
0 0.3135282366371206 0.6966436117826126 0.30544923448831585 0.6729452054794521 0.2747721091861402 0.6915374026322859 0.28285111133494495 0.7152358089354464
0 0.13204656862745104 0.6196895424836601 0.09865196078431379 0.6196895424836601 0.09865196078431379 0.6466503267973857 0.13204656862745104 0.6466503267973857
0 0.07944560836352567 0.6695621455058405 0.05981183785482142 0.638870274365797 0.04255157245672427 0.6584995957989271 0.06218534296542851 0.6891914669389705
0 0.12689950980392165 0.7379901960784314 0.10729166666666672 0.7249183006535949 0.09301470588235299 0.7629901960784314 0.11262254901960791 0.7760620915032681
0 0.2114485446668294 0.7370323475171535 0.19154577027906602 0.7216688023757221 0.17342275343747462 0.7634066593442357 0.193325527825238 0.7787702044856669
0 0.3189231887363513 0.770997757793418 0.30358759087091264 0.7489144968671863 0.27676754786109425 0.7820256610768385 0.2921031457265329 0.8041089220030702
0 0.41371849345274436 0.7664755636972207 0.4030495199810028 0.7398031300178665 0.3732020489856842 0.7610279982812042 0.3838710224574258 0.7877004319605583
0 0.40135797562268144 0.6653572690337396 0.3875529941706412 0.6400481363716657 0.35878875198728144 0.6679407348524996 0.3725937334393217 0.6932498675145734
0 0.41015328951203883 0.5182932852691786 0.40101221360694933 0.49554216301651144 0.37059236479527397 0.5172706264534224 0.37973344070036347 0.5400217487060897
0 0.470161379158405 0.5622429683483882 0.4681000771094955 0.5333847396636557 0.42848507380480283 0.5384152162737754 0.4305463758537123 0.5672734449585078
0 0.4598689364758112 0.6233846017134195 0.44056916606820307 0.6085386244767979 0.4228498835716306 0.6494898551355429 0.4421496539792388 0.6643358323721646
0 0.48103609734394737 0.7563798046870018 0.4653549855205582 0.7393615437934012 0.44295311244211405 0.7760579454076144 0.4586342242655032 0.793076206301215
0 0.4187608181793304 0.8507917938052171 0.4141496226892711 0.8223560882831848 0.3830296118796437 0.8313276229310054 0.3876408073697029 0.8597633284530375
0 0.3736321717402915 0.9029275069301391 0.3623667219806211 0.8770586963708961 0.3334601739528496 0.8994379593601384 0.3447256237125201 0.9253067699193814
0 0.309481600859522 0.888723251857821 0.29130271286596837 0.8732375324559049 0.2707769272092399 0.9160739546960339 0.2889558152027935 0.9315596740979498
0 0.2176709359847186 0.8898769679950804 0.21725946311080635 0.8629940735661458 0.1817287932033763 0.8639608945160078 0.18214026607728853 0.8908437889449424
0 0.13618722528757135 0.8715527811548575 0.12273264830574523 0.85049344327026 0.09412237172293399 0.8829890660556751 0.1075769487047601 0.9040484039402727
0 0.07507504406256882 0.8159836968495264 0.05827618968935883 0.8019846515385181 0.0408232815598149 0.8392175222148786 0.05762213593302488 0.853216567525887
0 0.11979166666666677 0.9501633986928104 0.09742647058823539 0.9501633986928104 0.09742647058823539 0.9963235294117647 0.11979166666666677 0.9963235294117647
0 0.06598218555714976 0.9390144269089749 0.053368603538976614 0.9179917902120198 0.029942312290770042 0.9429798342101069 0.04255589430894319 0.964002470907062
0 0.22027560551452052 0.98257152709798 0.20811827000088992 0.9561239901911345 0.17930951692325947 0.9796666271147896 0.19146685243689007 1.006114164021635
0 0.36335755437896167 0.09031743391670209 0.3563724912679492 0.06144583972451691 0.32133629252832135 0.07651517251575467 0.32832135563933396 0.10538676670793985
0 0.25008813456889606 0.19189833467633632 0.24220638597904917 0.16387433969021403 0.20994073999462798 0.18000716268242462 0.21782248858447487 0.2080311576685469
0 0.17479260935143287 0.13733031674208146 0.15714555052790347 0.1190296631473102 0.1370357277526395 0.15350364504776268 0.15468278657616893 0.17180429864253394
0 0.2223557692307692 0.057535193564605375 0.20340780542986425 0.04069255907491206 0.18314008295625941 0.0812280040221217 0.20208804675716435 0.09807063851181501
0 0.13592693542934417 0.19178358124859143 0.11555379479377961 0.18517607617759752 0.1080252704530088 0.22644354293441515 0.1283984110885734 0.2330510480054091
0 0.3097362863830654 0.13349220887893803 0.2889368766537757 0.1187015175158876 0.2723821578804532 0.16008831444919377 0.2931815676097429 0.17487900581224422
0 0.4058022247360482 0.1420311714429362 0.3860765460030166 0.12449723479135254 0.36576168929110103 0.16512694821518362 0.3854873680241327 0.1826608848667673
0 0.09180780458250715 0.27807887199823744 0.08702460619079092 0.25165739516780494 0.05431055849306015 0.26218605419695973 0.059093756884776374 0.28860753102739223
0 0.1181523261047122 0.11174324504525529 0.10477967221175803 0.08729039221242478 0.07179249037387696 0.11936126344369806 0.08516514426683112 0.14381411627652857
0 0.4431105996775367 0.068255794802448 0.4243999323867477 0.05110434978589142 0.4030798161439642 0.09245245401432019 0.4217904834347531 0.10960389903087676
0 0.49402875473448243 0.15763250109505045 0.47553367601968505 0.13420540138964043 0.44654302259668643 0.17489403777279638 0.4650381013114838 0.19832113747820637
0 0.49691379719962686 0.902108453430283 0.4802117934768394 0.8817479155586945 0.45487591434973285 0.9186960726190583 0.4715779180725203 0.9390566104906466
0 0.7179453385127635 0.8043269823652731 0.7130618756936737 0.7696001356517451 0.6871277284498706 0.7760836724626958 0.6920111912689605 0.8108105191762238
0 0.5278148279209879 0.8058729391802998 0.5218794800428269 0.7826591341457144 0.48823152294235606 0.7979536601004739 0.494166870820517 0.8211674651350592
0 0.6157649166354441 0.7555199096623788 0.6102180123641814 0.730373943632655 0.5782381822155614 0.7429150534948589 0.583785086486824 0.7680610195245827
0 0.7716719416660839 0.8607949025825155 0.7543136234874449 0.8387525937842437 0.7294905254015994 0.8735049311044275 0.7468488435802384 0.8955472399026992
0 0.567876875689151 0.9249724339613598 0.5566324787861355 0.9046884238618023 0.5284203611151063 0.9324916702622369 0.5396647580181217 0.9527756803617944
0 0.6917838370999988 0.9096554725874145 0.6838533185049848 0.8865247933519571 0.6498234168751904 0.90726682863107 0.6577539354702044 0.9303975078665273
0 0.6266824603396058 0.8565509166409918 0.625691404637752 0.8310037029932046 0.5932551533806525 0.8332406858385217 0.5942462090825064 0.858787899486309
0 0.5582678874590155 0.6637766805334163 0.5262459825304875 0.649929370294053 0.5196608964140845 0.6770013909948207 0.5516828013426124 0.6908487012341841
0 0.5587928921568627 0.5854983660130719 0.5260723039215687 0.5709558823529413 0.5194852941176471 0.5973039215686275 0.5522058823529411 0.6118464052287581
0 0.6506067996505532 0.6156511680579823 0.6409312512133567 0.5943153432990359 0.6124597165598913 0.6172691386785739 0.6221352649970878 0.6386049634375204
0 0.7222332156194186 0.6033858867463207 0.7152287303133623 0.5803122880910766 0.6841094572266313 0.5971068164235981 0.6911139425326875 0.6201804150788421
0 0.7361778846153847 0.6865101809954753 0.7177036199095022 0.6673516842634489 0.6941624245852186 0.7077080191050779 0.7126366892911011 0.7268665158371042
0 0.7972485226967498 0.7377115229653505 0.7902481197958636 0.7128212015399769 0.7572102471125435 0.7293401378816368 0.7642106500134298 0.7542304593070104
0 0.7904296006815824 0.5887991636621064 0.7702202023756606 0.5747873141700005 0.7544493474341877 0.6152254037635205 0.7746587457401096 0.6292372532556264
0 0.6490953746643885 0.5165144550212895 0.6282989077373687 0.500461041954818 0.6123224056219998 0.5372554104629405 0.6331188725490197 0.5533088235294119
0 0.8521677113468338 0.5142036322725809 0.8372006589521054 0.4902563484410158 0.8076080842172935 0.5231369870352514 0.8225751366120219 0.5470842708668165
0 0.7659549396681749 0.48881347410759163 0.752521681749623 0.46194695827048765 0.7197869532428356 0.4910444947209654 0.7332202111613876 0.5179110105580693
0 0.6508349463083266 0.4470907122304294 0.6396639357331434 0.4227888646633642 0.6097919169558897 0.44720040688993706 0.620962927531073 0.4715022544570023
0 0.5568509938221864 0.44900505864446233 0.5505304861670696 0.42653214253738025 0.5172575879666935 0.44316859163756833 0.5235780956218103 0.46564150774465035
0 0.5468004769475358 0.5222465112170993 0.5452077293556532 0.4957007180190571 0.5100406418529256 0.49945187401934804 0.5116333894448082 0.5259976672173903
0 0.5765931372549019 0.3468137254901962 0.5428921568627451 0.3468137254901962 0.5428921568627451 0.3737745098039217 0.5765931372549019 0.3737745098039217
0 0.6395310954265276 0.319097248645038 0.6364911504705376 0.2874818211027404 0.5991461995535601 0.2938655733962408 0.6021861445095502 0.3254810009385385
0 0.7161389909199778 0.3594298324009034 0.6955508673387313 0.3442845460882622 0.6785928535042093 0.3852664128550236 0.6991809770854559 0.40041169916766484
0 0.8099818448849936 0.3891389835049179 0.806481583362037 0.34363558370648195 0.7836728746475818 0.34675472335974084 0.7871731361705384 0.39225812315817676
0 0.8590121865940519 0.36377685619988825 0.8585544367723471 0.335701533801995 0.8281779675734253 0.33658201117007974 0.8286357173951301 0.364657333567973
0 0.809928479588557 0.22603262616522038 0.7885753174220508 0.22344436408443177 0.7854990356798458 0.26856316297010624 0.8068521978463519 0.2711514250508948
0 0.6924979257267109 0.21957176190839492 0.6768526598382543 0.20116556674550493 0.6546525711451895 0.2347123674372473 0.6702978370336461 0.25311856260013726
0 0.5301906989554107 0.31583864346061796 0.5198936587569546 0.2922240979388253 0.4870278345776467 0.3177014810235601 0.4973248747761028 0.3413160265453528
0 0.5707720588235294 0.15563725490196093 0.552236519607843 0.13092320261437912 0.5289522058823529 0.16196895424836602 0.5474877450980392 0.1866830065359478
0 0.6201238291969932 0.16798040209998816 0.606769590442668 0.1445519130573123 0.5789909840711133 0.17270090084715434 0.5923452228254384 0.1961293898898302
0 0.771528537563822 0.1930812988944666 0.7677018974986056 0.1662948184379514 0.7317456933539279 0.17542655282390127 0.7355723334191444 0.20221303328041645
0 0.666155020114215 0.07784236363124875 0.6529049568177342 0.0546547528624075 0.6274742770135313 0.08048909425080414 0.6407243403100121 0.10367670501964538
0 0.5742128898539282 0.07395490634732645 0.5591529313067509 0.03688423915427475 0.5373605902092381 0.05262315216914511 0.5524205487564153 0.0896938193621968
0 0.5232381848598913 0.040289463757062875 0.5150935570275789 0.013502687775235597 0.48459219007552823 0.02998991315472243 0.4927368179078407 0.05677668913654971
0 0.7241217214815714 0.12192203933715973 0.7232832698128296 0.07273287477097187 0.6976308560336886 0.07351022064306706 0.6984693077024303 0.12269938520925491
0 0.7938761362271254 0.030439819449449897 0.7837345583229888 0.006901342338614583 0.7543179967698447 0.02943317671974622 0.7644595746739813 0.052971653830581535
0 0.8168602796148045 0.09748230653208019 0.8028271478709826 0.07599948756622962 0.777779469776076 0.1050871137409599 0.7918126015198979 0.12656993270681047
0 0.8681292189006748 0.20437560270009647 0.8661578873352619 0.175462739740705 0.8337552234008357 0.1793903353691203 0.8357265549662488 0.20830319832851177
0 0.8831355959414333 0.11423994634243805 0.8646903630447811 0.09543304221251828 0.8420455518451921 0.13491630276564787 0.8604907847418443 0.15372320689556765
0 0.8745514435055789 0.9171496407034269 0.8562367972050698 0.8951720651428159 0.8325022343191419 0.9303343805293757 0.850816880619651 0.9523119560899866
0 0.8832367081447964 0.8298296882855706 0.8787471719457013 0.7998994469582706 0.8419235482654601 0.8097190799396682 0.8464130844645552 0.8396493212669682
0 0.8741841992271361 0.6399008873622442 0.8591853621010449 0.6209549878345499 0.8374727171890655 0.6515135251180765 0.8524715543151566 0.6704594246457707
0 0.8897058823529411 0.7017973856209152 0.8547794117647058 0.7017973856209152 0.8547794117647058 0.7308006535947714 0.8897058823529411 0.7308006535947714
0 0.9543504901960784 0.8071895424836604 0.9209558823529411 0.8071895424836604 0.9209558823529411 0.8423202614379085 0.9543504901960784 0.8423202614379085
0 0.984375 0.7434640522875818 0.979707324106113 0.718569780853518 0.9422938292964246 0.7310409457900808 0.9469615051903114 0.7559352172241447
0 0.9651024324824269 0.6853881489702799 0.9599576859045504 0.6613793316068567 0.9292048187199407 0.6730947095819463 0.9343495652978171 0.6971035269453694
0 0.9839667458432304 0.6026782248924907 0.9678439814167947 0.5826143402729261 0.9437591693446974 0.6170212146616367 0.9598819337711331 0.6370850992812012
0 0.9512612979700695 0.5544267875076142 0.9449872203289374 0.5279362374672789 0.9092689657727069 0.5429755025435866 0.9155430434138389 0.5694660525839219
0 0.9763393608516369 0.41949388482145383 0.9429434381048558 0.4155649527335972 0.9409316355297485 0.445965524979663 0.9743275582765295 0.4498944570675195
0 0.8909032742931426 0.4554156284981766 0.8828708969775755 0.42815422669988806 0.8490216390423572 0.44588479038024054 0.8570540163579243 0.47314619217852905
0 0.9312519361833952 0.34549909492917374 0.9105975289744149 0.3359446752678768 0.8981381888257162 0.38382762956483724 0.9187925960346964 0.39338204922613423
0 0.9320989708100432 0.27754857599148264 0.9249525885014637 0.250868748706119 0.8928513996096175 0.26615502913080774 0.899997781918197 0.29283485641617135
0 0.9908237685318028 0.2371572612784952 0.9788079866092776 0.21713095807428662 0.9526168699186991 0.2450681492109039 0.9646326518412242 0.2650944524151125
0 0.9678308823529415 0.11601307189542484 0.9571078431372552 0.08741830065359477 0.9236519607843138 0.10972222222222228 0.9343750000000002 0.13831699346405235
0 0.9578951474488999 0.030671278237201165 0.9546848182243718 -0.000005201019399803544 0.9166513886721797 0.007070785874031316 0.9198617178967077 0.037747265130632285
0 0.059266937605713214 0.12982757000563808 0.043797570945311025 0.10748292927394601 0.02198736922884169 0.13432625446344673 0.03745673588924388 0.15667089519513877
0 0.044395184544406004 0.48471261053440984 0.039543685121107265 0.4556036139946174 0.00690960207612457 0.4652729719338715 0.011761101499423304 0.4943819684736639