0 0.14991780248684838 0.13414434879642917 0.14082526303204207 0.10787701259365534 0.10738880918220946 0.12845329188586002 0.11648134863701576 0.15472062808863385
0 0.14785868206342942 0.22625509935517835 0.13494785498091855 0.20166304776944338 0.0998897881300171 0.23438391016361804 0.11280061521252797 0.258975961749353
0 0.1210382860040568 0.3395312147847645 0.11231195064232588 0.31044343024566146 0.07797709601081812 0.328755352715799 0.08670343137254903 0.357843137254902
0 0.2141954008565884 0.2677544112070312 0.1958724402730376 0.25172182069642424 0.1775063993174062 0.28903695152691344 0.19582935990095698 0.3050695420375204
0 0.10707523646686178 0.4409093150955184 0.10433860520172297 0.4102590449259637 0.06444098740670108 0.4165920001315227 0.0671776186718399 0.44724227030107744
0 0.2137349170437406 0.4490824534942183 0.2029317496229261 0.42387506284565113 0.17003676470588236 0.4489379084967321 0.18083993212669686 0.4741452991452993
0 0.2777630706948467 0.3382929218711732 0.2610289615478815 0.32389798927163327 0.24007587053925172 0.3672010440228014 0.2568099796862169 0.38159597662234135
0 0.2940045565205948 0.16575097600561475 0.280705109224898 0.1404186954423828 0.24702469074878275 0.17185375268675707 0.2603241380444795 0.197186033249989
0 0.25518857137175355 0.09678107889538505 0.2457893350037784 0.07280621511620197 0.21195437099789208 0.09638815972636518 0.22135360736586726 0.12036302350554827
0 0.08389109428852785 0.519675724795088 0.06977736626408321 0.4993519564398877 0.0434277431430475 0.5318823553547466 0.05754147116749214 0.5522061237099469
0 0.12820354139161905 0.5591800726940818 0.10366317661728038 0.5575440483757925 0.10169582172020931 0.6100068456310206 0.126236186494548 0.6116428699493097
0 0.18076147476839022 0.6549219299354182 0.17690637546540677 0.6297923937381926 0.14271416610769244 0.639117541744842 0.14656926541067591 0.6642470779420676
0 0.2577475299458305 0.5475461585412377 0.23525239375906007 0.5135535083034511 0.21785412851911196 0.5340220556445666 0.24034926470588236 0.568014705882353
0 0.25752291797501925 0.5950144500267486 0.2223199488870282 0.5941288407415162 0.22193736480357273 0.6211647826390343 0.25714033389156377 0.6220503919242667
0 0.3592218137254903 0.4814133986928105 0.3408394607843138 0.4569035947712419 0.3120404411764706 0.49530228758169953 0.3304227941176471 0.5198120915032681
0 0.32285703711014613 0.3932041496688161 0.3064280661929201 0.37787044347940524 0.2881341294907225 0.412716037197877 0.3045631004079485 0.4280497433872879
0 0.4134144042232277 0.38313851181498243 0.4049393056038983 0.35601819623312836 0.36865319352593107 0.3761771473875546 0.3771282921452605 0.4032974629694087
0 0.37254901960784315 0.2463235294117648 0.33670343137254904 0.2463235294117648 0.33670343137254904 0.2773692810457517 0.37254901960784315 0.2773692810457517
0 0.45099095672751865 0.23553358124859144 0.4431309161595673 0.20933344602208703 0.41112026707234617 0.22640579220193827 0.4189803076402975 0.2526059274284427
0 0.4325936150633538 0.14455327859182182 0.41196821688964386 0.10177467497227531 0.3889427160755999 0.12151081852717018 0.4095681142493098 0.16428942214671668
0 0.5109396465592607 0.23888732775488128 0.5013972149369301 0.2155613837891844 0.47085167665792427 0.23777632071937047 0.4803941082802548 0.2611022646850673
0 0.5503063725490196 0.388235294117647 0.5403186274509804 0.3616013071895425 0.5037990196078431 0.3859477124183007 0.5137867647058824 0.4125816993464052
0 0.08856584581556064 0.6907993860838322 0.062077588202228605 0.6563872907229221 0.04819731012135035 0.6753813554651766 0.07468556773468238 0.7097934508260866
0 0.22727964593480704 0.7493703426168771 0.2061145716248283 0.7339775613005289 0.18632719807668294 0.7823466966404398 0.20749227238666168 0.7977394779567879
0 0.35079656862745107 0.6188725490196078 0.342286806964165 0.5923977349560514 0.31322367308992566 0.6090052400270455 0.32173343475321164 0.6354800540906017
0 0.4389283897521274 0.5224804229868049 0.41528452182759906 0.5181534406215317 0.41090709396966335 0.5606770255271922 0.43455096189419173 0.5650040078924653
0 0.47011282961460443 0.42825952219968444 0.4622527890466531 0.40380606265494706 0.42901136747802565 0.4228011606941628 0.43687140804597696 0.4472546202389001
0 0.4455010369532429 0.3425559326294621 0.44131787330316746 0.31466817496229255 0.40767581070889897 0.32363939165409744 0.4118589743589744 0.351527149321267
0 0.562561274509804 0.5223039215686274 0.5556372549019608 0.4946078431372548 0.5180453431372548 0.5113153594771241 0.5249693627450981 0.5390114379084967
0 0.5548406862745098 0.5894607843137255 0.5174632352941176 0.5894607843137255 0.5174632352941176 0.6156045751633987 0.5548406862745098 0.6156045751633987
0 0.4532327769854511 0.6515300501109258 0.4382304728844877 0.6289459364105509 0.41212433623952777 0.6597760406388844 0.42712664034049125 0.6823601543392593
0 0.35377450980392167 0.7185620915032682 0.32607843137254905 0.6908660130718957 0.31129901960784323 0.7171405228758172 0.33899509803921585 0.7448366013071898
0 0.4322932590395826 0.7522968386938976 0.4003282836003425 0.7361306442188796 0.3920536769801476 0.7652171402171404 0.42401865241938774 0.7813833346921584
0 0.45312500000000017 0.7896241830065359 0.42493872549019623 0.7896241830065359 0.42493872549019623 0.829248366013072 0.45312500000000017 0.829248366013072
0 0.5417942750494693 0.7374407867122386 0.5258021901421119 0.7147853330934821 0.49828881093721894 0.7493119266055047 0.5142808958445764 0.7719673802242611
0 0.6246275880747933 0.6238112912286333 0.6231220574860231 0.5967117406307679 0.5839398088703421 0.6005815923458969 0.5854453394591124 0.6276811429437623
0 0.6427581871484412 0.7545881399561446 0.6396567237105538 0.7063431531445642 0.6143958849747354 0.7092301061429434 0.6174973484126227 0.7574750929545238
0 0.5905330882352942 0.7935049019607845 0.5738357843137255 0.7712418300653596 0.5505514705882354 0.8022875816993466 0.567248774509804 0.8245506535947714
0 0.5364583333333335 0.8799019607843137 0.5015318627450982 0.8799019607843137 0.5015318627450982 0.9093137254901961 0.5364583333333335 0.9093137254901961
0 0.40091995702390554 0.8726609365207271 0.3712931827103867 0.8634437178454101 0.3664254426744355 0.8912593751937026 0.39605221698795434 0.9004765938690196
0 0.6376563556457066 0.4952107279693487 0.6241759634888437 0.45027608744647285 0.6039448106828939 0.4610660356096462 0.6174252028397565 0.506000676132522
0 0.6408946690156927 0.3341605222233098 0.6362379082248539 0.3043572531619414 0.6029355689863299 0.3136079029504203 0.6075923297771687 0.3434111720117887
0 0.6548530136906834 0.19510480720887965 0.6416519825385775 0.17489582124763117 0.6155028135514561 0.20526259813590123 0.6287038447035619 0.22547158409714974
0 0.5713077773550811 0.21130409857287027 0.565623662561225 0.18267300183344695 0.5261464327040436 0.19660614178304037 0.5318305474978997 0.22523723852246375
0 0.5433797479250481 0.10794205236006915 0.5349304347432133 0.08428397545093215 0.507209098981552 0.10188482355357426 0.5156584121633867 0.12554290046271127
0 0.6130514705882353 0.10334967320261451 0.5977328431372549 0.08292483660130733 0.5718443627450981 0.11744281045751638 0.5871629901960785 0.13786764705882357
0 0.7085512684455226 0.24005289400983765 0.6862081817262987 0.22681254632437176 0.6720834596725288 0.2691867124856817 0.6944265463917526 0.2824270601711476
0 0.7334453177822853 0.3200924047780033 0.7126859364435428 0.30902073473067393 0.6990998985801217 0.3543075276087447 0.7198592799188641 0.365379197656074
0 0.7205882352941176 0.419934640522876 0.6810661764705882 0.419934640522876 0.6810661764705882 0.44934640522875835 0.7205882352941176 0.44934640522875835
0 0.8081097547783301 0.5034928273537242 0.7967281884380486 0.47553810300917343 0.7657625392527756 0.4979513348004186 0.7771441055930571 0.5259060591449695
0 0.6989093137254903 0.5806045751633988 0.6850122549019608 0.5558986928104573 0.6541299019607842 0.5867810457516339 0.6680269607843139 0.6114869281045753
0 0.7151722813324443 0.6743250240789598 0.6806272287130722 0.6722779098496636 0.6796430314363301 0.701803828151928 0.7141880840557021 0.7038509423812241
0 0.7816687444874143 0.57232936427166 0.7607580229323563 0.5574595178325077 0.7453482257955085 0.5959840106746273 0.7662589473505665 0.6108538571137796
0 0.742309990214896 0.7594178490334074 0.7065554316736293 0.7575483296325569 0.70573945749125 0.7852914518334527 0.7414940160325166 0.7871609712343033
0 0.6743898704435086 0.8684602379561579 0.6587225041194779 0.8493609723421014 0.6346900365303969 0.8844083209095109 0.6503574028544277 0.9035075865235677
0 0.7930948340874809 0.7614002011060833 0.7913291855203619 0.7190246354952237 0.7654185520361991 0.7209439416792358 0.7671842006033183 0.7633195072900955
0 0.7850796568627451 0.8547794117647061 0.7684823905468123 0.8338459227175837 0.7438367622492328 0.868584522603696 0.7604340285651655 0.8895180116508182
0 0.8442537669430188 0.8360502478396283 0.8167624851954203 0.8103917182085364 0.8052909922358203 0.8322421809887268 0.8327822739834189 0.8579007106198187
0 0.9027093233581641 0.7972116976339301 0.8742681843479749 0.7682128892313844 0.8595194901104546 0.793928561235266 0.8879606291206438 0.8229273696378117
0 0.9056372549019608 0.6470588235294119 0.882046568627451 0.6470588235294119 0.882046568627451 0.6993464052287583 0.9056372549019608 0.6993464052287583
0 0.8587622549019608 0.6082516339869283 0.8189338235294118 0.6082516339869283 0.8189338235294118 0.6368464052287583 0.8587622549019608 0.6368464052287583
0 0.921133522216226 0.4257900101936798 0.9170612969958627 0.3945696168375607 0.8794235698866703 0.40329720573244593 0.8834957951070336 0.434517599088565
0 0.8460088765235826 0.36995009715597954 0.8452468305409483 0.34505659505659503 0.8084558823529411 0.34705882352941175 0.8092179283355754 0.3719523256287962
0 0.7962305409384203 0.28929242623567 0.7898176642861618 0.259754327716177 0.7554565636158618 0.27301650692225776 0.7618694402681202 0.3025546054417508
0 0.823375591615957 0.20226109984223573 0.8173085699797161 0.17221489745323407 0.7755683739012846 0.18719855758395304 0.7816353955375254 0.2172447599729547
0 0.913777356258053 0.14938701570413473 0.8829537263832012 0.14517181845629176 0.8807419438172145 0.17392499181411897 0.9115655736920663 0.1781401890619619
0 0.8955792797888383 0.23172637003519367 0.8865733408748112 0.2066189039718453 0.8550263951734537 0.2267357968828558 0.8640323340874809 0.2518432629462042
0 0.7356415272531031 0.08414208190921638 0.701352536427415 0.07619101157282496 0.6970779366792588 0.10896294297535537 0.7313669275049468 0.11691401331174679
0 0.33721581304935777 0.8714996055893621 0.3170638945233266 0.8599842235744873 0.302532327586207 0.9051935429344152 0.32268424611223806 0.9167089249492901
0 0.303155637254902 0.8490604575163401 0.2866115196078432 0.8270016339869283 0.25750612745098045 0.8658088235294119 0.27405024509803927 0.8878676470588237
0 0.4162900251843858 0.9311964082268994 0.3824794252563411 0.92335626911315 0.3785443649937039 0.9535250644600349 0.4123549649217486 0.9613652035737843
0 0.353737576827514 0.9689526457895832 0.35134645266502046 0.9461800347182159 0.31925485965276656 0.9521704654138367 0.3216459838152601 0.9749430764852038
0 0.20277447769500812 0.9524431315466508 0.18723427815869378 0.9342497272114535 0.1612038290290924 0.9737774462601075 0.17674402856540672 0.9919708505953048
0 0.15368045297882815 0.855366814377154 0.15282469154574682 0.8257004180303338 0.11923232180612275 0.8274231036580069 0.1200880832392041 0.857089500004827
0 0.24413666328600406 0.031186612576064893 0.23575367647058823 0.0051062091503267975 0.20306689486139282 0.02378437006986705 0.21144988167680864 0.04986477349560515
0 0.3323706286638367 0.02006940233137934 0.29633489993935713 0.017885418772319975 0.29527807256923383 0.04888568829593698 0.33131380129371335 0.05106967185499635
0 0.5049241637831603 0.06731122645136488 0.5033121395617071 0.034354286812764326 0.4661327854671281 0.037587274125336405 0.4677448096885814 0.07054421376393696
0 0.6783088235294118 0.012254901960784423 0.6415441176470589 0.01225490196078442 0.6415441176470589 0.041258169934640626 0.6783088235294118 0.04125816993464063
0 0.9730814739688978 0.29561077304485034 0.9510543441514536 0.28386297047554665 0.9359470081135902 0.3342207572684247 0.9579741379310344 0.3459685598377284
0 0.9746811973598154 0.5235014927232523 0.9714328975293317 0.49058538777435184 0.9319097959129192 0.49751926525091544 0.9351580957434029 0.5304353701998159
0 0.9315076270124661 0.5547476978011653 0.9152072370481739 0.5346856793835747 0.8898595580404686 0.5712989935058157 0.906159948004761 0.5913610119234064
0 0.9887789523728127 0.6109667350412743 0.9521304299053439 0.6043887951112158 0.9486942275093837 0.638423561699774 0.9853427499768525 0.6450015016298325
0 0.9765161728548111 0.7240895128687235 0.9559756529060518 0.7043706137179145 0.9326035274489143 0.7476523275274284 0.9531440473976736 0.7673712266782374
0 0.9641085555697334 0.8532743538485531 0.9536347348049848 0.8267406745778572 0.9207412221938668 0.8498238413225015 0.9312150429586151 0.8763575205931975
0 0.8485231484107626 0.9210490448188277 0.8272750155992966 0.9073720857677691 0.8093819133246356 0.9567911301454044 0.8306300461361016 0.970468089196463
0 0.5953000944879893 0.9726862068673955 0.5826262587829439 0.950817627611631 0.5521776627856835 0.9821889083360813 0.5648514984907288 1.0040574875918458
0 0.7611652263998382 0.979065595310289 0.7539480998585 0.9540462233003169 0.7153514756418032 0.9738393639242638 0.7225686021831413 0.9988587359342361