0 0.549808 0.695385 0.551952 0.695436 0.554212 0.695628 0.556317 0.696192 0.558288 0.697308 0.560115 0.699000 0.561663 0.701064 0.563212 0.703128 0.564337 0.705936 0.565462 0.708756 0.566019 0.711756 0.566865 0.714372 0.567423 0.717192 0.567712 0.720000 0.567990 0.723000 0.567990 0.726000 0.567990 0.729385 0.567990 0.732385 0.567423 0.735385 0.566587 0.738000 0.565596 0.740628 0.564048 0.742692 0.562087 0.744756 0.560115 0.746449 0.557721 0.746628 0.555337 0.745885 0.553269 0.744231 0.551538 0.743064 0.549423 0.741385 0.548019 0.739128 0.547173 0.736500 0.545769 0.733692 0.544788 0.731064 0.544365 0.728064 0.544077 0.725256 0.543654 0.722256 0.543240 0.719436 0.542952 0.716628 0.542673 0.713808 0.542529 0.711000 0.542529 0.708000 0.542952 0.705192 0.543654 0.702372 0.544500 0.699744 0.545913 0.697500 0.547875 0.696372
0 0.499038 0.624103 0.501596 0.625231 0.504010 0.627462 0.506231 0.630179 0.507721 0.633397 0.509019 0.637115 0.508837 0.641064 0.509019 0.644782 0.509760 0.648500 0.509942 0.652205 0.509942 0.656410 0.509019 0.660128 0.508279 0.663846 0.506788 0.667064 0.504567 0.669538 0.501962 0.671013 0.498625 0.672256 0.495837 0.672500 0.493240 0.670526 0.491385 0.666808 0.490269 0.663346 0.488788 0.660128 0.487856 0.656410 0.487856 0.652449 0.488231 0.648744 0.488231 0.644782 0.488596 0.641064 0.489712 0.637603 0.491010 0.633897 0.492500 0.630423 0.494135 0.626667 0.496538 0.625513
0 0.190721 0.592321 0.193913 0.589731 0.195173 0.588705 0.196529 0.587795 0.197981 0.587154 0.199240 0.586115 0.200692 0.585474 0.202346 0.584705 0.203798 0.584308 0.205250 0.583923 0.206702 0.583667 0.208154 0.583410 0.209702 0.583410 0.211250 0.583410 0.212808 0.583410 0.214038 0.584103 0.215327 0.584962 0.216683 0.585987 0.217942 0.587154 0.218712 0.588833 0.219394 0.590641 0.219683 0.592577 0.219394 0.594513 0.218808 0.596321 0.218712 0.598256 0.218135 0.600064 0.217260 0.601744 0.216000 0.603038 0.214740 0.604462 0.213481 0.606013 0.212317 0.607308 0.211058 0.608333 0.209798 0.609372 0.208538 0.610526 0.207385 0.611821 0.205923 0.612474 0.204663 0.613628 0.203510 0.614923 0.202048 0.615436 0.200500 0.616218 0.199048 0.616603 0.197596 0.617115 0.196144 0.617641 0.194596 0.617641 0.193173 0.618205 0.191683 0.618026 0.190231 0.617897 0.188846 0.618205 0.187404 0.617949 0.186058 0.618205 0.184327 0.616859 0.183356 0.615308 0.183067 0.613372 0.182971 0.611436 0.182971 0.609372 0.183067 0.607436 0.183740 0.605628 0.184327 0.603821 0.185000 0.602013 0.185683 0.600192 0.186356 0.598372 0.187423 0.596846 0.188394 0.595167 0.189558 0.593615
0 0.156038 0.559769 0.157490 0.559513 0.158942 0.560026 0.160394 0.560551 0.161846 0.560936 0.163308 0.561577 0.164663 0.562359 0.166019 0.563128 0.167375 0.564038 0.168635 0.565321 0.169798 0.566615 0.170760 0.568167 0.171827 0.569590 0.172702 0.571269 0.173279 0.573077 0.173471 0.575013 0.173375 0.576949 0.173279 0.578885 0.172702 0.580692 0.171923 0.582500 0.170471 0.582756 0.168923 0.582756 0.167375 0.582756 0.165817 0.583026 0.164365 0.582756 0.162913 0.582500 0.161269 0.581731 0.160010 0.580692 0.158942 0.579269 0.157394 0.578500 0.156519 0.576821 0.155462 0.575141 0.154394 0.573462 0.153615 0.571654 0.152846 0.569974 0.152163 0.568167 0.151875 0.566231 0.152260 0.564295 0.153135 0.562615 0.154298 0.561192
0 0.257356 0.356897 0.261423 0.357615 0.265231 0.359795 0.268760 0.362679 0.272010 0.366308 0.274038 0.369872 0.276731 0.375769 0.277981 0.381923 0.278173 0.388077 0.277712 0.392731 0.275962 0.397308 0.273077 0.401410 0.269615 0.402821 0.265481 0.403205 0.261442 0.402179 0.258462 0.401026 0.255183 0.397077 0.252471 0.392731 0.250837 0.387667 0.248933 0.382590 0.247577 0.377167 0.247308 0.371731 0.248394 0.365949 0.251058 0.361667 0.253846 0.358718
0 0.186250 0.469231 0.188808 0.467756 0.191740 0.466538 0.194673 0.466538 0.197423 0.466051 0.200173 0.467026 0.202923 0.468000 0.205673 0.468987 0.208413 0.470449 0.210250 0.473385 0.211163 0.477038 0.211529 0.480705 0.210615 0.484372 0.209519 0.487795 0.207308 0.489744 0.205288 0.491410 0.202375 0.492923 0.199615 0.493462 0.196692 0.494385 0.193942 0.493654 0.191192 0.493410 0.188260 0.493410 0.185510 0.492436 0.183317 0.489987 0.180750 0.488526 0.178913 0.485590 0.178365 0.481936 0.179288 0.478269 0.180385 0.474846 0.182952 0.472154
0 0.557413 0.603962 0.560154 0.604205 0.562529 0.606897 0.564356 0.609821 0.565279 0.613474 0.565462 0.617128 0.565827 0.621038 0.565827 0.624936 0.566010 0.628590 0.565279 0.632256 0.563808 0.635423 0.562163 0.638590 0.559971 0.642013 0.557231 0.644205 0.555212 0.646885 0.551923 0.649077 0.548846 0.649359 0.546615 0.648833 0.544788 0.645910 0.543692 0.642500 0.542779 0.638833 0.542779 0.634936 0.542596 0.631282 0.542231 0.627615 0.542596 0.623962 0.543692 0.620551 0.544788 0.617128 0.546981 0.613962 0.548654 0.611026 0.550462 0.609090 0.552471 0.605910
0 0.612279 0.586897 0.615019 0.587628 0.617587 0.589090 0.620144 0.590795 0.621240 0.594449 0.621788 0.598603 0.621971 0.602256 0.621423 0.605910 0.619779 0.609333 0.617587 0.612500 0.615760 0.615423 0.613375 0.618115 0.611000 0.620795 0.608260 0.622500 0.605327 0.622987 0.602587 0.622500 0.599481 0.622256 0.597096 0.620064 0.595635 0.616885 0.595635 0.612987 0.595635 0.608846 0.595635 0.604936 0.597096 0.601769 0.598750 0.598359 0.600760 0.595423 0.603135 0.593231 0.605144 0.590551 0.607712 0.588846 0.610096 0.588077
0 0.600115 0.506218 0.603288 0.507064 0.606038 0.509051 0.607942 0.512718 0.609846 0.516667 0.610481 0.521179 0.610692 0.525128 0.610692 0.529641 0.609212 0.533590 0.607519 0.537821 0.604558 0.540923 0.600538 0.543462 0.597154 0.542897 0.594423 0.539487 0.592115 0.536923 0.591442 0.533308 0.590173 0.529359 0.589962 0.524846 0.589750 0.520897 0.590385 0.516667 0.592712 0.512154 0.594827 0.508487 0.598212 0.506218
0 0.642692 0.467051 0.643817 0.467628 0.646519 0.468346 0.649212 0.469551 0.651904 0.470987 0.653885 0.474103 0.655317 0.477218 0.656577 0.480808 0.656942 0.484397 0.657654 0.488000 0.658019 0.491590 0.658019 0.495423 0.657837 0.499256 0.657115 0.502859 0.655500 0.506449 0.653346 0.508846 0.651010 0.510756 0.648317 0.511474 0.645442 0.511000 0.642740 0.509808 0.640404 0.507167 0.638250 0.504051 0.636808 0.500936 0.634837 0.498295 0.633577 0.494949 0.633221 0.491346 0.632683 0.487756 0.632317 0.483923 0.632317 0.480090 0.632856 0.476256 0.634654 0.472897 0.636442 0.469487 0.638606 0.467397 0.641442 0.467179
0 0.132212 0.414487 0.136962 0.413744 0.141442 0.418077 0.144327 0.422051 0.146712 0.427128 0.148183 0.433038 0.147894 0.439333 0.146712 0.445244 0.143760 0.449974 0.140212 0.453910 0.136375 0.457846 0.132500 0.457821 0.127808 0.455090 0.123365 0.453077 0.120721 0.448000 0.118365 0.442885 0.118365 0.436577 0.118952 0.430679 0.120433 0.424769 0.123087 0.419256 0.127221 0.416897
0 0.073933 0.361859 0.076250 0.360769 0.078750 0.359487 0.082279 0.360051 0.085192 0.360308 0.087721 0.362372 0.089663 0.365487 0.090827 0.369103 0.092183 0.372731 0.092183 0.376872 0.092183 0.381269 0.091058 0.384103 0.089808 0.387179 0.088654 0.391410 0.087308 0.394487 0.084808 0.397821 0.082673 0.401205 0.079952 0.403026 0.077038 0.404577 0.074519 0.406641 0.071212 0.406641 0.068298 0.406128 0.065192 0.404577 0.062279 0.402756 0.060144 0.399910 0.058596 0.396282 0.057817 0.392410 0.057433 0.388526 0.057433 0.384385 0.058404 0.380500 0.059952 0.377128 0.061510 0.373769 0.063452 0.370654 0.065779 0.368064 0.068106 0.365487 0.070635 0.363154
0 0.138433 0.331718 0.142125 0.330692 0.145231 0.331205 0.148144 0.330423 0.151250 0.330423 0.153962 0.331987 0.156875 0.332500 0.159010 0.335346 0.160183 0.339231 0.160567 0.343115 0.159788 0.347000 0.158625 0.350628 0.156683 0.353731 0.153962 0.356064 0.151442 0.358128 0.148942 0.359487 0.145808 0.360718 0.142894 0.362013 0.140183 0.364090 0.137115 0.363846 0.134712 0.363846 0.131442 0.363564 0.128529 0.362795 0.125808 0.361231 0.123875 0.358128 0.122904 0.354244 0.123096 0.350359 0.124837 0.347000 0.126394 0.343628 0.128721 0.341038 0.130663 0.337936 0.133192 0.335603 0.136106 0.334051
0 0.267702 0.262038 0.270769 0.262590 0.273625 0.264487 0.276481 0.266397 0.279135 0.268846 0.281385 0.271846 0.283221 0.275385 0.284856 0.278923 0.286077 0.282731 0.286077 0.287090 0.285673 0.291167 0.284856 0.295256 0.282606 0.298244 0.279548 0.299603 0.276279 0.299885 0.273221 0.300692 0.270356 0.299064 0.267702 0.296615 0.265260 0.293897 0.263212 0.290359 0.261577 0.286808 0.259538 0.283551 0.259135 0.279462 0.258519 0.275385 0.258923 0.271295 0.260769 0.266667 0.264038 0.262051
0 0.600000 0.395385 0.602519 0.394167 0.605048 0.395064 0.607760 0.396423 0.610298 0.397321 0.612663 0.398679 0.614356 0.401385 0.615538 0.404769 0.616548 0.408372 0.617058 0.412205 0.617394 0.415590 0.616548 0.418962 0.615875 0.422346 0.614856 0.425731 0.613846 0.428885 0.611981 0.431590 0.609615 0.433167 0.607077 0.433846 0.604375 0.433846 0.601827 0.434103 0.599808 0.432718 0.597442 0.430692 0.595750 0.427756 0.594404 0.424833 0.593048 0.421667 0.592202 0.418295 0.592029 0.414910 0.591692 0.411526 0.591529 0.408141 0.592712 0.404987 0.594231 0.401410 0.595385 0.398462 0.597442 0.396641
0 0.669981 0.358090 0.672519 0.359679 0.674885 0.361923 0.675394 0.365308 0.675904 0.368923 0.676067 0.372526 0.675904 0.375910 0.674885 0.379282 0.673875 0.382449 0.672519 0.386282 0.671337 0.389654 0.669471 0.392590 0.667442 0.395526 0.665413 0.397769 0.663221 0.400474 0.661192 0.402731 0.659038 0.404231 0.656635 0.404744 0.654596 0.403859 0.652212 0.402179 0.650000 0.400128 0.648846 0.397692 0.648173 0.394615 0.647663 0.391231 0.647490 0.387628 0.647663 0.384026 0.648337 0.380410 0.649356 0.377256 0.650365 0.373872 0.652058 0.370718 0.653923 0.368244 0.655606 0.365538 0.657808 0.363500 0.659663 0.361026 0.662038 0.359218 0.664404 0.357872 0.668846 0.357692
0 0.720577 0.382821 0.722760 0.382385 0.724635 0.382231 0.726394 0.382551 0.728154 0.383013 0.729913 0.383795 0.731548 0.384731 0.733192 0.386295 0.734231 0.388205 0.734837 0.390205 0.735067 0.392705 0.735183 0.395051 0.735183 0.397705 0.734952 0.400051 0.734250 0.402231 0.733538 0.404423 0.732721 0.406615 0.731663 0.408962 0.730846 0.411141 0.729913 0.413333 0.728971 0.415513 0.727567 0.417231 0.726163 0.419423 0.724635 0.420987 0.723115 0.422705 0.721356 0.424269 0.719952 0.425833 0.717952 0.427705 0.716077 0.428962 0.714087 0.429577 0.712096 0.430051 0.710337 0.430205 0.708462 0.430205 0.707288 0.428333 0.705769 0.427077 0.704481 0.425359 0.703894 0.423013 0.703192 0.420833 0.703067 0.418487 0.702837 0.416141 0.702837 0.413641 0.703423 0.411295 0.703894 0.408962 0.704596 0.406615 0.705529 0.404577 0.706702 0.402551 0.707404 0.400205 0.708817 0.398641 0.709750 0.396615 0.711038 0.394577 0.712212 0.392551 0.713385 0.390667 0.714788 0.388795 0.716317 0.387397 0.717606 0.385513 0.719125 0.383487
0 0.620452 0.274167 0.623221 0.274167 0.625471 0.276013 0.627904 0.277628 0.630154 0.279705 0.631538 0.283077 0.632058 0.287103 0.631538 0.290564 0.631019 0.294026 0.629808 0.297256 0.627038 0.300256 0.623394 0.301641 0.620798 0.302103 0.618202 0.301641 0.615433 0.301641 0.613000 0.300256 0.610404 0.299564 0.608327 0.296564 0.606596 0.293795 0.605558 0.290564 0.605212 0.287103 0.605731 0.283628 0.607115 0.280167 0.609712 0.277308 0.612481 0.276013 0.615192 0.274359 0.617981 0.274103
0 0.711827 0.248077 0.714625 0.249795 0.717212 0.252462 0.719606 0.255115 0.721596 0.258308 0.722788 0.262026 0.723788 0.266013 0.724788 0.269987 0.725385 0.273974 0.725385 0.278231 0.724788 0.282474 0.723587 0.286205 0.721596 0.289385 0.719010 0.291513 0.715615 0.292846 0.712827 0.294436 0.709644 0.293641 0.706654 0.293372 0.703663 0.291513 0.701077 0.288859 0.698481 0.286731 0.696885 0.283282 0.695096 0.279821 0.694500 0.275577 0.692702 0.272115 0.692500 0.268128 0.692500 0.263885 0.693106 0.259897 0.695298 0.254577 0.697481 0.251654 0.700077 0.248744 0.703067 0.247679 0.706250 0.247141 0.709240 0.246872
0 0.114769 0.677949 0.118096 0.677359 0.121413 0.678833 0.124519 0.681487 0.127173 0.684436 0.128721 0.688872 0.128721 0.693590 0.127173 0.697718 0.124962 0.701859 0.122981 0.703974 0.119865 0.706577 0.116731 0.707821 0.113442 0.708936 0.110125 0.708346 0.106798 0.707756 0.104135 0.705641 0.101712 0.702449 0.100375 0.698308 0.099269 0.693885 0.099933 0.689462 0.102596 0.686500 0.105029 0.683256 0.108125 0.681487
0 0.569606 0.896577 0.574375 0.897846 0.578202 0.902513 0.581067 0.908462 0.582971 0.914397 0.583606 0.920769 0.584250 0.927141 0.584567 0.933500 0.584885 0.939872 0.584567 0.946244 0.582019 0.951282 0.577692 0.956026 0.573654 0.957692 0.568750 0.957308 0.564327 0.953590 0.562500 0.948205 0.561058 0.942051 0.560673 0.936282 0.560096 0.929487 0.559615 0.923333 0.559038 0.918077 0.558558 0.911410 0.559327 0.905641 0.563077 0.899872
0 0.348587 0.789167 0.350606 0.788269 0.352625 0.788090 0.354644 0.787731 0.356663 0.788269 0.358817 0.789346 0.360837 0.789885 0.362721 0.790962 0.364337 0.792756 0.365817 0.794731 0.367433 0.796526 0.368106 0.799218 0.369317 0.801551 0.369856 0.804244 0.370663 0.806756 0.371740 0.809090 0.372683 0.811603 0.373356 0.814295 0.373760 0.816987 0.373625 0.819679 0.372952 0.822372 0.372279 0.825064 0.371471 0.827577 0.370260 0.829910 0.368913 0.832064 0.367298 0.834038 0.365279 0.834756 0.362990 0.835654 0.360971 0.836013 0.358952 0.835474 0.356798 0.835833 0.355183 0.834038 0.353567 0.832064 0.352087 0.830090 0.350875 0.827756 0.349529 0.825603 0.348048 0.823628 0.346702 0.821474 0.345894 0.818962 0.345087 0.816449 0.344279 0.813756 0.343471 0.811244 0.343337 0.808551 0.343202 0.805859 0.343202 0.802987 0.343471 0.800295 0.344279 0.797782 0.345087 0.795269 0.345894 0.792756 0.347375 0.790782
0 0.405269 0.854141 0.407288 0.854859 0.409308 0.855577 0.411327 0.856833 0.413346 0.858090 0.415096 0.859885 0.416442 0.862218 0.417788 0.864372 0.418865 0.866718 0.419942 0.869231 0.420212 0.871923 0.420481 0.874615 0.420615 0.877308 0.420481 0.880000 0.420212 0.882692 0.419135 0.885026 0.417788 0.887179 0.416038 0.888795 0.414288 0.890231 0.412000 0.891487 0.409846 0.892385 0.407827 0.892026 0.405269 0.892026 0.403250 0.891846 0.401538 0.890897 0.399212 0.889333 0.397327 0.888256 0.395981 0.886103 0.394365 0.884308 0.393558 0.881795 0.392481 0.879462 0.391942 0.876769 0.391673 0.874077 0.391942 0.871385 0.391942 0.868513 0.392212 0.865821 0.392615 0.862936 0.393423 0.860423 0.394365 0.857910 0.396115 0.856115 0.398000 0.854859 0.400019 0.854321 0.402173 0.853782
0 0.321356 0.899654 0.323173 0.899333 0.324990 0.899167 0.326817 0.898846 0.328510 0.899821 0.330327 0.900462 0.332154 0.901115 0.333846 0.902077 0.335423 0.903372 0.337125 0.904667 0.338212 0.906769 0.338702 0.909192 0.338827 0.911628 0.339067 0.914051 0.339067 0.916641 0.339308 0.919064 0.339067 0.921487 0.338577 0.924077 0.337731 0.926346 0.336635 0.928449 0.335183 0.930385 0.333606 0.931846 0.332308 0.933077 0.329846 0.934756 0.328029 0.935077 0.326202 0.936051 0.324385 0.936692 0.322692 0.937051 0.320990 0.936372 0.319173 0.935718 0.317346 0.935564 0.315654 0.934436 0.313952 0.932974 0.312500 0.931359 0.311404 0.929256 0.310558 0.926987 0.310192 0.924397 0.309952 0.921974 0.309827 0.919551 0.309952 0.917128 0.310433 0.914538 0.310798 0.912103 0.312010 0.910167 0.313346 0.908385 0.314683 0.906603 0.316260 0.904026 0.317712 0.902397 0.319413 0.901436
0 0.419529 0.928897 0.421125 0.928372 0.422615 0.928103 0.424106 0.927833 0.425596 0.927974 0.427087 0.928500 0.428683 0.928769 0.430173 0.928897 0.431567 0.929692 0.432856 0.930756 0.434048 0.932077 0.434846 0.933808 0.435846 0.935526 0.436442 0.937385 0.436933 0.939372 0.437135 0.941359 0.437038 0.943359 0.436933 0.945346 0.436337 0.947205 0.435846 0.949192 0.435144 0.951179 0.434250 0.953038 0.433260 0.954628 0.432067 0.955962 0.430865 0.957282 0.429779 0.958744 0.428481 0.959808 0.427087 0.960859 0.425596 0.962051 0.424404 0.963385 0.422712 0.963910 0.421221 0.964449 0.419529 0.964974 0.418038 0.965641 0.416548 0.964974 0.414952 0.964974 0.413260 0.964179 0.411865 0.963256 0.410375 0.962590 0.408981 0.961795 0.407692 0.960731 0.406692 0.959141 0.405904 0.957154 0.405606 0.955154 0.405606 0.952910 0.405404 0.950782 0.405202 0.948795 0.405308 0.946808 0.405904 0.944808 0.406202 0.942821 0.406990 0.941103 0.407990 0.939513 0.409087 0.937654 0.410077 0.936064 0.411567 0.934872 0.412760 0.933538 0.414558 0.932077 0.415952 0.930615
0 0.509135 0.860513 0.510769 0.860513 0.512317 0.860513 0.513856 0.860897 0.515212 0.861923 0.516558 0.862949 0.517817 0.863987 0.519067 0.865013 0.520135 0.866423 0.521192 0.867846 0.522452 0.869385 0.523798 0.870808 0.524663 0.872474 0.525442 0.874282 0.526212 0.876077 0.526692 0.878141 0.527173 0.880321 0.527663 0.882256 0.528144 0.884179 0.528240 0.886115 0.528433 0.888038 0.527885 0.890128 0.527788 0.891923 0.527115 0.893846 0.525962 0.895385 0.524904 0.897692 0.523558 0.898846 0.522596 0.899744 0.521635 0.899872 0.521058 0.900641 0.520577 0.900641 0.519423 0.900897 0.518106 0.901038 0.517433 0.901038 0.516077 0.901936 0.514635 0.902192 0.513183 0.901551 0.511644 0.901038 0.510385 0.900013 0.509519 0.898333 0.508452 0.896795 0.507394 0.895244 0.506529 0.893577 0.505952 0.891769 0.505365 0.889974 0.504404 0.888167 0.504019 0.886244 0.503442 0.884308 0.502663 0.882513 0.502471 0.880577 0.502471 0.878397 0.502279 0.876462 0.502279 0.874410 0.502279 0.872346 0.502567 0.870410 0.502567 0.868359 0.502952 0.866423 0.503827 0.864756 0.504788 0.863218 0.506144 0.862179 0.507490 0.861282
0 0.189490 0.261821 0.191490 0.261487 0.193365 0.261654 0.194712 0.261282 0.196635 0.261538 0.198269 0.261154 0.200481 0.260641 0.202212 0.260769 0.203750 0.260769 0.205577 0.261282 0.207500 0.261795 0.209615 0.262949 0.211115 0.264821 0.212990 0.265821 0.213490 0.268321 0.214615 0.270487 0.215615 0.272654 0.216365 0.274987 0.216740 0.277487 0.216990 0.280154 0.217115 0.282654 0.216240 0.284987 0.215115 0.287154 0.214115 0.289321 0.212615 0.291154 0.210865 0.292321 0.209240 0.293821 0.207115 0.294821 0.205365 0.295821 0.203365 0.296821 0.201490 0.297154 0.199615 0.297821 0.197740 0.297987 0.195865 0.298321 0.193740 0.297987 0.191615 0.297654 0.189740 0.297321 0.187865 0.296487 0.185990 0.295654 0.184115 0.295154 0.182365 0.293654 0.180615 0.292487 0.179115 0.290821 0.177865 0.288821 0.176615 0.286821 0.175865 0.284487 0.175240 0.281987 0.175240 0.279321 0.175240 0.276654 0.175990 0.274321 0.177115 0.272154 0.178240 0.269987 0.179490 0.267987 0.181115 0.266654 0.182865 0.265154 0.184615 0.264154 0.186490 0.263154 0.188490 0.261821 0.190481 0.261538
0 0.440942 0.772372 0.443913 0.771577 0.447115 0.771026 0.450673 0.770256 0.454038 0.771026 0.456731 0.771026 0.458750 0.772692 0.461125 0.777115 0.462115 0.781077 0.462712 0.785038 0.462115 0.789000 0.460933 0.792692 0.459154 0.796385 0.456779 0.799026 0.454404 0.801667 0.451827 0.804295 0.449058 0.806154 0.445298 0.807205 0.442327 0.808000 0.438942 0.808333 0.436346 0.807692 0.434038 0.806667 0.431442 0.805385 0.429462 0.803769 0.427288 0.800346 0.425702 0.796910 0.426298 0.792949 0.426500 0.789000 0.427683 0.785308 0.429067 0.781603 0.431644 0.779231 0.434212 0.777115 0.436788 0.775013
0 0.511788 0.775538 0.514760 0.776064 0.517337 0.778179 0.519510 0.781346 0.521885 0.784244 0.523471 0.787679 0.524654 0.791372 0.526442 0.794231 0.527423 0.798500 0.527423 0.802718 0.527827 0.806679 0.527625 0.810628 0.527404 0.814231 0.526442 0.817821 0.524260 0.819346 0.522019 0.821410 0.518462 0.822821 0.515558 0.822513 0.512692 0.820769 0.509808 0.818462 0.507404 0.816410 0.505260 0.813538 0.503481 0.809846 0.502019 0.806282 0.500192 0.802692 0.499615 0.798846 0.499327 0.795333 0.499519 0.791103 0.499721 0.787154 0.500510 0.782923 0.502298 0.779500 0.504471 0.776590 0.507442 0.776064
0 0.439990 0.693090 0.442663 0.692859 0.445327 0.693564 0.448356 0.694513 0.450308 0.697128 0.451904 0.700205 0.452615 0.703756 0.452615 0.707551 0.451904 0.711115 0.450663 0.714423 0.449240 0.717744 0.447817 0.720833 0.445510 0.722731 0.443192 0.724859 0.440529 0.726038 0.437683 0.727462 0.434308 0.727705 0.431250 0.727179 0.429154 0.725577 0.427019 0.723205 0.425596 0.720115 0.425413 0.716564 0.425952 0.713013 0.426481 0.709449 0.427731 0.706128 0.429154 0.703051 0.431106 0.700449 0.433058 0.697833 0.435375 0.695462
0 0.195433 0.360987 0.200163 0.360987 0.204587 0.361385 0.208135 0.365321 0.210500 0.370436 0.212567 0.375949 0.214038 0.381859 0.214337 0.387756 0.213462 0.392051 0.211538 0.396923 0.208462 0.401923 0.205192 0.404487 0.201827 0.406538 0.197788 0.407308 0.193365 0.407308 0.189712 0.403846 0.186058 0.400128 0.183173 0.395769 0.182144 0.391308 0.182144 0.385000 0.182144 0.378705 0.184510 0.373192 0.186875 0.368077 0.190413 0.363744
0 0.285000 0.491923 0.287606 0.491564 0.289702 0.491936 0.291788 0.492679 0.293875 0.493051 0.295827 0.494154 0.297635 0.495641 0.298192 0.498436 0.298615 0.501397 0.298615 0.504372 0.298058 0.507154 0.297221 0.509756 0.295962 0.512359 0.294433 0.514397 0.292760 0.516256 0.290952 0.517936 0.288865 0.519231 0.286913 0.520526 0.284962 0.522013 0.282731 0.522756 0.280510 0.523128 0.278279 0.523692 0.276192 0.523321 0.274240 0.522013 0.272288 0.520897 0.270894 0.518667 0.269923 0.516077 0.269500 0.513282 0.269644 0.510500 0.270481 0.507718 0.271596 0.504936 0.273125 0.502885 0.274654 0.500846 0.276885 0.497872 0.278837 0.496756 0.280510 0.494526 0.282596 0.493410
0 0.544048 0.497192 0.547433 0.497756 0.550817 0.498885 0.553779 0.500577 0.555894 0.504244 0.556952 0.508205 0.557375 0.512718 0.557798 0.516667 0.557163 0.521179 0.556529 0.525692 0.555894 0.529641 0.554413 0.534154 0.553144 0.537821 0.551442 0.541538 0.548913 0.544308 0.546375 0.547410 0.543625 0.549949 0.540240 0.550795 0.536010 0.549103 0.533077 0.546667 0.530962 0.544103 0.530000 0.540513 0.529663 0.536128 0.529240 0.532179 0.529452 0.527667 0.530298 0.523154 0.530933 0.519205 0.531567 0.514692 0.532692 0.510513 0.534423 0.506923 0.536856 0.503397 0.539231 0.500897 0.541346 0.499231
0 0.729327 0.533038 0.731904 0.533500 0.733942 0.534359 0.736192 0.537154 0.737394 0.540359 0.738423 0.544026 0.738769 0.547462 0.738942 0.551346 0.738769 0.555231 0.738462 0.558718 0.737885 0.562308 0.736885 0.565987 0.735865 0.569103 0.734327 0.572308 0.732587 0.574923 0.730288 0.577436 0.728125 0.579269 0.724423 0.579103 0.722308 0.577949 0.720577 0.577308 0.717596 0.574615 0.715481 0.571410 0.714135 0.567949 0.713654 0.564359 0.714038 0.561410 0.714135 0.558333 0.714519 0.554615 0.715481 0.551410 0.716452 0.548372 0.717596 0.544744 0.719029 0.541731 0.720913 0.538987 0.723077 0.536410 0.725673 0.534103 0.727788 0.533077
0 0.675740 0.584500 0.677673 0.584333 0.679721 0.584679 0.681635 0.585897 0.683183 0.587244 0.684471 0.589462 0.685625 0.591859 0.686654 0.594090 0.687288 0.596821 0.687933 0.599564 0.688317 0.602128 0.688442 0.604692 0.688442 0.607603 0.688462 0.610128 0.687673 0.613077 0.687423 0.615808 0.686904 0.618551 0.685885 0.620769 0.684596 0.623513 0.683702 0.625910 0.682548 0.628128 0.681154 0.630513 0.679462 0.632231 0.677538 0.633090 0.675096 0.633846 0.672500 0.633333 0.670615 0.632410 0.668942 0.631038 0.667529 0.629154 0.666375 0.626936 0.665356 0.624359 0.664587 0.621974 0.664067 0.619397 0.663683 0.616833 0.663423 0.614269 0.663423 0.611192 0.663173 0.608449 0.663077 0.605897 0.663462 0.603205 0.663654 0.600769 0.664423 0.597949 0.665221 0.595628 0.665865 0.593333 0.666731 0.591667 0.667788 0.589744 0.669202 0.587244 0.670865 0.585872 0.673048 0.584679
0 0.412462 0.208885 0.416923 0.208718 0.422019 0.210256 0.425942 0.211346 0.429923 0.214615 0.431635 0.219615 0.431452 0.225641 0.428654 0.230256 0.424712 0.233808 0.420865 0.236282 0.416058 0.237308 0.411548 0.237487 0.405577 0.236795 0.400865 0.233974 0.398673 0.229308 0.397760 0.223192 0.399904 0.218077 0.403173 0.213846 0.407788 0.210256
0 0.333433 0.402795 0.335519 0.403167 0.337471 0.404282 0.339144 0.406128 0.340817 0.407987 0.342202 0.410218 0.343038 0.412821 0.344154 0.415231 0.344856 0.418026 0.345269 0.420808 0.345548 0.423590 0.345548 0.426564 0.344990 0.429346 0.344433 0.432128 0.343183 0.434551 0.341375 0.436590 0.339423 0.438077 0.337192 0.439564 0.335106 0.439744 0.333010 0.439000 0.330865 0.438077 0.328942 0.436410 0.327442 0.434731 0.326327 0.432321 0.325490 0.429538 0.324798 0.426744 0.323942 0.424359 0.323654 0.421795 0.323558 0.418590 0.323846 0.415513 0.324240 0.413564 0.325356 0.411154 0.326192 0.408551 0.327721 0.406500 0.329250 0.404282 0.331067 0.402795
0 0.326923 0.308205 0.329712 0.308590 0.332115 0.309833 0.334442 0.310449 0.336298 0.312718 0.337538 0.315410 0.338471 0.318308 0.339096 0.321410 0.338933 0.324513 0.338625 0.327615 0.338471 0.330718 0.338317 0.334026 0.337077 0.336923 0.335990 0.339821 0.334288 0.342295 0.332577 0.344782 0.331183 0.347474 0.328702 0.348705 0.326221 0.349744 0.323577 0.349949 0.321250 0.349538 0.318769 0.349949 0.316442 0.349744 0.314269 0.348295 0.313077 0.345769 0.311481 0.343538 0.311327 0.340436 0.310865 0.337333 0.310702 0.334231 0.311481 0.331128 0.311942 0.328026 0.312567 0.324923 0.313500 0.322026 0.314740 0.319128 0.316596 0.316859 0.318000 0.314167 0.320010 0.312308 0.322183 0.311064 0.324048 0.309000
0 0.232163 0.638038 0.234288 0.637846 0.236413 0.636897 0.238683 0.636333 0.240808 0.636526 0.242933 0.637090 0.244808 0.637821 0.246192 0.639731 0.246192 0.642949 0.245481 0.645782 0.244346 0.648231 0.242788 0.650500 0.241654 0.652949 0.239817 0.654654 0.237827 0.656359 0.236135 0.658244 0.234000 0.659000 0.231635 0.660513 0.229750 0.660321 0.227625 0.660705 0.225365 0.660885 0.223240 0.659949 0.221250 0.658974 0.220548 0.656359 0.220548 0.653333 0.220692 0.650308 0.221817 0.647859 0.223240 0.645590 0.224654 0.643321 0.226635 0.642192 0.228625 0.640679 0.230462 0.638974
0 0.399462 0.269538 0.401606 0.269538 0.403750 0.269718 0.405769 0.270615 0.407913 0.271333 0.409923 0.272218 0.411933 0.273115 0.413673 0.274538 0.415548 0.275974 0.416894 0.278295 0.417962 0.280615 0.418904 0.283128 0.419567 0.285808 0.419567 0.288667 0.419567 0.291526 0.419038 0.294205 0.417981 0.296026 0.416356 0.298141 0.414481 0.299385 0.412606 0.300821 0.410587 0.301526 0.408183 0.302244 0.406163 0.302603 0.403885 0.303500 0.401875 0.303679 0.399731 0.303500 0.397721 0.302962 0.395712 0.302244 0.393971 0.300821 0.392231 0.299205 0.390481 0.297782 0.388740 0.296167 0.387000 0.294385 0.385788 0.292064 0.384990 0.289551 0.384721 0.286872 0.384317 0.284192 0.384317 0.281333 0.384990 0.278654 0.386327 0.276513 0.387808 0.274538 0.389548 0.272936 0.391442 0.271154 0.393567 0.270615 0.395577 0.269718 0.397721 0.269359
0 0.473067 0.244962 0.475327 0.244962 0.477308 0.246090 0.479279 0.247410 0.481260 0.248538 0.482529 0.250987 0.483375 0.253615 0.483942 0.256628 0.484221 0.259449 0.484221 0.262462 0.483942 0.265282 0.483519 0.268103 0.482952 0.270936 0.482385 0.273756 0.481538 0.276385 0.480125 0.278641 0.478298 0.280718 0.476462 0.282218 0.474481 0.284474 0.472510 0.285987 0.470529 0.287308 0.468413 0.287487 0.466442 0.286359 0.464606 0.284667 0.462769 0.282974 0.461779 0.280154 0.461077 0.277333 0.460933 0.274500 0.460788 0.271679 0.460365 0.268859 0.460365 0.265846 0.460654 0.263026 0.461356 0.260205 0.462625 0.257756 0.463760 0.255308 0.464885 0.252859 0.466346 0.250385 0.467712 0.248154 0.469231 0.246026 0.471154 0.245385
0 0.403663 0.405051 0.405846 0.405051 0.407904 0.405731 0.409577 0.407269 0.411375 0.408641 0.412788 0.410526 0.413817 0.412756 0.414462 0.415500 0.414971 0.418077 0.415875 0.420474 0.416510 0.423218 0.417154 0.425782 0.417288 0.428359 0.417538 0.430923 0.417673 0.433500 0.417673 0.436244 0.417029 0.438974 0.416125 0.441385 0.415356 0.443782 0.414327 0.446692 0.413298 0.449090 0.412019 0.451321 0.410471 0.453205 0.408548 0.454064 0.406615 0.454410 0.404692 0.454923 0.402760 0.455256 0.400702 0.455256 0.398779 0.454744 0.396971 0.453718 0.395433 0.452000 0.394019 0.449949 0.392731 0.447897 0.391837 0.445487 0.390933 0.443090 0.390038 0.440692 0.389394 0.437949 0.389231 0.435000 0.389135 0.432308 0.388875 0.430064 0.389135 0.427500 0.389394 0.424923 0.389904 0.422359 0.390673 0.419962 0.391317 0.417385 0.392865 0.414987 0.394019 0.412590 0.395048 0.410192 0.396587 0.408474 0.398269 0.407308 0.400769 0.405897
0 0.432394 0.596641 0.434019 0.596359 0.435654 0.596500 0.437173 0.597513 0.438587 0.598667 0.439990 0.599833 0.441298 0.601423 0.442058 0.603449 0.443038 0.605333 0.443904 0.607218 0.444663 0.609385 0.444990 0.611551 0.445423 0.613731 0.445750 0.615897 0.445750 0.618218 0.445423 0.620385 0.445202 0.622551 0.444875 0.624731 0.444558 0.626897 0.444010 0.629064 0.443144 0.631090 0.442269 0.632974 0.441298 0.634859 0.439990 0.636308 0.438846 0.637051 0.437067 0.638038 0.435433 0.638192 0.433587 0.638910 0.431962 0.638615 0.430115 0.638769 0.428490 0.638474 0.426317 0.637603 0.424692 0.636590 0.423163 0.635731 0.421865 0.634282 0.421106 0.632256 0.420779 0.629936 0.420240 0.627769 0.420019 0.625449 0.420019 0.623128 0.419808 0.620962 0.419692 0.618795 0.419808 0.616615 0.419913 0.614449 0.420125 0.612128 0.420673 0.609962 0.421000 0.607795 0.421760 0.605769 0.422625 0.603885 0.423558 0.602308 0.424423 0.600641 0.425769 0.599872 0.427115 0.598846 0.428750 0.597949 0.430673 0.596923
0 0.428558 0.345641 0.430808 0.345462 0.432250 0.344949 0.433750 0.344744 0.435192 0.344872 0.436481 0.344692 0.438212 0.344821 0.439750 0.345462 0.441096 0.346359 0.442154 0.347769 0.442538 0.349692 0.442827 0.351615 0.443115 0.353667 0.443212 0.355590 0.442635 0.357385 0.442154 0.359564 0.441385 0.361872 0.440712 0.363923 0.439558 0.365333 0.438212 0.367513 0.436865 0.369308 0.435385 0.370897 0.433885 0.372526 0.432346 0.372910 0.431000 0.373679 0.429558 0.373936 0.428019 0.373936 0.426481 0.373936 0.425038 0.374192 0.423490 0.374064 0.421856 0.373295 0.420413 0.372526 0.419067 0.371756 0.418202 0.370077 0.417625 0.368154 0.416856 0.366487 0.416375 0.364436 0.416250 0.360769 0.417625 0.357385 0.418298 0.355590 0.419452 0.353923 0.421087 0.352000 0.422433 0.350590 0.423779 0.349179 0.425038 0.347513 0.426385 0.346615
0 0.506260 0.288192 0.508077 0.286667 0.509519 0.285256 0.511029 0.283910 0.512587 0.283359 0.514231 0.283205 0.515962 0.282692 0.517692 0.282949 0.519712 0.283974 0.521154 0.285000 0.521933 0.286949 0.522760 0.288756 0.523490 0.290833 0.523904 0.293179 0.524317 0.295256 0.524317 0.297474 0.524106 0.299821 0.523692 0.302038 0.523173 0.304256 0.522240 0.306051 0.521615 0.308128 0.520375 0.309654 0.518923 0.311449 0.517673 0.312833 0.516327 0.313936 0.514971 0.315321 0.513837 0.316987 0.512692 0.318641 0.511346 0.319885 0.509683 0.320577 0.508125 0.321269 0.506567 0.322385 0.504798 0.323628 0.503173 0.323718 0.501788 0.323897 0.499904 0.323718 0.498163 0.323077 0.496500 0.322513 0.495250 0.321141 0.494212 0.319474 0.493385 0.317538 0.492788 0.315256 0.492788 0.312821 0.493279 0.311167 0.493904 0.308962 0.494010 0.306885 0.494942 0.304808 0.495769 0.302308 0.496394 0.300372 0.497327 0.298577 0.498779 0.296910 0.499615 0.295115 0.500962 0.293872 0.502731 0.291654 0.503654 0.290513 0.505096 0.288846
0 0.489683 0.376551 0.491856 0.375821 0.493942 0.375769 0.496250 0.375641 0.498365 0.375385 0.500577 0.375385 0.502788 0.376154 0.504231 0.377308 0.506019 0.378000 0.507250 0.380538 0.508067 0.383090 0.508471 0.386167 0.509019 0.389077 0.508202 0.391795 0.507308 0.395256 0.505481 0.396923 0.503567 0.399064 0.500981 0.399603 0.498942 0.399423 0.496894 0.399603 0.494721 0.399423 0.492538 0.399064 0.490769 0.397615 0.488731 0.398154 0.486817 0.396885 0.485048 0.395436 0.483692 0.393256 0.482596 0.390718 0.482462 0.387808 0.483279 0.385269 0.483548 0.382359 0.485183 0.380000 0.486962 0.378551
0 0.481058 0.441667 0.482596 0.441923 0.483942 0.442692 0.485288 0.443462 0.486538 0.444487 0.487788 0.445641 0.489135 0.446538 0.490481 0.447436 0.491442 0.448974 0.492500 0.450513 0.493558 0.451923 0.494327 0.453590 0.494808 0.455641 0.495192 0.457564 0.495385 0.459487 0.494808 0.461538 0.494423 0.463462 0.493462 0.465385 0.492500 0.466795 0.491250 0.468462 0.489615 0.468974 0.488173 0.469359 0.486635 0.469231 0.485000 0.468974 0.483558 0.468462 0.481827 0.468205 0.480192 0.467821 0.478846 0.466923 0.477404 0.466795 0.475865 0.466154 0.474423 0.464872 0.472788 0.464359 0.471635 0.463077 0.470481 0.461795 0.469038 0.460769 0.468077 0.459103 0.467500 0.457179 0.466923 0.455128 0.466538 0.453205 0.466442 0.451154 0.466538 0.449231 0.467308 0.447308 0.468269 0.445385 0.470000 0.444487 0.471250 0.443846 0.472596 0.443077 0.474038 0.442308 0.475481 0.441795 0.476827 0.441282 0.478462 0.441282
0 0.451894 0.520808 0.453808 0.520962 0.455712 0.520808 0.457625 0.520808 0.459423 0.521282 0.461808 0.521449 0.463596 0.522397 0.464913 0.524474 0.465269 0.526859 0.465394 0.529410 0.465269 0.531795 0.464673 0.534192 0.463837 0.536423 0.462644 0.538487 0.461327 0.540397 0.459779 0.541833 0.458106 0.542949 0.456192 0.543744 0.453808 0.544385 0.452010 0.545013 0.450221 0.545500 0.448423 0.545821 0.446394 0.545654 0.444721 0.544705 0.443048 0.543744 0.441500 0.542154 0.440779 0.539923 0.440067 0.537692 0.439827 0.535308 0.439942 0.532756 0.440538 0.530205 0.441856 0.528295 0.443173 0.526538 0.444808 0.525385 0.446394 0.523833 0.448365 0.522692 0.449712 0.521795
0 0.601769 0.769244 0.604433 0.769910 0.606769 0.771244 0.609269 0.773013 0.610606 0.775910 0.611942 0.779013 0.613269 0.781910 0.614269 0.785026 0.615106 0.788577 0.615769 0.791910 0.615942 0.795244 0.615942 0.799026 0.615942 0.802577 0.615942 0.806359 0.614606 0.809692 0.612269 0.812808 0.610106 0.815256 0.606933 0.816359 0.604106 0.817256 0.601606 0.817923 0.599106 0.817692 0.596933 0.815923 0.594933 0.813474 0.593269 0.810577 0.592269 0.807474 0.591933 0.804141 0.590933 0.801026 0.590596 0.797692 0.590096 0.794128 0.590096 0.790577 0.590096 0.786795 0.590596 0.783244 0.590933 0.779910 0.591433 0.776346 0.593096 0.773679 0.594933 0.771244 0.597269 0.769910 0.599615 0.769231
0 0.629010 0.691500 0.630817 0.691821 0.632981 0.691923 0.634423 0.692308 0.636154 0.693462 0.637596 0.694872 0.639365 0.696641 0.640933 0.698397 0.642250 0.700333 0.642981 0.702731 0.643462 0.705141 0.642981 0.707551 0.642490 0.709962 0.642250 0.712372 0.641654 0.714769 0.640933 0.717179 0.640087 0.719423 0.639240 0.721833 0.638279 0.723923 0.637558 0.726167 0.636115 0.728256 0.634673 0.729859 0.633106 0.731308 0.631663 0.733077 0.629971 0.734038 0.628413 0.735321 0.626606 0.736115 0.624798 0.736923 0.622990 0.736769 0.621192 0.736115 0.619385 0.736436 0.617452 0.735962 0.615769 0.735000 0.614442 0.733231 0.613240 0.731141 0.612404 0.728897 0.611798 0.726487 0.611433 0.723756 0.611558 0.721359 0.611538 0.718846 0.611923 0.716538 0.612038 0.713808 0.612885 0.711397 0.613846 0.709321 0.614327 0.706910 0.615894 0.704026 0.616856 0.701936 0.618298 0.700333 0.619740 0.698564 0.621673 0.696641 0.622990 0.694872 0.624327 0.693846 0.626240 0.692141 0.628048 0.691667
0 0.233865 0.687897 0.235990 0.687705 0.238260 0.687705 0.240385 0.687526 0.242510 0.687333 0.244519 0.688333 0.246635 0.689744 0.248452 0.690538 0.250010 0.692628 0.251856 0.694321 0.253135 0.696782 0.254404 0.699231 0.255260 0.701872 0.255260 0.704897 0.254404 0.707538 0.254260 0.710372 0.252990 0.712833 0.251567 0.715103 0.249731 0.716795 0.247750 0.717936 0.245904 0.719628 0.243779 0.720577 0.241231 0.720577 0.239106 0.720962 0.236692 0.720385 0.234433 0.720385 0.232308 0.719628 0.230462 0.718128 0.228481 0.716795 0.227067 0.714538 0.225933 0.712077 0.224798 0.709436 0.224231 0.706603 0.223808 0.703769 0.223942 0.700936 0.224231 0.698103 0.225365 0.695641 0.226923 0.693564 0.228625 0.691487 0.230192 0.689615 0.232019 0.688333
0 0.143683 0.739833 0.146135 0.738615 0.148433 0.738821 0.151038 0.739026 0.153490 0.739218 0.155788 0.739833 0.157933 0.741064 0.160385 0.741885 0.162683 0.742897 0.164827 0.744538 0.166817 0.746167 0.168654 0.748410 0.169577 0.751269 0.170183 0.754333 0.170183 0.757603 0.170183 0.760872 0.168962 0.763526 0.168038 0.766397 0.166048 0.768026 0.164212 0.770064 0.161913 0.770269 0.159154 0.771295 0.156856 0.771500 0.154558 0.772115 0.152260 0.771910 0.149654 0.771500 0.147356 0.771090 0.145058 0.770269 0.142760 0.769256 0.140769 0.767615 0.138933 0.765577 0.137404 0.763128 0.136481 0.760269 0.135413 0.757397 0.134798 0.754333 0.135260 0.751269 0.135865 0.748205 0.137250 0.745551 0.139087 0.743513 0.141250 0.741667
0 0.255827 0.764141 0.257971 0.762308 0.260192 0.761154 0.262404 0.760256 0.264712 0.759744 0.267500 0.759487 0.270692 0.759244 0.272990 0.759859 0.275288 0.760269 0.277587 0.760872 0.279731 0.762513 0.281260 0.764962 0.282327 0.767821 0.281538 0.770897 0.280769 0.773846 0.279423 0.776397 0.278192 0.779051 0.276663 0.781718 0.274673 0.783756 0.272683 0.785385 0.270385 0.787026 0.267933 0.787026 0.265481 0.787833 0.263029 0.787833 0.260577 0.787833 0.258125 0.788449 0.255827 0.788244 0.253558 0.787692 0.251538 0.786205 0.249615 0.784359 0.248625 0.782115 0.247404 0.779462 0.247250 0.776397 0.247865 0.773333 0.249240 0.770679 0.251077 0.768436 0.252760 0.766192
0 0.263231 0.825603 0.265385 0.825603 0.267538 0.825603 0.269038 0.826538 0.271154 0.826923 0.273462 0.827436 0.275385 0.828718 0.277635 0.830808 0.279654 0.832603 0.281000 0.834936 0.282077 0.837449 0.282615 0.840141 0.282481 0.843013 0.281135 0.845167 0.279923 0.847500 0.278577 0.849833 0.276827 0.851449 0.274538 0.852346 0.272250 0.853603 0.270231 0.854321 0.268077 0.854500 0.265788 0.854141 0.263769 0.853782 0.261615 0.853244 0.259423 0.851795 0.257981 0.850372 0.256365 0.848577 0.255019 0.846244 0.253942 0.843910 0.253000 0.841397 0.253000 0.838526 0.253404 0.835833 0.253942 0.833141 0.255423 0.831167 0.257173 0.829551 0.259038 0.827821 0.260962 0.826667
