0 0.572606 0.779205 0.574692 0.780397 0.576788 0.781590 0.578731 0.783179 0.580663 0.784769 0.582462 0.786769 0.583808 0.789359 0.585000 0.791936 0.585740 0.794923 0.586038 0.797910 0.586192 0.800897 0.585596 0.803885 0.584404 0.806474 0.583058 0.809064 0.581115 0.810846 0.578875 0.811846 0.576635 0.811654 0.574904 0.810897 0.572462 0.809654 0.570519 0.808064 0.568846 0.806154 0.567385 0.804090 0.566183 0.801500 0.565288 0.798705 0.564394 0.795923 0.563644 0.792936 0.563500 0.789949 0.563500 0.786769 0.564096 0.783782 0.564990 0.780987 0.566923 0.779231 0.569038 0.778846 0.570962 0.778410
0 0.334587 0.830756 0.338510 0.830051 0.342702 0.830410 0.346365 0.832500 0.349510 0.835987 0.352385 0.839833 0.355000 0.844013 0.356048 0.849256 0.356577 0.854487 0.356837 0.859731 0.354221 0.863910 0.350817 0.866705 0.347154 0.868795 0.343221 0.867397 0.339558 0.864962 0.336154 0.862167 0.333279 0.858333 0.330394 0.854487 0.328827 0.849603 0.327779 0.844372 0.327519 0.839128 0.329346 0.834244 0.332212 0.832179
0 0.397933 0.838090 0.401865 0.839128 0.405000 0.842615 0.406837 0.847513 0.408663 0.852397 0.409712 0.857628 0.410240 0.862872 0.410500 0.868103 0.410760 0.873333 0.410240 0.878577 0.407625 0.882756 0.403942 0.885256 0.400288 0.884154 0.396885 0.881359 0.394038 0.877308 0.391654 0.872641 0.390385 0.867051 0.389558 0.862167 0.389558 0.856590 0.389817 0.851346 0.390346 0.846115 0.392433 0.841577 0.394529 0.839128
0 0.231596 0.781205 0.234971 0.781205 0.238144 0.782615 0.241308 0.784577 0.243846 0.787397 0.246163 0.790500 0.248279 0.793872 0.249125 0.798103 0.249971 0.802321 0.249337 0.806538 0.247221 0.809923 0.244135 0.812179 0.240865 0.812436 0.237404 0.812564 0.234548 0.811615 0.231808 0.808795 0.229481 0.805692 0.227587 0.802038 0.226317 0.798103 0.225471 0.793872 0.225471 0.789372 0.226317 0.785141 0.228856 0.782333
0 0.471365 0.799667 0.473577 0.800936 0.475163 0.803462 0.476740 0.806000 0.477529 0.809154 0.477846 0.812321 0.478010 0.815487 0.478163 0.818641 0.478163 0.822013 0.478163 0.825397 0.477529 0.828551 0.477058 0.831718 0.476269 0.834885 0.474365 0.836987 0.472000 0.838038 0.469625 0.836987 0.468202 0.834244 0.466933 0.831500 0.466144 0.828346 0.465356 0.825179 0.464885 0.822013 0.464519 0.818205 0.464519 0.814359 0.464808 0.811154 0.465577 0.807821 0.466442 0.804103 0.468077 0.801154
0 0.433712 0.779833 0.436260 0.780295 0.438990 0.781423 0.441202 0.783244 0.443413 0.785513 0.445115 0.788231 0.446135 0.791410 0.446990 0.794821 0.447327 0.798218 0.446990 0.801846 0.445115 0.804577 0.443240 0.807077 0.441202 0.809346 0.438644 0.809564 0.436096 0.809795 0.433365 0.809795 0.430817 0.809115 0.428087 0.808205 0.425875 0.806397 0.423663 0.804346 0.421625 0.802077 0.420606 0.798897 0.420433 0.795500 0.420260 0.792090 0.420606 0.788692 0.422135 0.785731 0.424173 0.783462 0.426731 0.781885 0.428558 0.780513 0.431500 0.779833
0 0.355442 0.753256 0.357740 0.755013 0.359394 0.757641 0.360538 0.760718 0.361038 0.764000 0.361038 0.767731 0.360538 0.771013 0.359721 0.774308 0.358404 0.777372 0.357087 0.780231 0.355933 0.783295 0.354125 0.785923 0.351827 0.787244 0.349856 0.789436 0.347548 0.790756 0.345385 0.790128 0.343279 0.788564 0.341962 0.785705 0.341462 0.782423 0.341298 0.779128 0.341962 0.775846 0.341962 0.772333 0.342779 0.769038 0.343769 0.765974 0.345087 0.763128 0.347221 0.760487 0.348702 0.757641 0.350673 0.755449 0.352981 0.753910
0 0.315865 0.726026 0.318933 0.725410 0.321567 0.725410 0.324202 0.725410 0.326663 0.726513 0.328635 0.728705 0.329298 0.731987 0.328808 0.735282 0.327327 0.738128 0.325683 0.741205 0.323865 0.743615 0.321731 0.745359 0.319327 0.746282 0.316471 0.746679 0.314000 0.746897 0.311538 0.747115 0.309067 0.746026 0.307096 0.743615 0.305942 0.740538 0.305942 0.737038 0.306442 0.733744 0.308077 0.731282 0.309904 0.728846 0.313077 0.726667
0 0.193462 0.678974 0.195673 0.679103 0.197558 0.679321 0.199433 0.680385 0.201173 0.681821 0.203038 0.683064 0.204779 0.684667 0.206519 0.686269 0.208125 0.688051 0.209462 0.690192 0.210125 0.692872 0.210394 0.695538 0.210529 0.698218 0.210663 0.700897 0.210663 0.703744 0.209192 0.705885 0.207587 0.707667 0.205721 0.708731 0.203577 0.709449 0.201567 0.709628 0.199567 0.709269 0.197423 0.708385 0.195423 0.707308 0.193683 0.705885 0.191942 0.704462 0.190606 0.702321 0.189135 0.700359 0.187798 0.698218 0.186596 0.695897 0.185529 0.693577 0.184990 0.690910 0.184856 0.688231 0.184990 0.685564 0.185933 0.683064 0.187394 0.681103 0.189269 0.680038 0.191279 0.679321
0 0.285000 0.670590 0.287010 0.671295 0.288750 0.672731 0.290087 0.674859 0.291423 0.677000 0.292221 0.679500 0.292087 0.682167 0.292087 0.685026 0.291817 0.687705 0.291288 0.690372 0.290346 0.692872 0.289279 0.695192 0.288077 0.697500 0.286471 0.699282 0.285000 0.701244 0.283260 0.703026 0.281394 0.704103 0.279519 0.705167 0.277644 0.706244 0.275510 0.706590 0.273769 0.705167 0.272433 0.703026 0.271769 0.700359 0.271635 0.697679 0.271231 0.695013 0.271096 0.692333 0.271096 0.689487 0.271904 0.686987 0.272692 0.684872 0.273635 0.682167 0.274808 0.680000 0.276048 0.677718 0.277644 0.675936 0.278990 0.673795 0.280721 0.672192 0.282731 0.671295
0 0.252163 0.607628 0.254615 0.607821 0.257404 0.608846 0.259558 0.610038 0.261365 0.612449 0.262519 0.615513 0.262519 0.619013 0.261856 0.622295 0.260548 0.625372 0.258577 0.627782 0.256538 0.630256 0.253942 0.632179 0.251538 0.633846 0.249231 0.635128 0.246577 0.636103 0.244115 0.636756 0.241923 0.636410 0.239423 0.636026 0.237404 0.635385 0.235385 0.633590 0.233933 0.631500 0.233442 0.628000 0.233442 0.624487 0.234587 0.621423 0.236558 0.618359 0.238365 0.615949 0.240337 0.613538 0.242471 0.611564 0.244606 0.609821 0.247077 0.608500 0.249538 0.607846
0 0.173635 0.602949 0.176817 0.601244 0.180010 0.600679 0.183404 0.600679 0.186375 0.602949 0.187442 0.607192 0.187221 0.611436 0.185952 0.615397 0.183827 0.619077 0.181067 0.621910 0.178308 0.624462 0.175548 0.626731 0.172596 0.628077 0.169394 0.628987 0.166202 0.629551 0.163019 0.628423 0.159904 0.625256 0.159615 0.620256 0.160471 0.616821 0.162173 0.613141 0.164298 0.609462 0.166846 0.606628 0.170029 0.604359
0 0.155317 0.548474 0.158423 0.549026 0.161519 0.550128 0.164413 0.552051 0.167308 0.553987 0.169375 0.557295 0.170202 0.561423 0.169615 0.565513 0.167923 0.568859 0.165865 0.571538 0.162788 0.573718 0.159712 0.574615 0.156635 0.575000 0.153462 0.575205 0.150365 0.574654 0.147260 0.574103 0.144163 0.572718 0.141269 0.571064 0.138788 0.568308 0.137962 0.564179 0.138173 0.560051 0.139413 0.556192 0.141635 0.553205 0.144615 0.550769 0.147308 0.549231 0.150365 0.548474 0.152981 0.548590
0 0.120000 0.445256 0.122038 0.446244 0.123837 0.448244 0.125788 0.449833 0.127740 0.451833 0.129240 0.454231 0.130442 0.456833 0.131192 0.459833 0.131192 0.463038 0.131490 0.466038 0.132087 0.469038 0.132240 0.472026 0.131635 0.475026 0.131192 0.478231 0.130385 0.480769 0.128490 0.483231 0.126538 0.484359 0.124231 0.484872 0.122115 0.484744 0.119942 0.483833 0.117990 0.482231 0.116346 0.480026 0.114538 0.478026 0.113346 0.475436 0.111692 0.472833 0.110673 0.469872 0.110000 0.467051 0.109712 0.463846 0.109740 0.460833 0.110048 0.457833 0.110192 0.455128 0.111250 0.451154 0.112308 0.448846 0.114038 0.447051 0.116538 0.445385
0 0.197442 0.486256 0.200144 0.486256 0.202673 0.486705 0.205202 0.486936 0.207567 0.488513 0.209933 0.489859 0.211962 0.492333 0.213481 0.495256 0.213644 0.498641 0.213481 0.502244 0.212971 0.505615 0.211788 0.508769 0.209423 0.510795 0.206721 0.512359 0.204029 0.513936 0.201490 0.515064 0.198788 0.515744 0.195923 0.515962 0.193394 0.515513 0.190856 0.515744 0.188163 0.515295 0.185625 0.514385 0.183433 0.512359 0.181577 0.509885 0.180058 0.506962 0.179385 0.503590 0.179048 0.500218 0.179548 0.496833 0.181413 0.494359 0.183096 0.491667 0.185125 0.489410 0.187481 0.487833 0.190019 0.486487 0.192548 0.486256 0.194577 0.485808
0 0.236260 0.533974 0.238962 0.533962 0.241490 0.535090 0.244019 0.535987 0.246558 0.537115 0.248913 0.538923 0.251115 0.540718 0.252971 0.543192 0.254154 0.546346 0.254654 0.549718 0.254317 0.553090 0.253308 0.556474 0.250942 0.558051 0.248413 0.558949 0.245885 0.559397 0.243346 0.559167 0.240644 0.558051 0.238115 0.556692 0.235413 0.556244 0.232885 0.555115 0.230519 0.552872 0.228663 0.550397 0.227317 0.547244 0.226808 0.543872 0.227317 0.540500 0.229000 0.537795 0.231029 0.535321 0.233558 0.534423
0 0.334423 0.667051 0.336538 0.667821 0.337981 0.669615 0.339327 0.671154 0.340635 0.674013 0.341471 0.676615 0.341615 0.679603 0.341346 0.682692 0.340577 0.685256 0.339135 0.687949 0.337279 0.689679 0.335173 0.690436 0.333077 0.690244 0.331260 0.688756 0.329154 0.687821 0.327481 0.685949 0.325933 0.683718 0.325096 0.681103 0.324673 0.678295 0.324817 0.675500 0.325798 0.672885 0.327337 0.670833 0.329154 0.669154 0.330971 0.667667 0.332885 0.666923
0 0.324808 0.578077 0.327308 0.578590 0.329615 0.579615 0.332115 0.581410 0.333990 0.583397 0.336058 0.585308 0.337808 0.587641 0.339077 0.590385 0.340029 0.593359 0.340346 0.596538 0.340183 0.599705 0.338760 0.602462 0.336692 0.604154 0.334135 0.604359 0.331769 0.604372 0.329385 0.604577 0.327000 0.604372 0.324904 0.603590 0.322394 0.602256 0.320490 0.600128 0.318587 0.597808 0.316683 0.595679 0.315087 0.592936 0.314298 0.589756 0.314135 0.586577 0.314298 0.583397 0.315885 0.580859 0.318106 0.579590 0.320385 0.578462 0.322788 0.578333
0 0.555885 0.862808 0.558269 0.863462 0.560212 0.864397 0.562154 0.865987 0.563798 0.868179 0.565144 0.870769 0.566337 0.873359 0.567231 0.876346 0.567529 0.879333 0.567827 0.882321 0.567683 0.885308 0.566933 0.888295 0.565885 0.891269 0.563942 0.893462 0.561712 0.894859 0.559471 0.895859 0.556933 0.896256 0.554692 0.896654 0.552452 0.895654 0.550663 0.893269 0.549163 0.890872 0.547673 0.888487 0.546731 0.885513 0.546154 0.882692 0.545731 0.879731 0.546481 0.876744 0.547077 0.873564 0.547971 0.870769 0.549163 0.868179 0.550808 0.865795 0.552750 0.864205
0 0.623462 0.775769 0.626538 0.776795 0.629038 0.778718 0.631010 0.781577 0.632769 0.784397 0.633654 0.787910 0.634356 0.791423 0.635058 0.794936 0.635404 0.798462 0.635404 0.802205 0.635000 0.805641 0.634000 0.809244 0.632596 0.812282 0.630308 0.814397 0.627846 0.815808 0.625212 0.816269 0.622923 0.814397 0.620990 0.811821 0.619058 0.809244 0.617827 0.805962 0.616827 0.802564 0.615721 0.799167 0.615019 0.795410 0.615019 0.791667 0.615019 0.787679 0.615192 0.784154 0.616058 0.780385 0.617885 0.777692 0.620288 0.775718
0 0.519365 0.733974 0.521933 0.735115 0.524317 0.736936 0.526375 0.739218 0.527231 0.742628 0.526885 0.746051 0.525346 0.749013 0.523981 0.751974 0.522269 0.754718 0.520221 0.757218 0.518163 0.759731 0.515769 0.761551 0.513385 0.762923 0.510817 0.764064 0.508077 0.764064 0.505346 0.763141 0.502952 0.761321 0.501587 0.758359 0.500904 0.754936 0.500731 0.751526 0.502096 0.748564 0.503635 0.745590 0.505519 0.743090 0.507567 0.740808 0.509962 0.738987 0.512356 0.737167 0.514750 0.735795 0.516798 0.734654
0 0.460894 0.683141 0.463635 0.683141 0.465856 0.684962 0.467740 0.687474 0.469106 0.690667 0.469279 0.694077 0.468558 0.696923 0.467019 0.699872 0.465577 0.703077 0.463654 0.705769 0.461250 0.706538 0.459231 0.708077 0.456154 0.709103 0.453462 0.709744 0.451442 0.709231 0.449712 0.708462 0.448077 0.707051 0.446827 0.705897 0.446029 0.703654 0.445856 0.700231 0.445683 0.696359 0.446442 0.692949 0.448077 0.690205 0.450298 0.687474 0.452346 0.685192 0.454913 0.683590 0.457481 0.682910
0 0.405481 0.625359 0.408144 0.626872 0.410615 0.628910 0.412327 0.632205 0.413087 0.636013 0.413846 0.639808 0.414038 0.643615 0.414231 0.647423 0.413846 0.651474 0.412712 0.655026 0.411567 0.658833 0.410423 0.662385 0.408337 0.665679 0.405856 0.667962 0.403010 0.669231 0.400154 0.668974 0.397106 0.667962 0.394442 0.665936 0.392500 0.663205 0.390837 0.660103 0.390452 0.656295 0.390067 0.652487 0.389692 0.648692 0.390067 0.644885 0.390837 0.641077 0.392163 0.637526 0.394067 0.634487 0.395971 0.631192 0.398058 0.628397 0.400721 0.626372 0.403577 0.625359
0 0.341125 0.523167 0.345096 0.523590 0.348942 0.524487 0.352596 0.526564 0.355654 0.529962 0.358269 0.534744 0.357952 0.539821 0.355404 0.543897 0.352337 0.547641 0.348519 0.549000 0.344904 0.549103 0.341058 0.548590 0.337500 0.546795 0.334135 0.544487 0.331692 0.540833 0.330163 0.536077 0.329904 0.530974 0.332202 0.526564 0.335769 0.524526
0 0.280096 0.463077 0.283317 0.465231 0.285625 0.468910 0.287923 0.472603 0.289538 0.476897 0.290913 0.481500 0.291837 0.486103 0.292298 0.490705 0.291635 0.494744 0.290231 0.499295 0.287885 0.502564 0.284327 0.503974 0.281250 0.504231 0.277798 0.502372 0.274808 0.499910 0.272500 0.495923 0.270663 0.491936 0.269740 0.487333 0.269048 0.482718 0.268654 0.478718 0.268558 0.473718 0.269135 0.468846 0.271154 0.465897 0.274038 0.463846 0.277115 0.463077
0 0.222404 0.415513 0.225481 0.415513 0.228365 0.415641 0.231346 0.416667 0.234038 0.417821 0.236346 0.419231 0.238750 0.421282 0.241058 0.422949 0.242885 0.425513 0.244615 0.428333 0.246058 0.430769 0.246346 0.434436 0.246346 0.438077 0.245327 0.441269 0.243096 0.443321 0.240875 0.445141 0.238317 0.446051 0.235750 0.446282 0.233183 0.446051 0.230625 0.444692 0.228058 0.444000 0.225663 0.442410 0.223442 0.440590 0.221394 0.438308 0.219173 0.436026 0.216952 0.434205 0.215587 0.431244 0.215000 0.427308 0.215481 0.423718 0.217500 0.420385 0.219423 0.417821
0 0.173625 0.358949 0.176346 0.360128 0.178846 0.362051 0.181250 0.363846 0.183462 0.366410 0.184712 0.367821 0.186250 0.369744 0.187596 0.372051 0.189231 0.374615 0.190288 0.377692 0.190962 0.380513 0.191346 0.384487 0.190663 0.387654 0.189423 0.390346 0.187567 0.392410 0.185087 0.393231 0.182452 0.393026 0.180135 0.392615 0.177808 0.391577 0.175798 0.389923 0.173779 0.388064 0.172077 0.385795 0.170375 0.383526 0.168510 0.381462 0.167269 0.378769 0.166038 0.376090 0.165106 0.373192 0.164644 0.370103 0.164481 0.367000 0.165260 0.363897 0.167115 0.361833 0.169135 0.359974 0.171452 0.359359
0 0.230010 0.331782 0.232404 0.333077 0.234712 0.334872 0.236538 0.336154 0.238288 0.338705 0.239750 0.341513 0.241048 0.344333 0.241856 0.347577 0.242673 0.350821 0.243154 0.354064 0.243644 0.357308 0.243808 0.360551 0.243644 0.363795 0.242510 0.366833 0.240885 0.369423 0.238615 0.371372 0.236183 0.372244 0.233740 0.371372 0.231308 0.370513 0.228875 0.369423 0.227250 0.366833 0.225471 0.364449 0.223683 0.362064 0.222385 0.359256 0.221250 0.356231 0.220442 0.352987 0.220115 0.349744 0.220279 0.346487 0.220279 0.343026 0.221087 0.339782 0.222385 0.336756 0.224010 0.333949 0.226279 0.332641
0 0.196750 0.284615 0.199183 0.284833 0.201452 0.286128 0.203240 0.288513 0.204865 0.291103 0.205673 0.294346 0.205673 0.298026 0.205510 0.301487 0.205183 0.304731 0.204212 0.307769 0.202913 0.310577 0.200644 0.313179 0.198375 0.314474 0.196260 0.316205 0.193663 0.317064 0.191231 0.317282 0.188798 0.317064 0.186202 0.317064 0.183769 0.316846 0.181817 0.314474 0.179875 0.312308 0.178740 0.309282 0.178413 0.306038 0.179067 0.302577 0.179875 0.298897 0.181173 0.296077 0.182471 0.293269 0.184260 0.290885 0.186365 0.288949 0.188635 0.287423 0.190904 0.286128 0.193269 0.285000
0 0.233394 0.242795 0.236029 0.243962 0.238663 0.245372 0.240596 0.247949 0.242529 0.250756 0.243587 0.254038 0.244635 0.257308 0.245337 0.260821 0.245519 0.264346 0.244288 0.267859 0.242000 0.270192 0.239365 0.271128 0.236731 0.270897 0.234096 0.271128 0.231288 0.271128 0.228298 0.270667 0.225673 0.270000 0.223202 0.267859 0.221096 0.265282 0.218808 0.263397 0.217058 0.260590 0.215298 0.257782 0.214423 0.254269 0.214423 0.250000 0.215865 0.246282 0.218288 0.244423 0.220740 0.242795 0.223375 0.241154 0.226192 0.241154 0.228827 0.241385 0.231462 0.241615
0 0.274875 0.202154 0.277587 0.203359 0.280115 0.205051 0.282654 0.206500 0.284827 0.208910 0.287183 0.211333 0.288654 0.215641 0.289346 0.218321 0.289346 0.222192 0.288260 0.225564 0.285913 0.227974 0.283375 0.229910 0.280663 0.230872 0.277952 0.231115 0.275231 0.230628 0.272519 0.230397 0.269808 0.229423 0.267087 0.228218 0.264731 0.226295 0.263106 0.223154 0.260933 0.220744 0.259846 0.217359 0.259663 0.213744 0.260394 0.210115 0.262202 0.207231 0.264192 0.204564 0.266904 0.203359 0.269625 0.202397 0.272337 0.201910
0 0.323269 0.130128 0.326288 0.132308 0.328365 0.135128 0.330308 0.138192 0.331510 0.141949 0.332712 0.145692 0.333721 0.149705 0.334423 0.153462 0.335125 0.157744 0.335327 0.161756 0.334808 0.165385 0.332510 0.168718 0.329500 0.169782 0.326490 0.168974 0.323683 0.167372 0.321346 0.163974 0.319462 0.161218 0.317250 0.158269 0.316048 0.154526 0.314846 0.150513 0.314038 0.146538 0.313644 0.142474 0.313442 0.138462 0.314240 0.134449 0.316250 0.131244 0.320000 0.129615
0 0.267837 0.301603 0.271231 0.300692 0.274635 0.301295 0.277692 0.303718 0.279385 0.307628 0.280288 0.312154 0.280288 0.316987 0.278933 0.321205 0.277346 0.325436 0.274904 0.329744 0.271231 0.332974 0.268365 0.334744 0.264673 0.334795 0.261500 0.332974 0.259240 0.329359 0.258077 0.325256 0.257885 0.320308 0.259010 0.315782 0.260375 0.311551 0.262183 0.307628 0.263846 0.305128 0.265962 0.302949
0 0.305673 0.328718 0.308635 0.329692 0.311058 0.332385 0.313077 0.335513 0.314519 0.339872 0.315096 0.343974 0.314712 0.348333 0.314894 0.352308 0.314712 0.356667 0.314135 0.360769 0.312269 0.363872 0.309644 0.366295 0.306413 0.366295 0.303365 0.365256 0.301163 0.362526 0.299558 0.358756 0.298346 0.355000 0.297538 0.350962 0.297135 0.346923 0.297337 0.342885 0.297692 0.338462 0.299135 0.334615 0.301154 0.331538 0.303654 0.328846
0 0.345596 0.302103 0.347913 0.303641 0.349404 0.306513 0.350567 0.309603 0.351394 0.312910 0.352221 0.316231 0.352221 0.319756 0.352221 0.323295 0.351558 0.326603 0.350731 0.329910 0.349038 0.332949 0.347115 0.335385 0.344231 0.336538 0.341625 0.336090 0.339644 0.333885 0.337817 0.331462 0.336663 0.327923 0.336000 0.324615 0.335673 0.321282 0.335837 0.317987 0.336327 0.314679 0.337154 0.311372 0.338317 0.308282 0.339644 0.305410 0.341462 0.302987 0.343462 0.301923
0 0.375346 0.240500 0.378058 0.240987 0.380779 0.242192 0.382596 0.245090 0.383683 0.248474 0.384404 0.252103 0.384221 0.255718 0.383135 0.259590 0.381683 0.262731 0.379875 0.265628 0.377519 0.268038 0.374981 0.270705 0.372442 0.272628 0.369904 0.274090 0.367192 0.274808 0.364471 0.274564 0.362500 0.272821 0.360663 0.269731 0.359942 0.266115 0.359394 0.262487 0.359221 0.258859 0.359808 0.255513 0.360846 0.252103 0.362663 0.249205 0.364837 0.246782 0.367192 0.244615 0.369731 0.243154 0.371721 0.241705
0 0.345385 0.456026 0.348144 0.456500 0.350942 0.457487 0.353731 0.458244 0.356529 0.459231 0.359231 0.461026 0.361183 0.463449 0.362673 0.466679 0.362856 0.470410 0.362856 0.474372 0.361365 0.477859 0.358577 0.480590 0.355779 0.481333 0.352990 0.482077 0.349635 0.482577 0.346654 0.482577 0.343683 0.481821 0.340673 0.479744 0.338654 0.477859 0.336413 0.475372 0.334923 0.472141 0.333433 0.468910 0.333625 0.465192 0.334615 0.461282 0.337404 0.458846 0.340192 0.457179 0.342212 0.456154
0 0.284587 0.389821 0.287365 0.391308 0.289769 0.393282 0.292365 0.395256 0.294779 0.397731 0.295885 0.401192 0.297000 0.404654 0.297740 0.408359 0.298481 0.412064 0.298663 0.415769 0.298663 0.419718 0.297923 0.423423 0.295144 0.424410 0.292183 0.424410 0.289404 0.423923 0.286808 0.422436 0.284394 0.420462 0.281990 0.418487 0.280135 0.415526 0.278471 0.412308 0.277538 0.408603 0.276981 0.404897 0.276240 0.401192 0.275875 0.397487 0.277356 0.394269 0.279394 0.391551 0.281990 0.390064
0 0.356635 0.400256 0.358750 0.401154 0.361260 0.402333 0.363587 0.403167 0.365760 0.404410 0.367462 0.406679 0.368702 0.409359 0.369163 0.412462 0.369163 0.415769 0.368548 0.418872 0.367000 0.421551 0.364981 0.423833 0.362654 0.424654 0.360288 0.425641 0.358173 0.425641 0.355769 0.425128 0.353356 0.424654 0.351038 0.423615 0.348865 0.421962 0.347010 0.419897 0.345144 0.417833 0.343288 0.415564 0.342356 0.412667 0.341894 0.409564 0.342019 0.406667 0.342981 0.404103 0.345000 0.402179 0.347115 0.400897 0.349038 0.399744 0.351538 0.399487 0.354038 0.399487
0 0.375990 0.343308 0.377558 0.345051 0.378596 0.347308 0.379769 0.349551 0.380413 0.352154 0.380808 0.354756 0.381202 0.357359 0.381202 0.360141 0.380808 0.362744 0.380029 0.365346 0.378731 0.367423 0.377596 0.370000 0.376250 0.371756 0.375212 0.374013 0.373519 0.376090 0.371442 0.377141 0.369625 0.378179 0.367673 0.378346 0.365846 0.377141 0.364029 0.376090 0.362596 0.374192 0.361942 0.371590 0.361423 0.368987 0.360779 0.366385 0.360904 0.363782 0.361163 0.361179 0.361942 0.358744 0.362462 0.356154 0.363365 0.353590 0.364673 0.351462 0.366106 0.349205 0.367413 0.347128 0.369231 0.345744 0.371183 0.344526 0.373135 0.343654
0 0.383240 0.072333 0.384346 0.074744 0.385740 0.076974 0.386712 0.079564 0.387135 0.082346 0.387548 0.085141 0.387692 0.087923 0.387413 0.090885 0.386856 0.093679 0.386019 0.096269 0.384769 0.098692 0.383231 0.100910 0.381567 0.102769 0.379615 0.104256 0.377808 0.105923 0.375856 0.107410 0.373490 0.108346 0.371404 0.108154 0.369317 0.107603 0.367365 0.106487 0.366115 0.103885 0.365279 0.101103 0.364577 0.098128 0.364163 0.095346 0.364019 0.092564 0.364577 0.089590 0.364856 0.086808 0.365692 0.084026 0.366808 0.081603 0.368202 0.079192 0.369731 0.077154 0.371404 0.075295 0.373212 0.073808 0.375163 0.072692 0.377385 0.071769 0.379615 0.071769
0 0.444010 0.073846 0.447567 0.075423 0.450183 0.078897 0.451125 0.083641 0.449942 0.088397 0.448048 0.092500 0.445433 0.096295 0.442115 0.098205 0.438788 0.098513 0.435000 0.098513 0.431673 0.096615 0.429038 0.092949 0.428356 0.087756 0.428587 0.082385 0.430490 0.078269 0.433808 0.075744 0.437135 0.073846 0.440692 0.073205
0 0.403096 0.148987 0.406250 0.150385 0.408731 0.151936 0.411356 0.154359 0.413365 0.157846 0.413971 0.161872 0.412596 0.165385 0.409904 0.168462 0.406519 0.169936 0.404038 0.169744 0.400865 0.169872 0.398663 0.168321 0.395837 0.166718 0.393019 0.165103 0.390673 0.161538 0.390596 0.157577 0.392212 0.153821 0.394635 0.151128 0.397404 0.149615 0.400673 0.149244
0 0.497500 0.039231 0.502125 0.038513 0.505500 0.040013 0.508433 0.042718 0.509327 0.047218 0.509779 0.051718 0.509327 0.056218 0.507981 0.060410 0.505500 0.063718 0.502692 0.066667 0.499202 0.067910 0.495962 0.068846 0.492452 0.068821 0.489077 0.067910 0.486375 0.064910 0.484798 0.060718 0.484423 0.055897 0.485673 0.051538 0.487721 0.047513 0.490423 0.044218 0.493125 0.041218
0 0.552760 0.092372 0.555365 0.095269 0.557760 0.098462 0.559279 0.102808 0.559712 0.107154 0.560365 0.111500 0.559279 0.116141 0.557538 0.119910 0.554933 0.123103 0.552106 0.125410 0.548846 0.123962 0.546452 0.120487 0.544933 0.116436 0.543846 0.111795 0.543413 0.107449 0.543625 0.103103 0.544933 0.098744 0.546673 0.094692 0.549712 0.092949
0 0.538231 0.199051 0.541048 0.199551 0.543663 0.201551 0.545913 0.204038 0.547413 0.207538 0.548721 0.211038 0.549663 0.214782 0.550221 0.218538 0.550038 0.222526 0.549327 0.225513 0.546856 0.228026 0.544231 0.229769 0.541423 0.229026 0.538798 0.227282 0.536173 0.225526 0.533923 0.223026 0.532240 0.219782 0.531115 0.216282 0.530173 0.212538 0.530365 0.208795 0.531490 0.205038 0.533558 0.202051 0.535606 0.200295
0 0.430663 0.303128 0.433067 0.302910 0.435481 0.302487 0.438058 0.302487 0.440471 0.303128 0.442721 0.304628 0.444971 0.306346 0.446587 0.308923 0.447712 0.311923 0.448029 0.315141 0.448356 0.318359 0.448673 0.321577 0.447385 0.324359 0.445135 0.326077 0.442885 0.327577 0.440471 0.327795 0.437894 0.327795 0.435481 0.327179 0.433365 0.326282 0.430981 0.324359 0.429375 0.321795 0.427442 0.319436 0.425990 0.316641 0.425192 0.313423 0.425029 0.310205 0.425837 0.306782 0.427596 0.304359
0 0.494712 0.294487 0.496827 0.292821 0.499500 0.291974 0.502077 0.291974 0.504490 0.292410 0.506904 0.292628 0.509154 0.293910 0.511240 0.295833 0.513173 0.298192 0.514942 0.300551 0.515587 0.303769 0.515587 0.307205 0.515096 0.310000 0.513500 0.312782 0.511087 0.314064 0.508346 0.315141 0.505933 0.315782 0.503519 0.315359 0.501106 0.314500 0.498856 0.313205 0.496442 0.312141 0.494837 0.309564 0.493712 0.306564 0.493231 0.303346 0.493067 0.300128 0.493548 0.296910
0 0.431404 0.418308 0.433942 0.418077 0.436654 0.418077 0.439192 0.419205 0.441058 0.420897 0.441567 0.424628 0.441567 0.428462 0.440769 0.431667 0.439702 0.434551 0.437673 0.436821 0.435644 0.439077 0.433442 0.441551 0.430731 0.443808 0.428019 0.445397 0.425481 0.445615 0.422942 0.445397 0.420567 0.444038 0.419048 0.441103 0.418712 0.437718 0.418538 0.434333 0.419721 0.430949 0.421077 0.427782 0.422769 0.425077 0.424971 0.423038 0.427173 0.421013
0 0.491923 0.387692 0.495952 0.388821 0.498625 0.393462 0.501308 0.397744 0.502913 0.402744 0.503981 0.408103 0.504519 0.413462 0.504519 0.419167 0.503183 0.424526 0.499433 0.427744 0.495413 0.429526 0.491394 0.428808 0.487913 0.425962 0.484702 0.422385 0.482827 0.417385 0.481221 0.412385 0.480683 0.407038 0.481221 0.401679 0.481750 0.396321 0.483894 0.391321 0.487106 0.387756
0 0.426346 0.506923 0.429038 0.509615 0.430673 0.513590 0.432115 0.518333 0.432356 0.523090 0.432356 0.527615 0.432356 0.532128 0.431731 0.536026 0.430577 0.540256 0.428548 0.543154 0.425365 0.544564 0.422192 0.544846 0.419231 0.542872 0.417106 0.539474 0.415413 0.535808 0.414990 0.531564 0.414567 0.527333 0.414779 0.522808 0.415202 0.518577 0.416471 0.514628 0.418462 0.511282 0.420865 0.508590 0.423654 0.506923
0 0.468692 0.504064 0.470971 0.504064 0.473106 0.504821 0.475288 0.505897 0.477404 0.507436 0.478808 0.509385 0.480375 0.511474 0.481375 0.514128 0.481808 0.516987 0.481808 0.520026 0.481519 0.522872 0.480663 0.525718 0.479096 0.527808 0.476962 0.528577 0.474817 0.529141 0.472683 0.529526 0.470548 0.528949 0.468548 0.527628 0.466692 0.526103 0.465269 0.523628 0.463558 0.521731 0.462423 0.519256 0.461567 0.516410 0.461279 0.513564 0.461423 0.510705 0.462423 0.508051 0.463846 0.505769 0.465981 0.504821
0 0.474192 0.559808 0.476760 0.559808 0.478846 0.561526 0.480298 0.564308 0.480452 0.567526 0.480298 0.570744 0.479654 0.574167 0.478692 0.577603 0.477567 0.580603 0.476115 0.583385 0.474346 0.585744 0.472260 0.588321 0.470173 0.590679 0.468077 0.592603 0.465827 0.593885 0.463260 0.593679 0.461163 0.591526 0.459721 0.588744 0.459077 0.585526 0.458596 0.582321 0.458596 0.578885 0.459240 0.575667 0.459885 0.572462 0.461327 0.569667 0.463423 0.566885 0.465510 0.564308 0.467433 0.562167 0.470481 0.560897
0 0.523529 0.529385 0.525942 0.529167 0.528192 0.530449 0.530442 0.532167 0.532692 0.533667 0.534462 0.536026 0.535913 0.538808 0.537192 0.541603 0.538317 0.544603 0.539125 0.547808 0.539923 0.551026 0.540413 0.554244 0.539769 0.557462 0.538163 0.560026 0.535913 0.562167 0.533500 0.563462 0.531087 0.564308 0.528673 0.563462 0.526106 0.562385 0.523856 0.561103 0.522404 0.558308 0.520481 0.555744 0.519192 0.552949 0.517904 0.550167 0.516942 0.547167 0.516298 0.543949 0.516135 0.540744 0.516625 0.537526 0.517587 0.534308 0.519029 0.531526 0.521279 0.530026
0 0.535423 0.475154 0.537837 0.475590 0.540087 0.477090 0.542337 0.478372 0.544587 0.480513 0.546519 0.482667 0.548125 0.485231 0.549087 0.488231 0.549087 0.491667 0.548125 0.494872 0.546192 0.497231 0.543788 0.498090 0.541375 0.497872 0.538962 0.497667 0.536394 0.497231 0.534298 0.495526 0.531923 0.493846 0.530288 0.491026 0.528750 0.488205 0.527596 0.484872 0.527500 0.481410 0.528173 0.478333 0.530125 0.476013 0.533077 0.474744
0 0.510673 0.651410 0.513298 0.650103 0.516337 0.649564 0.519375 0.649295 0.522019 0.649615 0.524423 0.650256 0.526538 0.651923 0.528269 0.655256 0.528462 0.659231 0.527885 0.663064 0.526058 0.666577 0.523625 0.670090 0.520385 0.671436 0.517346 0.672513 0.514106 0.672782 0.510260 0.673333 0.507221 0.672513 0.505000 0.669551 0.502971 0.666308 0.502971 0.661987 0.503558 0.658590 0.505673 0.655769 0.508077 0.653205
0 0.582577 0.691064 0.584673 0.693397 0.586606 0.696205 0.588000 0.699231 0.589058 0.702500 0.590452 0.705538 0.590452 0.709282 0.590452 0.713013 0.590452 0.716756 0.589577 0.720256 0.587654 0.723051 0.585548 0.725628 0.582923 0.726564 0.580288 0.725641 0.578192 0.723756 0.576269 0.720949 0.574865 0.717923 0.573990 0.714410 0.572942 0.711141 0.572942 0.707410 0.573115 0.703679 0.573817 0.700167 0.575038 0.696897 0.576798 0.694103 0.579615 0.692051
0 0.678894 0.761513 0.682212 0.759872 0.686346 0.760641 0.688885 0.764923 0.690048 0.769564 0.690048 0.774833 0.690048 0.779782 0.689346 0.784436 0.687490 0.788769 0.684702 0.791859 0.682144 0.795269 0.678663 0.796205 0.675183 0.794962 0.672625 0.791244 0.671702 0.786603 0.671000 0.781962 0.671702 0.777308 0.672394 0.772667 0.674250 0.768026 0.676577 0.764000
0 0.728510 0.705641 0.731260 0.706372 0.733462 0.708808 0.734923 0.711987 0.734923 0.715897 0.734558 0.719795 0.733827 0.723462 0.732356 0.726641 0.730346 0.729321 0.727962 0.731282 0.725587 0.733231 0.722654 0.734449 0.719721 0.734449 0.717337 0.732500 0.716240 0.729077 0.715327 0.725423 0.715144 0.721756 0.715692 0.718090 0.717519 0.715154 0.719538 0.712474 0.721731 0.710026 0.724115 0.707833 0.726683 0.706128
0 0.661346 0.638846 0.664423 0.639231 0.666731 0.639615 0.668942 0.641282 0.670269 0.644577 0.669894 0.648487 0.669346 0.652154 0.667885 0.655321 0.665500 0.657526 0.663125 0.659962 0.660375 0.662410 0.657625 0.663872 0.654875 0.664603 0.652135 0.665333 0.649567 0.663872 0.647183 0.661679 0.645173 0.658987 0.644625 0.655321 0.644990 0.651667 0.646452 0.648487 0.648288 0.645551 0.650385 0.642949 0.652865 0.641154 0.655673 0.639872 0.658558 0.638974
0 0.620519 0.603359 0.623163 0.605115 0.625000 0.608077 0.626154 0.611538 0.626923 0.615256 0.627019 0.618974 0.626731 0.623077 0.625615 0.626744 0.624106 0.630256 0.622596 0.633782 0.620337 0.636295 0.617885 0.638551 0.615058 0.639308 0.612413 0.637808 0.610337 0.635038 0.608837 0.631769 0.607885 0.628000 0.607510 0.624231 0.607510 0.620205 0.607510 0.616179 0.608269 0.612154 0.609779 0.608885 0.611663 0.605872 0.614135 0.603590 0.616731 0.602564 0.618846 0.602436
0 0.573173 0.616282 0.576538 0.616923 0.579231 0.618846 0.581154 0.621667 0.582288 0.624872 0.583317 0.628090 0.584038 0.631538 0.584423 0.634615 0.584183 0.638410 0.584010 0.641859 0.582808 0.645077 0.580913 0.647603 0.578500 0.649205 0.575913 0.649897 0.573337 0.649205 0.570750 0.647372 0.568683 0.645077 0.567481 0.641859 0.566279 0.638410 0.565933 0.634974 0.565413 0.631526 0.565413 0.627628 0.566452 0.624410 0.567654 0.621192 0.570096 0.618077
0 0.593077 0.519872 0.596567 0.521269 0.598923 0.525346 0.599385 0.530051 0.599385 0.535064 0.597510 0.539769 0.594923 0.543231 0.591625 0.545731 0.588567 0.548244 0.585269 0.550128 0.581827 0.550385 0.578452 0.549500 0.575865 0.545731 0.575154 0.541026 0.574923 0.536321 0.576538 0.531282 0.578942 0.527564 0.581346 0.524359 0.585288 0.521538 0.589135 0.520000
0 0.719779 0.590910 0.722240 0.590038 0.724875 0.590038 0.727337 0.590910 0.729471 0.592667 0.731115 0.595295 0.732260 0.598359 0.732760 0.601641 0.733087 0.604936 0.732260 0.608218 0.731115 0.611282 0.729635 0.614128 0.727990 0.616756 0.725692 0.618949 0.723558 0.620692 0.721096 0.622449 0.718798 0.623769 0.716500 0.625077 0.714029 0.625949 0.711567 0.626615 0.709106 0.626833 0.706644 0.626397 0.704673 0.624205 0.703029 0.621359 0.702202 0.618077 0.701875 0.614782 0.702038 0.611500 0.702865 0.608218 0.703846 0.605154 0.705163 0.602308 0.707135 0.600115 0.709269 0.597923 0.711404 0.596167 0.713538 0.594423 0.715769 0.593462 0.717692 0.592051
0 0.775183 0.528538 0.778510 0.527346 0.781846 0.526462 0.785394 0.526462 0.788500 0.528244 0.790942 0.531487 0.791163 0.535936 0.790279 0.540372 0.788942 0.544615 0.786721 0.548359 0.784279 0.551615 0.781394 0.553974 0.778067 0.555756 0.774808 0.557564 0.771635 0.558077 0.768308 0.558115 0.765192 0.556410 0.763423 0.552795 0.762538 0.548359 0.762760 0.543923 0.764087 0.539179 0.766308 0.535628 0.769192 0.532974 0.770962 0.531154 0.773462 0.528974
0 0.733192 0.507051 0.736298 0.504833 0.739404 0.503731 0.742510 0.502910 0.745000 0.505513 0.746250 0.509615 0.746635 0.513718 0.746058 0.518846 0.744577 0.523333 0.742510 0.526641 0.740442 0.529949 0.738365 0.533077 0.735577 0.535769 0.732577 0.537679 0.729519 0.537821 0.727308 0.537436 0.725385 0.534872 0.724500 0.531603 0.724500 0.527192 0.724500 0.522782 0.725740 0.518359 0.727596 0.514615 0.730000 0.510897
0 0.642971 0.521846 0.646337 0.522141 0.649250 0.524833 0.651038 0.528718 0.652827 0.532603 0.653952 0.537077 0.654394 0.541564 0.654173 0.546346 0.653500 0.551115 0.651490 0.555308 0.648798 0.558295 0.644904 0.558205 0.641827 0.555256 0.639712 0.551795 0.637404 0.547308 0.635865 0.543462 0.635481 0.538462 0.635769 0.533846 0.636923 0.529321 0.639163 0.525731
0 0.702538 0.482769 0.704385 0.486769 0.704385 0.491679 0.703462 0.496282 0.701846 0.500590 0.699548 0.504269 0.696548 0.507038 0.693096 0.507962 0.689635 0.508269 0.685962 0.508077 0.683462 0.502821 0.684106 0.497821 0.685490 0.493218 0.687798 0.489526 0.690096 0.485846 0.693269 0.483333 0.696442 0.481410 0.700231 0.480923
0 0.634760 0.437526 0.637308 0.438436 0.639865 0.439564 0.642077 0.441385 0.643942 0.443872 0.645481 0.446821 0.646154 0.450231 0.647010 0.453628 0.647519 0.457038 0.647212 0.460385 0.645644 0.463154 0.643433 0.464974 0.640885 0.465423 0.638163 0.465654 0.635606 0.464526 0.633394 0.462705 0.631356 0.460436 0.629654 0.457718 0.628125 0.454769 0.627096 0.451590 0.626587 0.447731 0.627096 0.444333 0.628462 0.441385 0.630673 0.439564 0.631865 0.438654
0 0.583885 0.437064 0.586606 0.437064 0.588654 0.438846 0.590173 0.441603 0.590856 0.445013 0.590856 0.448641 0.589327 0.451590 0.587288 0.454308 0.585587 0.457038 0.583029 0.459308 0.580817 0.461115 0.577760 0.462256 0.575202 0.463385 0.572654 0.462705 0.570442 0.460667 0.569077 0.457718 0.568567 0.454308 0.568231 0.450910 0.568904 0.447500 0.570269 0.444551 0.572144 0.442064 0.574183 0.439795 0.576394 0.437974 0.579115 0.437064 0.581327 0.436167
0 0.780413 0.424141 0.783779 0.423244 0.787356 0.423244 0.789596 0.426821 0.790269 0.431308 0.790269 0.436385 0.789375 0.441462 0.788250 0.445936 0.786058 0.449103 0.783106 0.452218 0.779971 0.454897 0.776923 0.455897 0.773942 0.456154 0.770481 0.455256 0.769212 0.450718 0.769212 0.445936 0.769212 0.441167 0.770558 0.436679 0.773019 0.433103 0.775038 0.429218 0.778394 0.426231
0 0.743327 0.373808 0.745827 0.375231 0.748144 0.377615 0.749933 0.380462 0.751356 0.383564 0.751894 0.387128 0.752250 0.390705 0.752250 0.394744 0.752067 0.398321 0.751183 0.401885 0.749750 0.404974 0.747433 0.407359 0.744577 0.408551 0.741721 0.408551 0.739221 0.407115 0.737077 0.404744 0.734942 0.402359 0.733692 0.399026 0.732798 0.395462 0.732615 0.391885 0.732260 0.388321 0.732798 0.384756 0.734221 0.381654 0.735654 0.378564 0.737788 0.375949 0.739135 0.375128 0.740577 0.374359 0.741923 0.374231
0 0.739019 0.291449 0.742106 0.291449 0.744990 0.291962 0.747683 0.294013 0.749038 0.297051 0.749029 0.299910 0.747490 0.303256 0.745183 0.305821 0.742683 0.308128 0.739981 0.310179 0.736712 0.311731 0.733635 0.311731 0.730740 0.312500 0.727663 0.312500 0.724962 0.310949 0.723615 0.307359 0.723423 0.303513 0.724577 0.299910 0.726894 0.297346 0.729587 0.295551 0.732856 0.294013 0.735558 0.292218
0 0.668163 0.332000 0.671058 0.331923 0.673942 0.332308 0.676250 0.334231 0.677990 0.337141 0.678173 0.341282 0.677404 0.345128 0.675288 0.347667 0.672596 0.350487 0.670096 0.352538 0.667308 0.354744 0.664519 0.355769 0.661423 0.356141 0.658538 0.356397 0.655654 0.356654 0.652952 0.355115 0.651413 0.351769 0.650644 0.347923 0.651029 0.344077 0.652760 0.340731 0.655077 0.338167 0.657577 0.336115 0.660269 0.334577 0.662981 0.333333 0.665673 0.332308
0 0.623394 0.373423 0.625942 0.373885 0.628500 0.375244 0.630538 0.377513 0.632077 0.380462 0.633269 0.383641 0.633779 0.387038 0.634288 0.390449 0.634288 0.394308 0.633779 0.397705 0.632413 0.400667 0.630202 0.402705 0.627788 0.403590 0.625269 0.403833 0.622712 0.402256 0.620500 0.400436 0.618462 0.398167 0.617096 0.395218 0.616240 0.391590 0.615385 0.387949 0.615221 0.384769 0.615731 0.381372 0.616923 0.378192 0.619808 0.375256
0 0.557865 0.341423 0.560587 0.341423 0.563308 0.341423 0.565865 0.342564 0.568240 0.343923 0.570625 0.345282 0.572673 0.347551 0.574538 0.350051 0.575904 0.353000 0.576240 0.356410 0.575567 0.359808 0.573692 0.362308 0.571135 0.363436 0.568413 0.364346 0.565865 0.365256 0.563135 0.365026 0.560750 0.363667 0.558375 0.362077 0.556500 0.359590 0.554798 0.356859 0.553606 0.353679 0.553096 0.350282 0.553558 0.347051 0.554798 0.344372
0 0.590096 0.285769 0.592115 0.283590 0.594135 0.281795 0.596837 0.280603 0.599394 0.279692 0.601942 0.279474 0.604423 0.279359 0.607404 0.280000 0.609904 0.281026 0.612212 0.281538 0.614885 0.282872 0.616760 0.285372 0.618115 0.288321 0.618462 0.291731 0.618462 0.295359 0.617779 0.298756 0.616413 0.301705 0.613865 0.303756 0.611481 0.305115 0.608923 0.305564 0.606202 0.305564 0.603481 0.305564 0.600923 0.304667 0.598538 0.303295 0.595990 0.302397 0.593606 0.300577 0.591394 0.298756 0.589692 0.296038 0.589010 0.292628 0.589038 0.288846
0 0.677548 0.243564 0.679769 0.244833 0.681673 0.246949 0.683413 0.249282 0.684365 0.252244 0.685192 0.255385 0.685481 0.258590 0.685769 0.261923 0.685962 0.264744 0.685288 0.268077 0.684048 0.270641 0.682308 0.272974 0.680240 0.274667 0.677702 0.276141 0.675327 0.275718 0.673260 0.274026 0.671356 0.271910 0.670404 0.268949 0.669135 0.266205 0.668500 0.263026 0.668269 0.259615 0.668346 0.256679 0.668663 0.253513 0.669452 0.250333 0.670721 0.247590 0.672308 0.245051 0.674692 0.243987
0 0.626538 0.197308 0.628894 0.194667 0.630692 0.193192 0.632635 0.192077 0.634712 0.191346 0.636788 0.190974 0.639010 0.190974 0.641087 0.191346 0.643029 0.192449 0.644279 0.194859 0.645115 0.197449 0.644971 0.200218 0.644279 0.202987 0.643452 0.205756 0.642481 0.208346 0.641365 0.210756 0.640115 0.213154 0.638750 0.215385 0.637308 0.217179 0.635548 0.218885 0.633327 0.220179 0.631385 0.221474 0.629308 0.222397 0.627231 0.222769 0.625144 0.222397 0.623346 0.220923 0.621962 0.218705 0.620990 0.216115 0.620990 0.213154 0.620846 0.210385 0.621683 0.207795 0.622115 0.204872 0.623202 0.202436 0.624317 0.200026
0 0.621519 0.118462 0.623577 0.118090 0.625644 0.119192 0.627442 0.120846 0.628538 0.123231 0.629365 0.126179 0.629779 0.128923 0.630337 0.131679 0.630606 0.134436 0.630606 0.137385 0.630606 0.140321 0.630337 0.143077 0.629510 0.145641 0.628538 0.148218 0.627442 0.150603 0.625923 0.152628 0.624135 0.154103 0.622067 0.154282 0.619865 0.154282 0.618067 0.152808 0.616692 0.150603 0.615452 0.148218 0.614625 0.145641 0.613663 0.143077 0.613519 0.140141 0.613519 0.137192 0.613663 0.134256 0.613663 0.131321 0.613798 0.128564 0.614077 0.125808 0.614904 0.123231 0.616279 0.121026 0.618067 0.119372
