0 0.307500 0.205667 0.310163 0.205449 0.312663 0.205667 0.315154 0.206333 0.317654 0.206551 0.320144 0.207218 0.322481 0.208551 0.324471 0.210769 0.325971 0.213654 0.326635 0.216974 0.326808 0.220308 0.325971 0.223641 0.324971 0.226744 0.323173 0.229487 0.320288 0.231923 0.317317 0.232949 0.314827 0.233179 0.312163 0.233179 0.309663 0.232731 0.307173 0.232064 0.304673 0.231397 0.302510 0.229628 0.300346 0.227628 0.298519 0.224744 0.297519 0.221641 0.297183 0.218090 0.297519 0.214538 0.299183 0.211872 0.300865 0.209359 0.303269 0.207692 0.305577 0.206538
0 0.440115 0.719321 0.442750 0.721756 0.443971 0.725538 0.444375 0.729590 0.444375 0.733923 0.443154 0.737705 0.441337 0.741218 0.439510 0.744731 0.437077 0.747436 0.434433 0.749603 0.431394 0.750141 0.428356 0.750410 0.425308 0.750141 0.423279 0.746628 0.423279 0.742308 0.423279 0.737974 0.424298 0.733923 0.425481 0.729615 0.427135 0.726346 0.429567 0.723103 0.432202 0.720936 0.436260 0.718782
0 0.387385 0.749064 0.389183 0.750718 0.390558 0.752936 0.391538 0.755128 0.391942 0.758077 0.392077 0.760846 0.391529 0.763782 0.390702 0.766551 0.389731 0.769128 0.388625 0.771513 0.387385 0.773910 0.386010 0.776295 0.384212 0.778500 0.382423 0.779974 0.380346 0.780718 0.378144 0.780718 0.376212 0.779423 0.374827 0.777218 0.373731 0.774821 0.373731 0.771885 0.373587 0.769128 0.374000 0.766179 0.374971 0.763231 0.375933 0.760654 0.377038 0.758077 0.378413 0.755872 0.379798 0.753667 0.381596 0.751462 0.383519 0.749987 0.385731 0.749064
0 0.436942 0.770603 0.439837 0.770603 0.442375 0.772538 0.443644 0.775923 0.444010 0.779551 0.443644 0.783179 0.442375 0.786551 0.440740 0.789705 0.439038 0.792821 0.437481 0.795744 0.435308 0.798885 0.432769 0.800821 0.430048 0.802269 0.427154 0.802987 0.424250 0.802744 0.421894 0.800821 0.420260 0.797679 0.419721 0.793564 0.419904 0.789936 0.421712 0.787038 0.423529 0.784141 0.425702 0.781487 0.427692 0.778821 0.430048 0.776410 0.432221 0.773987 0.434577 0.771821
0 0.467423 0.827026 0.470115 0.827449 0.472327 0.828295 0.474856 0.829346 0.477077 0.831256 0.478817 0.833782 0.479135 0.837154 0.477865 0.840321 0.476346 0.842692 0.474519 0.845513 0.472596 0.846667 0.470115 0.847923 0.467106 0.848333 0.464894 0.848756 0.462356 0.848551 0.459663 0.848128 0.457452 0.846859 0.455240 0.845179 0.453500 0.843064 0.452231 0.840115 0.452231 0.836949 0.453500 0.833782 0.455240 0.831462 0.457452 0.829564 0.459981 0.828295 0.462356 0.827667 0.463942 0.827667
0 0.525385 0.809231 0.528750 0.809744 0.531856 0.811513 0.534077 0.815359 0.534519 0.819795 0.533192 0.824244 0.531413 0.828090 0.528529 0.831038 0.524981 0.833410 0.521654 0.834295 0.518317 0.834000 0.514990 0.832526 0.512212 0.830128 0.511000 0.826013 0.511442 0.821577 0.512885 0.817436 0.515433 0.813000 0.518462 0.810256 0.522019 0.808974
0 0.467885 0.229897 0.471279 0.231705 0.474452 0.233821 0.477173 0.236833 0.478981 0.240756 0.480337 0.244987 0.480567 0.249513 0.480337 0.254038 0.478981 0.258577 0.477788 0.263077 0.475288 0.267821 0.473269 0.271282 0.470865 0.274487 0.468077 0.277564 0.464904 0.280256 0.461317 0.280000 0.457702 0.280000 0.454298 0.279397 0.451135 0.277295 0.449096 0.273359 0.447058 0.269436 0.446375 0.264910 0.446606 0.259474 0.447731 0.254654 0.449096 0.250423 0.450452 0.246192 0.452712 0.242269 0.454981 0.238654 0.457923 0.234115 0.461317 0.231705 0.464712 0.230192
0 0.571865 0.764667 0.574904 0.767154 0.577942 0.769654 0.580673 0.773590 0.582692 0.778205 0.583846 0.782821 0.584250 0.787423 0.583269 0.791667 0.580981 0.795218 0.577702 0.797397 0.573962 0.797397 0.570462 0.797077 0.567183 0.794897 0.564144 0.792410 0.561346 0.789295 0.558769 0.785859 0.556663 0.781808 0.555731 0.777128 0.554798 0.772462 0.555962 0.767782 0.558538 0.764038 0.561808 0.761859 0.565096 0.760897 0.568173 0.762051
0 0.634000 0.728103 0.636577 0.729244 0.639317 0.730615 0.640692 0.733590 0.640692 0.737256 0.639837 0.740923 0.637779 0.743436 0.635712 0.746423 0.633135 0.749167 0.631077 0.751449 0.628673 0.752833 0.625923 0.753282 0.623183 0.753282 0.620606 0.753051 0.618712 0.750538 0.618538 0.747103 0.618712 0.743667 0.620769 0.739551 0.622837 0.736115 0.625240 0.733372 0.627471 0.731308 0.629875 0.729936
0 0.542510 0.666564 0.545298 0.666077 0.548096 0.666821 0.550769 0.668462 0.553115 0.671026 0.554971 0.674256 0.555529 0.678218 0.555154 0.681936 0.553856 0.685410 0.551808 0.688641 0.549394 0.691615 0.546788 0.693590 0.544375 0.695577 0.541952 0.697808 0.539356 0.699795 0.536750 0.701782 0.533769 0.703513 0.530981 0.704500 0.527817 0.704500 0.524846 0.704500 0.522423 0.702269 0.520865 0.698590 0.520192 0.695128 0.520288 0.690769 0.521308 0.686897 0.522798 0.683679 0.524663 0.680705 0.527077 0.677731 0.529683 0.675000 0.532500 0.672821 0.534885 0.671026 0.537490 0.668795 0.539904 0.667692
0 0.322692 0.828218 0.325067 0.831385 0.326365 0.835410 0.327221 0.839731 0.326788 0.844051 0.325712 0.848372 0.323337 0.851538 0.321173 0.854987 0.318154 0.856718 0.314913 0.857013 0.311673 0.856436 0.308654 0.854705 0.306923 0.850962 0.305625 0.846641 0.305192 0.842321 0.306490 0.838295 0.308433 0.834551 0.311029 0.831385 0.314048 0.829077 0.317721 0.827641 0.319885 0.827641
0 0.325000 0.729744 0.327712 0.732013 0.329471 0.735654 0.329856 0.739564 0.329663 0.743987 0.328692 0.747897 0.327519 0.751538 0.325952 0.754923 0.323808 0.758051 0.320683 0.760128 0.317750 0.761436 0.314817 0.761692 0.312279 0.759615 0.310519 0.756231 0.309548 0.752321 0.308962 0.748410 0.309154 0.744513 0.310721 0.740859 0.312279 0.737474 0.314231 0.734090 0.316577 0.731487 0.319317 0.729667 0.322240 0.729397
0 0.249260 0.726782 0.251798 0.728359 0.253837 0.731077 0.254856 0.734231 0.255365 0.737628 0.255365 0.741474 0.255192 0.744859 0.254173 0.748026 0.253163 0.751641 0.252115 0.755000 0.250865 0.757564 0.249615 0.760128 0.248077 0.762436 0.246058 0.764872 0.244173 0.767013 0.241635 0.767462 0.239087 0.767692 0.236548 0.767462 0.234346 0.765423 0.232817 0.762487 0.231971 0.759103 0.231125 0.755487 0.231125 0.751641 0.231798 0.748244 0.232481 0.744859 0.233490 0.741474 0.234846 0.738526 0.236202 0.735590 0.237904 0.732885 0.239769 0.730397 0.241798 0.728128 0.244000 0.726321 0.246548 0.725423
0 0.280125 0.661910 0.282577 0.663000 0.284538 0.665410 0.286173 0.668026 0.287481 0.671077 0.288462 0.673974 0.288942 0.677436 0.288135 0.681321 0.286990 0.684372 0.285385 0.687308 0.283365 0.689744 0.280942 0.690910 0.278490 0.691564 0.275712 0.691564 0.273087 0.691564 0.270635 0.691346 0.268346 0.689603 0.266221 0.687859 0.264587 0.685244 0.262952 0.682628 0.262462 0.679359 0.261971 0.676090 0.261317 0.672603 0.261154 0.669333 0.261971 0.666064 0.263769 0.663667 0.266058 0.661910 0.268510 0.661256 0.270962 0.660821 0.273413 0.660603 0.275875 0.660385 0.277981 0.660897
0 0.362433 0.670205 0.365288 0.671538 0.367596 0.673846 0.369663 0.676731 0.371231 0.680115 0.372606 0.683769 0.372990 0.687679 0.372798 0.691590 0.371817 0.695500 0.369471 0.698115 0.366538 0.699154 0.363606 0.699679 0.360471 0.699423 0.357740 0.697590 0.355587 0.694718 0.354019 0.691333 0.352846 0.687679 0.352462 0.683769 0.353240 0.679603 0.354423 0.675769 0.356567 0.673077 0.359106 0.670731
0 0.791654 0.623769 0.793913 0.625859 0.795490 0.628885 0.795663 0.632372 0.796183 0.636090 0.795663 0.639808 0.794962 0.643769 0.793394 0.647718 0.791125 0.650038 0.788510 0.651205 0.785894 0.652141 0.782587 0.651910 0.780663 0.649346 0.779615 0.646090 0.778923 0.642603 0.778750 0.639115 0.778923 0.635628 0.779788 0.632141 0.781010 0.628885 0.782933 0.626090 0.785202 0.623769 0.787817 0.622846 0.789904 0.622846
0 0.620058 0.596782 0.623654 0.598385 0.627010 0.600308 0.630135 0.603500 0.632769 0.607333 0.633490 0.612141 0.633010 0.617256 0.629654 0.620128 0.626058 0.620449 0.622212 0.620449 0.618375 0.620449 0.614538 0.619167 0.611538 0.617179 0.609519 0.612949 0.607981 0.608077 0.608067 0.604141 0.609981 0.599667 0.613577 0.597744
0 0.662702 0.530885 0.665413 0.534218 0.667077 0.537833 0.667490 0.542000 0.667490 0.546718 0.666452 0.550897 0.664788 0.554513 0.661865 0.556449 0.658952 0.558397 0.655817 0.558949 0.652904 0.557013 0.650817 0.553667 0.648942 0.550064 0.648317 0.545885 0.648317 0.541449 0.649154 0.537269 0.651058 0.533718 0.653317 0.530603 0.656442 0.529487 0.658952 0.530321
0 0.592452 0.538936 0.595788 0.538936 0.598913 0.540051 0.601625 0.542282 0.604327 0.544782 0.606346 0.547692 0.608173 0.551154 0.608913 0.555346 0.608558 0.559615 0.606212 0.562564 0.603077 0.563679 0.599952 0.564795 0.596615 0.564795 0.593279 0.564513 0.590288 0.562436 0.587212 0.559744 0.585673 0.557308 0.584135 0.554487 0.582981 0.551410 0.582500 0.547564 0.582981 0.543718 0.584942 0.540615 0.588269 0.538846
0 0.546212 0.540769 0.548154 0.541795 0.549567 0.544038 0.550856 0.546103 0.551885 0.548333 0.552663 0.550910 0.553433 0.553321 0.553433 0.556064 0.553173 0.558641 0.552663 0.561218 0.551885 0.563628 0.550471 0.565526 0.549183 0.567756 0.547510 0.569821 0.545702 0.570846 0.543769 0.571538 0.541702 0.571538 0.539904 0.570500 0.538221 0.568782 0.537317 0.566385 0.536808 0.563795 0.536029 0.561397 0.535644 0.558821 0.535385 0.556244 0.535519 0.553321 0.536288 0.550910 0.537192 0.548500 0.538356 0.546269 0.539769 0.544038 0.541058 0.541974 0.542865 0.540936 0.544798 0.540423
0 0.478644 0.603641 0.480971 0.604026 0.482865 0.605782 0.484760 0.607718 0.486510 0.609654 0.487529 0.612372 0.488106 0.615282 0.488548 0.618205 0.488837 0.621308 0.488404 0.624410 0.487087 0.627321 0.484904 0.629269 0.482721 0.630038 0.480683 0.628872 0.478788 0.626744 0.477192 0.624603 0.475875 0.622077 0.474904 0.619359 0.474567 0.616641 0.474135 0.613731 0.474135 0.610628 0.474567 0.607526 0.476029 0.605192
0 0.383077 0.619013 0.385279 0.620256 0.387308 0.622141 0.389510 0.623397 0.391702 0.625269 0.393423 0.627782 0.394519 0.630910 0.394837 0.634051 0.394837 0.637808 0.394048 0.640949 0.392481 0.643667 0.390606 0.645756 0.388096 0.646372 0.385740 0.646167 0.383548 0.644910 0.381356 0.643244 0.379010 0.641577 0.377279 0.639269 0.376029 0.636551 0.374933 0.633628 0.373837 0.630705 0.373365 0.627577 0.373365 0.624231 0.374308 0.621090 0.376029 0.618795 0.378077 0.617436 0.380769 0.618205
0 0.207365 0.625487 0.209712 0.624615 0.212019 0.624231 0.214808 0.624231 0.217635 0.624590 0.219712 0.625769 0.221442 0.627821 0.222212 0.630513 0.222356 0.634026 0.221337 0.637167 0.220163 0.640308 0.218981 0.643449 0.216962 0.645705 0.214769 0.647949 0.212250 0.648846 0.209721 0.649513 0.207192 0.650192 0.204327 0.650192 0.201635 0.650192 0.199106 0.649744 0.196913 0.647949 0.195567 0.645026 0.195067 0.641654 0.195904 0.638064 0.197423 0.635141 0.199106 0.632218 0.201125 0.629974 0.203490 0.627962 0.205510 0.626154
0 0.332212 0.579718 0.335106 0.581923 0.338000 0.583577 0.340692 0.585782 0.342548 0.589359 0.343587 0.593769 0.343375 0.598192 0.342548 0.602321 0.340279 0.605910 0.337385 0.608385 0.334490 0.610038 0.331385 0.611141 0.328279 0.610321 0.324971 0.610321 0.321663 0.609769 0.318356 0.609769 0.315462 0.608115 0.312769 0.605359 0.310087 0.602603 0.308433 0.599013 0.308019 0.594872 0.307808 0.590744 0.309260 0.586603 0.311327 0.583295 0.314221 0.581641 0.317115 0.579436 0.320221 0.578333 0.323317 0.578064 0.326423 0.577782 0.328904 0.578064
0 0.420288 0.541795 0.423000 0.543872 0.425769 0.545513 0.428375 0.548833 0.430442 0.552141 0.432096 0.556000 0.432298 0.560141 0.431058 0.564269 0.428375 0.567026 0.425481 0.568962 0.422375 0.569782 0.419067 0.568962 0.415760 0.568128 0.412654 0.567308 0.409558 0.565372 0.406663 0.563167 0.404596 0.559859 0.402317 0.556551 0.401279 0.552410 0.402019 0.546795 0.404712 0.543205 0.407490 0.540833 0.410587 0.540564 0.413692 0.540282 0.417308 0.540897
0 0.302712 0.512295 0.305433 0.513026 0.307692 0.514615 0.309971 0.517615 0.311538 0.520769 0.312510 0.524397 0.313423 0.528269 0.313606 0.531897 0.312510 0.535782 0.309788 0.538436 0.306702 0.539885 0.303615 0.539885 0.300894 0.538679 0.298356 0.536987 0.296173 0.534564 0.294356 0.531667 0.292904 0.528269 0.291817 0.524885 0.292183 0.521256 0.293817 0.518103 0.295808 0.515449 0.298173 0.513500 0.300529 0.512295
0 0.255096 0.546795 0.257673 0.546038 0.260356 0.545564 0.263038 0.545321 0.265904 0.546513 0.268048 0.548897 0.269663 0.552244 0.270375 0.555821 0.270202 0.559397 0.269308 0.562974 0.267337 0.565603 0.265365 0.568218 0.262885 0.570513 0.260356 0.571564 0.257673 0.572756 0.254635 0.573705 0.251779 0.573705 0.249096 0.573231 0.246404 0.571795 0.243942 0.569872 0.242654 0.567026 0.242019 0.562821 0.242596 0.558974 0.244260 0.555821 0.246231 0.552718 0.248202 0.550090 0.250702 0.548423 0.253202 0.547000
0 0.765673 0.488474 0.768413 0.488013 0.770981 0.488474 0.773385 0.489846 0.775779 0.491436 0.777837 0.494179 0.779548 0.496923 0.781433 0.499436 0.782288 0.502859 0.782981 0.506282 0.783490 0.509718 0.783490 0.513372 0.783663 0.516795 0.782288 0.519769 0.780240 0.522051 0.777663 0.522962 0.775269 0.524333 0.772702 0.524564 0.770125 0.524333 0.767904 0.522282 0.765673 0.519769 0.763615 0.517474 0.762250 0.514513 0.761346 0.511282 0.760538 0.507885 0.760192 0.504462 0.760019 0.501038 0.760096 0.498333 0.760538 0.494410 0.761904 0.491436 0.763962 0.488705
0 0.708019 0.452231 0.710702 0.454423 0.712971 0.457731 0.714212 0.461590 0.714827 0.465718 0.714827 0.470128 0.714000 0.474256 0.712971 0.478654 0.711115 0.482244 0.708846 0.485538 0.706365 0.488295 0.703269 0.489679 0.700163 0.488846 0.697279 0.486641 0.695625 0.483064 0.694183 0.479205 0.693769 0.475077 0.693769 0.470679 0.694385 0.466538 0.695962 0.462436 0.697481 0.459103 0.699346 0.455526 0.702231 0.453603 0.705125 0.452231
0 0.656452 0.407103 0.660260 0.407782 0.663298 0.411154 0.665327 0.416231 0.665577 0.421974 0.665077 0.427038 0.663298 0.431782 0.661269 0.436513 0.657971 0.439218 0.654173 0.440564 0.650365 0.440231 0.647077 0.437179 0.645048 0.432795 0.643779 0.427718 0.643019 0.422654 0.643269 0.417577 0.645548 0.413179 0.648596 0.409808 0.652144 0.407782
0 0.590654 0.449141 0.593654 0.450205 0.596663 0.451538 0.599462 0.453141 0.602269 0.455013 0.604269 0.458218 0.605471 0.461962 0.605279 0.465962 0.603471 0.469974 0.600663 0.472641 0.597663 0.473179 0.594654 0.473436 0.591654 0.472910 0.588644 0.471833 0.585846 0.470231 0.583442 0.467564 0.580837 0.465167 0.579038 0.461795 0.578635 0.457949 0.579635 0.453949 0.581635 0.451923 0.584519 0.449872 0.587212 0.448718
0 0.493327 0.479128 0.496577 0.478833 0.499606 0.480564 0.502404 0.482308 0.505000 0.485513 0.506962 0.489231 0.508913 0.492974 0.510644 0.497013 0.512163 0.501346 0.512375 0.505679 0.511731 0.510000 0.509712 0.514359 0.506750 0.516359 0.503500 0.517795 0.499606 0.516936 0.496356 0.515487 0.493548 0.513179 0.491163 0.510000 0.489000 0.506538 0.487269 0.502500 0.486404 0.498167 0.485538 0.493846 0.485538 0.489231 0.486404 0.484897 0.488567 0.481436 0.491163 0.479705
0 0.817769 0.401090 0.820962 0.401538 0.824269 0.402487 0.827000 0.404731 0.829933 0.406410 0.832596 0.408846 0.834962 0.412000 0.836433 0.415910 0.837058 0.420103 0.836010 0.424295 0.834135 0.427692 0.831394 0.429321 0.828250 0.431000 0.824904 0.431846 0.821548 0.431846 0.818404 0.431282 0.815471 0.429603 0.812740 0.427372 0.810231 0.424295 0.807712 0.421500 0.806250 0.417692 0.805615 0.413397 0.806029 0.409205 0.807712 0.405564 0.810433 0.403051 0.812692 0.401795 0.814837 0.400821
0 0.763856 0.349103 0.767471 0.349103 0.770875 0.350603 0.773817 0.353321 0.775625 0.357551 0.776308 0.362077 0.774952 0.366308 0.772683 0.370538 0.770423 0.374154 0.767250 0.376872 0.764077 0.378987 0.760769 0.380897 0.757058 0.381103 0.753433 0.381103 0.750192 0.378974 0.748000 0.375359 0.746865 0.370833 0.746865 0.366000 0.748452 0.361782 0.750721 0.357859 0.753663 0.354231 0.756442 0.351667 0.760000 0.349359
0 0.697221 0.324564 0.700308 0.325654 0.703385 0.325923 0.706471 0.327577 0.709558 0.328936 0.711817 0.331962 0.714279 0.334692 0.715923 0.338808 0.716135 0.343192 0.715106 0.347308 0.712433 0.349500 0.709346 0.350590 0.706269 0.351962 0.702981 0.351962 0.699692 0.351962 0.696606 0.351141 0.693519 0.350321 0.690644 0.348667 0.687769 0.346474 0.685712 0.343192 0.684683 0.339077 0.684683 0.334692 0.685510 0.330590 0.687971 0.326744 0.691058 0.325103 0.694548 0.324551
0 0.757702 0.204167 0.760317 0.206321 0.762327 0.210064 0.763933 0.213551 0.764337 0.217577 0.764231 0.221538 0.763942 0.226282 0.763538 0.231244 0.762308 0.234872 0.760519 0.238218 0.757596 0.240769 0.755490 0.241974 0.751923 0.240513 0.749712 0.237692 0.748250 0.234192 0.746731 0.229872 0.746644 0.225885 0.746644 0.221590 0.747452 0.217308 0.748654 0.213551 0.750269 0.210064 0.752683 0.207115 0.754692 0.205244
0 0.684212 0.229769 0.686990 0.228526 0.690327 0.228526 0.693298 0.228282 0.696452 0.228282 0.699240 0.228526 0.702019 0.229769 0.704615 0.231500 0.706846 0.233974 0.708510 0.237192 0.709442 0.241397 0.709808 0.245103 0.709442 0.248821 0.707769 0.252026 0.705962 0.254872 0.703654 0.257179 0.701096 0.258462 0.698125 0.258962 0.694788 0.259205 0.691817 0.259205 0.688846 0.258218 0.686067 0.256974 0.683654 0.254756 0.681423 0.252282 0.679760 0.249064 0.678462 0.245603 0.678462 0.241641 0.678827 0.237936 0.679942 0.234462 0.681798 0.231987
0 0.612375 0.243782 0.614808 0.244103 0.617712 0.244692 0.620115 0.246077 0.622308 0.247179 0.624327 0.248846 0.626317 0.251577 0.627346 0.254795 0.627308 0.258077 0.626317 0.261218 0.624596 0.264205 0.622183 0.265808 0.619606 0.266500 0.616846 0.266038 0.614096 0.264654 0.611683 0.263051 0.609625 0.260756 0.607904 0.258000 0.606865 0.254795 0.606865 0.251115 0.608067 0.247449 0.610308 0.244923
0 0.604423 0.299231 0.607644 0.300154 0.609971 0.302987 0.612096 0.305821 0.613644 0.309179 0.614808 0.313051 0.615385 0.317179 0.615000 0.321051 0.614519 0.325256 0.613077 0.329103 0.611442 0.331923 0.609231 0.335256 0.607019 0.336282 0.605577 0.337179 0.604423 0.337821 0.603000 0.338333 0.599904 0.338333 0.596731 0.337564 0.594490 0.336526 0.592163 0.333949 0.590615 0.330590 0.589327 0.326282 0.588942 0.322308 0.589452 0.318731 0.590038 0.314346 0.591587 0.310987 0.593327 0.307628 0.595452 0.304282 0.597971 0.301962 0.601260 0.300154
0 0.566808 0.393500 0.570173 0.393205 0.573529 0.393808 0.576442 0.396192 0.579135 0.399179 0.581375 0.402769 0.582490 0.407244 0.583385 0.411718 0.582712 0.416205 0.580471 0.420090 0.576894 0.421577 0.573529 0.422474 0.569500 0.422474 0.565577 0.420513 0.563231 0.418885 0.560769 0.415308 0.558846 0.411410 0.557596 0.406538 0.558077 0.401667 0.560096 0.397308 0.562981 0.394615
0 0.522029 0.371808 0.524423 0.371808 0.526404 0.372936 0.528663 0.374628 0.530000 0.376538 0.531481 0.378577 0.533038 0.380846 0.534163 0.384038 0.535010 0.386679 0.535577 0.389500 0.536279 0.392321 0.536135 0.395513 0.536135 0.398526 0.536000 0.401346 0.535288 0.404179 0.534163 0.406615 0.532192 0.407936 0.530212 0.409064 0.527808 0.409064 0.525692 0.408128 0.523365 0.406795 0.521731 0.405128 0.520192 0.402667 0.518923 0.400218 0.517788 0.397590 0.516942 0.394769 0.516096 0.391936 0.515106 0.389115 0.514548 0.386295 0.514548 0.382910 0.515394 0.379897 0.516096 0.377077 0.517510 0.374628 0.519346 0.372936
0 0.461029 0.421949 0.463808 0.421449 0.466596 0.420462 0.469567 0.420462 0.472173 0.421949 0.474962 0.423436 0.477933 0.424923 0.480346 0.426910 0.482577 0.429628 0.484625 0.432359 0.486106 0.435821 0.486663 0.439538 0.486442 0.442821 0.484433 0.445731 0.482019 0.447718 0.479048 0.448705 0.476260 0.449692 0.473288 0.449692 0.470500 0.448705 0.467712 0.447474 0.464923 0.446231 0.462510 0.443756 0.460288 0.441410 0.458077 0.438590 0.457125 0.435077 0.456933 0.431359 0.457125 0.427654 0.458606 0.424179
0 0.422212 0.470897 0.424135 0.471667 0.425779 0.473795 0.426798 0.475987 0.427808 0.478346 0.428692 0.480718 0.429452 0.483256 0.429587 0.485949 0.429452 0.488487 0.428692 0.490846 0.427808 0.493218 0.426798 0.495923 0.425529 0.497949 0.423885 0.499295 0.422106 0.500308 0.419952 0.500308 0.418058 0.499641 0.416529 0.497949 0.415269 0.495923 0.414125 0.493718 0.413365 0.491192 0.412856 0.488321 0.412990 0.485449 0.413240 0.482910 0.414000 0.480385 0.414760 0.478013 0.415519 0.475654 0.416788 0.473628 0.418433 0.472269 0.420337 0.471256
0 0.386952 0.434667 0.390231 0.434667 0.393269 0.434615 0.396058 0.435256 0.398654 0.436795 0.400673 0.440000 0.401481 0.444205 0.401250 0.448077 0.399712 0.452179 0.397183 0.455397 0.394731 0.458115 0.391865 0.460295 0.388798 0.461667 0.385933 0.463295 0.382865 0.463846 0.379798 0.464397 0.376731 0.463846 0.373663 0.462756 0.371000 0.460026 0.369365 0.456487 0.368750 0.452385 0.368846 0.448718 0.370385 0.444756 0.373048 0.442295 0.375865 0.440128 0.378769 0.438205 0.381635 0.436538 0.384135 0.435513
0 0.285779 0.458077 0.288942 0.456949 0.292106 0.456667 0.295481 0.456667 0.298433 0.458641 0.300327 0.462295 0.300327 0.466782 0.299808 0.471026 0.297798 0.475500 0.295692 0.478872 0.293173 0.481410 0.289788 0.483372 0.286625 0.484500 0.283462 0.485064 0.280087 0.485346 0.277769 0.482256 0.277135 0.478038 0.277135 0.473538 0.278394 0.469321 0.280087 0.465667 0.282192 0.462295 0.284721 0.459474
0 0.242192 0.471154 0.245212 0.471423 0.247500 0.472564 0.250481 0.475641 0.252885 0.479487 0.253288 0.484064 0.253490 0.488103 0.253558 0.491795 0.252788 0.496795 0.252212 0.500385 0.250673 0.503718 0.247837 0.505590 0.244606 0.505590 0.241990 0.503436 0.239365 0.501013 0.237144 0.498051 0.235529 0.494564 0.234519 0.490526 0.233913 0.486487 0.234317 0.482449 0.235529 0.478679 0.237346 0.474923 0.239808 0.472821
0 0.145433 0.492500 0.147048 0.490705 0.148942 0.489628 0.150962 0.489449 0.152981 0.488551 0.155279 0.488013 0.157433 0.488192 0.159452 0.488372 0.161481 0.488551 0.163365 0.489231 0.165654 0.489628 0.167413 0.491064 0.169163 0.492500 0.170913 0.493936 0.172529 0.495744 0.173615 0.498077 0.174827 0.500410 0.174904 0.503333 0.174904 0.506026 0.174327 0.508590 0.173462 0.510769 0.171827 0.512949 0.170106 0.514615 0.168221 0.515872 0.166327 0.516949 0.163904 0.517846 0.161750 0.518385 0.159587 0.518385 0.157567 0.517487 0.155413 0.517487 0.153385 0.516949 0.151500 0.515872 0.149481 0.515154 0.147721 0.513359 0.145971 0.511551 0.144760 0.509218 0.143683 0.506885 0.143010 0.504192 0.142875 0.501487 0.142875 0.498615 0.143683 0.496103 0.143952 0.494833
0 0.185192 0.416141 0.188173 0.416154 0.191154 0.416923 0.194038 0.418462 0.196837 0.421141 0.199202 0.423782 0.201577 0.426410 0.203154 0.429833 0.204423 0.433205 0.204808 0.437692 0.205125 0.441667 0.204231 0.445641 0.202558 0.448513 0.199596 0.450090 0.196635 0.450885 0.193481 0.450885 0.190519 0.450090 0.187760 0.448513 0.185192 0.445885 0.182817 0.442987 0.181048 0.439564 0.179462 0.435885 0.178673 0.431667 0.178481 0.427718 0.178875 0.423513 0.180846 0.420090 0.182625 0.417987
0 0.244423 0.381154 0.247308 0.383449 0.248846 0.386538 0.249654 0.391115 0.249231 0.395385 0.248173 0.400513 0.246029 0.403910 0.243683 0.407026 0.241125 0.410718 0.238365 0.412308 0.234904 0.413590 0.231731 0.413462 0.228346 0.412423 0.225288 0.410385 0.223231 0.406744 0.221952 0.402769 0.221519 0.398500 0.221731 0.394244 0.223865 0.389128 0.226000 0.385718 0.228769 0.382590 0.231962 0.380321 0.235375 0.379474 0.238788 0.379474 0.242212 0.380128
0 0.369135 0.369667 0.372452 0.369667 0.375558 0.370218 0.378462 0.371410 0.381760 0.372974 0.384865 0.375179 0.387144 0.378218 0.388462 0.381538 0.389212 0.385949 0.388654 0.390385 0.386933 0.393397 0.384250 0.395885 0.381442 0.397564 0.378365 0.398333 0.375288 0.398590 0.371625 0.398090 0.368519 0.396987 0.365413 0.394500 0.362721 0.392013 0.360654 0.388705 0.359413 0.384846 0.358587 0.380705 0.359413 0.376295 0.361481 0.372974 0.364712 0.371410
0 0.466846 0.343064 0.470038 0.343628 0.473019 0.345615 0.475990 0.347885 0.478558 0.350385 0.480885 0.354128 0.482163 0.358090 0.483442 0.362064 0.483558 0.366154 0.482885 0.370513 0.480673 0.373692 0.477692 0.375679 0.474288 0.375679 0.471106 0.376244 0.467702 0.375397 0.464721 0.372846 0.461740 0.370295 0.460038 0.366038 0.458760 0.362064 0.457913 0.357808 0.458125 0.353551 0.458760 0.349295 0.460673 0.345615 0.463442 0.343346
0 0.537067 0.286756 0.540038 0.287282 0.542808 0.289141 0.545183 0.291782 0.547163 0.294949 0.548548 0.298641 0.549346 0.302603 0.549346 0.306821 0.549144 0.311051 0.547952 0.315282 0.546538 0.319359 0.543990 0.323192 0.540827 0.325308 0.537654 0.325308 0.534683 0.323987 0.532115 0.321615 0.529740 0.318974 0.527356 0.315538 0.526250 0.311282 0.526173 0.307615 0.526375 0.303128 0.527163 0.299167 0.528346 0.294949 0.530731 0.291244 0.533298 0.288872
0 0.545577 0.222308 0.548019 0.222885 0.550471 0.223974 0.552750 0.225282 0.555038 0.227013 0.556663 0.229846 0.557971 0.232667 0.558952 0.235936 0.559606 0.239192 0.559606 0.242679 0.559115 0.245936 0.557481 0.248551 0.555846 0.251154 0.553731 0.252897 0.551606 0.254641 0.549000 0.255513 0.546394 0.254641 0.544106 0.253115 0.541827 0.251590 0.539865 0.249423 0.537913 0.247244 0.536442 0.244410 0.535462 0.241372 0.535135 0.238103 0.535135 0.234628 0.535788 0.231154 0.537260 0.227885 0.539212 0.225282 0.541827 0.223103 0.543558 0.222436
0 0.628990 0.137333 0.632413 0.135808 0.635606 0.133987 0.639029 0.133679 0.642683 0.133679 0.645644 0.136423 0.648385 0.139462 0.649981 0.143718 0.650894 0.148282 0.650894 0.153154 0.649529 0.157718 0.647702 0.161679 0.645192 0.165321 0.642904 0.168974 0.639712 0.172026 0.636519 0.174756 0.633548 0.178103 0.630125 0.180846 0.626933 0.182974 0.623279 0.184500 0.619856 0.185410 0.616433 0.183885 0.613471 0.180846 0.610962 0.177192 0.609817 0.172628 0.609817 0.167756 0.610731 0.163192 0.612558 0.159244 0.614385 0.155282 0.616894 0.151026 0.619404 0.147679 0.622144 0.144641 0.624885 0.141295
0 0.566923 0.146462 0.570346 0.145859 0.573990 0.146462 0.577192 0.148282 0.579471 0.151936 0.580837 0.156500 0.580385 0.161064 0.578788 0.165628 0.576731 0.169590 0.573990 0.172628 0.570962 0.175769 0.567019 0.178333 0.563558 0.178718 0.559808 0.176154 0.556923 0.172821 0.556154 0.168205 0.556731 0.162564 0.558077 0.157308 0.560077 0.153769 0.562587 0.150115
0 0.643269 0.036410 0.646029 0.037526 0.648769 0.039346 0.651115 0.042218 0.652875 0.045603 0.654433 0.048987 0.655019 0.052897 0.655606 0.056808 0.655212 0.060718 0.654625 0.064628 0.653173 0.068718 0.651538 0.072949 0.649519 0.075513 0.646808 0.076615 0.643875 0.076103 0.641442 0.073333 0.639519 0.070256 0.638010 0.066449 0.637038 0.062538 0.636058 0.058641 0.635471 0.054731 0.634885 0.050821 0.635087 0.046641 0.636260 0.043000 0.638596 0.039615 0.641144 0.037269
0 0.529192 0.086462 0.532288 0.085910 0.535183 0.087564 0.538077 0.089487 0.540558 0.092244 0.542202 0.095821 0.543856 0.099397 0.544269 0.103538 0.543856 0.107667 0.543029 0.111795 0.542000 0.115923 0.539106 0.119513 0.536010 0.120051 0.533115 0.118128 0.530231 0.115923 0.527952 0.112897 0.526096 0.109321 0.525058 0.105179 0.524240 0.101051 0.524029 0.096923 0.525269 0.093064 0.527125 0.088654
0 0.429135 0.102923 0.426971 0.106667 0.427192 0.111269 0.428269 0.115590 0.429567 0.119910 0.431510 0.123641 0.433885 0.126808 0.436692 0.129410 0.440144 0.131128 0.443385 0.131423 0.446837 0.131423 0.449865 0.129115 0.451587 0.125372 0.451587 0.120474 0.451375 0.116167 0.449865 0.112128 0.448135 0.108385 0.445673 0.105128 0.443173 0.102923 0.440144 0.100910 0.436904 0.100038 0.433663 0.100333 0.430433 0.100910
0 0.377010 0.171423 0.381038 0.171769 0.385067 0.173205 0.387596 0.176410 0.389365 0.181808 0.389365 0.187538 0.388827 0.193256 0.386413 0.198628 0.384327 0.202692 0.380481 0.205385 0.376740 0.206154 0.372712 0.204000 0.369490 0.200423 0.367692 0.195128 0.367337 0.190038 0.367788 0.185000 0.369615 0.180000 0.372308 0.176154 0.374808 0.173077
0 0.397663 0.287577 0.400577 0.288077 0.403173 0.289359 0.405615 0.290808 0.407865 0.292654 0.410288 0.295192 0.410981 0.299103 0.410462 0.302795 0.408385 0.305333 0.405962 0.307410 0.403365 0.309026 0.400769 0.309487 0.398010 0.309487 0.395240 0.309487 0.392471 0.308564 0.390048 0.306718 0.387798 0.304179 0.386240 0.300949 0.385721 0.297269 0.386587 0.293577 0.388317 0.290808 0.390913 0.288962 0.393337 0.287577 0.395933 0.287115
0 0.318654 0.314936 0.322000 0.314936 0.325135 0.316051 0.327115 0.318333 0.328904 0.322462 0.329538 0.326654 0.329327 0.330833 0.327654 0.334462 0.326183 0.338372 0.324096 0.342282 0.321577 0.345346 0.318442 0.346744 0.315510 0.348410 0.312375 0.348141 0.309442 0.346462 0.306510 0.344231 0.304808 0.340385 0.304423 0.336141 0.304423 0.331679 0.305260 0.327487 0.306933 0.323308 0.309231 0.319115 0.312375 0.316603 0.315510 0.315487
0 0.243760 0.309910 0.246644 0.310679 0.249327 0.312218 0.252212 0.313744 0.254894 0.315538 0.257202 0.318103 0.259125 0.321179 0.261038 0.324500 0.262192 0.328090 0.263346 0.331667 0.264308 0.335513 0.264308 0.340628 0.264500 0.344474 0.263538 0.348308 0.261538 0.352179 0.259308 0.353936 0.256433 0.355218 0.253356 0.355218 0.250288 0.353692 0.247788 0.351385 0.245490 0.348564 0.243183 0.346000 0.241260 0.342936 0.239154 0.340115 0.237404 0.336410 0.236250 0.332436 0.235385 0.328462 0.235192 0.324487 0.235577 0.320897 0.236442 0.316538 0.238750 0.313333 0.241635 0.310513
0 0.187212 0.285256 0.189808 0.287308 0.191538 0.290769 0.192692 0.294231 0.192885 0.298718 0.191827 0.302821 0.190538 0.306256 0.188942 0.309359 0.186712 0.313051 0.184529 0.315718 0.182346 0.318154 0.179615 0.319359 0.176702 0.320333 0.173971 0.321064 0.171413 0.319359 0.169231 0.316936 0.167779 0.313782 0.167048 0.310141 0.167048 0.306256 0.166865 0.302615 0.167413 0.298962 0.168750 0.295256 0.170577 0.292051 0.172981 0.290128 0.175481 0.287821 0.178365 0.286410 0.180962 0.285385 0.183981 0.285372
0 0.226548 0.204154 0.229385 0.204154 0.232212 0.204385 0.234865 0.206038 0.236817 0.208628 0.237875 0.211936 0.238231 0.215474 0.238231 0.219256 0.237346 0.222795 0.235577 0.225615 0.233279 0.228218 0.230971 0.230577 0.228846 0.233410 0.226548 0.235295 0.223894 0.237179 0.221067 0.237179 0.218231 0.237423 0.215577 0.237179 0.212923 0.236000 0.211337 0.232936 0.210269 0.229397 0.210269 0.225615 0.211337 0.222321 0.212923 0.219256 0.214692 0.216423 0.216462 0.213590 0.218587 0.211231 0.220885 0.209346 0.223192 0.206987
0 0.330875 0.125910 0.328558 0.128846 0.327885 0.132692 0.328260 0.136397 0.329663 0.140154 0.331683 0.143385 0.333702 0.146603 0.335712 0.149833 0.337933 0.153051 0.340096 0.155000 0.343375 0.156282 0.346635 0.156410 0.349625 0.154667 0.352038 0.151974 0.352644 0.147141 0.351827 0.143205 0.350673 0.138974 0.349038 0.135513 0.347019 0.132179 0.344423 0.129231 0.341827 0.126667 0.339231 0.124872 0.336250 0.123590 0.333654 0.124359
0 0.625760 0.818333 0.628577 0.819090 0.631250 0.820128 0.633837 0.822590 0.635865 0.825000 0.637500 0.828077 0.638904 0.832346 0.639462 0.836103 0.639087 0.839859 0.637404 0.843115 0.634769 0.845359 0.631962 0.846359 0.628952 0.844615 0.626894 0.841615 0.624452 0.838603 0.623327 0.835103 0.622010 0.831603 0.621067 0.827846 0.620510 0.824090 0.621058 0.821538 0.623173 0.819359
0 0.559019 0.839269 0.561250 0.837949 0.563942 0.838205 0.566452 0.839487 0.568769 0.840821 0.570423 0.843897 0.570923 0.847423 0.570923 0.850962 0.570760 0.854269 0.569760 0.857346 0.568279 0.860218 0.566788 0.863077 0.564904 0.865256 0.562817 0.867705 0.560500 0.869692 0.557692 0.869692 0.555212 0.869256 0.552894 0.867936 0.550750 0.866167 0.549423 0.863590 0.548106 0.860000 0.548269 0.856692 0.548558 0.853205 0.549260 0.850295 0.550913 0.847423 0.552894 0.844346 0.554548 0.841692 0.556865 0.840372
