0 0.414337 0.351256 0.417577 0.350679 0.420827 0.351256 0.423856 0.352987 0.426452 0.355885 0.429058 0.358769 0.431433 0.361936 0.433163 0.365692 0.434029 0.370026 0.433750 0.374359 0.431433 0.377821 0.428183 0.379256 0.424808 0.378333 0.421913 0.375795 0.418942 0.374231 0.416067 0.371462 0.413750 0.367821 0.411923 0.364231 0.410288 0.359487 0.411250 0.353846
0 0.268942 0.742551 0.271538 0.741859 0.274327 0.741154 0.277067 0.740936 0.279837 0.740936 0.282606 0.741859 0.284327 0.744487 0.285548 0.747167 0.285721 0.750615 0.285721 0.754538 0.285375 0.758000 0.284510 0.761462 0.282952 0.764462 0.280875 0.766769 0.278106 0.768141 0.275337 0.769526 0.272577 0.770910 0.269635 0.771141 0.266865 0.771141 0.264269 0.770910 0.262019 0.769064 0.260115 0.766308 0.259087 0.763077 0.258740 0.759615 0.259087 0.756154 0.260288 0.752923 0.262192 0.749692 0.263923 0.746936 0.266173 0.745090
0 0.218577 0.724000 0.219096 0.720679 0.220798 0.718410 0.222240 0.716308 0.223558 0.714218 0.224865 0.711936 0.226433 0.710026 0.228135 0.708269 0.230365 0.707231 0.232721 0.706526 0.235346 0.706179 0.237308 0.706000 0.239404 0.706000 0.241154 0.707564 0.241894 0.709667 0.242163 0.712295 0.242029 0.714910 0.241375 0.717538 0.240327 0.720154 0.239144 0.722423 0.237962 0.724692 0.236654 0.726795 0.235346 0.729064 0.234298 0.731333 0.232990 0.733436 0.231413 0.735346 0.229846 0.737103 0.228010 0.738321 0.226173 0.739372 0.223558 0.739372 0.221587 0.738667 0.219885 0.737269 0.219096 0.734833 0.218577 0.732205 0.218048 0.729590 0.218183 0.726962
0 0.362538 0.739641 0.364962 0.739436 0.367538 0.739000 0.370115 0.739436 0.372529 0.740077 0.375269 0.741154 0.377202 0.743295 0.378817 0.745872 0.379779 0.748885 0.380587 0.752103 0.381067 0.755333 0.380106 0.758333 0.378817 0.761128 0.377038 0.763487 0.374788 0.765205 0.372365 0.766500 0.369952 0.766718 0.367375 0.766718 0.364962 0.765641 0.362538 0.765205 0.360288 0.763705 0.358192 0.761769 0.356260 0.759628 0.354808 0.756833 0.354163 0.753615 0.354327 0.750385 0.355452 0.747385 0.357231 0.745013 0.359000 0.742654
0 0.311808 0.664859 0.314529 0.664859 0.317077 0.664179 0.319808 0.664179 0.322356 0.664859 0.324231 0.667359 0.326606 0.669628 0.328654 0.671897 0.330356 0.674615 0.332221 0.677115 0.333413 0.680282 0.334433 0.683692 0.334779 0.687090 0.333942 0.690128 0.332692 0.692949 0.330010 0.694128 0.327462 0.694808 0.324567 0.694808 0.321510 0.694359 0.318952 0.692987 0.316404 0.691859 0.313942 0.689872 0.312490 0.687551 0.310615 0.684372 0.309250 0.681423 0.307721 0.678474 0.307385 0.675064 0.308058 0.671667 0.308913 0.668256
0 0.236375 0.622949 0.238740 0.622949 0.241106 0.622949 0.243317 0.623731 0.245837 0.624526 0.247904 0.625897 0.249231 0.628462 0.250712 0.631026 0.252192 0.633590 0.253375 0.636346 0.254260 0.639103 0.254846 0.642449 0.255144 0.645410 0.255288 0.648359 0.255288 0.651513 0.254558 0.654474 0.252635 0.656641 0.250712 0.658218 0.248490 0.659795 0.246279 0.660782 0.243913 0.660577 0.240663 0.659987 0.238596 0.658808 0.236519 0.657628 0.234750 0.655256 0.233567 0.652705 0.232385 0.650141 0.231202 0.647577 0.230317 0.644821 0.229721 0.641667 0.229135 0.638705 0.228990 0.635756 0.228990 0.632603 0.229875 0.629846 0.231500 0.626885 0.232981 0.624526
0 0.199144 0.532756 0.201365 0.531974 0.203587 0.531179 0.205798 0.531974 0.207721 0.533551 0.209346 0.535718 0.210538 0.538679 0.210827 0.541641 0.210827 0.544795 0.210240 0.547744 0.209346 0.550513 0.208163 0.553474 0.206394 0.556423 0.204769 0.558603 0.202990 0.560564 0.200923 0.561949 0.198260 0.563333 0.196038 0.562744 0.193817 0.561949 0.192192 0.559782 0.191010 0.557218 0.190288 0.554231 0.189683 0.551500 0.189683 0.548346 0.190413 0.545385 0.191308 0.542423 0.192788 0.540064 0.194260 0.537500 0.196058 0.535128 0.198077 0.533462
0 0.146413 0.438026 0.150096 0.438026 0.153192 0.438026 0.156298 0.438026 0.159394 0.438282 0.162298 0.439577 0.165212 0.441128 0.167923 0.442936 0.169856 0.446026 0.171990 0.448872 0.172567 0.452744 0.171404 0.456615 0.169471 0.459718 0.166760 0.461269 0.163269 0.463077 0.160000 0.462692 0.157500 0.462308 0.154423 0.462051 0.151346 0.460897 0.148356 0.459718 0.145644 0.458167 0.143269 0.455641 0.141375 0.452744 0.139827 0.448872 0.139442 0.445000 0.140990 0.441641 0.143510 0.439321
0 0.230394 0.464897 0.232625 0.465679 0.234856 0.466679 0.236779 0.468256 0.238865 0.469641 0.240644 0.471821 0.242433 0.473808 0.244067 0.475987 0.245846 0.478359 0.246740 0.481538 0.247625 0.484308 0.247923 0.487282 0.247923 0.490449 0.247212 0.493333 0.245548 0.494808 0.243471 0.496000 0.240346 0.496000 0.237673 0.496000 0.235442 0.495397 0.233221 0.494218 0.231587 0.492038 0.229500 0.490449 0.227721 0.488269 0.226385 0.485692 0.224750 0.483513 0.223260 0.481141 0.221779 0.478756 0.221250 0.475385 0.221327 0.472615 0.222221 0.469449 0.223115 0.466679 0.224894 0.464692 0.227125 0.464295
0 0.349231 0.856154 0.351250 0.858333 0.352875 0.861487 0.353942 0.864487 0.354327 0.868077 0.354135 0.871795 0.353404 0.875321 0.352346 0.878846 0.350587 0.882128 0.348827 0.884936 0.347423 0.887987 0.344779 0.891038 0.342490 0.893385 0.339683 0.895500 0.336865 0.896205 0.334404 0.894551 0.331413 0.892679 0.329827 0.889628 0.329125 0.886115 0.328769 0.882128 0.328769 0.878372 0.329125 0.874615 0.330712 0.870872 0.332115 0.867590 0.334048 0.865000 0.336163 0.861962 0.339231 0.858462 0.341731 0.856282 0.345865 0.855513
0 0.396087 0.909679 0.398423 0.909103 0.400904 0.909487 0.403096 0.909679 0.405135 0.911051 0.406885 0.912987 0.408346 0.915333 0.408346 0.918436 0.407904 0.921551 0.407029 0.924474 0.405577 0.927000 0.403673 0.928949 0.401490 0.930705 0.398712 0.932449 0.396529 0.933808 0.394327 0.933974 0.392144 0.934013 0.389808 0.933231 0.387481 0.932641 0.385875 0.930500 0.385144 0.927590 0.384702 0.924667 0.384558 0.921744 0.385288 0.918833 0.386894 0.916692 0.389519 0.913962 0.391567 0.912603 0.393606 0.911436
0 0.470837 0.839026 0.473115 0.839218 0.475250 0.839590 0.477385 0.840167 0.479375 0.841679 0.480942 0.843769 0.481933 0.846603 0.482788 0.849269 0.483923 0.852295 0.484490 0.855141 0.484635 0.858179 0.484779 0.861026 0.484779 0.864051 0.484779 0.867090 0.484490 0.869936 0.483644 0.872782 0.482500 0.875244 0.481077 0.877513 0.479231 0.879410 0.477096 0.880551 0.474962 0.881500 0.472837 0.881692 0.470413 0.881500 0.467856 0.881308 0.466010 0.879603 0.464442 0.877321 0.463019 0.874859 0.462163 0.872205 0.461740 0.869359 0.461596 0.866333 0.461317 0.863487 0.461029 0.860641 0.461029 0.857603 0.460885 0.854577 0.460885 0.851538 0.461596 0.848500 0.462692 0.845256 0.464615 0.842308 0.467308 0.840513
0 0.461471 0.740846 0.463490 0.741513 0.465260 0.742692 0.466904 0.744218 0.468548 0.745731 0.470442 0.747244 0.471837 0.749269 0.472971 0.751462 0.473981 0.753987 0.474490 0.756513 0.475125 0.759038 0.475625 0.761564 0.475885 0.764269 0.475750 0.766795 0.475500 0.769321 0.474490 0.771679 0.472971 0.773372 0.471202 0.774551 0.469308 0.774885 0.467413 0.775051 0.465769 0.773705 0.464125 0.772359 0.462481 0.770500 0.461346 0.768308 0.460087 0.766282 0.459202 0.763923 0.458308 0.761397 0.457933 0.758872 0.457423 0.756346 0.457173 0.753654 0.457173 0.750949 0.457173 0.748256 0.457788 0.745769 0.459038 0.742821
0 0.432308 0.694256 0.434673 0.693872 0.437038 0.693474 0.439260 0.694064 0.441337 0.695244 0.443558 0.696833 0.445481 0.698808 0.447260 0.700974 0.448885 0.703141 0.450221 0.705705 0.451106 0.708474 0.451106 0.711628 0.450808 0.714590 0.449327 0.716962 0.447404 0.718744 0.445183 0.719731 0.442962 0.719526 0.440740 0.718936 0.438269 0.717949 0.436298 0.716372 0.434077 0.714987 0.432154 0.713218 0.430375 0.711244 0.428308 0.709269 0.426971 0.706692 0.426529 0.703731 0.426827 0.700782 0.427712 0.698013 0.429490 0.695846
0 0.417010 0.633551 0.419394 0.633769 0.421779 0.634615 0.423846 0.636308 0.425750 0.638423 0.427183 0.641179 0.428135 0.644154 0.427817 0.647321 0.426346 0.650897 0.424519 0.653333 0.422500 0.655513 0.420029 0.656654 0.417490 0.656654 0.414942 0.656654 0.412875 0.654949 0.410817 0.653256 0.408750 0.651564 0.407317 0.648603 0.406519 0.645423 0.406154 0.642179 0.407000 0.639064 0.409221 0.637154 0.411606 0.635885 0.414625 0.634615
0 0.340202 0.613731 0.343538 0.613731 0.346337 0.613731 0.349144 0.614667 0.351779 0.616077 0.353875 0.618410 0.356163 0.620744 0.358260 0.623090 0.359837 0.626359 0.361240 0.629397 0.361942 0.633372 0.361240 0.636872 0.358788 0.638513 0.356337 0.639910 0.352654 0.640154 0.349846 0.639679 0.346692 0.638038 0.344240 0.636410 0.341779 0.634769 0.340029 0.631962 0.338096 0.629397 0.336346 0.626128 0.336000 0.622615 0.336000 0.618872 0.337048 0.615603
0 0.331962 0.544769 0.334596 0.543833 0.337577 0.543603 0.340202 0.543372 0.343183 0.543833 0.345990 0.545244 0.348442 0.546872 0.350721 0.548987 0.353000 0.551321 0.353875 0.554821 0.354231 0.558333 0.354058 0.561833 0.352500 0.564231 0.350019 0.566282 0.347567 0.567679 0.344760 0.568615 0.341962 0.569090 0.338981 0.568615 0.336173 0.568385 0.333721 0.566974 0.330558 0.565808 0.328462 0.563474 0.326356 0.561141 0.325481 0.557628 0.325481 0.553885 0.326250 0.550000 0.328654 0.546282
0 0.308221 0.439256 0.311635 0.439359 0.315067 0.440474 0.318260 0.442603 0.320288 0.446282 0.321231 0.450513 0.320962 0.455641 0.319404 0.459333 0.317115 0.462974 0.314154 0.465718 0.310731 0.466026 0.307308 0.467538 0.303663 0.466628 0.300462 0.464500 0.297500 0.461756 0.295221 0.457808 0.294077 0.453244 0.295221 0.448679 0.297269 0.444731 0.300462 0.442295 0.304115 0.440167 0.306442 0.439744
0 0.291538 0.374615 0.294481 0.374744 0.297202 0.376192 0.299615 0.377179 0.302096 0.379090 0.304452 0.381026 0.306087 0.384167 0.306087 0.388038 0.305577 0.391282 0.303942 0.394103 0.301538 0.395769 0.298558 0.396026 0.295673 0.395769 0.292663 0.395782 0.289423 0.394359 0.287038 0.392397 0.284500 0.390462 0.282327 0.388038 0.280692 0.384897 0.280327 0.381269 0.281538 0.377692 0.283413 0.376192 0.286135 0.375462 0.289038 0.374744
0 0.234433 0.338128 0.237663 0.338128 0.240481 0.339744 0.243308 0.341628 0.245125 0.345128 0.247346 0.348090 0.248942 0.352051 0.249808 0.356538 0.250288 0.361026 0.250000 0.364872 0.248365 0.370641 0.245731 0.372833 0.242596 0.373590 0.239481 0.372833 0.236856 0.370692 0.234231 0.368538 0.232212 0.365308 0.230192 0.362077 0.229788 0.358038 0.229183 0.354013 0.228981 0.349705 0.229183 0.345667 0.230798 0.342167
0 0.195865 0.334615 0.199615 0.334487 0.203173 0.336667 0.205798 0.339474 0.208538 0.343128 0.210529 0.347449 0.211779 0.352423 0.212519 0.357731 0.212519 0.363051 0.212279 0.368026 0.210029 0.372346 0.206635 0.375769 0.202567 0.375667 0.198577 0.374000 0.195587 0.370679 0.193096 0.366705 0.190606 0.362718 0.189038 0.357692 0.188173 0.353077 0.187500 0.347564 0.188365 0.342795 0.190673 0.338333 0.192596 0.336154
0 0.579990 0.867205 0.582971 0.868269 0.585952 0.869590 0.588538 0.871705 0.590933 0.874359 0.592913 0.877551 0.594510 0.880987 0.595500 0.884974 0.595904 0.888949 0.596096 0.892923 0.594904 0.896641 0.592317 0.899026 0.589337 0.900359 0.586356 0.900885 0.583173 0.900885 0.580981 0.897705 0.578596 0.895051 0.576404 0.892128 0.574817 0.888423 0.573625 0.884705 0.573221 0.880731 0.573029 0.876756 0.573423 0.872769 0.575019 0.869321 0.577798 0.867462
0 0.609587 0.827205 0.612885 0.824359 0.615990 0.822795 0.619298 0.822500 0.622827 0.822500 0.626135 0.823090 0.629010 0.825436 0.631875 0.828090 0.634519 0.831026 0.636067 0.835141 0.636952 0.839551 0.636923 0.844103 0.634519 0.847500 0.631654 0.850436 0.628125 0.852205 0.624817 0.852795 0.621500 0.851910 0.618192 0.851026 0.614808 0.849872 0.612019 0.848090 0.609587 0.844846 0.607827 0.841026 0.607163 0.836615 0.607827 0.832205
0 0.564260 0.817218 0.567663 0.816615 0.571308 0.816615 0.574260 0.819038 0.576154 0.823590 0.576442 0.828205 0.575856 0.832987 0.573577 0.836923 0.571308 0.840564 0.568577 0.843603 0.565625 0.846026 0.561981 0.847538 0.558577 0.847231 0.555615 0.844808 0.553115 0.841474 0.552202 0.836923 0.552202 0.832077 0.553567 0.827833 0.555846 0.824192 0.557885 0.821410 0.560673 0.818718
0 0.563087 0.752615 0.566538 0.753231 0.569760 0.755385 0.572067 0.759064 0.572760 0.763679 0.571837 0.768282 0.569067 0.771346 0.565846 0.773808 0.562394 0.775038 0.558712 0.775038 0.555019 0.775038 0.551337 0.775038 0.547885 0.773808 0.546058 0.769744 0.546442 0.765256 0.548346 0.761218 0.550644 0.757538 0.553644 0.754769 0.556865 0.752923 0.559625 0.752615
0 0.502096 0.667949 0.503644 0.665885 0.505760 0.664936 0.508269 0.664359 0.510577 0.666282 0.511692 0.668141 0.512538 0.670769 0.513385 0.673410 0.513663 0.676231 0.513952 0.679051 0.513952 0.682064 0.513519 0.684885 0.512538 0.687526 0.511404 0.689962 0.510000 0.692410 0.508442 0.694487 0.506606 0.695987 0.504327 0.697436 0.502096 0.697500 0.499971 0.696936 0.498567 0.694667 0.497433 0.692231 0.496731 0.689397 0.497010 0.686577 0.497154 0.683756 0.497288 0.680936 0.497721 0.677923 0.498144 0.675103 0.499269 0.672462 0.500394 0.670026
0 0.566212 0.647038 0.568942 0.646795 0.571865 0.646795 0.574596 0.647038 0.576962 0.649218 0.579337 0.651410 0.580971 0.654564 0.581337 0.658218 0.581337 0.662103 0.580067 0.665500 0.578240 0.668423 0.576058 0.671333 0.573683 0.673282 0.570769 0.673526 0.567846 0.673526 0.564750 0.673526 0.561837 0.672551 0.559279 0.671090 0.556731 0.669641 0.554904 0.666718 0.553452 0.663564 0.553452 0.659667 0.554038 0.656538 0.555817 0.653590 0.557827 0.650923 0.560375 0.649462 0.563115 0.648487
0 0.647962 0.722744 0.650192 0.723462 0.652308 0.725000 0.654808 0.726667 0.656731 0.728846 0.658077 0.730897 0.659423 0.732949 0.660865 0.735513 0.661923 0.738333 0.662462 0.741474 0.663048 0.744436 0.663192 0.747397 0.663192 0.750551 0.662019 0.753077 0.660538 0.755090 0.658462 0.756462 0.656346 0.756154 0.654317 0.755090 0.652250 0.753705 0.650183 0.752321 0.648260 0.750359 0.646481 0.748385 0.645000 0.746013 0.643529 0.743654 0.642490 0.740885 0.641606 0.738128 0.641154 0.735167 0.640712 0.732205 0.641308 0.729256 0.642212 0.726667 0.643673 0.724718 0.645740 0.723333
0 0.664423 0.635128 0.666865 0.637064 0.669212 0.639667 0.671163 0.642795 0.672731 0.646179 0.674288 0.649564 0.675067 0.653474 0.675856 0.657372 0.676240 0.661282 0.676240 0.665449 0.674423 0.668846 0.671750 0.670923 0.668817 0.671705 0.665894 0.670923 0.663154 0.669090 0.660817 0.666487 0.659250 0.663103 0.658077 0.659462 0.657106 0.655551 0.656317 0.651641 0.656317 0.647474 0.656519 0.643577 0.657106 0.639667 0.659442 0.637064 0.662183 0.635500
0 0.625962 0.615513 0.627856 0.616179 0.629750 0.617192 0.631404 0.618551 0.632288 0.620910 0.632798 0.623449 0.633308 0.625987 0.633942 0.628526 0.634327 0.631064 0.634452 0.633603 0.634577 0.636474 0.634702 0.639013 0.634452 0.641551 0.633433 0.643756 0.632798 0.646295 0.632288 0.648833 0.630769 0.650526 0.629500 0.652551 0.627721 0.653731 0.625817 0.654077 0.623788 0.654077 0.622010 0.652885 0.620750 0.650859 0.619346 0.648833 0.618587 0.646462 0.617702 0.644090 0.617067 0.641551 0.617067 0.638846 0.617067 0.636141 0.617067 0.633436 0.617067 0.630731 0.617442 0.628192 0.617827 0.625654 0.618587 0.623115 0.619481 0.620744 0.621000 0.619051 0.622394 0.617192 0.624048 0.615833
0 0.564683 0.547615 0.566808 0.546667 0.568846 0.546282 0.571442 0.546154 0.573173 0.547051 0.575317 0.547615 0.577298 0.548936 0.579423 0.550077 0.581269 0.551769 0.583115 0.553282 0.584962 0.554795 0.586519 0.556872 0.588077 0.558962 0.589212 0.561410 0.589490 0.564256 0.588923 0.567090 0.587221 0.568974 0.585385 0.570487 0.583558 0.571538 0.581635 0.571923 0.579423 0.571923 0.577298 0.572000 0.575173 0.571051 0.573192 0.569923 0.571202 0.568782 0.569077 0.567846 0.567375 0.565949 0.565817 0.563872 0.564115 0.561987 0.562558 0.559718 0.561567 0.557064 0.561135 0.554231 0.561567 0.551397 0.563125 0.549321
0 0.536548 0.571654 0.538442 0.572154 0.540212 0.573333 0.542404 0.574359 0.544519 0.576154 0.545385 0.577949 0.546635 0.579872 0.547798 0.582269 0.548808 0.584462 0.549692 0.586821 0.550192 0.589346 0.550577 0.591872 0.550702 0.594397 0.550702 0.597103 0.550702 0.599795 0.550577 0.602321 0.549183 0.604179 0.547413 0.605192 0.545394 0.605192 0.543500 0.604679 0.541606 0.603000 0.539962 0.601654 0.538567 0.599795 0.537183 0.597936 0.535788 0.595923 0.534529 0.593731 0.533510 0.591372 0.533010 0.588846 0.532250 0.586487 0.532125 0.583949 0.532000 0.581423 0.532000 0.578397 0.532250 0.575859 0.533750 0.573205
0 0.479106 0.605077 0.481250 0.605769 0.483808 0.606808 0.485750 0.608974 0.487865 0.611128 0.489808 0.613295 0.490673 0.616026 0.491106 0.619346 0.491106 0.623026 0.490298 0.626051 0.488365 0.628590 0.486240 0.630154 0.483654 0.631538 0.481048 0.631667 0.478462 0.631667 0.476183 0.630372 0.474077 0.628859 0.472135 0.626705 0.470346 0.624321 0.469048 0.621295 0.468731 0.617833 0.469212 0.614808 0.470000 0.612308 0.470865 0.610769 0.471923 0.608846 0.473462 0.607179 0.475288 0.606026 0.477019 0.605513
0 0.448587 0.571423 0.450865 0.570897 0.453433 0.571218 0.455692 0.572500 0.456990 0.575308 0.457144 0.578526 0.456019 0.581538 0.454721 0.584346 0.453433 0.587141 0.451500 0.589513 0.449558 0.591667 0.447298 0.593167 0.444558 0.594462 0.442135 0.595321 0.439712 0.594462 0.438096 0.591872 0.437288 0.588654 0.437500 0.585641 0.438423 0.582192 0.439519 0.578718 0.441327 0.576372 0.443260 0.574231 0.445365 0.572500
0 0.400596 0.506244 0.403212 0.506705 0.405827 0.507628 0.408260 0.509026 0.410702 0.510423 0.412798 0.512744 0.414010 0.516000 0.414712 0.519487 0.414712 0.523205 0.413558 0.526923 0.411827 0.529744 0.409481 0.531564 0.406731 0.532692 0.403365 0.532564 0.401288 0.531564 0.398673 0.530410 0.396240 0.528782 0.393971 0.526923 0.391875 0.524603 0.390663 0.521346 0.389615 0.518090 0.389269 0.514603 0.390308 0.511346 0.392058 0.508333 0.394327 0.506923 0.397106 0.506244
0 0.505865 0.503974 0.508788 0.503846 0.511433 0.504782 0.514087 0.505487 0.516558 0.506897 0.518500 0.509500 0.519558 0.512795 0.519423 0.516410 0.518673 0.519859 0.517692 0.523077 0.516202 0.525987 0.514231 0.528718 0.511962 0.530462 0.509615 0.531538 0.506837 0.532577 0.504192 0.533282 0.501538 0.533987 0.498712 0.534462 0.495885 0.534462 0.493240 0.533526 0.491298 0.530923 0.489885 0.527872 0.489356 0.524333 0.489173 0.520795 0.489529 0.517269 0.490587 0.513974 0.492885 0.510910 0.495183 0.508077 0.497500 0.506538 0.499952 0.505256 0.502981 0.504487
0 0.498567 0.442628 0.500413 0.443115 0.502260 0.443615 0.503856 0.444923 0.505452 0.446231 0.506933 0.447872 0.508163 0.449846 0.508654 0.452295 0.508894 0.454756 0.508404 0.457218 0.507058 0.459026 0.505452 0.460333 0.503856 0.461641 0.502010 0.461974 0.500048 0.461974 0.498077 0.461974 0.496231 0.461154 0.494269 0.460333 0.492548 0.459346 0.490952 0.457872 0.490087 0.455577 0.489721 0.453115 0.489721 0.450500 0.490212 0.448038 0.490952 0.445744 0.492548 0.444269 0.494510 0.443282 0.496356 0.443115
0 0.439471 0.438577 0.442769 0.439397 0.445250 0.442423 0.446279 0.446551 0.446279 0.451218 0.445865 0.455346 0.444625 0.459192 0.442356 0.462500 0.439904 0.464487 0.437000 0.466077 0.433904 0.467167 0.431442 0.467436 0.427885 0.466154 0.426067 0.463321 0.425654 0.459192 0.425654 0.454795 0.426481 0.450667 0.427981 0.447821 0.429904 0.445128 0.431538 0.442821 0.433750 0.440256 0.436058 0.439103
0 0.367529 0.393846 0.369510 0.391205 0.371923 0.389744 0.375462 0.388551 0.377990 0.390244 0.379615 0.393359 0.380875 0.396731 0.381240 0.400333 0.381240 0.404192 0.380481 0.407308 0.379433 0.411167 0.377990 0.414282 0.376183 0.417410 0.373846 0.420295 0.371683 0.422705 0.368971 0.423179 0.366269 0.422949 0.364231 0.420897 0.363202 0.417897 0.362663 0.414051 0.362115 0.410436 0.362298 0.406833 0.363202 0.403231 0.364279 0.399615 0.365548 0.396731
0 0.322250 0.325731 0.324481 0.326526 0.327596 0.327949 0.329904 0.329487 0.331346 0.331154 0.332885 0.333462 0.333942 0.336154 0.334231 0.339103 0.333260 0.342795 0.331625 0.345372 0.329837 0.347756 0.327452 0.349333 0.325375 0.350526 0.322990 0.351128 0.320760 0.351526 0.318087 0.350731 0.315558 0.349731 0.313327 0.349333 0.311240 0.347949 0.309904 0.345372 0.308365 0.342821 0.307308 0.339231 0.307212 0.336154 0.308077 0.333205 0.309519 0.330256 0.311394 0.328705 0.313625 0.327718 0.316000 0.327128 0.318231 0.326333
0 0.294288 0.278859 0.297058 0.278859 0.299481 0.280244 0.301904 0.281628 0.304327 0.283013 0.306404 0.285321 0.307788 0.288321 0.308308 0.291782 0.308481 0.295244 0.307788 0.299231 0.306635 0.302308 0.303654 0.305385 0.301250 0.306667 0.298615 0.307244 0.296019 0.307705 0.294038 0.306923 0.291538 0.306410 0.288750 0.305513 0.286538 0.303590 0.284712 0.301282 0.282981 0.299231 0.281654 0.295936 0.281481 0.292474 0.282000 0.289013 0.283038 0.285782 0.285115 0.283244 0.287712 0.282090 0.289962 0.280244 0.292558 0.279321
0 0.259644 0.229731 0.263654 0.228718 0.267596 0.229359 0.271154 0.231026 0.274038 0.234231 0.275279 0.238987 0.275029 0.243962 0.273048 0.248256 0.270567 0.252231 0.267087 0.254538 0.263865 0.257526 0.259394 0.259513 0.255673 0.260500 0.251702 0.260500 0.247981 0.259179 0.245288 0.255769 0.243462 0.249615 0.243942 0.243718 0.246058 0.239103 0.249221 0.235679 0.253269 0.232692 0.256346 0.231026
0 0.328558 0.197692 0.331500 0.198859 0.334337 0.201192 0.337019 0.203590 0.339577 0.206718 0.341548 0.210513 0.342413 0.214872 0.341760 0.219244 0.339231 0.223077 0.335673 0.223846 0.332375 0.224192 0.329327 0.223205 0.326260 0.221577 0.323413 0.219244 0.321019 0.215756 0.319269 0.211962 0.318077 0.207949 0.317740 0.203808 0.319808 0.200256 0.322404 0.198205 0.325673 0.197179
0 0.379519 0.176538 0.382981 0.176154 0.386808 0.177974 0.389481 0.181885 0.390962 0.186538 0.391250 0.191538 0.391192 0.197154 0.390221 0.202038 0.388365 0.206154 0.385096 0.209513 0.381442 0.211462 0.377788 0.211538 0.374615 0.209513 0.372663 0.205282 0.371202 0.200410 0.370952 0.195538 0.371538 0.190769 0.372904 0.186103 0.374615 0.181551 0.377298 0.177974
0 0.370490 0.259756 0.373067 0.260910 0.375471 0.262282 0.377308 0.264231 0.379038 0.266026 0.380962 0.269103 0.382163 0.272577 0.383029 0.276013 0.383365 0.279449 0.383885 0.282885 0.384058 0.286321 0.384231 0.289756 0.383885 0.293192 0.382596 0.296026 0.379712 0.297692 0.376846 0.297308 0.374442 0.295936 0.372212 0.294103 0.370317 0.291590 0.368942 0.288615 0.367231 0.285628 0.366202 0.282423 0.365510 0.278987 0.364827 0.275564 0.364654 0.272128 0.364481 0.268692 0.365337 0.265256 0.366712 0.262282 0.368260 0.260679
0 0.443750 0.161410 0.446923 0.161795 0.449760 0.163769 0.452115 0.166538 0.454519 0.170128 0.455962 0.173077 0.457115 0.177436 0.457788 0.180897 0.457885 0.185513 0.457952 0.189628 0.457952 0.193897 0.456760 0.197897 0.455154 0.201628 0.453154 0.205090 0.450154 0.206962 0.447154 0.208026 0.443962 0.207487 0.441356 0.205359 0.439356 0.202154 0.437356 0.198962 0.435962 0.195000 0.434962 0.191500 0.434163 0.187500 0.433558 0.183462 0.433462 0.178974 0.433846 0.174744 0.434327 0.171282 0.434904 0.167179 0.436760 0.164038 0.439558 0.162167
0 0.416087 0.040795 0.418760 0.041513 0.420904 0.043897 0.422510 0.046987 0.424115 0.050077 0.425192 0.053410 0.426087 0.056987 0.426260 0.060551 0.426260 0.064359 0.426260 0.068179 0.425548 0.071744 0.424231 0.074615 0.421981 0.076500 0.418942 0.077051 0.416981 0.076744 0.414837 0.074359 0.413048 0.071513 0.411625 0.068410 0.410548 0.064846 0.409654 0.061269 0.409481 0.057705 0.409481 0.053885 0.409298 0.050077 0.410375 0.046269 0.411798 0.043179 0.413404 0.041987
0 0.478173 0.022564 0.480692 0.024897 0.482837 0.027744 0.483808 0.031641 0.484192 0.035526 0.484577 0.039410 0.484577 0.043551 0.484000 0.047436 0.482837 0.051321 0.481923 0.055000 0.480481 0.058846 0.478269 0.062308 0.475769 0.065128 0.472731 0.065833 0.469615 0.065513 0.467288 0.063244 0.466125 0.059615 0.464962 0.055731 0.463990 0.051846 0.463990 0.047692 0.464183 0.043808 0.464375 0.039923 0.465346 0.036038 0.466510 0.032410 0.468558 0.029487 0.470000 0.026667 0.471760 0.024385 0.474673 0.023090
0 0.477635 0.122782 0.481240 0.125744 0.483471 0.130564 0.484856 0.136115 0.485971 0.141679 0.485971 0.147603 0.484298 0.152782 0.481442 0.157179 0.476538 0.159103 0.472500 0.156667 0.469856 0.152051 0.467077 0.147231 0.466519 0.141679 0.465971 0.136115 0.467077 0.130564 0.469856 0.126115 0.473077 0.123462
0 0.502317 0.097346 0.506087 0.094474 0.509587 0.091603 0.513625 0.089808 0.517923 0.089808 0.521962 0.089449 0.525462 0.093038 0.528423 0.096987 0.529769 0.102372 0.529769 0.108103 0.527615 0.112769 0.524385 0.116359 0.520615 0.118513 0.516577 0.120308 0.512548 0.120667 0.508510 0.118513 0.504471 0.116359 0.501779 0.112051 0.500702 0.106667
0 0.540913 0.152962 0.543106 0.154756 0.545115 0.157000 0.546462 0.159910 0.547135 0.163269 0.547471 0.166641 0.547808 0.170000 0.547808 0.173577 0.547808 0.177167 0.546462 0.180077 0.545288 0.183667 0.544279 0.186808 0.542596 0.189718 0.540750 0.192410 0.538567 0.194641 0.536375 0.196667 0.533856 0.196885 0.531337 0.195987 0.529654 0.193295 0.528308 0.190385 0.527808 0.187026 0.527644 0.183667 0.527644 0.180077 0.527808 0.176718 0.528817 0.173577 0.529990 0.170449 0.531000 0.166859 0.531673 0.163500 0.533019 0.160359 0.534029 0.157218 0.535875 0.154756 0.538231 0.153410
0 0.609567 0.476231 0.612394 0.477846 0.615010 0.479987 0.617837 0.481603 0.620048 0.484564 0.622019 0.487564 0.623750 0.492308 0.624231 0.498077 0.622308 0.501795 0.619423 0.505000 0.616423 0.504987 0.613394 0.504718 0.610375 0.503372 0.607596 0.501410 0.605135 0.499077 0.602712 0.496385 0.600500 0.493436 0.598885 0.489936 0.598279 0.485910 0.598885 0.481872 0.599894 0.477577 0.602712 0.475692 0.605865 0.475769
0 0.623654 0.397756 0.626096 0.398987 0.627933 0.401628 0.629615 0.403872 0.631135 0.406321 0.632212 0.409372 0.633279 0.412231 0.633885 0.415282 0.634038 0.418333 0.634038 0.421603 0.633587 0.424654 0.632817 0.427705 0.631442 0.430359 0.629760 0.432603 0.627625 0.434026 0.625183 0.434641 0.622731 0.434436 0.620442 0.432603 0.618462 0.430385 0.617385 0.428115 0.616625 0.425064 0.615673 0.421667 0.615096 0.419154 0.614942 0.416090 0.614788 0.413038 0.614942 0.409782 0.615404 0.406718 0.616779 0.403872 0.618000 0.401218 0.620673 0.398718
0 0.557087 0.423679 0.559529 0.423244 0.561981 0.423462 0.564423 0.424333 0.566548 0.426282 0.567356 0.429538 0.567519 0.432808 0.567029 0.436064 0.565567 0.438897 0.564096 0.441718 0.562404 0.443462 0.560000 0.445513 0.557692 0.446410 0.555135 0.447154 0.552596 0.447821 0.550240 0.447590 0.547798 0.446936 0.545510 0.445628 0.544375 0.442590 0.543885 0.439321 0.544212 0.436064 0.545510 0.433244 0.547471 0.430628 0.549096 0.428026 0.551385 0.426500 0.553827 0.424538
0 0.527856 0.392372 0.530087 0.391577 0.532317 0.391782 0.534548 0.392179 0.536481 0.393756 0.537817 0.396333 0.538413 0.399308 0.538260 0.402282 0.537365 0.405064 0.536183 0.407833 0.534692 0.410218 0.533058 0.412397 0.531125 0.413974 0.528750 0.414974 0.526221 0.415962 0.523990 0.416359 0.521904 0.415167 0.520423 0.412590 0.519971 0.409615 0.519971 0.406449 0.520125 0.403474 0.521019 0.400692 0.522654 0.398321 0.523942 0.396282 0.526067 0.394359
0 0.493933 0.355654 0.495942 0.354949 0.498077 0.353872 0.500000 0.353974 0.502019 0.354487 0.503462 0.355385 0.504885 0.356897 0.505827 0.359397 0.505952 0.362064 0.505827 0.364744 0.504750 0.367051 0.503817 0.369551 0.502481 0.371679 0.501413 0.374000 0.499942 0.376141 0.498481 0.378269 0.496606 0.379526 0.494740 0.380590 0.492865 0.381654 0.490865 0.382192 0.488731 0.381654 0.487019 0.380385 0.485654 0.378628 0.484990 0.375962 0.484452 0.373103 0.484317 0.370436 0.484808 0.367436 0.485962 0.365000 0.487529 0.363141 0.488856 0.361000 0.490596 0.359577 0.491798 0.357974
0 0.567250 0.344667 0.569029 0.346846 0.569327 0.349795 0.569769 0.352756 0.569327 0.355705 0.569471 0.358667 0.568731 0.361615 0.567548 0.364577 0.565923 0.367333 0.564740 0.369897 0.562971 0.371872 0.561192 0.373833 0.558827 0.375615 0.556615 0.376795 0.554394 0.377385 0.552308 0.376410 0.551587 0.374038 0.550846 0.371077 0.550404 0.368128 0.549962 0.365167 0.549962 0.362013 0.550404 0.359064 0.551288 0.356103 0.552769 0.353744 0.554250 0.350974 0.556019 0.349013 0.557500 0.346641 0.559423 0.345064 0.561635 0.344077 0.564000 0.344077 0.565625 0.344282
0 0.604327 0.326282 0.606712 0.327128 0.608635 0.328705 0.610413 0.330679 0.612183 0.332654 0.613962 0.334628 0.615144 0.337179 0.615875 0.340333 0.616769 0.343090 0.617212 0.346051 0.617212 0.349205 0.617212 0.352359 0.617058 0.355308 0.616769 0.358269 0.615587 0.361026 0.613510 0.362603 0.611298 0.363397 0.608933 0.363397 0.606712 0.362808 0.604500 0.361821 0.602433 0.360628 0.600654 0.358667 0.599327 0.356103 0.598144 0.353538 0.597260 0.350385 0.596365 0.347436 0.595779 0.344474 0.595635 0.341526 0.595635 0.338372 0.596221 0.335410 0.597260 0.332449 0.598288 0.329692 0.600212 0.327526 0.602279 0.326346
0 0.549567 0.273936 0.552231 0.274410 0.554548 0.276551 0.556856 0.278679 0.558654 0.280897 0.559702 0.284603 0.559529 0.288167 0.558279 0.291487 0.556144 0.293859 0.554010 0.296231 0.551731 0.298718 0.549029 0.299308 0.546365 0.299551 0.543337 0.299551 0.540500 0.299551 0.537827 0.298603 0.535481 0.296667 0.533750 0.293077 0.533365 0.288974 0.533558 0.285000 0.535000 0.281026 0.537692 0.278333 0.540000 0.276410 0.542500 0.275128 0.545000 0.275000
0 0.428423 0.296744 0.430779 0.296949 0.433173 0.297179 0.435577 0.297821 0.437683 0.299667 0.439721 0.301551 0.441135 0.304269 0.442394 0.306987 0.443019 0.310128 0.443337 0.313269 0.443077 0.316923 0.441538 0.318846 0.438846 0.320128 0.436587 0.320590 0.434077 0.320385 0.431875 0.318705 0.430308 0.316192 0.428740 0.313679 0.427481 0.310756 0.426154 0.307949 0.425913 0.304474 0.426385 0.301333 0.427212 0.298590
0 0.486087 0.278013 0.487885 0.278654 0.489683 0.279128 0.491471 0.279769 0.493269 0.280410 0.495000 0.281026 0.496635 0.282308 0.498183 0.283923 0.499615 0.285513 0.500212 0.287910 0.500212 0.290628 0.499981 0.293026 0.499260 0.295256 0.498538 0.297487 0.497462 0.299564 0.495904 0.301167 0.494471 0.302756 0.492788 0.303872 0.491000 0.304513 0.489202 0.304679 0.487404 0.304359 0.485490 0.304038 0.483692 0.303244 0.481894 0.302436 0.480337 0.301000 0.479019 0.299244 0.477702 0.297487 0.476750 0.295256 0.476029 0.293026 0.475663 0.290628 0.475548 0.288077 0.475548 0.285513 0.476538 0.283077 0.478269 0.281282 0.479712 0.280000 0.481346 0.279359 0.483173 0.278590 0.484423 0.278205
