0 0.774904 0.471692 0.778327 0.469564 0.781740 0.469269 0.785154 0.469872 0.788337 0.472000 0.789933 0.476244 0.790163 0.480795 0.789250 0.485346 0.787654 0.489603 0.785375 0.493244 0.782423 0.496577 0.779462 0.499013 0.776058 0.501538 0.772019 0.501410 0.769327 0.499744 0.767625 0.496885 0.766712 0.492333 0.766481 0.487782 0.766712 0.482923 0.768760 0.478064 0.771721 0.474115
0 0.618894 0.398808 0.621202 0.398192 0.623663 0.398808 0.625971 0.400654 0.627971 0.402705 0.629202 0.405372 0.630587 0.408038 0.631510 0.411115 0.632279 0.414603 0.632740 0.417885 0.632740 0.421167 0.632125 0.424244 0.631202 0.427321 0.629510 0.429987 0.627510 0.432038 0.625202 0.432244 0.622894 0.432449 0.620481 0.431795 0.619038 0.430256 0.617404 0.428718 0.615817 0.426090 0.614740 0.422603 0.613510 0.419936 0.613202 0.416859 0.612740 0.413577 0.612587 0.410500 0.612279 0.407423 0.613202 0.403936 0.614894 0.401679 0.616740 0.399628
0 0.576923 0.366795 0.579058 0.365949 0.581067 0.366115 0.583077 0.366282 0.584962 0.367462 0.586721 0.368795 0.588106 0.370808 0.588731 0.373487 0.588731 0.376167 0.588606 0.378846 0.588231 0.381359 0.587606 0.383872 0.586846 0.386218 0.585596 0.388564 0.584212 0.390577 0.582327 0.392244 0.580442 0.393590 0.578308 0.394923 0.576298 0.395936 0.573663 0.396436 0.571442 0.396538 0.569894 0.395256 0.568510 0.393423 0.568010 0.390910 0.567125 0.388064 0.566875 0.385551 0.566875 0.382872 0.567260 0.380192 0.568010 0.377846 0.569010 0.375667 0.570144 0.373487 0.571529 0.371474 0.573413 0.369974
0 0.540346 0.275295 0.542702 0.273615 0.544904 0.272308 0.547894 0.272782 0.550413 0.274038 0.552298 0.276141 0.553404 0.279077 0.553558 0.282436 0.553558 0.286000 0.553558 0.289564 0.553087 0.292923 0.551673 0.296282 0.550250 0.299000 0.549308 0.301936 0.547577 0.304244 0.546010 0.307192 0.543962 0.309282 0.542115 0.311538 0.539712 0.312641 0.537885 0.313590 0.535154 0.314321 0.532788 0.313897 0.530587 0.312641 0.528385 0.311167 0.526654 0.308654 0.526183 0.305513 0.526029 0.302359 0.526500 0.299218 0.527125 0.296064 0.527913 0.292923 0.529010 0.289987 0.530769 0.287436 0.532596 0.284359 0.534683 0.282013 0.537038 0.279500 0.538769 0.277192
0 0.596731 0.284487 0.599587 0.286462 0.601865 0.290846 0.603635 0.295564 0.603885 0.300628 0.603885 0.306359 0.602875 0.311423 0.601356 0.316141 0.598577 0.319846 0.595288 0.322551 0.591731 0.321795 0.589471 0.319179 0.586933 0.315128 0.585423 0.310064 0.584404 0.305013 0.584404 0.299615 0.584913 0.294551 0.586433 0.289500 0.589471 0.285782 0.592981 0.283462
0 0.645990 0.291051 0.649231 0.292436 0.651404 0.295269 0.652087 0.299782 0.652087 0.304603 0.652087 0.309410 0.651404 0.313923 0.650279 0.318744 0.649144 0.323551 0.647567 0.328064 0.645308 0.331679 0.641923 0.333192 0.638538 0.333487 0.635154 0.332885 0.632452 0.329577 0.630644 0.325359 0.630413 0.320846 0.630413 0.316038 0.630413 0.311218 0.631096 0.306705 0.632673 0.301885 0.634615 0.299103 0.637404 0.296410 0.640000 0.293590 0.643077 0.291410
0 0.699712 0.353846 0.702635 0.353910 0.704683 0.356628 0.706548 0.359128 0.707740 0.362526 0.708933 0.365705 0.709269 0.369333 0.708760 0.372744 0.708250 0.376141 0.707231 0.379321 0.705529 0.382487 0.703144 0.385436 0.700933 0.387487 0.698048 0.387487 0.695288 0.386282 0.693115 0.384538 0.691067 0.382269 0.689712 0.379321 0.689029 0.375910 0.689029 0.372282 0.689365 0.368885 0.690394 0.365705 0.691750 0.362756 0.693115 0.359808 0.694981 0.357090 0.697019 0.354615
0 0.719385 0.284077 0.721712 0.282744 0.724212 0.282077 0.726875 0.282077 0.729202 0.283859 0.731529 0.285179 0.733519 0.287397 0.735183 0.290064 0.737010 0.292718 0.738173 0.295821 0.739346 0.298923 0.740010 0.302256 0.740173 0.305577 0.739510 0.308910 0.738010 0.311795 0.735846 0.313782 0.733356 0.314897 0.730692 0.314667 0.728202 0.314897 0.725702 0.314449 0.723212 0.313564 0.720721 0.311346 0.718885 0.308910 0.717058 0.306462 0.715567 0.303590 0.714731 0.300256 0.713731 0.297154 0.713231 0.293833 0.713942 0.291026 0.715192 0.288205 0.717115 0.286154
0 0.776250 0.327308 0.778173 0.328333 0.779952 0.329026 0.782144 0.330282 0.784337 0.331526 0.785904 0.334038 0.787788 0.336333 0.789038 0.339051 0.789817 0.342603 0.790452 0.345731 0.790452 0.349077 0.789192 0.351782 0.787625 0.354295 0.785750 0.356795 0.783865 0.359103 0.781365 0.360141 0.779010 0.359936 0.776817 0.358474 0.774471 0.357423 0.772750 0.355128 0.770712 0.353462 0.768990 0.351167 0.767423 0.348654 0.766644 0.345526 0.765385 0.342603 0.765077 0.339462 0.765077 0.336128 0.765077 0.332782 0.766481 0.329231 0.768558 0.328333 0.771058 0.327692 0.773846 0.326923
0 0.765385 0.616154 0.768760 0.615718 0.772596 0.617436 0.775163 0.621526 0.775423 0.627000 0.774654 0.632115 0.773625 0.637244 0.771317 0.642026 0.768500 0.646128 0.764654 0.648859 0.761327 0.651936 0.757231 0.652615 0.753635 0.650231 0.751587 0.645782 0.751587 0.639974 0.752356 0.634859 0.753894 0.630064 0.756202 0.624949 0.759279 0.621526 0.762019 0.618333
0 0.638096 0.777962 0.642721 0.776808 0.646769 0.779885 0.650529 0.783744 0.653702 0.788372 0.654577 0.794538 0.652837 0.799923 0.650529 0.805705 0.647346 0.810333 0.642721 0.812641 0.638385 0.811872 0.633471 0.812256 0.628558 0.811103 0.624798 0.808026 0.623933 0.802244 0.623933 0.796077 0.623933 0.789910 0.627115 0.784897 0.630875 0.780654
0 0.586365 0.769103 0.590404 0.771795 0.593875 0.775654 0.596192 0.780654 0.597346 0.786436 0.597635 0.792218 0.597635 0.798769 0.596769 0.804551 0.592433 0.806090 0.588096 0.804936 0.584337 0.801859 0.580577 0.798385 0.578269 0.792987 0.576538 0.787590 0.575375 0.781821 0.577115 0.776423 0.580288 0.772179
0 0.742308 0.423077 0.745740 0.421897 0.748635 0.421897 0.751337 0.421654 0.754587 0.421654 0.757481 0.421654 0.760365 0.423821 0.762173 0.426705 0.763615 0.430077 0.763077 0.433692 0.761990 0.437064 0.759827 0.439949 0.757663 0.442359 0.755308 0.444526 0.752606 0.445487 0.749894 0.446205 0.747183 0.446692 0.744481 0.447410 0.741769 0.447167 0.739067 0.445962 0.736894 0.443564 0.734731 0.441154 0.734192 0.437538 0.734192 0.433692 0.735087 0.429833 0.736712 0.426462 0.739240 0.424782
0 0.457212 0.062821 0.459038 0.060897 0.460385 0.060128 0.461635 0.059103 0.462885 0.058077 0.464327 0.057692 0.465769 0.057436 0.467885 0.056795 0.469327 0.056282 0.470865 0.056282 0.472308 0.056538 0.473750 0.056795 0.475288 0.057308 0.477115 0.057949 0.478462 0.059103 0.478942 0.060385 0.479135 0.062436 0.478654 0.064487 0.478269 0.066538 0.477692 0.068462 0.476827 0.070128 0.475769 0.072179 0.474808 0.073974 0.473462 0.074744 0.472404 0.076282 0.471154 0.077692 0.469423 0.078846 0.467981 0.079487 0.466442 0.080000 0.465000 0.080385 0.463462 0.080385 0.461923 0.080385 0.460385 0.080385 0.458942 0.080000 0.457404 0.079872 0.455865 0.078846 0.454519 0.077949 0.453558 0.076410 0.452981 0.074615 0.452596 0.072692 0.452788 0.070641 0.453173 0.068718 0.453654 0.066795 0.454712 0.065385 0.455865 0.064103
0 0.587308 0.023231 0.590394 0.023500 0.593067 0.025705 0.595337 0.028987 0.596769 0.033103 0.596769 0.038038 0.596769 0.042423 0.595538 0.046538 0.594096 0.050385 0.592038 0.053667 0.589577 0.056692 0.586904 0.058885 0.583606 0.060795 0.580529 0.062167 0.577885 0.061667 0.575385 0.059154 0.573942 0.055038 0.573942 0.050654 0.574154 0.046538 0.575173 0.042423 0.576202 0.038308 0.577442 0.034205 0.579288 0.030641 0.581962 0.028167 0.584433 0.025154
0 0.621452 0.050385 0.624538 0.050103 0.627000 0.052846 0.628240 0.056692 0.628442 0.061346 0.628442 0.066013 0.627212 0.070128 0.626385 0.074231 0.625154 0.078077 0.624125 0.082192 0.622279 0.085756 0.620221 0.089321 0.617135 0.090962 0.613846 0.090962 0.610760 0.090141 0.607885 0.087949 0.605817 0.085205 0.605615 0.081090 0.605817 0.076974 0.606644 0.072859 0.607673 0.068756 0.609115 0.064910 0.610548 0.060526 0.612404 0.056410 0.615279 0.053949 0.618163 0.051756
0 0.668962 0.081359 0.672048 0.082192 0.674923 0.084936 0.676779 0.088500 0.677394 0.093154 0.676981 0.097269 0.676346 0.101410 0.675538 0.105500 0.674096 0.109333 0.672048 0.112897 0.669375 0.115372 0.666490 0.117564 0.663000 0.119487 0.659913 0.119756 0.657240 0.117282 0.655798 0.113449 0.655385 0.109333 0.654971 0.105218 0.655385 0.101115 0.656212 0.097000 0.657856 0.093436 0.659500 0.089872 0.661760 0.086846 0.664433 0.084385 0.667106 0.082192
0 0.742558 0.184141 0.745202 0.184359 0.747856 0.185026 0.750010 0.187000 0.752327 0.188987 0.754144 0.191423 0.756298 0.193846 0.757788 0.196718 0.757952 0.200026 0.757788 0.203346 0.756462 0.206205 0.754644 0.208641 0.752654 0.210846 0.750337 0.212167 0.747856 0.212615 0.745202 0.212615 0.742058 0.211731 0.739413 0.211282 0.736933 0.210410 0.734779 0.208641 0.732625 0.206654 0.730471 0.204449 0.728654 0.202013 0.727490 0.198923 0.727327 0.195615 0.728154 0.192308 0.730000 0.187949 0.732596 0.186538 0.735288 0.185128 0.738250 0.184795
0 0.665913 0.189167 0.668663 0.187064 0.672394 0.185756 0.675346 0.186538 0.677904 0.188897 0.679087 0.192577 0.679087 0.196769 0.678692 0.200692 0.677702 0.204628 0.676529 0.208295 0.674952 0.211705 0.672788 0.214846 0.670433 0.217474 0.667875 0.219833 0.665327 0.221923 0.662375 0.222974 0.659423 0.224026 0.656673 0.222449 0.654904 0.219038 0.654510 0.215115 0.654510 0.210923 0.654904 0.206987 0.656087 0.203051 0.658048 0.199654 0.660606 0.196500 0.662769 0.193090
0 0.615000 0.181038 0.618740 0.181564 0.621683 0.182615 0.623058 0.186282 0.624433 0.190218 0.624635 0.194141 0.624827 0.198333 0.624635 0.202269 0.624433 0.206205 0.623452 0.210128 0.622279 0.213795 0.620702 0.217205 0.618538 0.220090 0.615769 0.221154 0.613231 0.222449 0.610288 0.221667 0.607731 0.219308 0.605760 0.216154 0.604192 0.212756 0.603010 0.209077 0.603010 0.204885 0.603212 0.200962 0.603404 0.197026 0.604192 0.193090 0.604981 0.189167 0.606942 0.185500 0.608913 0.182346 0.611442 0.181282
0 0.579625 0.146974 0.582173 0.149333 0.583548 0.153256 0.583942 0.157718 0.584337 0.162167 0.584337 0.166628 0.584144 0.171346 0.583558 0.174231 0.581394 0.178154 0.579817 0.181564 0.577654 0.184705 0.575096 0.187064 0.572154 0.186808 0.569404 0.185231 0.567240 0.182346 0.565865 0.178679 0.565663 0.174744 0.565471 0.170821 0.565471 0.166359 0.566452 0.162436 0.567827 0.158756 0.569990 0.155359 0.571760 0.151949 0.573942 0.149359 0.576865 0.147487
0 0.541865 0.141115 0.544750 0.141795 0.546952 0.143603 0.548654 0.146538 0.549663 0.149923 0.549837 0.153551 0.550173 0.156936 0.550173 0.160782 0.549837 0.164397 0.548990 0.167782 0.547798 0.170949 0.546442 0.173885 0.544923 0.176833 0.542548 0.178641 0.539490 0.179090 0.536952 0.178641 0.534413 0.177731 0.532712 0.175026 0.531356 0.171859 0.530510 0.168013 0.530173 0.164628 0.530337 0.161231 0.530846 0.157846 0.531865 0.154679 0.532712 0.151282 0.533904 0.147449 0.535933 0.143821 0.537971 0.141333
0 0.504404 0.123026 0.506942 0.123487 0.509144 0.125513 0.511692 0.127782 0.513221 0.130718 0.513731 0.134333 0.513731 0.137949 0.513048 0.141564 0.512029 0.144731 0.510673 0.148115 0.509144 0.151282 0.507288 0.153769 0.505587 0.156487 0.503385 0.158974 0.501010 0.160333 0.498471 0.161000 0.495923 0.162590 0.493385 0.161910 0.491183 0.160103 0.489654 0.157167 0.488808 0.153769 0.488635 0.150154 0.488808 0.146769 0.489144 0.143372 0.490163 0.140205 0.491519 0.137269 0.492538 0.134103 0.494231 0.131397 0.496269 0.129128 0.498846 0.127051 0.501692 0.124385
0 0.414904 0.170513 0.418750 0.169026 0.422077 0.171244 0.425163 0.173782 0.427067 0.177910 0.428260 0.182974 0.429442 0.187731 0.429442 0.192808 0.429442 0.197872 0.428173 0.202051 0.424904 0.203974 0.421837 0.202321 0.418750 0.199782 0.415865 0.196538 0.413750 0.193128 0.412087 0.188679 0.410423 0.184244 0.410183 0.179487 0.410904 0.174731
0 0.513202 0.198346 0.515865 0.200538 0.518337 0.203269 0.519567 0.207103 0.520798 0.210936 0.521413 0.215590 0.521615 0.219692 0.521615 0.224077 0.520798 0.228462 0.518740 0.232295 0.516077 0.234756 0.512990 0.235577 0.510327 0.233385 0.507654 0.230103 0.506010 0.226538 0.503962 0.222987 0.502731 0.219154 0.501904 0.215038 0.501904 0.210667 0.502115 0.206013 0.503269 0.202564 0.505192 0.199167 0.508269 0.197821 0.511058 0.197692
0 0.460106 0.241513 0.462183 0.241141 0.464404 0.241141 0.466481 0.241513 0.468288 0.243359 0.469942 0.245218 0.470769 0.248077 0.471058 0.250385 0.470500 0.253346 0.469615 0.255513 0.468269 0.257949 0.466760 0.260000 0.464817 0.262026 0.462606 0.263321 0.460250 0.264436 0.458029 0.265167 0.455538 0.265538 0.453317 0.265718 0.451375 0.264615 0.449712 0.262577 0.448885 0.260000 0.448885 0.257038 0.449433 0.254269 0.449990 0.251500 0.451375 0.249090 0.452904 0.247064 0.454837 0.245026 0.456779 0.243731
0 0.391635 0.258462 0.393894 0.259205 0.396048 0.259769 0.398058 0.260923 0.399933 0.262449 0.401798 0.264564 0.403663 0.266282 0.404240 0.269154 0.404240 0.272603 0.403519 0.275474 0.401798 0.277590 0.399644 0.279115 0.397490 0.279885 0.394471 0.281026 0.392317 0.280833 0.390019 0.280269 0.387577 0.279500 0.385567 0.278346 0.383654 0.276282 0.382019 0.274359 0.380769 0.271795 0.380250 0.269346 0.380106 0.266474 0.380827 0.263603 0.382404 0.261500 0.384413 0.259962 0.386346 0.258974 0.389038 0.258333
0 0.347981 0.194782 0.350490 0.193897 0.352606 0.193897 0.354596 0.195654 0.356048 0.197949 0.357106 0.200423 0.357375 0.203423 0.357375 0.206423 0.357510 0.209064 0.357375 0.211885 0.356846 0.214538 0.355962 0.217179 0.354712 0.219872 0.353135 0.221949 0.351817 0.224410 0.350096 0.226000 0.348375 0.227590 0.346529 0.229000 0.344673 0.230231 0.342558 0.230231 0.340702 0.228295 0.339250 0.226179 0.338452 0.223526 0.337788 0.220885 0.337788 0.218064 0.338192 0.215423 0.338317 0.212590 0.339250 0.210128 0.339779 0.207474 0.340442 0.204833 0.341760 0.202718 0.343346 0.200603 0.344808 0.198487 0.346260 0.196538
0 0.241990 0.196295 0.244942 0.196295 0.247712 0.197526 0.250298 0.199013 0.251779 0.202205 0.252337 0.205897 0.252702 0.209603 0.252308 0.213077 0.251038 0.216500 0.249933 0.219949 0.247904 0.222654 0.245500 0.225603 0.242913 0.228077 0.239587 0.230282 0.236827 0.230256 0.235154 0.227333 0.234048 0.223397 0.233308 0.219692 0.233490 0.216000 0.233308 0.212308 0.234048 0.208615 0.234788 0.204923 0.236260 0.201718 0.238298 0.198756 0.240692 0.196795
0 0.235337 0.278564 0.238481 0.278321 0.241433 0.278808 0.244202 0.279551 0.246981 0.281769 0.248269 0.285218 0.248269 0.289154 0.247712 0.292846 0.247346 0.296538 0.245865 0.300244 0.244019 0.303192 0.241808 0.306154 0.239404 0.308372 0.236817 0.310577 0.234327 0.312821 0.231279 0.314769 0.228692 0.316244 0.225548 0.315756 0.223327 0.313295 0.222038 0.309846 0.221673 0.306154 0.221298 0.302449 0.221115 0.298756 0.221827 0.294359 0.223519 0.292115 0.225365 0.288667 0.227769 0.286449 0.229798 0.283731 0.232385 0.281269
0 0.195769 0.376410 0.200394 0.374577 0.205115 0.376256 0.206346 0.381538 0.206058 0.387949 0.203856 0.394705 0.201346 0.401423 0.197885 0.406449 0.193846 0.409231 0.189327 0.409487 0.185481 0.405897 0.184327 0.400641 0.184673 0.394295 0.186635 0.388718 0.189423 0.384231
0 0.244808 0.393205 0.246404 0.393872 0.248500 0.394744 0.250337 0.395795 0.252048 0.397192 0.253365 0.399295 0.254548 0.401577 0.255337 0.404026 0.255856 0.406654 0.255990 0.409462 0.256125 0.412090 0.255731 0.414705 0.254279 0.416987 0.252837 0.419090 0.251125 0.420667 0.249038 0.420641 0.246923 0.420385 0.244808 0.420000 0.243077 0.420000 0.241010 0.419615 0.238913 0.418038 0.237077 0.416462 0.235365 0.415064 0.233923 0.413128 0.232471 0.410859 0.231288 0.408231 0.230894 0.405423 0.231163 0.402795 0.231817 0.400167 0.232740 0.397718 0.234837 0.395615 0.236548 0.394218 0.238519 0.393167 0.240769 0.393205 0.242885 0.393333
0 0.163548 0.438000 0.166490 0.438795 0.169038 0.440885 0.171404 0.443769 0.172971 0.447167 0.173760 0.451103 0.174538 0.455282 0.174615 0.459744 0.173760 0.463667 0.172115 0.468333 0.169615 0.471795 0.166442 0.472308 0.162885 0.472564 0.160202 0.472308 0.157596 0.472436 0.154904 0.470474 0.153135 0.467064 0.152346 0.463141 0.151962 0.458949 0.152154 0.455026 0.152942 0.451103 0.153721 0.447167 0.155490 0.443244 0.157654 0.440359 0.160202 0.438269
0 0.230010 0.450321 0.232827 0.448449 0.235644 0.448218 0.238288 0.447038 0.241058 0.446538 0.243942 0.446538 0.246346 0.447051 0.248654 0.448205 0.250577 0.450385 0.252019 0.453372 0.251837 0.456897 0.251135 0.460423 0.250077 0.463705 0.247971 0.466987 0.245683 0.469103 0.243394 0.470974 0.240577 0.472385 0.236000 0.472859 0.233356 0.472628 0.230721 0.472154 0.227904 0.471923 0.225481 0.469359 0.223856 0.466756 0.222798 0.463474 0.222971 0.459718 0.224385 0.456667 0.226317 0.454077
0 0.229038 0.549744 0.231750 0.549487 0.234298 0.551192 0.237029 0.552397 0.239212 0.555064 0.241029 0.557987 0.242308 0.561385 0.242846 0.565013 0.243029 0.568654 0.243029 0.572538 0.242846 0.576179 0.241760 0.579821 0.239394 0.582244 0.236846 0.583705 0.233942 0.584487 0.230471 0.583462 0.228106 0.581282 0.226106 0.578372 0.224106 0.575449 0.222096 0.572295 0.220827 0.568897 0.220462 0.565256 0.220096 0.561615 0.221010 0.557987 0.221740 0.554103 0.224106 0.551667 0.226837 0.550218
0 0.245683 0.631564 0.249260 0.632128 0.252202 0.633808 0.254510 0.637167 0.255144 0.641372 0.254933 0.645577 0.254135 0.648718 0.252596 0.653205 0.250673 0.656410 0.248462 0.659487 0.245894 0.662103 0.242952 0.663782 0.239385 0.664628 0.237115 0.663462 0.234548 0.661269 0.232663 0.657346 0.232663 0.652859 0.232663 0.648372 0.233712 0.644179 0.235808 0.640526 0.238125 0.637449 0.240644 0.634654
0 0.281115 0.679474 0.283260 0.680423 0.284548 0.682910 0.285548 0.685769 0.286125 0.688821 0.286269 0.691679 0.285837 0.694551 0.284981 0.697218 0.284125 0.699885 0.283548 0.702744 0.282692 0.705615 0.281404 0.708090 0.279683 0.710192 0.278250 0.712474 0.276827 0.714769 0.274962 0.716487 0.272250 0.717628 0.269817 0.718205 0.267663 0.717628 0.265952 0.715718 0.263952 0.714192 0.262942 0.711526 0.262375 0.708667 0.262375 0.705615 0.262375 0.702372 0.262942 0.699308 0.263808 0.696641 0.264808 0.693974 0.265952 0.691487 0.267385 0.688821 0.269240 0.685769 0.270962 0.683667 0.272817 0.682141 0.274673 0.680244 0.277019 0.678846 0.278827 0.678897
0 0.316308 0.699885 0.318462 0.700654 0.320462 0.701795 0.321894 0.704077 0.321894 0.707141 0.322317 0.710192 0.322038 0.713244 0.321462 0.716103 0.321038 0.718962 0.320173 0.721628 0.319173 0.724308 0.317740 0.726782 0.316173 0.728885 0.314452 0.730987 0.312731 0.732885 0.310731 0.734795 0.308442 0.735179 0.306298 0.735372 0.304298 0.734218 0.302721 0.732128 0.302433 0.729269 0.302288 0.726397 0.302288 0.723154 0.302721 0.720295 0.303750 0.717821 0.304433 0.714962 0.305721 0.712090 0.307298 0.710000 0.308442 0.707141 0.310308 0.705615 0.311875 0.703321 0.313740 0.701795
0 0.328644 0.772064 0.330394 0.773679 0.331875 0.775654 0.332817 0.778154 0.333894 0.780667 0.335096 0.783000 0.335635 0.785679 0.336308 0.788372 0.336577 0.791064 0.336308 0.793744 0.336173 0.796436 0.335365 0.799308 0.334163 0.801641 0.332952 0.803962 0.331337 0.805936 0.329048 0.807731 0.327038 0.808269 0.325019 0.807910 0.323135 0.806833 0.321125 0.805756 0.319106 0.803782 0.318163 0.801103 0.317625 0.798051 0.317087 0.795359 0.316952 0.792679 0.316952 0.789808 0.316952 0.786936 0.316817 0.784256 0.317212 0.781154 0.317894 0.778872 0.318971 0.776551 0.320721 0.774038 0.322192 0.772064 0.323942 0.770628 0.325962 0.770449
0 0.387000 0.832615 0.390712 0.832615 0.393692 0.832615 0.396471 0.833603 0.398702 0.836090 0.401308 0.838564 0.402048 0.842282 0.401865 0.846487 0.401865 0.850449 0.401125 0.854167 0.400010 0.857885 0.396846 0.861359 0.393692 0.862103 0.390346 0.862103 0.387558 0.862590 0.384587 0.862590 0.381538 0.861410 0.378827 0.859372 0.376596 0.856897 0.375856 0.853179 0.375481 0.849462 0.375481 0.845500 0.376596 0.842026 0.378827 0.838564 0.380481 0.836026 0.382721 0.833603
0 0.394423 0.768141 0.396375 0.766923 0.398202 0.765705 0.400154 0.764833 0.401981 0.763795 0.404067 0.763974 0.406154 0.764321 0.407981 0.765538 0.409538 0.767449 0.410452 0.770051 0.411106 0.772833 0.411240 0.775436 0.410846 0.778038 0.409933 0.780474 0.408894 0.782910 0.407721 0.785167 0.406154 0.787077 0.404462 0.789167 0.402635 0.791077 0.400942 0.792462 0.398990 0.793333 0.396904 0.794731 0.394817 0.795244 0.392856 0.795769 0.390904 0.795423 0.389077 0.793513 0.388298 0.791077 0.387519 0.788474 0.387125 0.785859 0.387000 0.783256 0.387779 0.780308 0.388558 0.777872 0.390125 0.775269 0.391250 0.772821 0.392471 0.770923
0 0.462577 0.758679 0.464683 0.761026 0.465731 0.764295 0.466962 0.767577 0.467317 0.771564 0.467144 0.776013 0.466615 0.779526 0.464856 0.782333 0.463096 0.785141 0.460990 0.787487 0.458654 0.788077 0.456077 0.787718 0.453442 0.786551 0.451856 0.783500 0.451683 0.779987 0.451510 0.776474 0.451154 0.772962 0.451683 0.769449 0.453087 0.766410 0.454673 0.763359 0.456606 0.760782 0.458885 0.758910
0 0.532269 0.757769 0.535548 0.759410 0.538413 0.761321 0.541288 0.762962 0.543538 0.765974 0.545183 0.769526 0.547231 0.773077 0.548250 0.777167 0.548663 0.781269 0.548663 0.785641 0.548048 0.790551 0.546817 0.794385 0.544971 0.798205 0.542308 0.800936 0.538846 0.803205 0.535548 0.803667 0.532269 0.802577 0.529404 0.799564 0.526942 0.796833 0.524692 0.793013 0.522846 0.789192 0.522115 0.784487 0.521615 0.780718 0.521000 0.776628 0.521000 0.771974 0.521212 0.767885 0.523663 0.763782 0.526538 0.760782 0.529606 0.758590
0 0.437183 0.685346 0.439279 0.687667 0.441029 0.690923 0.442942 0.693949 0.444346 0.697679 0.444692 0.701167 0.444692 0.705359 0.444692 0.709321 0.443298 0.712577 0.441548 0.715603 0.438933 0.716769 0.436308 0.717462 0.433692 0.716769 0.431250 0.715372 0.429856 0.712346 0.428981 0.708859 0.428279 0.705359 0.428106 0.701872 0.428279 0.698372 0.428981 0.694654 0.430029 0.691397 0.431769 0.688603 0.434212 0.687205
0 0.471058 0.670769 0.472942 0.671679 0.474990 0.673051 0.476663 0.674769 0.477981 0.677308 0.478462 0.679564 0.478462 0.682295 0.478587 0.684872 0.478587 0.687603 0.478462 0.690346 0.478077 0.692910 0.477567 0.695487 0.476279 0.697538 0.474606 0.698910 0.472683 0.698731 0.470625 0.698218 0.468962 0.696333 0.467548 0.693936 0.466260 0.691885 0.465490 0.689487 0.464337 0.687269 0.463952 0.684359 0.463692 0.681782 0.463827 0.679218 0.464423 0.676154 0.465962 0.673718 0.467548 0.672026 0.469346 0.671000
0 0.371356 0.678705 0.373288 0.678872 0.375337 0.679564 0.377269 0.680244 0.378933 0.681615 0.380731 0.682987 0.382404 0.684359 0.384077 0.686064 0.385481 0.687949 0.386260 0.690346 0.386510 0.693090 0.386260 0.695821 0.385481 0.698718 0.384587 0.701308 0.383173 0.702821 0.381635 0.703974 0.379904 0.705256 0.377981 0.705769 0.375962 0.706410 0.373673 0.706269 0.371740 0.705590 0.369817 0.705410 0.367894 0.704897 0.365837 0.704038 0.364038 0.702679 0.362365 0.701128 0.360702 0.699769 0.359413 0.697538 0.358644 0.695141 0.358135 0.692577 0.358519 0.690000 0.358904 0.687436 0.359673 0.685038 0.361596 0.682987 0.363779 0.680923 0.365712 0.680244 0.367500 0.679359 0.369519 0.678846
0 0.333202 0.576154 0.336548 0.576154 0.339894 0.576654 0.342683 0.577397 0.345106 0.579372 0.347337 0.581859 0.348452 0.585577 0.348827 0.589295 0.347894 0.593013 0.346404 0.596731 0.344173 0.599462 0.341827 0.600641 0.339154 0.601692 0.335625 0.601692 0.332462 0.601692 0.329673 0.600449 0.327067 0.598962 0.324654 0.596974 0.322240 0.594500 0.321308 0.590782 0.321115 0.587064 0.322240 0.583346 0.323942 0.580385 0.326442 0.578205 0.329327 0.576795 0.332279 0.575654
0 0.294481 0.520090 0.296394 0.520090 0.298058 0.522154 0.299606 0.523744 0.301038 0.525333 0.302231 0.527397 0.302827 0.529936 0.302712 0.532641 0.302231 0.535026 0.301875 0.537731 0.301154 0.540269 0.300798 0.542654 0.299962 0.545192 0.299010 0.547256 0.297817 0.549321 0.296510 0.551077 0.294837 0.552500 0.293413 0.554564 0.291981 0.556641 0.290548 0.558231 0.288760 0.559500 0.287096 0.560603 0.284712 0.560603 0.282923 0.560295 0.281250 0.559333 0.280067 0.557436 0.279106 0.555359 0.278154 0.553295 0.277442 0.551077 0.277317 0.548692 0.277202 0.545987 0.277202 0.542974 0.277308 0.540385 0.277596 0.537564 0.278394 0.535500 0.279231 0.533282 0.280288 0.530897 0.281442 0.529744 0.282596 0.527821 0.283942 0.525897 0.285577 0.524615 0.287212 0.523333 0.288750 0.521795 0.290096 0.521538 0.291827 0.520385 0.293558 0.520128
0 0.354058 0.515321 0.355933 0.515987 0.357567 0.517333 0.359567 0.518667 0.360692 0.520833 0.361442 0.523167 0.362077 0.525846 0.362577 0.528346 0.362702 0.531026 0.362702 0.533692 0.362577 0.536359 0.362077 0.539205 0.361192 0.541872 0.360567 0.544551 0.359692 0.546885 0.358192 0.549218 0.356817 0.551231 0.355308 0.552897 0.353308 0.553897 0.351173 0.554731 0.349298 0.555064 0.347048 0.554564 0.345163 0.553397 0.343913 0.551397 0.342663 0.549385 0.341288 0.547551 0.340154 0.545218 0.339404 0.542872 0.339029 0.540205 0.339154 0.537538 0.339154 0.534859 0.339529 0.532359 0.339904 0.529846 0.340404 0.527346 0.341038 0.524846 0.342500 0.522692 0.343942 0.520641 0.345577 0.518462 0.347308 0.517179 0.349038 0.516667 0.350673 0.515769 0.352308 0.515513
0 0.314375 0.456167 0.316692 0.456372 0.319327 0.456923 0.322019 0.458462 0.323846 0.460513 0.324904 0.462821 0.326096 0.465833 0.327019 0.468705 0.327173 0.471795 0.327019 0.474872 0.326404 0.477962 0.325942 0.481038 0.325163 0.484128 0.323779 0.487000 0.322087 0.489269 0.320077 0.491115 0.317769 0.491321 0.315298 0.491321 0.312990 0.490090 0.310827 0.488859 0.308981 0.486795 0.308058 0.483923 0.307288 0.480833 0.306510 0.477551 0.306202 0.474462 0.306202 0.471179 0.306510 0.468090 0.307442 0.465218 0.308673 0.462333 0.310769 0.459231
0 0.417019 0.582615 0.419894 0.583128 0.422577 0.584667 0.424231 0.587692 0.424712 0.592308 0.423923 0.595910 0.423154 0.599756 0.422010 0.603590 0.420087 0.606654 0.418269 0.609359 0.416058 0.611769 0.413375 0.613308 0.410692 0.614833 0.407817 0.614577 0.404558 0.614321 0.402019 0.612179 0.400529 0.609205 0.400096 0.605000 0.400529 0.601026 0.402058 0.597449 0.403596 0.594128 0.405702 0.591308 0.408202 0.587987 0.410500 0.585436 0.413750 0.583462
0 0.465385 0.578974 0.468404 0.579256 0.471442 0.581795 0.473548 0.585026 0.475096 0.588718 0.475808 0.593256 0.475808 0.597641 0.475192 0.602179 0.473548 0.605872 0.471077 0.608897 0.467990 0.609987 0.464692 0.608615 0.461606 0.606692 0.458731 0.604231 0.456923 0.600897 0.456058 0.596923 0.455865 0.592179 0.456154 0.587692 0.457288 0.584474 0.459760 0.581731 0.462433 0.579526
0 0.454587 0.491859 0.456394 0.491538 0.458452 0.491218 0.460375 0.491218 0.462192 0.491385 0.464000 0.492179 0.465692 0.493474 0.467260 0.494756 0.468702 0.496526 0.469548 0.498949 0.469913 0.501359 0.469913 0.503936 0.470192 0.507051 0.469904 0.509615 0.469038 0.512308 0.467788 0.513846 0.466058 0.515385 0.464423 0.516410 0.462115 0.517692 0.459615 0.518590 0.457404 0.518718 0.455288 0.518590 0.453173 0.518462 0.451538 0.517692 0.449423 0.516923 0.447788 0.515641 0.446346 0.513718 0.445654 0.511333 0.445173 0.508923 0.445048 0.506513 0.445173 0.504090 0.445413 0.501679 0.446500 0.499590 0.447587 0.497500 0.449279 0.495885 0.451202 0.494282 0.453173 0.492564
0 0.395865 0.430897 0.397298 0.431090 0.398933 0.431090 0.400577 0.431346 0.401923 0.432115 0.403173 0.433410 0.404327 0.434692 0.405202 0.436359 0.405779 0.438154 0.406260 0.440090 0.406452 0.442141 0.406452 0.444192 0.406452 0.446372 0.406067 0.448436 0.405587 0.450359 0.404913 0.452154 0.403942 0.453692 0.402788 0.455115 0.401442 0.456782 0.400000 0.457936 0.398548 0.459859 0.397106 0.461154 0.395663 0.462179 0.394221 0.462821 0.392769 0.462949 0.391231 0.462949 0.389500 0.463077 0.388048 0.462692 0.386798 0.461667 0.385548 0.460372 0.384587 0.458705 0.384106 0.456782 0.383721 0.454731 0.383529 0.452795 0.383433 0.450615 0.383433 0.448564 0.383558 0.446667 0.383942 0.444615 0.384490 0.442910 0.385644 0.441115 0.386798 0.439179 0.387952 0.437256 0.389500 0.435718 0.390654 0.434179 0.391808 0.432769 0.393058 0.431731 0.394606 0.431090
0 0.472750 0.431192 0.475644 0.431436 0.477990 0.433846 0.480346 0.436256 0.481788 0.439628 0.483231 0.442769 0.484865 0.446385 0.485587 0.450000 0.485769 0.453615 0.485952 0.457474 0.485769 0.461795 0.484135 0.464462 0.482308 0.466154 0.479798 0.467359 0.477269 0.465910 0.475096 0.463500 0.472750 0.461333 0.470577 0.458923 0.469135 0.455782 0.468048 0.452410 0.467327 0.448795 0.466423 0.445179 0.466240 0.441564 0.466779 0.437705 0.468404 0.434564 0.470577 0.432154
0 0.339971 0.304385 0.342808 0.305051 0.345135 0.306385 0.347635 0.307936 0.350125 0.309269 0.351962 0.311705 0.354288 0.314154 0.355452 0.317256 0.356452 0.320590 0.356615 0.323910 0.356125 0.327244 0.354625 0.330128 0.352288 0.331910 0.349808 0.333077 0.347212 0.333462 0.344471 0.332346 0.341971 0.331462 0.339144 0.330128 0.336481 0.329013 0.334154 0.327462 0.332154 0.325244 0.330990 0.322141 0.330154 0.318808 0.329654 0.315256 0.329990 0.311936 0.331154 0.308821 0.332981 0.306385 0.335385 0.304744 0.338144 0.304385
0 0.349644 0.369179 0.352317 0.369423 0.355163 0.370372 0.357654 0.372026 0.360144 0.373923 0.361923 0.376769 0.362990 0.380090 0.363163 0.383654 0.362279 0.387205 0.360317 0.390051 0.357827 0.391949 0.355163 0.393141 0.352500 0.394103 0.349471 0.394321 0.346269 0.393372 0.343558 0.391923 0.340933 0.390295 0.338971 0.387449 0.337731 0.384128 0.337375 0.380564 0.337548 0.376769 0.338798 0.373449 0.341288 0.371795 0.343779 0.370128 0.346625 0.369423
0 0.440481 0.310513 0.445000 0.310641 0.449567 0.311372 0.454423 0.313718 0.457692 0.317821 0.458385 0.322372 0.457788 0.328205 0.454971 0.333000 0.451269 0.336038 0.447115 0.337949 0.442163 0.338692 0.437885 0.338077 0.433173 0.336538 0.429519 0.334744 0.426510 0.329974 0.425942 0.324282 0.427644 0.318962 0.430779 0.314782 0.435327 0.312128
0 0.514404 0.386038 0.517154 0.387269 0.519904 0.388974 0.522106 0.391423 0.523750 0.394833 0.524663 0.398500 0.525769 0.402410 0.525865 0.405513 0.525673 0.409487 0.525096 0.413077 0.524038 0.415641 0.522115 0.418590 0.519721 0.420013 0.516788 0.420500 0.513673 0.419513 0.511106 0.417564 0.508904 0.414628 0.507808 0.411205 0.507077 0.407551 0.506529 0.403885 0.505971 0.400218 0.505788 0.396308 0.506154 0.392641 0.507442 0.389218 0.509615 0.386282 0.512019 0.385551
0 0.546154 0.443077 0.548692 0.442346 0.551413 0.442346 0.553971 0.443244 0.556692 0.445064 0.558904 0.447103 0.560433 0.450513 0.561462 0.454141 0.561798 0.457551 0.561731 0.461795 0.560952 0.465731 0.559413 0.468679 0.556865 0.469590 0.553971 0.469590 0.551240 0.469590 0.548173 0.468679 0.545962 0.466410 0.544327 0.463846 0.542731 0.460731 0.541875 0.457321 0.541365 0.453923 0.541365 0.450064 0.542731 0.446885 0.544327 0.444615
0 0.604394 0.634756 0.607192 0.633256 0.609990 0.632513 0.612798 0.632013 0.615596 0.632756 0.618029 0.634756 0.619144 0.638244 0.619337 0.641974 0.618404 0.645718 0.616721 0.649192 0.614106 0.650936 0.610365 0.653179 0.607192 0.653679 0.604394 0.653436 0.601587 0.651936 0.600279 0.648449 0.599904 0.644718 0.600471 0.640974 0.602154 0.637744
0 0.641558 0.691038 0.644365 0.689795 0.647163 0.688795 0.650337 0.688795 0.653144 0.690038 0.655010 0.693782 0.655769 0.697949 0.655567 0.702000 0.655010 0.705987 0.653519 0.709218 0.651635 0.712308 0.649231 0.715513 0.647404 0.717821 0.645096 0.719103 0.642885 0.720256 0.639904 0.720641 0.637885 0.720897 0.636058 0.721410 0.632788 0.718718 0.631106 0.716192 0.630538 0.712205 0.630538 0.707974 0.631846 0.703987 0.633365 0.700513 0.635096 0.697436 0.637269 0.694282
0 0.661115 0.584821 0.667115 0.582308 0.671240 0.584821 0.672885 0.590295 0.673154 0.595769 0.672885 0.601244 0.670692 0.606718 0.668500 0.611821 0.665769 0.616205 0.661933 0.618397 0.657019 0.619872 0.653183 0.617295 0.652087 0.611821 0.652308 0.605641 0.653452 0.600513 0.655913 0.595038 0.658654 0.589923
0 0.628365 0.470744 0.631788 0.470744 0.634817 0.471821 0.637308 0.473974 0.639058 0.477205 0.639865 0.481513 0.640269 0.485551 0.639462 0.489590 0.638452 0.493885 0.637038 0.497654 0.634010 0.501154 0.630788 0.503308 0.627558 0.504115 0.624327 0.504923 0.621096 0.503846 0.618673 0.501154 0.616923 0.498333 0.616048 0.494423 0.615846 0.490128 0.616452 0.485821 0.617260 0.481782 0.619231 0.477692 0.621702 0.474513 0.624327 0.472359
0 0.687644 0.465167 0.690625 0.465167 0.693606 0.466167 0.695654 0.469141 0.696587 0.473115 0.697144 0.476846 0.697519 0.480564 0.697144 0.484538 0.696394 0.488269 0.694346 0.491000 0.691365 0.491487 0.688385 0.491987 0.685413 0.490744 0.683365 0.487026 0.681875 0.483795 0.681500 0.480064 0.680942 0.476090 0.681308 0.472128 0.682615 0.468641 0.685221 0.466410
0 0.743567 0.526821 0.746769 0.525821 0.749788 0.526064 0.752788 0.527051 0.755481 0.528846 0.758087 0.529846 0.760721 0.531603 0.763173 0.534115 0.764683 0.537385 0.765250 0.541154 0.765250 0.545179 0.764115 0.548949 0.762606 0.552218 0.760721 0.555731 0.758269 0.558244 0.755442 0.559000 0.752433 0.559756 0.749038 0.560256 0.746202 0.560013 0.743000 0.559756 0.739981 0.558756 0.737721 0.556244 0.735644 0.553218 0.733760 0.550205 0.732250 0.546936 0.732067 0.542910 0.732067 0.538885 0.733010 0.535115 0.735077 0.531846 0.737346 0.529333 0.740365 0.527833
