0 0.554288 0.689013 0.556692 0.689013 0.558846 0.689359 0.561154 0.690641 0.562635 0.692026 0.564337 0.693923 0.565471 0.696372 0.566606 0.698833 0.567115 0.701923 0.567029 0.704872 0.565481 0.707692 0.563769 0.709590 0.562212 0.711667 0.560510 0.713551 0.558365 0.715000 0.556404 0.715821 0.554279 0.716192 0.552115 0.716026 0.550000 0.716026 0.548269 0.715513 0.546067 0.714500 0.544087 0.713179 0.542106 0.711295 0.540404 0.709397 0.539413 0.706756 0.539135 0.703923 0.539413 0.701090 0.539981 0.698256 0.541442 0.695769 0.542692 0.694231 0.543942 0.692949 0.545096 0.692051 0.545288 0.691923 0.546731 0.691026 0.548558 0.690256 0.550192 0.689744 0.552596 0.689103
0 0.479144 0.675269 0.481144 0.674923 0.483135 0.674744 0.485135 0.675628 0.487135 0.675987 0.489000 0.677231 0.490865 0.678295 0.492337 0.680244 0.493394 0.682551 0.493933 0.685397 0.494192 0.688064 0.494462 0.690731 0.493394 0.693038 0.492337 0.695346 0.490865 0.697179 0.488654 0.698846 0.487000 0.700141 0.485000 0.700846 0.483010 0.701026 0.481010 0.701205 0.478740 0.701205 0.476740 0.700846 0.475144 0.698897 0.473817 0.696769 0.472212 0.694808 0.471413 0.691795 0.471279 0.689128 0.471019 0.686462 0.471683 0.683795 0.473010 0.681667 0.474481 0.679718 0.476077 0.677936 0.477673 0.676154
0 0.431712 0.662154 0.435394 0.661449 0.437365 0.661808 0.438808 0.663897 0.439596 0.666526 0.439856 0.669333 0.439856 0.672128 0.439462 0.674756 0.438654 0.676923 0.438279 0.680013 0.436712 0.682641 0.435654 0.684923 0.434471 0.687551 0.433029 0.689641 0.430923 0.692269 0.429221 0.694372 0.427250 0.696654 0.425413 0.698231 0.423577 0.699628 0.421865 0.701026 0.419894 0.702077 0.418077 0.701538 0.416221 0.701026 0.414769 0.699103 0.413981 0.696308 0.413587 0.693679 0.413981 0.691051 0.414375 0.688423 0.415433 0.685795 0.416087 0.683167 0.417394 0.680718 0.418452 0.678269 0.420029 0.675282 0.421471 0.673013 0.423048 0.671256 0.424625 0.669513 0.426327 0.667577 0.428173 0.665474
0 0.374615 0.687179 0.376731 0.686667 0.379231 0.686154 0.381635 0.685513 0.383510 0.685782 0.385481 0.686474 0.387317 0.687526 0.388635 0.689808 0.389952 0.692436 0.390288 0.694615 0.390212 0.697513 0.389288 0.699962 0.387846 0.702590 0.386529 0.704692 0.384827 0.706269 0.382115 0.708590 0.380096 0.709769 0.378365 0.710769 0.376154 0.711872 0.374183 0.712577 0.372212 0.713269 0.370250 0.713795 0.368279 0.713974 0.366308 0.713795 0.364471 0.712577 0.363154 0.710474 0.361971 0.708192 0.361183 0.705744 0.360923 0.703115 0.361317 0.700308 0.362625 0.698205 0.363808 0.695936 0.365644 0.694013 0.367096 0.692077 0.368673 0.690333 0.370510 0.689103 0.372481 0.688051
0 0.301173 0.632205 0.304856 0.633385 0.307067 0.633782 0.308837 0.635744 0.310010 0.638295 0.310596 0.641436 0.310894 0.644385 0.311192 0.647321 0.311192 0.650859 0.310750 0.653808 0.310154 0.657141 0.309423 0.660090 0.308683 0.663026 0.307500 0.666026 0.305577 0.669103 0.303529 0.670679 0.301327 0.672051 0.298971 0.672846 0.296615 0.672846 0.294558 0.671269 0.292346 0.669897 0.290769 0.667051 0.289692 0.664795 0.289106 0.661846 0.289106 0.658513 0.289106 0.655372 0.289404 0.652423 0.289692 0.649487 0.289990 0.646346 0.291163 0.643590 0.292346 0.640846 0.293962 0.638692 0.295875 0.636526 0.298087 0.633974
0 0.245154 0.627192 0.247683 0.628090 0.250221 0.628538 0.252750 0.629218 0.255115 0.630577 0.257596 0.632564 0.259337 0.634628 0.260856 0.637551 0.261702 0.640923 0.261529 0.644308 0.261529 0.647910 0.260346 0.651731 0.258827 0.654885 0.256635 0.657808 0.254106 0.658936 0.251567 0.659385 0.248865 0.658936 0.246337 0.658256 0.243808 0.657359 0.241269 0.656231 0.238740 0.655333 0.236154 0.653462 0.234346 0.651731 0.232885 0.648974 0.231817 0.645654 0.231144 0.642282 0.230798 0.638897 0.231058 0.635128 0.233000 0.632372 0.235192 0.630577 0.237558 0.629218 0.239904 0.627949 0.242404 0.627821
0 0.163308 0.619256 0.165298 0.620897 0.167308 0.622436 0.169135 0.624577 0.170962 0.627308 0.171923 0.630128 0.172692 0.632949 0.172885 0.636154 0.172692 0.639359 0.172808 0.643385 0.172192 0.646654 0.171587 0.650128 0.170510 0.653192 0.168981 0.656679 0.167596 0.659538 0.165865 0.661410 0.163750 0.662949 0.162115 0.663974 0.159423 0.664744 0.157308 0.664103 0.155481 0.662397 0.153798 0.660154 0.152567 0.657487 0.151346 0.654628 0.150115 0.651564 0.149962 0.648295 0.149500 0.645231 0.149202 0.641744 0.149500 0.638269 0.149654 0.635205 0.150115 0.631936 0.151038 0.628872 0.152567 0.626218 0.153490 0.623346 0.155327 0.621308 0.157481 0.619872 0.160000 0.618846
0 0.207981 0.561923 0.211529 0.562910 0.214038 0.564744 0.216163 0.568051 0.217510 0.571910 0.218663 0.576026 0.219827 0.579885 0.220596 0.584256 0.220788 0.588372 0.220404 0.592231 0.220019 0.596090 0.219423 0.599744 0.217702 0.603538 0.215577 0.606372 0.212885 0.607910 0.209990 0.608949 0.207096 0.609462 0.204010 0.608167 0.201692 0.605603 0.199567 0.602769 0.198029 0.599423 0.196865 0.595833 0.196481 0.591974 0.195904 0.588115 0.195904 0.584000 0.196865 0.580141 0.197644 0.576282 0.198606 0.572423 0.200538 0.569077 0.202269 0.565731 0.204587 0.563167
0 0.155096 0.511821 0.158327 0.511821 0.160192 0.512949 0.161885 0.515256 0.163337 0.518064 0.164625 0.520859 0.165596 0.523872 0.166240 0.527103 0.166404 0.530538 0.166558 0.534205 0.166885 0.537654 0.166538 0.539872 0.165865 0.543718 0.165096 0.546667 0.164231 0.549231 0.163010 0.552064 0.160750 0.554013 0.158490 0.555295 0.155904 0.556590 0.153173 0.556538 0.150962 0.555641 0.148654 0.554231 0.147029 0.551859 0.146058 0.548846 0.144933 0.545615 0.144606 0.542385 0.144606 0.538513 0.144606 0.535064 0.144279 0.531833 0.144442 0.528603 0.144933 0.524949 0.145577 0.521718 0.147029 0.518705 0.148481 0.515910 0.150413 0.513756
0 0.263163 0.566859 0.266346 0.567949 0.268471 0.570410 0.270481 0.573718 0.271317 0.577987 0.271317 0.582038 0.270933 0.585833 0.270365 0.589872 0.269135 0.593590 0.267904 0.596962 0.266385 0.600244 0.264490 0.603282 0.262404 0.606064 0.259808 0.607692 0.256442 0.607692 0.253462 0.606667 0.251212 0.604295 0.249519 0.601667 0.248365 0.598590 0.247413 0.595436 0.246846 0.591654 0.246654 0.587859 0.246846 0.584064 0.248269 0.581026 0.249808 0.577179 0.251442 0.573846 0.253462 0.571154 0.256346 0.568718 0.259558 0.566859
0 0.184481 0.438385 0.187048 0.437474 0.189788 0.437244 0.192875 0.437244 0.195769 0.437692 0.198019 0.438385 0.200077 0.440667 0.201452 0.443641 0.201962 0.447064 0.202135 0.450500 0.201788 0.453923 0.200096 0.456410 0.197673 0.458731 0.195106 0.461013 0.192538 0.462615 0.189962 0.463295 0.188077 0.463974 0.185385 0.465128 0.182308 0.465897 0.179327 0.466026 0.176058 0.465897 0.173510 0.464667 0.170942 0.463064 0.168885 0.460551 0.168202 0.457128 0.168538 0.453692 0.169913 0.450731 0.171452 0.447756 0.173077 0.445128 0.175221 0.443179 0.177981 0.441282 0.181048 0.439987
0 0.166346 0.380641 0.168317 0.378410 0.170865 0.376026 0.173942 0.374744 0.176250 0.374615 0.179154 0.374449 0.181596 0.375846 0.183519 0.378410 0.184808 0.381538 0.185269 0.385167 0.184904 0.388718 0.184231 0.392436 0.183000 0.395423 0.181596 0.398679 0.180000 0.401154 0.177404 0.403577 0.175135 0.405667 0.172019 0.408462 0.168846 0.409628 0.166221 0.409859 0.163606 0.410103 0.161058 0.408590 0.159404 0.406141 0.158183 0.402872 0.157663 0.399385 0.157663 0.395423 0.158538 0.391923 0.160106 0.388897 0.162029 0.385872 0.164125 0.383538
0 0.107606 0.364115 0.110481 0.363462 0.112885 0.363205 0.116827 0.363846 0.120192 0.365641 0.122452 0.367859 0.124856 0.370526 0.127067 0.373474 0.129067 0.376679 0.130077 0.380692 0.130077 0.384974 0.129673 0.388987 0.127865 0.392462 0.125481 0.393462 0.122596 0.393590 0.119442 0.393000 0.116635 0.391385 0.113827 0.389256 0.111221 0.386577 0.109615 0.383103 0.108010 0.379628 0.107212 0.375615 0.106606 0.371603 0.106202 0.367590
0 0.144163 0.241077 0.146827 0.239487 0.149452 0.238641 0.152183 0.238154 0.154740 0.239615 0.156827 0.241795 0.157692 0.245513 0.157596 0.248718 0.157404 0.252821 0.156635 0.256538 0.155577 0.260128 0.153942 0.263462 0.152019 0.265897 0.149904 0.267692 0.147596 0.269487 0.145192 0.269872 0.141923 0.269744 0.139971 0.268538 0.137971 0.265385 0.136635 0.261154 0.136154 0.257692 0.136875 0.254205 0.138154 0.250795 0.139606 0.247641 0.141442 0.244487
0 0.182500 0.276449 0.184615 0.276628 0.186731 0.277192 0.188423 0.279077 0.189692 0.281526 0.190827 0.283974 0.191817 0.286795 0.191952 0.289615 0.192096 0.292436 0.192096 0.295449 0.191952 0.298462 0.191952 0.301462 0.191106 0.304474 0.189837 0.307295 0.188423 0.309551 0.187019 0.311808 0.184894 0.312564 0.182779 0.312756 0.180240 0.312756 0.178125 0.312000 0.176288 0.310500 0.174904 0.308333 0.173942 0.305385 0.173269 0.302436 0.172481 0.299769 0.172202 0.296949 0.172337 0.294128 0.172404 0.290897 0.173173 0.288590 0.173942 0.285385 0.175096 0.282564 0.176635 0.280641 0.178462 0.278718 0.180385 0.276795
0 0.235212 0.274667 0.236875 0.275115 0.238538 0.275859 0.239981 0.277192 0.241442 0.278718 0.242500 0.280769 0.243654 0.282564 0.244423 0.284744 0.245096 0.287179 0.245385 0.289872 0.245577 0.291667 0.245577 0.294487 0.245577 0.296538 0.245308 0.299397 0.245423 0.301769 0.245308 0.304128 0.245087 0.306359 0.244519 0.308462 0.243750 0.310513 0.242404 0.312436 0.240981 0.313603 0.239317 0.314500 0.237654 0.314795 0.235981 0.315090 0.234433 0.314051 0.232990 0.312718 0.231538 0.311244 0.230481 0.308846 0.229654 0.307385 0.228769 0.305321 0.227885 0.303333 0.227433 0.301167 0.226875 0.298949 0.226990 0.296577 0.226654 0.294359 0.226769 0.292141 0.226769 0.289769 0.226875 0.287551 0.227308 0.285385 0.228212 0.283410 0.229096 0.281474 0.229990 0.279551 0.231096 0.277782 0.232433 0.276295 0.233981 0.275410
0 0.277067 0.214628 0.279317 0.213821 0.281827 0.213205 0.284904 0.214103 0.287019 0.215513 0.289038 0.217692 0.289817 0.220821 0.289971 0.223821 0.289971 0.227026 0.289673 0.230231 0.288769 0.233026 0.287567 0.235628 0.285923 0.237821 0.284269 0.240231 0.282173 0.242628 0.280192 0.244744 0.278173 0.246923 0.275577 0.248846 0.272885 0.250128 0.270385 0.250769 0.267885 0.250000 0.265971 0.248026 0.264173 0.245821 0.262971 0.243231 0.261769 0.240628 0.261317 0.237628 0.261317 0.234423 0.261615 0.231423 0.262971 0.228821 0.264173 0.226231 0.265817 0.224026 0.267769 0.222423 0.269721 0.220628 0.271519 0.218628 0.273769 0.217026
0 0.215385 0.112205 0.218019 0.111731 0.220635 0.112667 0.223260 0.113833 0.225538 0.115936 0.227115 0.118962 0.228865 0.121769 0.230442 0.124795 0.231490 0.128064 0.231837 0.131564 0.232365 0.135064 0.232538 0.138564 0.232885 0.142064 0.232538 0.145564 0.232192 0.149064 0.231490 0.152564 0.230087 0.155603 0.227635 0.157462 0.225010 0.157692 0.222385 0.157462 0.219760 0.156526 0.217144 0.155359 0.214865 0.153500 0.212769 0.151167 0.211019 0.148359 0.209442 0.145333 0.208212 0.142064 0.207865 0.138564 0.207163 0.135064 0.206462 0.131333 0.206250 0.129487 0.206346 0.126795 0.206731 0.122692 0.208173 0.119103 0.210192 0.116154 0.212596 0.113846
0 0.262596 0.081667 0.265587 0.080026 0.268942 0.078833 0.272288 0.078231 0.275635 0.078526 0.279135 0.079615 0.282558 0.081205 0.285577 0.083718 0.288356 0.086269 0.291038 0.089538 0.292827 0.093410 0.293490 0.097872 0.293846 0.102179 0.293077 0.106923 0.291058 0.110641 0.288808 0.113346 0.285683 0.115141 0.282558 0.116923 0.279212 0.117218 0.275635 0.116628 0.272067 0.115731 0.268712 0.114244 0.265385 0.112564 0.262462 0.110077 0.260231 0.106205 0.258750 0.102179 0.257558 0.097872 0.257558 0.093115 0.257981 0.088718 0.259788 0.084782
0 0.345288 0.120641 0.349038 0.120154 0.352308 0.120731 0.355365 0.122487 0.358202 0.124808 0.360817 0.127718 0.363433 0.130628 0.365615 0.134115 0.367356 0.138192 0.368269 0.142692 0.366827 0.147949 0.363942 0.151282 0.358654 0.153590 0.353750 0.153462 0.350346 0.152731 0.347077 0.151564 0.344240 0.149244 0.341615 0.146038 0.339135 0.142564 0.337212 0.138077 0.336606 0.134987 0.337038 0.130333 0.338558 0.126282 0.341635 0.122949
0 0.349683 0.574269 0.352029 0.574269 0.354375 0.574859 0.356058 0.576410 0.358077 0.578718 0.359519 0.581154 0.360673 0.583590 0.361990 0.586192 0.362875 0.589308 0.363163 0.592244 0.363750 0.595167 0.364038 0.598295 0.363894 0.601423 0.363163 0.604359 0.362433 0.607474 0.361404 0.610218 0.360231 0.612756 0.358558 0.614872 0.356279 0.616077 0.354038 0.615513 0.351635 0.615128 0.349808 0.613718 0.348365 0.612179 0.346923 0.610641 0.345385 0.608590 0.344135 0.606154 0.343462 0.603718 0.342692 0.601026 0.342212 0.598333 0.341923 0.595128 0.341827 0.592179 0.342115 0.588590 0.342212 0.585000 0.342981 0.582564 0.343846 0.580128 0.345000 0.578205 0.346635 0.576282 0.348077 0.574872
0 0.385952 0.537833 0.388442 0.538051 0.391087 0.539090 0.393423 0.540333 0.395596 0.541987 0.397154 0.544474 0.398558 0.547179 0.400115 0.549667 0.401356 0.552359 0.402288 0.555269 0.403385 0.558179 0.404000 0.561282 0.404625 0.564397 0.404615 0.568077 0.403385 0.570423 0.401827 0.573115 0.400000 0.574615 0.397308 0.575128 0.394971 0.574782 0.392798 0.573526 0.390615 0.571872 0.388596 0.570205 0.386885 0.567923 0.385173 0.565436 0.383923 0.562744 0.382529 0.560038 0.381596 0.557141 0.380654 0.554231 0.380346 0.551115 0.380038 0.548013 0.380500 0.544897 0.381433 0.541987 0.383308 0.539910
0 0.252500 0.478474 0.255010 0.480154 0.256740 0.482667 0.257500 0.485641 0.257885 0.489359 0.258077 0.492051 0.257981 0.495641 0.257683 0.498590 0.257058 0.501731 0.255798 0.504449 0.254538 0.507179 0.252500 0.509487 0.250452 0.511154 0.248413 0.512833 0.246212 0.514090 0.243856 0.514923 0.241500 0.515769 0.239144 0.516179 0.236942 0.514513 0.235375 0.512000 0.234327 0.508077 0.233942 0.504744 0.234327 0.501538 0.234740 0.498795 0.235385 0.495897 0.236471 0.492936 0.237577 0.489795 0.238990 0.487064 0.240875 0.484974 0.242760 0.482667 0.244644 0.480359 0.247000 0.479526 0.249356 0.478474 0.251865 0.478474
0 0.301442 0.495936 0.299327 0.495769 0.297346 0.496462 0.295365 0.497346 0.293644 0.498756 0.292192 0.500692 0.290875 0.502808 0.289952 0.505449 0.289154 0.507910 0.289327 0.510256 0.290346 0.513013 0.291404 0.515308 0.293115 0.516897 0.294702 0.518654 0.296683 0.520410 0.298538 0.521641 0.300779 0.522526 0.302760 0.522705 0.304875 0.522705 0.306856 0.523051 0.309490 0.522526 0.311471 0.521641 0.313452 0.520410 0.315173 0.519000 0.316490 0.516897 0.317683 0.514603 0.318269 0.511795 0.317942 0.509321 0.317019 0.506859 0.316096 0.504385 0.314904 0.502103 0.313173 0.500128 0.311471 0.498936 0.309625 0.497872 0.307644 0.496821 0.305529 0.496462 0.303462 0.496026
0 0.357933 0.466077 0.360606 0.467590 0.362317 0.470897 0.362885 0.474705 0.362885 0.478769 0.362692 0.481795 0.361558 0.485885 0.360029 0.489179 0.357933 0.491974 0.355654 0.494769 0.352981 0.496551 0.349933 0.497564 0.347404 0.496795 0.345577 0.494487 0.344327 0.490513 0.344327 0.486538 0.344413 0.483346 0.345558 0.479782 0.346510 0.475974 0.348606 0.473179 0.350673 0.469744 0.353846 0.467051
0 0.267606 0.362141 0.271337 0.358936 0.275606 0.358936 0.279865 0.360718 0.282808 0.364628 0.284673 0.369603 0.285202 0.374936 0.285202 0.380628 0.283606 0.385603 0.282000 0.390590 0.279606 0.395205 0.276135 0.398410 0.272673 0.401256 0.268933 0.403385 0.264933 0.404449 0.260663 0.404449 0.256933 0.402321 0.253731 0.398769 0.251596 0.394141 0.251067 0.388808 0.251337 0.383474 0.253731 0.378846 0.256135 0.374231 0.259067 0.370321 0.262269 0.366756
0 0.552981 0.252308 0.556327 0.252795 0.558942 0.253256 0.561375 0.254654 0.563846 0.256026 0.566058 0.257692 0.568365 0.259487 0.570250 0.262308 0.571471 0.265564 0.572163 0.269038 0.572163 0.272756 0.570952 0.276000 0.569029 0.278551 0.566731 0.281282 0.563808 0.282962 0.561442 0.284103 0.558760 0.284590 0.555981 0.284128 0.553269 0.283462 0.550385 0.281923 0.547971 0.280410 0.545538 0.279026 0.543442 0.276705 0.541529 0.274141 0.540481 0.271026 0.539615 0.267654 0.539519 0.264103 0.540385 0.260128 0.542058 0.257436 0.543846 0.254872 0.546577 0.253487 0.549192 0.252564
0 0.653192 0.238462 0.655942 0.237962 0.658885 0.238462 0.661269 0.240410 0.663288 0.243103 0.664029 0.246782 0.663846 0.250949 0.662923 0.254615 0.661827 0.258038 0.659615 0.260987 0.657308 0.263846 0.655212 0.265885 0.652596 0.268462 0.650067 0.269795 0.647308 0.271667 0.644231 0.272308 0.641808 0.271756 0.639048 0.270282 0.637029 0.267590 0.636481 0.263923 0.636154 0.259872 0.636846 0.256577 0.638135 0.252897 0.639231 0.249474 0.641538 0.246026 0.643846 0.244103 0.646394 0.241885 0.649038 0.239872
0 0.688673 0.253756 0.692183 0.253487 0.695000 0.254744 0.696442 0.258462 0.696923 0.262282 0.696510 0.266410 0.695481 0.270538 0.694038 0.274654 0.691769 0.277679 0.689327 0.280641 0.686538 0.282179 0.683558 0.283077 0.680481 0.283590 0.677212 0.282949 0.675577 0.279872 0.675000 0.276282 0.674856 0.272462 0.675577 0.268846 0.676913 0.265038 0.678942 0.261538 0.681663 0.258436 0.685288 0.255641
0 0.592981 0.194372 0.595760 0.193385 0.598750 0.193205 0.601510 0.194128 0.604288 0.195359 0.606885 0.197333 0.608548 0.200551 0.609298 0.204256 0.609038 0.208590 0.607788 0.211923 0.606154 0.215385 0.604106 0.217603 0.601731 0.220385 0.598750 0.221923 0.596442 0.222821 0.593077 0.223205 0.590000 0.223718 0.587240 0.222795 0.584644 0.221064 0.582231 0.219090 0.580942 0.215628 0.580288 0.212308 0.580192 0.208462 0.581125 0.204756 0.582981 0.201782 0.585202 0.199321 0.587606 0.196846 0.590202 0.195115
0 0.419154 0.124397 0.422596 0.122872 0.426250 0.123590 0.429260 0.125628 0.431558 0.129295 0.432933 0.133577 0.432885 0.138333 0.432115 0.142436 0.430673 0.146923 0.428846 0.150513 0.426731 0.154103 0.424202 0.157462 0.421452 0.160526 0.418558 0.162821 0.415019 0.164205 0.411538 0.163590 0.408587 0.160833 0.406298 0.157154 0.404913 0.152872 0.404615 0.147949 0.405144 0.143385 0.406538 0.139231 0.408135 0.134808 0.410423 0.131128 0.413183 0.128077 0.415712 0.125628
0 0.630615 0.075987 0.633048 0.075987 0.635163 0.077397 0.636923 0.079872 0.637885 0.082821 0.638654 0.085295 0.639135 0.088333 0.639269 0.091154 0.639115 0.094192 0.638356 0.097436 0.637442 0.100872 0.636538 0.103705 0.635019 0.106128 0.633500 0.108564 0.632288 0.111192 0.630769 0.113615 0.629038 0.115897 0.626971 0.117462 0.624548 0.118269 0.622269 0.117667 0.619990 0.116654 0.618779 0.114026 0.617885 0.111282 0.617404 0.108205 0.617404 0.105128 0.617500 0.101795 0.618173 0.098462 0.618846 0.095513 0.619904 0.092564 0.620962 0.090000 0.622019 0.087436 0.623183 0.085295 0.624394 0.082667 0.625913 0.080231 0.627731 0.078205
0 0.565394 0.039679 0.568538 0.038897 0.571683 0.037846 0.574635 0.037321 0.577779 0.037321 0.580731 0.038115 0.583288 0.040205 0.585846 0.042308 0.587817 0.045718 0.588404 0.049654 0.588212 0.053846 0.587615 0.058038 0.586442 0.061538 0.584269 0.064603 0.581519 0.066436 0.578567 0.067744 0.575423 0.068795 0.572471 0.069321 0.569519 0.068538 0.566375 0.068269 0.563462 0.066667 0.560769 0.064487 0.559288 0.062244 0.557721 0.058833 0.557519 0.054628 0.557721 0.050436 0.559096 0.046769 0.561058 0.043615 0.563365 0.041154
0 0.352173 0.387833 0.354327 0.387564 0.356644 0.387833 0.358808 0.388026 0.360971 0.389179 0.362702 0.391295 0.364144 0.393603 0.365154 0.396295 0.365731 0.399179 0.365577 0.401282 0.365000 0.403205 0.363846 0.406154 0.362308 0.408590 0.360394 0.410141 0.358375 0.411487 0.356067 0.412449 0.353904 0.413218 0.351635 0.414103 0.349144 0.414372 0.346837 0.414372 0.344529 0.413603 0.342365 0.412641 0.340346 0.411487 0.338904 0.409179 0.338038 0.406487 0.337500 0.403205 0.338077 0.399487 0.338750 0.396667 0.340202 0.394756 0.341933 0.392833 0.343846 0.391154 0.345827 0.390141 0.348173 0.389359
0 0.398923 0.408615 0.402442 0.408615 0.405740 0.408333 0.409048 0.409500 0.411692 0.412436 0.413365 0.416410 0.413846 0.421154 0.413462 0.425769 0.411538 0.430128 0.408827 0.433269 0.405962 0.435923 0.402885 0.437679 0.399577 0.438564 0.396058 0.439872 0.392404 0.439872 0.388798 0.439141 0.385962 0.436026 0.384231 0.430897 0.384135 0.426538 0.385385 0.421538 0.387115 0.418205 0.390192 0.414615 0.393462 0.412051 0.396346 0.410385
0 0.442471 0.803897 0.444510 0.804449 0.445962 0.805385 0.448269 0.806923 0.449817 0.809346 0.451038 0.811705 0.452269 0.814064 0.453490 0.816603 0.454442 0.819141 0.454990 0.821872 0.455260 0.824590 0.455529 0.827500 0.455663 0.830218 0.454856 0.833115 0.454308 0.835846 0.452942 0.838205 0.451317 0.840013 0.449000 0.841282 0.446683 0.842013 0.444644 0.840923 0.442875 0.839295 0.440971 0.837474 0.439471 0.835474 0.437981 0.833205 0.436346 0.830769 0.435096 0.828333 0.434298 0.826590 0.433760 0.823859 0.433212 0.821141 0.433173 0.818077 0.433077 0.815000 0.433346 0.812436 0.433760 0.809705 0.434712 0.807821 0.435577 0.806154 0.436827 0.805513 0.438173 0.804744 0.440385 0.804231
0 0.476490 0.423564 0.479413 0.424346 0.481942 0.426423 0.483510 0.429795 0.484288 0.433692 0.484288 0.437859 0.484288 0.442013 0.483308 0.445910 0.481942 0.449551 0.480192 0.452923 0.477856 0.455526 0.475519 0.458115 0.472981 0.460205 0.470058 0.461500 0.467115 0.462564 0.464798 0.460974 0.462846 0.457859 0.461875 0.453962 0.461096 0.450064 0.460702 0.446167 0.460702 0.442013 0.461875 0.438372 0.463240 0.434731 0.465192 0.431615 0.467135 0.428500 0.469423 0.426923 0.472010 0.424859
0 0.598269 0.611795 0.603942 0.610641 0.608269 0.612436 0.612212 0.615128 0.615962 0.620641 0.617596 0.627821 0.615865 0.634615 0.611923 0.638205 0.607317 0.638910 0.602788 0.637397 0.599394 0.633628 0.595721 0.630603 0.593173 0.625705 0.592894 0.620051 0.594423 0.615128
0 0.584923 0.572654 0.587596 0.572179 0.590288 0.571154 0.592981 0.571154 0.595740 0.572667 0.598346 0.575603 0.599548 0.579333 0.599346 0.583346 0.598346 0.587346 0.596538 0.590821 0.594337 0.593756 0.591933 0.596423 0.589125 0.598295 0.586327 0.600167 0.583519 0.601769 0.580673 0.602436 0.577115 0.601500 0.574808 0.598590 0.573750 0.593974 0.574038 0.589359 0.575308 0.586282 0.577115 0.582808 0.578712 0.579333 0.581317 0.577205 0.583519 0.574526
0 0.590962 0.502949 0.594327 0.502179 0.597385 0.502321 0.600096 0.503462 0.602538 0.505897 0.604192 0.509462 0.604192 0.513872 0.602952 0.517718 0.601250 0.521410 0.598827 0.524590 0.596538 0.527308 0.593462 0.528718 0.590163 0.529808 0.587077 0.530641 0.583981 0.531462 0.580885 0.530910 0.578000 0.528987 0.575731 0.525692 0.574490 0.521833 0.574490 0.517436 0.576144 0.513872 0.578615 0.511115 0.581096 0.508372 0.583981 0.506718 0.587115 0.504487
0 0.502625 0.471179 0.504856 0.471359 0.506952 0.472295 0.508346 0.474526 0.510029 0.476577 0.511346 0.478462 0.512673 0.481038 0.513798 0.483462 0.514635 0.486064 0.515192 0.488859 0.515385 0.491410 0.514913 0.494628 0.514077 0.497423 0.512962 0.500026 0.510721 0.501513 0.508625 0.501705 0.506538 0.501333 0.504423 0.500769 0.502596 0.499615 0.500673 0.498346 0.499135 0.496115 0.497596 0.494064 0.496827 0.491282 0.496202 0.488859 0.495788 0.486064 0.495510 0.483090 0.495577 0.480256 0.495644 0.477500 0.497038 0.475077 0.498577 0.473038 0.500394 0.471551
0 0.571346 0.442436 0.574260 0.442321 0.577192 0.442808 0.579567 0.445013 0.581404 0.447936 0.582683 0.451359 0.583971 0.454782 0.584519 0.458436 0.584702 0.462103 0.583971 0.465769 0.583413 0.469436 0.582500 0.473090 0.580490 0.475782 0.578288 0.478218 0.575538 0.479936 0.572798 0.480910 0.570192 0.480256 0.567663 0.477974 0.565837 0.475051 0.564731 0.471628 0.563817 0.467962 0.563452 0.464308 0.563087 0.460641 0.563087 0.456731 0.563635 0.453064 0.564548 0.449410 0.566019 0.446231 0.568212 0.443782
0 0.522885 0.393718 0.525769 0.393385 0.528644 0.394654 0.531317 0.397218 0.533365 0.399615 0.534712 0.402436 0.535913 0.406397 0.536875 0.410744 0.537067 0.414577 0.536298 0.418397 0.535154 0.421974 0.532856 0.424526 0.529981 0.425038 0.527106 0.425295 0.524423 0.424231 0.521750 0.421974 0.519644 0.419167 0.517913 0.415846 0.516827 0.412051 0.516000 0.408449 0.516000 0.404359 0.516192 0.400526 0.517346 0.396962 0.519808 0.394359
0 0.495288 0.351795 0.497433 0.352526 0.499212 0.354359 0.500452 0.356731 0.501413 0.359295 0.501962 0.362038 0.502644 0.364782 0.502981 0.367308 0.503192 0.370256 0.502913 0.373000 0.502500 0.376026 0.501923 0.378590 0.501000 0.381038 0.499808 0.382821 0.497981 0.384513 0.495923 0.385423 0.493865 0.385064 0.491827 0.383205 0.490577 0.381769 0.489625 0.379218 0.488750 0.376795 0.487885 0.373462 0.487702 0.371167 0.487702 0.368244 0.487971 0.365513 0.488385 0.362769 0.489067 0.360026 0.490308 0.357654 0.491538 0.355269 0.492769 0.352897
0 0.457067 0.327782 0.460192 0.326962 0.463519 0.326679 0.466644 0.326962 0.469760 0.328346 0.471635 0.331949 0.472673 0.336115 0.472260 0.340269 0.470808 0.344154 0.469135 0.347769 0.466846 0.350821 0.464144 0.353590 0.460673 0.355513 0.458106 0.356372 0.454990 0.356923 0.451827 0.357436 0.448365 0.356667 0.445385 0.354231 0.442981 0.350128 0.442500 0.346282 0.443558 0.342308 0.444808 0.338590 0.446731 0.335128 0.449327 0.331795 0.452404 0.329487
0 0.366029 0.320256 0.368654 0.321551 0.370587 0.322654 0.372385 0.324128 0.374135 0.325513 0.375865 0.327949 0.376923 0.330641 0.376817 0.333897 0.376673 0.336667 0.375712 0.339244 0.374048 0.341090 0.372529 0.343308 0.370452 0.344410 0.368240 0.344782 0.366163 0.345513 0.364096 0.345705 0.361875 0.345705 0.359663 0.345513 0.357596 0.344962 0.355106 0.344782 0.353269 0.343462 0.351510 0.342564 0.349577 0.341462 0.348048 0.339436 0.347221 0.336859 0.346115 0.334462 0.345567 0.331692 0.346115 0.328923 0.346673 0.326154 0.348192 0.324128 0.349990 0.322654 0.351827 0.321154 0.353942 0.320385 0.355962 0.320128 0.358269 0.320000 0.360385 0.320000 0.362788 0.319615
0 0.331856 0.239603 0.334635 0.240103 0.336731 0.241410 0.338519 0.244538 0.340000 0.247756 0.340933 0.251449 0.341298 0.255154 0.340933 0.258859 0.340192 0.262564 0.339260 0.266256 0.337971 0.269718 0.335933 0.272436 0.333529 0.274654 0.330567 0.274897 0.327971 0.273423 0.325933 0.270705 0.323904 0.267987 0.322788 0.264538 0.322231 0.260833 0.322423 0.257128 0.322423 0.253179 0.323173 0.249359 0.324327 0.246026 0.326154 0.242949 0.328154 0.240846
0 0.376933 0.225859 0.380000 0.226667 0.382808 0.227423 0.385385 0.229103 0.387702 0.231333 0.389808 0.233718 0.391808 0.237077 0.393462 0.240000 0.394750 0.244128 0.395288 0.248205 0.394750 0.252487 0.393183 0.255872 0.391346 0.258205 0.388846 0.259744 0.385865 0.260385 0.382788 0.260641 0.379712 0.259615 0.377019 0.258205 0.374615 0.255897 0.372817 0.253795 0.370663 0.250923 0.369490 0.247000 0.368510 0.243090 0.368115 0.239167 0.368115 0.234987 0.369298 0.231333 0.371250 0.228205 0.373990 0.226641
0 0.440125 0.192167 0.442692 0.191410 0.445096 0.192179 0.447212 0.193205 0.449481 0.194910 0.451385 0.197026 0.452817 0.199769 0.454240 0.202526 0.455192 0.205487 0.455981 0.208654 0.456615 0.211833 0.456933 0.215000 0.456731 0.217692 0.456144 0.221141 0.455192 0.224103 0.453462 0.226410 0.451385 0.227910 0.449163 0.229179 0.446923 0.229744 0.444721 0.230026 0.442308 0.228462 0.440596 0.227064 0.438856 0.224731 0.437106 0.222410 0.435683 0.219654 0.434413 0.216910 0.433654 0.213590 0.433462 0.210564 0.433462 0.207179 0.433779 0.204000 0.433933 0.200615 0.434615 0.197564 0.436154 0.195128 0.438173 0.192692 0.437115 0.193718
0 0.708500 0.629500 0.710913 0.629718 0.713327 0.630141 0.715577 0.631282 0.717500 0.633077 0.719327 0.635256 0.721038 0.638077 0.722327 0.640859 0.723452 0.643859 0.724423 0.646795 0.724904 0.649872 0.724740 0.653077 0.723779 0.656090 0.721683 0.657795 0.719279 0.658231 0.716702 0.658872 0.714125 0.659295 0.711721 0.658231 0.709308 0.657154 0.707212 0.655436 0.705125 0.653731 0.703519 0.651154 0.702231 0.648154 0.701587 0.644936 0.700769 0.641795 0.701106 0.638500 0.701904 0.635282 0.703192 0.632500 0.705288 0.630782
0 0.668269 0.580000 0.670769 0.579615 0.674135 0.581538 0.675538 0.584526 0.676923 0.587513 0.678125 0.590718 0.678817 0.594167 0.678942 0.597564 0.678471 0.601064 0.677606 0.604513 0.675885 0.607269 0.674163 0.610026 0.671750 0.611641 0.669423 0.611282 0.666923 0.610256 0.665029 0.607731 0.663308 0.604974 0.661923 0.601987 0.661404 0.598308 0.661231 0.594859 0.662269 0.591641 0.663135 0.588192 0.664510 0.585205 0.666058 0.582218
0 0.729779 0.524667 0.732962 0.524385 0.736154 0.524487 0.739317 0.524667 0.742212 0.525385 0.745462 0.526923 0.748010 0.529744 0.750481 0.533077 0.751817 0.537090 0.752663 0.541615 0.752308 0.546538 0.750760 0.549808 0.748433 0.552923 0.745038 0.555744 0.742019 0.557564 0.738894 0.558000 0.735712 0.558564 0.732327 0.558564 0.729135 0.559103 0.725971 0.558564 0.722788 0.557436 0.720000 0.555256 0.717702 0.552641 0.716010 0.548962 0.714529 0.545000 0.714106 0.540769 0.714529 0.536526 0.715962 0.532564 0.718365 0.529231 0.721308 0.526923 0.724135 0.525641 0.726817 0.524949
0 0.661442 0.523179 0.662558 0.519179 0.662712 0.516013 0.662394 0.512859 0.661606 0.509692 0.660019 0.507167 0.657808 0.505474 0.655279 0.505064 0.652750 0.504846 0.650538 0.506321 0.648481 0.508436 0.646587 0.510538 0.644846 0.513064 0.643587 0.515808 0.642500 0.518205 0.641538 0.521282 0.640962 0.524103 0.640865 0.527564 0.640962 0.531026 0.641683 0.534564 0.642635 0.537936 0.644846 0.540051 0.647375 0.540051 0.649750 0.539000 0.651962 0.537526 0.653856 0.535205 0.655913 0.533308 0.657654 0.530987 0.659394 0.528462
0 0.658558 0.417231 0.662087 0.416654 0.665385 0.417308 0.668048 0.419885 0.669375 0.424013 0.670038 0.428423 0.670038 0.433141 0.668654 0.436410 0.666288 0.440500 0.664519 0.444333 0.662115 0.447179 0.659231 0.450256 0.655904 0.452282 0.652596 0.452577 0.649500 0.450808 0.647288 0.447269 0.645971 0.443154 0.645308 0.438731 0.645750 0.434321 0.647288 0.430192 0.649058 0.426359 0.651269 0.422833 0.654135 0.420179
0 0.740769 0.456667 0.743279 0.458782 0.744519 0.462628 0.744923 0.466744 0.744712 0.470128 0.743279 0.474423 0.741635 0.478333 0.739375 0.481000 0.736490 0.482641 0.733615 0.484833 0.730327 0.485115 0.726923 0.485000 0.724135 0.482179 0.722923 0.478808 0.722510 0.474692 0.723337 0.470577 0.724154 0.466462 0.726154 0.463333 0.727981 0.460769 0.731250 0.458205 0.734231 0.457051 0.737500 0.456154
0 0.687327 0.361308 0.689904 0.362051 0.692346 0.363154 0.694769 0.365231 0.696635 0.367692 0.697885 0.370769 0.697712 0.374231 0.697019 0.377923 0.695635 0.380923 0.693731 0.383462 0.691308 0.385308 0.688712 0.386231 0.686346 0.387821 0.683558 0.388718 0.680962 0.389103 0.678173 0.388846 0.675731 0.388077 0.673135 0.386923 0.670712 0.385308 0.669327 0.382308 0.669327 0.382308 0.668635 0.378846 0.668462 0.375385 0.669154 0.371923 0.670885 0.368923 0.672788 0.366385 0.674865 0.364077 0.677288 0.362692 0.679712 0.361308 0.682308 0.360846 0.684904 0.361077
0 0.635577 0.330385 0.638962 0.331974 0.641308 0.335103 0.642375 0.339372 0.642163 0.343641 0.641442 0.347436 0.639808 0.351615 0.637404 0.354231 0.634260 0.356731 0.631058 0.358718 0.628067 0.359859 0.624865 0.360154 0.622096 0.357872 0.620596 0.353885 0.620173 0.349615 0.620817 0.345346 0.621885 0.341077 0.623587 0.337385 0.626154 0.334256 0.628750 0.331795 0.631923 0.330256
0 0.565865 0.333462 0.569423 0.334487 0.572212 0.336923 0.574173 0.341038 0.575288 0.345513 0.575673 0.350641 0.574519 0.355385 0.572519 0.359256 0.569692 0.362397 0.566538 0.365769 0.563327 0.367423 0.559798 0.367744 0.556260 0.366487 0.553433 0.363346 0.550962 0.360000 0.550135 0.355487 0.550096 0.350385 0.551548 0.346064 0.553433 0.341974 0.556442 0.338590 0.559327 0.336000 0.562625 0.333808
0 0.392346 0.865974 0.395615 0.865974 0.398846 0.866154 0.402115 0.867821 0.404808 0.870769 0.406346 0.872564 0.407692 0.875256 0.409038 0.878590 0.409423 0.881795 0.409712 0.886282 0.408702 0.891346 0.406250 0.894064 0.402981 0.895167 0.399500 0.894615 0.396442 0.893974 0.393769 0.892167 0.391115 0.889974 0.389067 0.886705 0.387635 0.882615 0.387231 0.878526 0.387231 0.874154 0.388452 0.870346 0.389712 0.867949
0 0.326298 0.756359 0.329779 0.756167 0.332240 0.755769 0.334567 0.755577 0.337029 0.755962 0.339356 0.756359 0.341538 0.757564 0.342837 0.760026 0.344000 0.762538 0.344577 0.765449 0.345154 0.768346 0.345452 0.771641 0.345452 0.774731 0.344577 0.777436 0.343702 0.780154 0.342404 0.782859 0.340510 0.785179 0.338625 0.786731 0.336596 0.788077 0.333548 0.790205 0.331375 0.791179 0.329327 0.793077 0.327163 0.794269 0.325135 0.795628 0.321942 0.795821 0.319712 0.795897 0.317587 0.795821 0.315125 0.795628 0.312654 0.795628 0.310625 0.794269 0.308596 0.792333 0.307144 0.789821 0.306125 0.786923 0.305692 0.783821 0.305115 0.780923 0.305260 0.778026 0.305404 0.774923 0.306269 0.772026 0.307433 0.769513 0.308452 0.766795 0.310000 0.764487 0.312019 0.762692 0.313942 0.761026 0.315990 0.759833 0.318029 0.758487 0.320385 0.757308 0.322231 0.756744 0.323827 0.756359
0 0.230288 0.736436 0.233077 0.735564 0.235481 0.734872 0.238163 0.735128 0.240481 0.736154 0.242433 0.738628 0.243577 0.741692 0.244423 0.744231 0.244404 0.748474 0.244404 0.751974 0.243740 0.755256 0.243173 0.758205 0.242308 0.761026 0.241279 0.764013 0.239808 0.766859 0.238365 0.770128 0.236846 0.772321 0.234885 0.774949 0.232500 0.776154 0.230000 0.776795 0.227500 0.776923 0.225096 0.776923 0.222740 0.775385 0.221096 0.772756 0.219779 0.769923 0.219288 0.766641 0.218471 0.763359 0.218471 0.759846 0.218798 0.756564 0.218962 0.753282 0.219779 0.750000 0.221096 0.747154 0.222308 0.744615 0.223885 0.742128 0.226019 0.739936 0.228154 0.737974
0 0.498904 0.854423 0.501183 0.853859 0.503462 0.854103 0.505462 0.854051 0.507606 0.855192 0.509317 0.857090 0.510308 0.859756 0.510452 0.862987 0.510173 0.865833 0.509740 0.868692 0.508596 0.871731 0.507462 0.874205 0.505577 0.876154 0.503327 0.878013 0.501327 0.879154 0.499327 0.880295 0.496731 0.880385 0.493913 0.880859 0.491769 0.881244 0.489202 0.881244 0.487346 0.879526 0.485779 0.877436 0.485000 0.873718 0.485356 0.871346 0.485635 0.868500 0.486442 0.865641 0.487346 0.863551 0.488779 0.861269 0.490000 0.859487 0.491769 0.857282 0.493846 0.855513 0.496346 0.854744
0 0.397115 0.758077 0.398462 0.757179 0.399904 0.756667 0.401346 0.756154 0.402788 0.755897 0.404231 0.755769 0.405577 0.756026 0.406827 0.757179 0.407692 0.758846 0.408077 0.760769 0.408654 0.762821 0.408750 0.764872 0.408846 0.766795 0.408846 0.768974 0.408654 0.770897 0.408365 0.772821 0.407692 0.774615 0.407115 0.776667 0.406346 0.778462 0.405577 0.780385 0.404327 0.782308 0.403077 0.783590 0.402404 0.785385 0.401731 0.786282 0.400673 0.787436 0.398942 0.788846 0.397500 0.789615 0.395769 0.789615 0.394423 0.789231 0.392596 0.788718 0.390481 0.786795 0.389808 0.785385 0.388942 0.784103 0.388750 0.781795 0.388654 0.780000 0.388654 0.778205 0.388558 0.775897 0.388558 0.773462 0.389038 0.771538 0.389615 0.770000 0.390288 0.767821 0.391346 0.765513 0.392500 0.764103 0.393462 0.762179 0.394423 0.761154 0.395481 0.760128 0.396346 0.759103
0 0.585000 0.782308 0.587404 0.782179 0.590000 0.783205 0.592577 0.785551 0.595048 0.787833 0.596375 0.791372 0.596942 0.795167 0.597135 0.798962 0.596538 0.802564 0.594673 0.806308 0.592394 0.808833 0.589163 0.811372 0.586058 0.812949 0.583471 0.813897 0.580240 0.815167 0.577308 0.815385 0.574548 0.814910 0.571702 0.814154 0.569038 0.812628 0.566952 0.809603 0.566000 0.805795 0.565433 0.802000 0.565058 0.798205 0.565433 0.794410 0.567308 0.791410 0.569423 0.788846 0.571885 0.786821 0.574731 0.784538 0.577019 0.783846 0.578846 0.782949 0.581442 0.782436
0 0.488846 0.732577 0.492481 0.732244 0.495769 0.733590 0.498558 0.737564 0.499519 0.742949 0.499029 0.748731 0.498298 0.753577 0.496356 0.757769 0.493933 0.761654 0.491029 0.764885 0.486904 0.767462 0.483750 0.768333 0.480365 0.766821 0.477942 0.762936 0.476442 0.757949 0.476250 0.753244 0.476731 0.748397 0.478913 0.743551 0.480865 0.739872 0.483846 0.736282
0 0.651260 0.675897 0.654269 0.675897 0.656923 0.677551 0.659135 0.679359 0.660990 0.682269 0.662048 0.685564 0.662760 0.689103 0.663288 0.692641 0.663462 0.696885 0.663462 0.700667 0.663173 0.704359 0.662404 0.707744 0.660990 0.710808 0.659221 0.713872 0.656442 0.715513 0.654135 0.716538 0.651788 0.716462 0.649135 0.715526 0.646827 0.713205 0.645250 0.711038 0.643837 0.707974 0.642596 0.704205 0.642240 0.700667 0.642413 0.697128 0.642500 0.693718 0.642952 0.689577 0.643837 0.685808 0.644894 0.682500 0.646538 0.679231 0.648606 0.677077
