0 0.553808 0.541526 0.556337 0.544333 0.557808 0.548256 0.558019 0.552474 0.557596 0.556692 0.555702 0.560333 0.552962 0.563141 0.550221 0.565397 0.547067 0.565962 0.543904 0.565679 0.542010 0.562026 0.541375 0.557808 0.541587 0.553603 0.542221 0.549385 0.544115 0.545731 0.547067 0.542923 0.550010 0.540962
0 0.573529 0.492846 0.576154 0.493090 0.578788 0.494026 0.581423 0.494718 0.583356 0.497295 0.584404 0.500564 0.584760 0.504077 0.584933 0.507590 0.583356 0.510628 0.581067 0.512731 0.578788 0.514603 0.576154 0.515538 0.573346 0.515538 0.570538 0.515538 0.568087 0.514141 0.565625 0.512731 0.563346 0.510859 0.561423 0.508295 0.560365 0.505013 0.560192 0.501500 0.561423 0.498231 0.563346 0.495423 0.565625 0.493551 0.568260 0.492615 0.570894 0.492846
0 0.512788 0.520897 0.514712 0.521705 0.516442 0.522564 0.518192 0.524115 0.519875 0.525654 0.521250 0.527564 0.522452 0.529615 0.523231 0.532192 0.523740 0.534769 0.524135 0.537436 0.524260 0.540282 0.523875 0.542859 0.523096 0.545269 0.521548 0.547154 0.520000 0.548872 0.518327 0.550256 0.516394 0.550590 0.514202 0.550423 0.512260 0.549564 0.510587 0.548192 0.509038 0.546474 0.507875 0.544231 0.506846 0.542000 0.505817 0.539756 0.505423 0.537179 0.504913 0.534603 0.505038 0.532026 0.505817 0.529269 0.506462 0.526692 0.507490 0.524462 0.509038 0.522731 0.510587 0.521013
0 0.462981 0.539231 0.465356 0.540667 0.466692 0.543244 0.468019 0.545808 0.468760 0.548769 0.468760 0.551936 0.468615 0.555295 0.467875 0.558256 0.466990 0.561013 0.465510 0.563385 0.463875 0.565564 0.461952 0.567538 0.459731 0.568128 0.457500 0.567333 0.455279 0.566154 0.453654 0.563846 0.452913 0.561218 0.452615 0.558256 0.452615 0.555090 0.452760 0.551936 0.453798 0.549167 0.454990 0.546603 0.456471 0.544231 0.458250 0.542256 0.460096 0.540513
0 0.418115 0.466000 0.420721 0.467167 0.422981 0.469474 0.424423 0.472051 0.425587 0.475500 0.426279 0.478974 0.426635 0.482449 0.426106 0.485923 0.425673 0.489615 0.424894 0.493103 0.423673 0.496346 0.422115 0.499359 0.419683 0.500974 0.417077 0.501667 0.414471 0.501910 0.411692 0.502141 0.409087 0.501205 0.407346 0.498436 0.406135 0.495192 0.405673 0.491154 0.405385 0.487821 0.405260 0.484308 0.405615 0.480833 0.406135 0.477359 0.407346 0.474115 0.408740 0.471103 0.410471 0.468321 0.412904 0.466705 0.415510 0.465538
0 0.373942 0.481795 0.376221 0.482897 0.378269 0.484231 0.379615 0.486538 0.380856 0.489077 0.381010 0.492064 0.380856 0.495051 0.379212 0.497244 0.377269 0.499231 0.375173 0.500628 0.372933 0.501026 0.370692 0.500436 0.368452 0.499436 0.366654 0.497449 0.365163 0.495051 0.364260 0.492256 0.364115 0.489269 0.364260 0.486282 0.365163 0.483487 0.367019 0.481667 0.369519 0.481667 0.371885 0.481500
0 0.320298 0.493244 0.322192 0.492564 0.324077 0.492897 0.325971 0.493744 0.327788 0.494872 0.329365 0.496090 0.330625 0.498103 0.332019 0.500000 0.332788 0.502308 0.333654 0.504359 0.334423 0.506795 0.334808 0.509103 0.334913 0.511538 0.334788 0.514064 0.334615 0.516538 0.334404 0.519436 0.333279 0.521615 0.332144 0.523808 0.330500 0.525321 0.328865 0.526654 0.326981 0.526821 0.325087 0.526487 0.323452 0.524974 0.321808 0.523641 0.320298 0.521962 0.318788 0.520282 0.317654 0.518090 0.316769 0.515744 0.316019 0.513385 0.315385 0.510872 0.314885 0.508359 0.314885 0.505667 0.315010 0.503141 0.315135 0.500628 0.315510 0.498103 0.316519 0.495923 0.318029 0.494244
0 0.284971 0.533692 0.287000 0.534231 0.289038 0.534962 0.290798 0.536410 0.292702 0.537487 0.294462 0.539115 0.295952 0.541115 0.296904 0.543641 0.297856 0.546179 0.298365 0.548718 0.297990 0.551603 0.296769 0.553949 0.294731 0.554859 0.292702 0.555038 0.290663 0.554859 0.288625 0.554679 0.286596 0.553769 0.284827 0.552141 0.283202 0.550333 0.281442 0.548885 0.279952 0.546718 0.279000 0.544179 0.278183 0.541654 0.277913 0.538936 0.278587 0.536231 0.280221 0.534423 0.282250 0.533692
0 0.207635 0.492282 0.210962 0.492179 0.214327 0.492692 0.217596 0.493590 0.219808 0.495897 0.219173 0.500269 0.216962 0.503821 0.214077 0.506487 0.211192 0.509449 0.208077 0.511218 0.204750 0.512705 0.201644 0.514474 0.198317 0.514769 0.194904 0.514231 0.192096 0.511808 0.191433 0.507372 0.192769 0.503231 0.194760 0.499385 0.197654 0.496718 0.200760 0.494949 0.203865 0.493167
0 0.251481 0.461744 0.254519 0.463333 0.257413 0.465128 0.259750 0.468526 0.261240 0.472487 0.262298 0.476731 0.262933 0.480974 0.263144 0.485218 0.261875 0.490308 0.260192 0.494103 0.257846 0.497667 0.255087 0.499923 0.251904 0.500769 0.248721 0.500487 0.245538 0.499077 0.242779 0.496244 0.241087 0.492564 0.240019 0.488333 0.239808 0.484090 0.239596 0.479846 0.239808 0.475603 0.240481 0.471667 0.242356 0.467679 0.244692 0.464282 0.247875 0.462026
0 0.813673 0.331038 0.816971 0.331038 0.820067 0.332141 0.822740 0.334615 0.825423 0.337090 0.825837 0.341218 0.825010 0.345333 0.823769 0.349462 0.821712 0.352756 0.819442 0.356333 0.816769 0.358526 0.813875 0.360449 0.810788 0.361000 0.807692 0.360731 0.804606 0.359628 0.801721 0.357974 0.799240 0.355231 0.798625 0.351103 0.799038 0.346987 0.800279 0.343141 0.802212 0.339487 0.805019 0.337090 0.807692 0.334897 0.810375 0.332692
0 0.768163 0.390782 0.771798 0.392859 0.775433 0.395282 0.778808 0.398397 0.781923 0.402205 0.784000 0.406705 0.786250 0.410769 0.787894 0.416051 0.788413 0.421244 0.787635 0.426436 0.784519 0.430244 0.780625 0.431282 0.776731 0.430590 0.772837 0.429205 0.768942 0.427128 0.766087 0.423321 0.763231 0.419513 0.760375 0.415705 0.758077 0.410641 0.757308 0.405641 0.757788 0.399744 0.759077 0.394590 0.762452 0.391821 0.765308 0.391128
0 0.690221 0.422885 0.692760 0.424244 0.694904 0.425897 0.696346 0.427949 0.697500 0.431282 0.698173 0.434833 0.697827 0.438218 0.697490 0.441590 0.697115 0.444744 0.696346 0.448077 0.694788 0.451064 0.692760 0.453769 0.690394 0.456013 0.688029 0.457372 0.685490 0.457821 0.683125 0.456474 0.681269 0.453987 0.679913 0.450833 0.679327 0.447436 0.679404 0.444077 0.679740 0.440692 0.680587 0.437308 0.681606 0.434154 0.682452 0.430769 0.683798 0.427615 0.685827 0.425372 0.688029 0.423564
0 0.641635 0.397692 0.643837 0.399115 0.645875 0.400987 0.647433 0.403500 0.647750 0.406628 0.647692 0.409615 0.647125 0.412679 0.646442 0.415641 0.645404 0.418526 0.643683 0.421026 0.642115 0.423526 0.640394 0.425821 0.638202 0.427500 0.635856 0.427910 0.633365 0.428718 0.631000 0.428333 0.628500 0.428115 0.626462 0.426449 0.624269 0.424782 0.622865 0.422064 0.621615 0.419154 0.621615 0.415808 0.621769 0.412679 0.623019 0.409551 0.624433 0.406833 0.626154 0.404538 0.628183 0.402667 0.630221 0.400987 0.632413 0.399744 0.634760 0.398487 0.637115 0.398077 0.639327 0.397821
0 0.588096 0.428872 0.590865 0.431423 0.592567 0.435115 0.592990 0.439372 0.592356 0.443615 0.591500 0.447872 0.589163 0.450987 0.586394 0.453821 0.583423 0.455808 0.579808 0.456372 0.576404 0.456949 0.573000 0.456949 0.570019 0.454679 0.568269 0.450256 0.568106 0.446167 0.568750 0.441923 0.570663 0.438231 0.572577 0.434551 0.574913 0.431423 0.577683 0.429154 0.580865 0.427744 0.584058 0.427462
0 0.680510 0.346910 0.682856 0.348833 0.683933 0.352449 0.684298 0.356051 0.682856 0.359179 0.681231 0.362308 0.678942 0.364744 0.675817 0.366397 0.673269 0.367949 0.670385 0.368846 0.667981 0.369487 0.664990 0.369038 0.662288 0.368321 0.659942 0.366397 0.658683 0.363026 0.658683 0.359179 0.659404 0.355333 0.661385 0.352449 0.663731 0.350526 0.666260 0.349077 0.668779 0.347641 0.671490 0.346667 0.674192 0.345705 0.677077 0.345705
0 0.757721 0.272487 0.760500 0.272949 0.763269 0.274333 0.765385 0.276154 0.767404 0.279359 0.768481 0.282654 0.768827 0.286359 0.769000 0.289833 0.769000 0.293526 0.768654 0.297231 0.767779 0.300923 0.766394 0.303936 0.765010 0.306949 0.763615 0.310410 0.761712 0.313192 0.759452 0.315038 0.757029 0.316423 0.754769 0.318513 0.752173 0.318744 0.749394 0.318744 0.746442 0.318744 0.743846 0.318038 0.741587 0.315962 0.739683 0.313423 0.738471 0.310179 0.737942 0.306705 0.737596 0.303013 0.737596 0.299077 0.738471 0.295141 0.739163 0.291679 0.740029 0.288205 0.741240 0.284513 0.742808 0.281038 0.744365 0.278026 0.747144 0.275026 0.749740 0.273872 0.752346 0.273410 0.754942 0.272718
0 0.701913 0.236923 0.704760 0.236923 0.707615 0.236923 0.710298 0.237641 0.712788 0.239231 0.714221 0.242397 0.714519 0.246026 0.714038 0.249295 0.712260 0.252141 0.710471 0.255474 0.708510 0.258333 0.706010 0.260705 0.703519 0.262372 0.700837 0.263321 0.697990 0.263321 0.695135 0.263564 0.692279 0.263564 0.689606 0.262615 0.688000 0.259513 0.686750 0.255949 0.686567 0.252141 0.687106 0.248577 0.688529 0.245487 0.690317 0.242397 0.692817 0.240731 0.695663 0.238590 0.698346 0.237872
0 0.624327 0.242641 0.627404 0.243462 0.630490 0.244551 0.632952 0.247295 0.634596 0.250846 0.635413 0.255231 0.635481 0.259744 0.635615 0.263987 0.635096 0.268077 0.633769 0.272192 0.631510 0.275205 0.628846 0.278218 0.625558 0.279590 0.622481 0.279859 0.619192 0.279859 0.616529 0.277667 0.614683 0.274115 0.613452 0.270282 0.612837 0.266179 0.612423 0.261244 0.612423 0.256603 0.613038 0.252218 0.614885 0.248654 0.617346 0.245923 0.620433 0.243731
0 0.548712 0.274628 0.550779 0.275551 0.552837 0.276282 0.554769 0.277744 0.556548 0.279218 0.558337 0.280859 0.559990 0.282885 0.561500 0.285077 0.562981 0.286923 0.564394 0.289295 0.565096 0.291795 0.565481 0.293974 0.566183 0.297179 0.566317 0.299936 0.566317 0.302872 0.565490 0.305436 0.563702 0.307090 0.561644 0.308192 0.559577 0.308551 0.557375 0.308744 0.555317 0.308551 0.553250 0.307449 0.551327 0.306167 0.549712 0.304103 0.548269 0.301795 0.546731 0.299744 0.545827 0.297551 0.544865 0.294987 0.544173 0.292231 0.543346 0.289667 0.543077 0.286910 0.542798 0.284167 0.542933 0.281231 0.543942 0.278718 0.545413 0.276641 0.547337 0.275359
0 0.277990 0.591372 0.280106 0.592577 0.281769 0.595000 0.282673 0.597808 0.282519 0.601038 0.281913 0.604051 0.280260 0.606667 0.278298 0.608269 0.276183 0.609487 0.273769 0.610090 0.271202 0.610692 0.268942 0.610487 0.266673 0.609885 0.264231 0.609231 0.261827 0.608077 0.260000 0.606923 0.257981 0.605385 0.256442 0.603077 0.256154 0.600256 0.256442 0.597179 0.257769 0.595192 0.259731 0.593385 0.261846 0.591974 0.263962 0.590564 0.266221 0.590167 0.268635 0.589962 0.270904 0.589769 0.273317 0.589769 0.275125 0.590564
0 0.468221 0.315897 0.470260 0.316577 0.472029 0.317756 0.473942 0.318603 0.475212 0.320641 0.476221 0.322833 0.476981 0.325205 0.477240 0.327910 0.476731 0.330628 0.475587 0.333333 0.474317 0.335359 0.472538 0.336385 0.470635 0.336718 0.468731 0.337051 0.466827 0.337231 0.464923 0.336885 0.462894 0.336551 0.461115 0.335359 0.459846 0.333333 0.459087 0.330962 0.458827 0.328423 0.458577 0.325885 0.458702 0.323346 0.459721 0.321141 0.461240 0.319282 0.463019 0.317423 0.464923 0.316577 0.466317 0.316410
0 0.421519 0.376628 0.424365 0.376372 0.427202 0.376628 0.429663 0.379154 0.431183 0.382936 0.431567 0.386731 0.431567 0.390769 0.430808 0.394564 0.429038 0.397308 0.426827 0.400115 0.423413 0.402141 0.420673 0.404103 0.418115 0.405167 0.415269 0.404910 0.412433 0.404410 0.409519 0.402179 0.407596 0.398590 0.407019 0.394615 0.408067 0.390769 0.409779 0.386974 0.411673 0.383949 0.414135 0.381423 0.416596 0.379397 0.419135 0.377692
0 0.365654 0.396154 0.368317 0.396154 0.370798 0.395936 0.373173 0.396795 0.375615 0.397923 0.377769 0.399705 0.379808 0.401410 0.381260 0.404128 0.381760 0.407449 0.381923 0.410987 0.381587 0.414744 0.380923 0.418282 0.379096 0.421167 0.376779 0.422936 0.374452 0.424487 0.371962 0.425372 0.369471 0.425590 0.366990 0.425372 0.364163 0.425141 0.361510 0.425141 0.359019 0.425372 0.356529 0.424487 0.354038 0.423603 0.352019 0.421154 0.350885 0.418513 0.350385 0.415128 0.350394 0.411654 0.351385 0.408333 0.352712 0.405231 0.354538 0.402795 0.356529 0.400141 0.358692 0.398372 0.361346 0.397487
0 0.311163 0.419897 0.313365 0.421154 0.315231 0.423654 0.316798 0.426795 0.317596 0.429615 0.317981 0.432821 0.318365 0.436192 0.317740 0.439538 0.316798 0.442462 0.314923 0.445397 0.312567 0.446436 0.310221 0.446641 0.307865 0.446231 0.305673 0.444769 0.303635 0.443090 0.302067 0.440167 0.300971 0.437244 0.300183 0.434103 0.300183 0.430756 0.300183 0.427423 0.301125 0.424487 0.302856 0.421769 0.304808 0.419872 0.307394 0.419269 0.309125 0.419679
0 0.277125 0.379141 0.280115 0.382474 0.281365 0.387462 0.282115 0.392449 0.281865 0.397769 0.280365 0.402756 0.277375 0.406077 0.273385 0.408744 0.269644 0.410397 0.265904 0.410064 0.262788 0.405769 0.261058 0.400385 0.260673 0.395128 0.262404 0.390000 0.264135 0.385769 0.266923 0.381282 0.270394 0.378808 0.274135 0.377808
0 0.197981 0.431692 0.200231 0.434000 0.201452 0.437244 0.201827 0.441026 0.201731 0.444872 0.200933 0.448372 0.200058 0.451846 0.198327 0.454628 0.195894 0.457167 0.193462 0.459487 0.191029 0.461115 0.188596 0.462731 0.185990 0.462962 0.183385 0.462038 0.181298 0.459718 0.179904 0.456474 0.179558 0.453000 0.179731 0.449064 0.180606 0.445590 0.181644 0.442346 0.183385 0.439564 0.184904 0.436923 0.187212 0.434231 0.189327 0.432308 0.192212 0.430897 0.194904 0.430385
0 0.209317 0.300603 0.212298 0.301397 0.215087 0.302987 0.217279 0.306179 0.217683 0.310167 0.217481 0.314410 0.215490 0.318397 0.212904 0.320526 0.210481 0.322436 0.207788 0.323846 0.204615 0.324359 0.201548 0.324244 0.198356 0.324244 0.195173 0.323705 0.192385 0.321846 0.191183 0.318128 0.191779 0.313615 0.193173 0.309897 0.195365 0.306179 0.198154 0.304051 0.201144 0.302731 0.204519 0.301154
0 0.327894 0.316756 0.330577 0.317436 0.333288 0.318731 0.335894 0.320718 0.338173 0.322179 0.340346 0.324679 0.341654 0.328397 0.342212 0.332615 0.342577 0.336333 0.341279 0.339795 0.338865 0.343026 0.336077 0.344256 0.333288 0.345744 0.330500 0.346000 0.327529 0.346244 0.324712 0.345000 0.322317 0.343513 0.319519 0.341923 0.317298 0.339795 0.315817 0.336333 0.314702 0.332859 0.314885 0.328154 0.315260 0.324436 0.317115 0.321205 0.319346 0.318731 0.322135 0.317244 0.324923 0.316756
0 0.420942 0.291718 0.423760 0.292718 0.426385 0.294474 0.427894 0.298231 0.428644 0.302244 0.428644 0.306244 0.427894 0.310000 0.426385 0.313256 0.424510 0.316269 0.422635 0.319269 0.420567 0.322282 0.418125 0.325038 0.415683 0.327282 0.413048 0.329795 0.410606 0.331795 0.407596 0.332295 0.404779 0.331551 0.402154 0.330038 0.400087 0.327282 0.399519 0.323526 0.398962 0.319769 0.399337 0.316013 0.399894 0.312256 0.401212 0.308500 0.403279 0.305744 0.405538 0.302987 0.407596 0.300231 0.410048 0.297474 0.412490 0.295474 0.415490 0.293474 0.417308 0.292051 0.418846 0.291667
0 0.748462 0.173205 0.746058 0.171923 0.743269 0.171410 0.740077 0.171897 0.737067 0.172897 0.734433 0.174410 0.732115 0.176795 0.730096 0.179359 0.728029 0.182192 0.725769 0.185705 0.724231 0.189872 0.722942 0.194500 0.722942 0.198513 0.724327 0.201538 0.727596 0.202692 0.730856 0.202782 0.733942 0.202564 0.736923 0.201154 0.739808 0.199872 0.742337 0.197013 0.744788 0.194244 0.747615 0.190987 0.750067 0.186718 0.751385 0.183205 0.751154 0.178462 0.750192 0.175256
0 0.646942 0.155436 0.649702 0.156423 0.652269 0.158372 0.654654 0.160333 0.657038 0.162295 0.658875 0.165231 0.660154 0.168654 0.660894 0.172321 0.661250 0.176026 0.660962 0.180000 0.658692 0.183577 0.656308 0.186269 0.653731 0.187744 0.650798 0.186756 0.648048 0.185782 0.645481 0.184064 0.643087 0.181872 0.641058 0.179487 0.639423 0.176244 0.638173 0.172436 0.637596 0.168205 0.637952 0.165231 0.639058 0.161551 0.640885 0.158372 0.643279 0.156423
0 0.510490 0.212372 0.513471 0.212372 0.516269 0.212615 0.518875 0.214115 0.521481 0.215846 0.523721 0.218577 0.525212 0.221808 0.526702 0.225038 0.527817 0.228513 0.528567 0.232244 0.528942 0.236462 0.529125 0.240192 0.528375 0.243923 0.526519 0.246897 0.524135 0.249487 0.521298 0.250628 0.518500 0.250872 0.515712 0.249628 0.512913 0.248397 0.510769 0.245385 0.508817 0.242436 0.507327 0.239205 0.505837 0.235974 0.504904 0.232308 0.504154 0.228513 0.503971 0.224795 0.504154 0.220821 0.505462 0.216846 0.508067 0.214859
0 0.228548 0.221218 0.231683 0.221218 0.234615 0.221487 0.237356 0.223308 0.239423 0.225385 0.241462 0.228795 0.243423 0.231923 0.244788 0.235577 0.245481 0.239872 0.245577 0.243667 0.244404 0.247321 0.242442 0.250449 0.239308 0.251231 0.236183 0.251231 0.233048 0.250705 0.230115 0.249141 0.227769 0.246538 0.225413 0.243923 0.223846 0.240013 0.223260 0.236090 0.222788 0.232179 0.222692 0.227949 0.223846 0.224615 0.225865 0.222051
0 0.308385 0.255590 0.311038 0.253821 0.314077 0.253308 0.316923 0.253821 0.319394 0.255846 0.321663 0.258628 0.322808 0.262167 0.322308 0.265769 0.321154 0.269487 0.319394 0.272795 0.316923 0.275833 0.313942 0.277949 0.311442 0.279359 0.308365 0.280897 0.305769 0.281795 0.302885 0.280885 0.300038 0.279872 0.297760 0.277346 0.296538 0.274487 0.296731 0.270641 0.297788 0.266667 0.298894 0.263179 0.301365 0.260654 0.303644 0.258115 0.306298 0.256346
0 0.371394 0.205128 0.374250 0.206756 0.375885 0.210295 0.377115 0.214115 0.377692 0.218205 0.377519 0.222551 0.377317 0.226641 0.376702 0.230731 0.376058 0.234872 0.374250 0.238628 0.371798 0.241346 0.369346 0.244346 0.366288 0.245167 0.363221 0.244346 0.360365 0.242705 0.358731 0.239167 0.357298 0.235359 0.356885 0.231269 0.357096 0.227179 0.358115 0.222821 0.359548 0.219013 0.361385 0.215474 0.363019 0.211936 0.365471 0.208667 0.368125 0.205397
0 0.319663 0.188885 0.320202 0.192692 0.320558 0.196269 0.319837 0.199833 0.318952 0.203410 0.317702 0.206744 0.316269 0.209833 0.314231 0.212949 0.311981 0.215064 0.309308 0.216026 0.306452 0.216731 0.303769 0.216256 0.301990 0.213397 0.301096 0.209359 0.300769 0.205641 0.301346 0.201538 0.303269 0.197179 0.305096 0.194487 0.306625 0.191500 0.308952 0.189359 0.311625 0.187692 0.314481 0.186500 0.317019 0.186154
0 0.274135 0.142821 0.277356 0.142564 0.279798 0.143026 0.282596 0.143269 0.284692 0.145128 0.287135 0.146987 0.288183 0.150244 0.289231 0.153513 0.288885 0.157231 0.287308 0.160487 0.285212 0.163051 0.282942 0.165154 0.280327 0.166782 0.277875 0.167474 0.275000 0.168333 0.271923 0.168846 0.268942 0.168974 0.266529 0.168641 0.263558 0.168410 0.261115 0.167474 0.258144 0.166308 0.255875 0.164679 0.254135 0.161654 0.254135 0.157936 0.254654 0.154436 0.256404 0.151410 0.258317 0.148846 0.260942 0.146987 0.263385 0.146051 0.266183 0.144897 0.268452 0.143500 0.271240 0.143269
0 0.318837 0.101205 0.321644 0.100205 0.324442 0.099949 0.327250 0.100449 0.329673 0.102449 0.329865 0.106179 0.328740 0.109923 0.327250 0.113167 0.325567 0.116397 0.323173 0.118462 0.320702 0.120641 0.318087 0.122128 0.315288 0.123128 0.312298 0.123128 0.309308 0.122872 0.306875 0.120385 0.306317 0.116654 0.307067 0.112910 0.308933 0.109667 0.311173 0.106679 0.315192 0.102949
0 0.380106 0.129654 0.383087 0.130449 0.386077 0.132038 0.388058 0.135218 0.390250 0.138128 0.391837 0.141577 0.392635 0.145821 0.393625 0.149795 0.394221 0.153769 0.394221 0.158013 0.393231 0.161987 0.391240 0.165167 0.388856 0.167821 0.385875 0.169141 0.382894 0.168615 0.380702 0.165692 0.379115 0.162256 0.377529 0.158808 0.376731 0.154833 0.376135 0.150859 0.375538 0.146615 0.375538 0.142372 0.375538 0.138128 0.376337 0.134154 0.377721 0.131500
0 0.419750 0.162577 0.423337 0.164179 0.426442 0.166718 0.428596 0.171179 0.430269 0.175641 0.432183 0.179795 0.433856 0.184256 0.433856 0.189667 0.433615 0.195410 0.431942 0.199872 0.428596 0.202103 0.425010 0.202423 0.421423 0.202103 0.418317 0.199551 0.415212 0.197000 0.413298 0.192859 0.412346 0.188077 0.411625 0.183295 0.411625 0.178192 0.412106 0.173410 0.413058 0.168641 0.415452 0.164487
0 0.457942 0.163667 0.460673 0.164487 0.463558 0.166667 0.466346 0.170128 0.468654 0.174231 0.469712 0.178974 0.470000 0.182564 0.469808 0.188077 0.468462 0.193590 0.466029 0.197436 0.462837 0.198564 0.459433 0.198000 0.456663 0.195731 0.454327 0.192321 0.452625 0.188628 0.451135 0.184372 0.450490 0.180115 0.450490 0.175577 0.450913 0.171321 0.452192 0.167346 0.454327 0.163949
0 0.503096 0.110346 0.504837 0.113705 0.505423 0.117577 0.505231 0.121974 0.504067 0.125590 0.501933 0.129474 0.499798 0.132308 0.497673 0.135154 0.494760 0.137731 0.492240 0.140064 0.489337 0.141090 0.486433 0.142128 0.483519 0.142385 0.480615 0.141615 0.478096 0.139026 0.476548 0.135667 0.475192 0.132051 0.474808 0.128179 0.475000 0.124295 0.475962 0.120423 0.477519 0.116551 0.479260 0.113192 0.481971 0.110603 0.484298 0.108026 0.487010 0.106474 0.490115 0.105949 0.493019 0.105436 0.496125 0.105436 0.499029 0.106218 0.501548 0.107244
0 0.540308 0.136962 0.543404 0.136962 0.546317 0.137474 0.548837 0.139808 0.550769 0.142910 0.552712 0.146269 0.554260 0.150141 0.555423 0.154013 0.556192 0.157897 0.556587 0.161769 0.556192 0.165641 0.554423 0.168462 0.551548 0.170551 0.548442 0.171333 0.545538 0.171064 0.543019 0.168744 0.540308 0.166936 0.538365 0.163577 0.536433 0.160474 0.534683 0.157115 0.533846 0.152949 0.533712 0.148846 0.534231 0.144872 0.535096 0.141795 0.537202 0.139282
0 0.606663 0.087859 0.609788 0.088897 0.612317 0.090974 0.614856 0.093577 0.616413 0.096949 0.617000 0.101115 0.617000 0.105269 0.615635 0.108910 0.613683 0.112282 0.610760 0.114628 0.607837 0.115141 0.604519 0.115667 0.601404 0.116705 0.598288 0.116962 0.595365 0.115667 0.592827 0.113590 0.590288 0.110987 0.589317 0.107090 0.588933 0.103192 0.589510 0.099295 0.591462 0.095910 0.594000 0.093833 0.596529 0.091487 0.599067 0.089410 0.601990 0.087859
0 0.665808 0.110410 0.662654 0.110962 0.659712 0.113205 0.658452 0.117128 0.659712 0.121051 0.662442 0.123577 0.665385 0.125256 0.668750 0.126667 0.671692 0.128346 0.674846 0.129462 0.678212 0.129462 0.681577 0.128346 0.684308 0.126103 0.687250 0.123577 0.688308 0.119372 0.686837 0.115449 0.683894 0.113487 0.680740 0.112090 0.677798 0.110397 0.674644 0.110128 0.671279 0.109282 0.668173 0.110128
0 0.368000 0.011769 0.371365 0.012359 0.374510 0.014154 0.377644 0.016846 0.380337 0.019846 0.383029 0.022833 0.384606 0.027026 0.385500 0.031513 0.385952 0.036000 0.386625 0.041385 0.387067 0.045872 0.387067 0.050949 0.386846 0.055436 0.385500 0.059628 0.383933 0.063821 0.382356 0.068000 0.381240 0.072487 0.378769 0.075782 0.375404 0.077269 0.372038 0.078167 0.368673 0.079372 0.365087 0.079372 0.362163 0.076974 0.360375 0.073090 0.358577 0.068603 0.357010 0.064410 0.355663 0.060231 0.354760 0.055436 0.354087 0.050654 0.353865 0.045872 0.353865 0.041077 0.353644 0.036295 0.353644 0.031205 0.354538 0.026718 0.356106 0.022231 0.358356 0.018641 0.361048 0.015359 0.363962 0.013564
0 0.320192 0.591667 0.322327 0.592205 0.324433 0.594141 0.326221 0.596526 0.327500 0.598718 0.328971 0.602141 0.329298 0.605372 0.329615 0.608615 0.329615 0.612077 0.329231 0.615256 0.328000 0.618115 0.326058 0.620282 0.324115 0.622436 0.321683 0.623090 0.319087 0.623090 0.316817 0.621795 0.314712 0.620064 0.312769 0.617897 0.311471 0.615090 0.310481 0.611667 0.310000 0.608590 0.309529 0.605590 0.309365 0.602346 0.310019 0.599115 0.310827 0.596731 0.311962 0.593718 0.314067 0.591769 0.316635 0.590641 0.318269 0.591282
0 0.378788 0.554564 0.381212 0.556179 0.382769 0.559179 0.383798 0.562397 0.383452 0.565859 0.382933 0.569308 0.382077 0.572756 0.381154 0.575769 0.379519 0.578333 0.377981 0.581026 0.375962 0.583846 0.373846 0.586410 0.371442 0.587949 0.368952 0.588885 0.366356 0.589577 0.363846 0.589231 0.361519 0.587962 0.359625 0.585192 0.358587 0.581974 0.358587 0.578282 0.358760 0.574833 0.359788 0.571615 0.360827 0.568385 0.362308 0.565641 0.364288 0.563321 0.366183 0.560551 0.368433 0.558718 0.370673 0.556641 0.373096 0.555256 0.375683 0.554103
0 0.207837 0.601179 0.210183 0.603577 0.211260 0.606936 0.211615 0.610538 0.210721 0.614141 0.209096 0.617269 0.207115 0.620141 0.204962 0.623269 0.202615 0.625423 0.200462 0.627821 0.197933 0.629269 0.195385 0.630513 0.192712 0.631192 0.190019 0.630949 0.187673 0.628782 0.186231 0.625667 0.185875 0.622064 0.185875 0.618218 0.187135 0.614859 0.188577 0.611500 0.190740 0.608385 0.193077 0.606218 0.195413 0.604308 0.197760 0.602385 0.200462 0.601423 0.203173 0.600256 0.205865 0.600256
0 0.457875 0.593692 0.460096 0.594077 0.461635 0.595641 0.462788 0.598333 0.463077 0.602051 0.462317 0.604756 0.461135 0.607731 0.459654 0.610103 0.457875 0.612077 0.455798 0.614051 0.453750 0.615385 0.451346 0.616154 0.449423 0.616667 0.447192 0.617218 0.444817 0.617218 0.442596 0.616795 0.440673 0.615436 0.438596 0.613859 0.436663 0.612077 0.435779 0.609115 0.435779 0.605949 0.436067 0.602987 0.437260 0.600410 0.439183 0.598833 0.441115 0.597051 0.443038 0.595462 0.445269 0.594679 0.447490 0.593692 0.449712 0.593487 0.452087 0.593487 0.454606 0.593487
0 0.812837 0.526590 0.814519 0.527949 0.815529 0.531295 0.815529 0.534885 0.815365 0.538244 0.814519 0.541615 0.813173 0.544526 0.811327 0.547000 0.809471 0.549462 0.807788 0.552154 0.805433 0.553949 0.803077 0.555295 0.800288 0.555897 0.797692 0.555526 0.795846 0.553051 0.795010 0.549692 0.795010 0.546103 0.795846 0.542731 0.796635 0.539487 0.798202 0.536449 0.799885 0.533769 0.801904 0.531295 0.803587 0.528603 0.805942 0.527038 0.808077 0.526410 0.810144 0.526141
0 0.723212 0.555218 0.725558 0.554808 0.727577 0.556474 0.728981 0.559167 0.729760 0.562282 0.730231 0.565410 0.730000 0.568333 0.729452 0.571436 0.728173 0.574231 0.726644 0.576833 0.725087 0.579333 0.723375 0.581821 0.721654 0.584115 0.719471 0.585987 0.717135 0.586603 0.714798 0.587641 0.712308 0.586821 0.710279 0.585154 0.708558 0.582872 0.707942 0.579744 0.708096 0.576628 0.708250 0.573513 0.709337 0.570603 0.710279 0.567692 0.711827 0.565128 0.713548 0.562910 0.715423 0.560628 0.717452 0.558551 0.719471 0.556885 0.721346 0.555423
0 0.443413 0.752051 0.446327 0.752833 0.448654 0.754872 0.450962 0.757308 0.453510 0.760090 0.455067 0.763449 0.456250 0.766923 0.456827 0.771282 0.456615 0.775372 0.455837 0.779256 0.454096 0.782615 0.451183 0.783654 0.448067 0.783654 0.445154 0.782885 0.442635 0.780808 0.440106 0.778731 0.437577 0.776667 0.436221 0.773038 0.434087 0.769923 0.432923 0.765782 0.432721 0.761897 0.432923 0.758013 0.434865 0.754910 0.437385 0.752833 0.440298 0.751795
0 0.390481 0.751359 0.392058 0.753462 0.393212 0.755962 0.394067 0.758641 0.394500 0.761513 0.394356 0.764385 0.393846 0.767179 0.392923 0.769936 0.391913 0.772808 0.390481 0.775103 0.388904 0.777205 0.387183 0.779321 0.385029 0.780462 0.382731 0.780462 0.380577 0.779885 0.378702 0.778167 0.377558 0.775679 0.376346 0.773077 0.375865 0.770256 0.375577 0.767308 0.375962 0.764359 0.376692 0.761513 0.377702 0.758833 0.378846 0.756141 0.380577 0.754038 0.382442 0.752513 0.384596 0.751359 0.386750 0.750782 0.388654 0.750641
0 0.310250 0.745679 0.313394 0.745679 0.315981 0.747410 0.318385 0.749628 0.320413 0.752333 0.322212 0.755256 0.323846 0.758205 0.325038 0.761949 0.325596 0.765654 0.325596 0.769590 0.324481 0.773295 0.323000 0.776500 0.321154 0.779449 0.318567 0.781179 0.315798 0.781667 0.313019 0.781923 0.310067 0.780936 0.307663 0.778718 0.305260 0.776244 0.303404 0.773295 0.302115 0.769833 0.301375 0.766141 0.301192 0.762449 0.301375 0.758744 0.302115 0.755051 0.303038 0.751346 0.304702 0.748154 0.307106 0.746179
0 0.624471 0.809231 0.627596 0.810256 0.629856 0.812423 0.631654 0.815872 0.632048 0.819872 0.631856 0.824115 0.630096 0.826795 0.627308 0.829103 0.624231 0.830641 0.621279 0.831295 0.618288 0.831564 0.615298 0.831295 0.612308 0.830231 0.609317 0.829436 0.606442 0.827436 0.604135 0.825179 0.601933 0.822000 0.601740 0.818000 0.603337 0.814551 0.605923 0.812154 0.608721 0.810564 0.611712 0.809231 0.614904 0.808705 0.617894 0.808436 0.620865 0.808590
0 0.631990 0.749577 0.634231 0.750859 0.636154 0.752564 0.637923 0.755128 0.639683 0.757692 0.640798 0.760679 0.642077 0.763449 0.643202 0.766436 0.643750 0.769744 0.644000 0.772846 0.643365 0.776051 0.641760 0.778821 0.639683 0.780744 0.637596 0.782449 0.635192 0.782244 0.632952 0.780962 0.630875 0.779038 0.628952 0.776897 0.627192 0.774333 0.625587 0.771782 0.624788 0.768577 0.623827 0.765590 0.623346 0.762385 0.623346 0.758962 0.624144 0.755769 0.625433 0.752782 0.627510 0.750859 0.629596 0.750000
0 0.521356 0.702410 0.523087 0.703833 0.524279 0.706128 0.524808 0.708795 0.525192 0.710897 0.525077 0.714115 0.524808 0.716769 0.524683 0.719436 0.523846 0.721795 0.522548 0.724397 0.521356 0.726705 0.519894 0.728654 0.518298 0.730603 0.516702 0.732372 0.514971 0.733795 0.513106 0.735038 0.511115 0.735218 0.508990 0.735218 0.506990 0.734500 0.505663 0.732372 0.504327 0.730244 0.503798 0.727590 0.503404 0.724936 0.503000 0.722269 0.503000 0.719436 0.503529 0.716769 0.504596 0.714295 0.505394 0.711808 0.506990 0.710038 0.508721 0.708256 0.510183 0.706308 0.511827 0.705000 0.513654 0.703974 0.515385 0.703333 0.517404 0.702692 0.519615 0.702821
0 0.742712 0.625590 0.745788 0.626615 0.748173 0.628077 0.750577 0.630128 0.752788 0.632051 0.755096 0.634359 0.757115 0.637372 0.759038 0.640449 0.760000 0.644295 0.760192 0.647949 0.759615 0.651718 0.757692 0.654795 0.755769 0.655513 0.752692 0.656410 0.749615 0.656795 0.746365 0.656077 0.743673 0.654538 0.740981 0.653000 0.738298 0.650949 0.735798 0.648385 0.733683 0.645577 0.731567 0.642500 0.731183 0.638654 0.730798 0.634821 0.731183 0.630974 0.733298 0.628154 0.735990 0.626615 0.739058 0.625333
0 0.698731 0.638038 0.701240 0.640833 0.703337 0.644179 0.704587 0.648359 0.704587 0.652821 0.703337 0.656731 0.701240 0.660077 0.698317 0.662026 0.695183 0.661192 0.692250 0.659513 0.689529 0.657000 0.687442 0.653654 0.685769 0.650038 0.685558 0.645846 0.685346 0.641667 0.687019 0.637769 0.690163 0.636090 0.693298 0.635538 0.695808 0.636090
0 0.626375 0.630231 0.629308 0.632192 0.631817 0.634974 0.633904 0.638321 0.636000 0.641667 0.637462 0.645577 0.638510 0.649756 0.638721 0.653936 0.638923 0.658115 0.638923 0.662577 0.637673 0.666487 0.635375 0.669551 0.632654 0.671782 0.629519 0.673179 0.626375 0.673731 0.623240 0.673449 0.620192 0.670769 0.617692 0.667821 0.616346 0.664256 0.614875 0.660346 0.613365 0.656026 0.612115 0.651923 0.612115 0.647564 0.612404 0.642821 0.613269 0.638846 0.615481 0.635641 0.618365 0.632821 0.621346 0.631026
0 0.571894 0.606013 0.573990 0.607410 0.575288 0.609615 0.576087 0.612782 0.576385 0.615782 0.576529 0.618769 0.576231 0.621756 0.575577 0.624872 0.574135 0.627538 0.572942 0.630141 0.571298 0.632526 0.569500 0.634526 0.567413 0.636115 0.565163 0.636513 0.562769 0.636513 0.560683 0.635115 0.558740 0.633321 0.557394 0.630731 0.556346 0.627936 0.555096 0.624231 0.554904 0.621026 0.555577 0.617179 0.557115 0.613974 0.558269 0.611538 0.559808 0.609615 0.562019 0.607179 0.564135 0.605897 0.566635 0.604872 0.569038 0.604744
0 0.507644 0.649821 0.509471 0.651513 0.510740 0.653949 0.511029 0.656769 0.511029 0.659769 0.510288 0.662564 0.509058 0.664846 0.507500 0.666910 0.505673 0.668974 0.503558 0.670474 0.501587 0.671603 0.499615 0.672731 0.497500 0.673103 0.495106 0.673103 0.493000 0.672910 0.491163 0.671410 0.489337 0.669718 0.489058 0.666910 0.489058 0.663897 0.490038 0.661269 0.491346 0.658718 0.492856 0.656577 0.494683 0.654885 0.496375 0.653013 0.498212 0.651513 0.500183 0.650385 0.502288 0.649821 0.504404 0.649628
0 0.401058 0.647436 0.403971 0.648090 0.406500 0.649205 0.408519 0.651679 0.410702 0.653474 0.412221 0.656385 0.413394 0.659526 0.414067 0.662885 0.414913 0.666256 0.414913 0.669846 0.414240 0.673205 0.412894 0.676115 0.411212 0.678808 0.408683 0.680154 0.406163 0.680603 0.403635 0.679705 0.401452 0.677910 0.399269 0.676115 0.397413 0.673654 0.396404 0.670513 0.394894 0.667603 0.394385 0.664231 0.394327 0.660897 0.394327 0.657179 0.395096 0.653462 0.396346 0.650641 0.398077 0.648205
0 0.354442 0.660397 0.356846 0.660397 0.359096 0.661192 0.361192 0.662603 0.363144 0.664397 0.364808 0.666282 0.366442 0.669103 0.367212 0.671410 0.368077 0.674615 0.368548 0.677795 0.369144 0.680795 0.368990 0.683795 0.368394 0.686795 0.367192 0.689603 0.365692 0.692000 0.364490 0.694603 0.362548 0.696397 0.360298 0.697397 0.357894 0.697397 0.355346 0.697397 0.353240 0.696192 0.351298 0.694397 0.349644 0.692000 0.348144 0.689603 0.346923 0.686538 0.346048 0.684000 0.345442 0.681000 0.345288 0.677821 0.345192 0.674487 0.345481 0.670897 0.346154 0.666923 0.347692 0.664615 0.349231 0.662436 0.350865 0.660769 0.353394 0.660192
0 0.295029 0.659679 0.297327 0.660295 0.299635 0.661115 0.301625 0.662756 0.303317 0.665000 0.305000 0.667256 0.306385 0.669923 0.307462 0.672782 0.308538 0.675654 0.309000 0.678718 0.309144 0.681795 0.309000 0.684859 0.308077 0.687936 0.306385 0.690179 0.304394 0.691821 0.302240 0.693051 0.299933 0.693667 0.297635 0.694077 0.295327 0.693872 0.293029 0.693051 0.290875 0.691615 0.288885 0.689564 0.287192 0.687321 0.285510 0.685064 0.284279 0.682410 0.283356 0.679538 0.282125 0.676885 0.281827 0.673974 0.281635 0.671026 0.282125 0.668077 0.283356 0.665410 0.285048 0.663167 0.286731 0.660910 0.289038 0.659885 0.291337 0.659269
0 0.687606 0.713244 0.690087 0.714667 0.692221 0.717038 0.693846 0.719487 0.694615 0.723333 0.695000 0.727436 0.694529 0.731256 0.693827 0.734808 0.692760 0.738128 0.691337 0.741205 0.689731 0.744295 0.687423 0.746654 0.684577 0.748077 0.681923 0.748462 0.679423 0.747603 0.677298 0.745231 0.676048 0.741923 0.675163 0.738359 0.674625 0.734808 0.674625 0.731013 0.675163 0.727462 0.676048 0.723910 0.677471 0.720833 0.678894 0.717513 0.681029 0.715141 0.683510 0.713718
0 0.580981 0.733923 0.582692 0.736667 0.583029 0.740628 0.583221 0.744359 0.582106 0.747833 0.580981 0.751308 0.579500 0.754538 0.577442 0.757513 0.574837 0.760000 0.572423 0.761987 0.569625 0.762974 0.566837 0.763718 0.563856 0.763718 0.561433 0.761487 0.559808 0.757821 0.559904 0.753590 0.560288 0.749615 0.561538 0.745256 0.563077 0.742051 0.565000 0.739231 0.567212 0.736667 0.569231 0.734103 0.571827 0.732179 0.574615 0.731410 0.578010 0.731949
0 0.790337 0.480077 0.793260 0.482474 0.795000 0.485385 0.796404 0.489359 0.796625 0.493859 0.796625 0.498641 0.795721 0.503141 0.793558 0.506410 0.790962 0.508590 0.788173 0.511154 0.785288 0.513077 0.782692 0.514359 0.779423 0.512051 0.777538 0.508821 0.776635 0.504333 0.776192 0.499846 0.777019 0.496026 0.778433 0.491462 0.780231 0.487269 0.782923 0.484269 0.785846 0.481872
0 0.728673 0.479641 0.731923 0.480128 0.735058 0.482282 0.737481 0.485513 0.739019 0.489910 0.738577 0.494308 0.736250 0.498077 0.733298 0.500756 0.730221 0.502526 0.726692 0.502526 0.723394 0.502231 0.720317 0.500474 0.717404 0.498333 0.715096 0.495000 0.713933 0.490500 0.714596 0.486090 0.717115 0.482564 0.720192 0.480385 0.723394 0.479051 0.726913 0.479051
0 0.650058 0.501218 0.652433 0.501641 0.654808 0.502269 0.657183 0.502692 0.659558 0.504385 0.661635 0.505641 0.663462 0.507564 0.664942 0.509872 0.666375 0.512615 0.666529 0.515782 0.666375 0.518949 0.665865 0.521282 0.664317 0.524654 0.662096 0.526551 0.659875 0.528449 0.657663 0.529936 0.655288 0.530564 0.652596 0.530000 0.650288 0.529103 0.647788 0.528205 0.645000 0.526667 0.643404 0.524859 0.641192 0.523179 0.639452 0.520846 0.638183 0.518103 0.638019 0.514936 0.638019 0.511564 0.639288 0.508821 0.640712 0.506064 0.642769 0.504385 0.644990 0.502897 0.647212 0.501423
