0 0.375010 0.850526 0.377221 0.852974 0.378317 0.856410 0.379423 0.860346 0.380096 0.863462 0.379981 0.867949 0.379798 0.871628 0.379327 0.875256 0.378558 0.879744 0.377029 0.883410 0.374644 0.885385 0.371875 0.886359 0.369038 0.885641 0.367644 0.882679 0.366538 0.878500 0.366173 0.874821 0.365808 0.871141 0.365769 0.867949 0.366173 0.864026 0.366721 0.860346 0.367827 0.856910 0.369490 0.853474 0.371327 0.850526 0.373356 0.849782
0 0.422019 0.784846 0.425596 0.786436 0.427510 0.790577 0.429183 0.795038 0.430144 0.799821 0.431096 0.804603 0.431817 0.809705 0.431096 0.815449 0.430144 0.820218 0.427596 0.825513 0.423942 0.827821 0.420106 0.826282 0.418462 0.824103 0.416279 0.820859 0.414125 0.816718 0.412933 0.811295 0.412933 0.806205 0.412933 0.801103 0.413885 0.796000 0.415096 0.790513 0.417712 0.786436
0 0.659538 0.755744 0.663288 0.758077 0.666538 0.761410 0.668654 0.764359 0.670038 0.769744 0.670538 0.774744 0.670538 0.780077 0.669538 0.785077 0.666288 0.787744 0.662288 0.787744 0.658788 0.785410 0.655538 0.782410 0.652788 0.778077 0.652115 0.776154 0.651731 0.773718 0.651442 0.768590 0.651731 0.762564 0.653788 0.759077 0.656038 0.757077
0 0.662000 0.680987 0.663365 0.683949 0.664038 0.687051 0.664423 0.690385 0.664519 0.694231 0.664394 0.697833 0.664221 0.701474 0.662346 0.705577 0.660125 0.708308 0.658250 0.710808 0.656202 0.713090 0.653635 0.713769 0.650904 0.714449 0.648519 0.713090 0.646981 0.709897 0.645615 0.706936 0.644933 0.703526 0.644250 0.700103 0.645106 0.696244 0.645788 0.692821 0.646442 0.689103 0.647663 0.686218 0.649904 0.683205 0.652212 0.681282 0.654231 0.679744 0.657212 0.678718 0.659952 0.678256
0 0.575577 0.715256 0.579423 0.716538 0.581346 0.720179 0.582731 0.724782 0.583423 0.729385 0.583750 0.734103 0.583192 0.738910 0.582731 0.743821 0.580865 0.748718 0.577894 0.749346 0.574442 0.748731 0.571346 0.744872 0.569904 0.739615 0.569606 0.735526 0.569375 0.730923 0.569606 0.726321 0.570529 0.721718 0.572135 0.717410
0 0.550587 0.692051 0.553365 0.693205 0.555769 0.695641 0.557212 0.699615 0.557692 0.703333 0.558423 0.707731 0.558423 0.711718 0.558606 0.715449 0.558606 0.719423 0.558077 0.723974 0.556933 0.727385 0.555250 0.730628 0.553567 0.733859 0.550769 0.734603 0.547971 0.734359 0.545538 0.731128 0.543673 0.728141 0.542212 0.724103 0.541635 0.720641 0.541067 0.717436 0.540692 0.713705 0.540875 0.709974 0.541067 0.706244 0.541827 0.702436 0.543308 0.698769 0.544798 0.695538 0.547221 0.692795
0 0.514798 0.751833 0.518106 0.753000 0.521183 0.755051 0.524260 0.757692 0.526240 0.761513 0.526029 0.766205 0.525096 0.771026 0.522721 0.774718 0.519644 0.777064 0.516154 0.778974 0.512606 0.779115 0.509298 0.778821 0.506221 0.776474 0.503269 0.773590 0.501375 0.769731 0.500058 0.765615 0.499327 0.760769 0.500500 0.756821 0.502981 0.753974 0.506442 0.752128 0.510000 0.751795
0 0.308827 0.768603 0.312990 0.768603 0.317683 0.768603 0.322106 0.769987 0.325490 0.773462 0.327827 0.777974 0.328615 0.783179 0.328615 0.788731 0.328096 0.793936 0.326529 0.799141 0.323923 0.803308 0.320385 0.805897 0.316635 0.807474 0.312500 0.808846 0.308567 0.808513 0.304663 0.807128 0.301019 0.804692 0.298154 0.800885 0.295548 0.796718 0.294038 0.791410 0.293731 0.785949 0.294250 0.780744 0.296596 0.776231 0.299712 0.772949 0.303356 0.770333
0 0.379038 0.684269 0.381654 0.686013 0.383519 0.689000 0.385385 0.691667 0.386692 0.695718 0.387990 0.699449 0.388740 0.703179 0.389490 0.706910 0.389490 0.710885 0.389673 0.714615 0.389673 0.718603 0.389673 0.722833 0.389490 0.726564 0.387433 0.729795 0.385010 0.731782 0.382019 0.732282 0.379221 0.731782 0.376798 0.729795 0.374750 0.727064 0.372885 0.724077 0.371577 0.720346 0.370452 0.716859 0.369712 0.713128 0.368942 0.708846 0.368587 0.705410 0.368587 0.701436 0.368587 0.697449 0.368962 0.693718 0.370577 0.689872 0.372404 0.687821 0.374750 0.685513
0 0.537788 0.611538 0.540692 0.613500 0.542798 0.616308 0.544904 0.619115 0.546923 0.621410 0.549115 0.624474 0.550269 0.628051 0.550837 0.631872 0.550837 0.635962 0.549885 0.639782 0.547971 0.642846 0.545288 0.644628 0.542231 0.644885 0.539356 0.644115 0.536865 0.642077 0.534577 0.639526 0.532279 0.636974 0.530173 0.634167 0.528452 0.630846 0.526721 0.627538 0.525577 0.623962 0.525385 0.620141 0.526346 0.616282 0.528067 0.613756 0.530740 0.611974 0.533615 0.610949 0.535769 0.610641
0 0.488683 0.644321 0.491308 0.645821 0.493365 0.649321 0.494865 0.652577 0.495615 0.656321 0.496183 0.660077 0.495577 0.663846 0.494904 0.667692 0.493183 0.671064 0.490933 0.673564 0.487933 0.675321 0.485115 0.675064 0.482683 0.673064 0.481365 0.669564 0.480433 0.665577 0.480433 0.661577 0.480288 0.657308 0.481183 0.654077 0.481933 0.650321 0.483615 0.647077 0.485683 0.644321
0 0.479990 0.556923 0.482452 0.558936 0.483394 0.562731 0.483750 0.566410 0.483962 0.570551 0.483394 0.574346 0.482452 0.578128 0.480933 0.581410 0.479423 0.584692 0.477788 0.587692 0.476010 0.590756 0.473548 0.592769 0.470712 0.594038 0.467683 0.594038 0.464837 0.592769 0.462885 0.589231 0.462000 0.586462 0.462000 0.582423 0.462760 0.578385 0.463702 0.574590 0.465221 0.571308 0.466548 0.567526 0.468433 0.564244 0.470577 0.561410 0.472981 0.559192 0.475635 0.557423 0.477144 0.556667
0 0.424346 0.579705 0.427538 0.581410 0.430308 0.584256 0.432433 0.587667 0.434779 0.591064 0.436346 0.593974 0.437308 0.598462 0.437760 0.601859 0.437760 0.606410 0.436058 0.610103 0.433077 0.612654 0.429663 0.612936 0.426471 0.612090 0.423913 0.609244 0.421788 0.605833 0.419654 0.602436 0.417952 0.598744 0.416885 0.594474 0.416462 0.590218 0.416462 0.585667 0.418163 0.581974 0.420933 0.579705
0 0.369663 0.581141 0.371875 0.583603 0.373750 0.586026 0.375096 0.589872 0.376250 0.593974 0.376442 0.598590 0.376635 0.602308 0.375673 0.606795 0.374808 0.610256 0.372981 0.613205 0.370952 0.616641 0.368365 0.618590 0.365962 0.617872 0.363462 0.614872 0.361894 0.612205 0.360413 0.609000 0.359673 0.605295 0.359673 0.601359 0.359490 0.597167 0.359423 0.593333 0.360413 0.590013 0.361712 0.586564 0.363365 0.583333 0.366346 0.581667
0 0.327990 0.618397 0.330096 0.620897 0.331827 0.624231 0.333750 0.628333 0.335173 0.632756 0.336058 0.635385 0.336567 0.638872 0.336769 0.642859 0.336769 0.647115 0.335971 0.651359 0.333375 0.653487 0.330385 0.653231 0.327798 0.650833 0.325798 0.647641 0.324010 0.644179 0.322606 0.640462 0.321010 0.636744 0.319615 0.633013 0.319221 0.629026 0.319817 0.625038 0.320615 0.621051 0.323212 0.618397 0.326442 0.617436
0 0.269135 0.637692 0.270481 0.638590 0.272529 0.640500 0.274279 0.641936 0.276029 0.643731 0.277375 0.646064 0.278856 0.648218 0.279808 0.650513 0.280481 0.652821 0.281144 0.655397 0.281250 0.658205 0.280337 0.661141 0.278750 0.663462 0.276702 0.664192 0.274615 0.664744 0.272529 0.664731 0.270510 0.664372 0.268490 0.663654 0.266606 0.662397 0.264587 0.661679 0.262837 0.660244 0.260817 0.658808 0.259067 0.657372 0.257587 0.655038 0.256240 0.652705 0.255567 0.650013 0.254625 0.647500 0.254087 0.644808 0.254625 0.642115 0.255702 0.639782 0.257990 0.638167 0.260010 0.637269 0.262029 0.636910 0.264183 0.636731 0.266202 0.636910 0.268077 0.637179
0 0.221942 0.672692 0.223846 0.674359 0.225769 0.676795 0.227788 0.679436 0.229365 0.681962 0.230577 0.684231 0.231731 0.687654 0.232365 0.690808 0.233000 0.693962 0.233000 0.697333 0.232837 0.700705 0.231423 0.703449 0.229837 0.705974 0.227317 0.707654 0.224788 0.707654 0.222260 0.707449 0.220048 0.705974 0.217788 0.703974 0.216096 0.702385 0.214837 0.699654 0.213413 0.696910 0.212154 0.693962 0.211048 0.691013 0.210885 0.687859 0.210885 0.684487 0.211519 0.681115 0.212596 0.677949 0.213731 0.675013 0.215308 0.672269 0.217673 0.671218 0.219885 0.671846
0 0.221404 0.561038 0.223808 0.562654 0.226048 0.564487 0.227788 0.566410 0.229827 0.569295 0.230962 0.571795 0.232019 0.574359 0.232885 0.576667 0.233962 0.580077 0.234298 0.583526 0.234298 0.587192 0.234135 0.590628 0.233615 0.594308 0.231721 0.596821 0.229144 0.598436 0.226385 0.598436 0.223808 0.597974 0.221404 0.596372 0.219337 0.593846 0.217615 0.590859 0.215894 0.587885 0.214865 0.584667 0.213663 0.581462 0.212885 0.578077 0.212625 0.574577 0.212625 0.570910 0.213173 0.567051 0.214000 0.564026 0.215894 0.561269 0.218481 0.560359
0 0.266490 0.552385 0.268827 0.553013 0.271317 0.553641 0.273490 0.554885 0.275510 0.556538 0.277538 0.558615 0.279404 0.560692 0.280962 0.563179 0.282519 0.565667 0.283913 0.568359 0.285163 0.571064 0.286058 0.573718 0.286404 0.577077 0.286712 0.580192 0.286712 0.583513 0.285779 0.586615 0.283760 0.588282 0.281577 0.589526 0.279250 0.589103 0.277067 0.587654 0.275048 0.586000 0.272981 0.584744 0.271154 0.582679 0.269442 0.580397 0.267577 0.578115 0.266019 0.575628 0.264423 0.573077 0.263221 0.570231 0.261981 0.567538 0.261048 0.564628 0.260731 0.561308 0.260885 0.558205 0.261827 0.555295 0.263692 0.553423
0 0.752788 0.645897 0.754279 0.647423 0.755202 0.649577 0.756471 0.651718 0.757500 0.653718 0.758654 0.655718 0.759923 0.658333 0.760615 0.660474 0.760962 0.662782 0.761077 0.665244 0.761077 0.667692 0.760500 0.670154 0.760000 0.672436 0.759462 0.674910 0.758654 0.677372 0.756817 0.679064 0.755087 0.679833 0.753471 0.680744 0.751740 0.680590 0.750019 0.680128 0.748635 0.678603 0.747712 0.676603 0.746904 0.674449 0.745760 0.672615 0.745067 0.670000 0.744606 0.667692 0.744260 0.665397 0.744144 0.663090 0.744144 0.660628 0.743913 0.658026 0.744144 0.655718 0.744375 0.653410 0.744712 0.650897 0.745673 0.648846 0.746827 0.647564 0.748846 0.646282 0.750577 0.645256
0 0.688462 0.607051 0.690962 0.608333 0.693077 0.611154 0.694038 0.615128 0.693538 0.619269 0.692846 0.622987 0.692317 0.626474 0.691096 0.629731 0.689356 0.632526 0.687442 0.635782 0.685519 0.638564 0.682885 0.640385 0.680817 0.641590 0.678202 0.642526 0.675587 0.642756 0.672788 0.641923 0.671394 0.639962 0.670529 0.636474 0.669827 0.632987 0.669308 0.629500 0.669827 0.625321 0.670356 0.621372 0.671750 0.617885 0.673144 0.614859 0.675231 0.612295 0.677327 0.609974 0.679596 0.607654 0.682500 0.606795 0.685673 0.606154
0 0.728212 0.527295 0.731173 0.529833 0.734144 0.532090 0.736894 0.535192 0.738798 0.538859 0.740702 0.542526 0.742115 0.546026 0.742788 0.550513 0.743269 0.555256 0.743029 0.559744 0.740913 0.563128 0.736894 0.565949 0.733510 0.566231 0.730327 0.565949 0.727154 0.564821 0.724404 0.562564 0.722019 0.558718 0.720173 0.556077 0.718058 0.552692 0.716356 0.549026 0.715087 0.545064 0.715087 0.540269 0.715721 0.536038 0.716567 0.531808 0.718904 0.528705 0.721865 0.527000 0.724404 0.526436
0 0.657298 0.505167 0.659885 0.505603 0.662317 0.506679 0.664413 0.508410 0.666683 0.509923 0.668625 0.512513 0.670567 0.514667 0.672183 0.517256 0.673154 0.520269 0.673635 0.523513 0.673962 0.526744 0.673077 0.529744 0.671250 0.531538 0.669808 0.532692 0.667788 0.533590 0.666058 0.534103 0.663942 0.534103 0.661538 0.533718 0.658760 0.533436 0.656490 0.532141 0.654221 0.530628 0.652125 0.528679 0.650183 0.526526 0.648404 0.524154 0.646779 0.521564 0.645865 0.518077 0.645385 0.514231 0.646298 0.511423 0.647750 0.508628 0.650346 0.506679 0.652933 0.506038 0.654875 0.505603
0 0.697923 0.455910 0.700221 0.458462 0.701923 0.461026 0.703683 0.465372 0.704635 0.469731 0.704827 0.473564 0.704827 0.477667 0.704452 0.483295 0.704067 0.487141 0.702529 0.490462 0.699644 0.490718 0.696538 0.488974 0.694269 0.486628 0.692538 0.483295 0.691010 0.479974 0.690000 0.476538 0.689663 0.472295 0.689615 0.467692 0.690433 0.463846 0.691010 0.460000 0.692923 0.456923 0.695000 0.455256
0 0.654885 0.437962 0.658077 0.440231 0.660000 0.442436 0.661827 0.445641 0.663596 0.450423 0.664327 0.454487 0.664654 0.458641 0.664442 0.463449 0.663385 0.468833 0.661442 0.472051 0.658923 0.473359 0.655481 0.472308 0.653192 0.469679 0.650856 0.466282 0.648654 0.461538 0.647981 0.457949 0.647452 0.453538 0.647663 0.448731 0.647875 0.444474 0.649365 0.439949 0.652125 0.437397
0 0.784096 0.476269 0.786673 0.477179 0.788731 0.479462 0.790952 0.481756 0.792327 0.484718 0.793356 0.487923 0.794558 0.491128 0.795067 0.494782 0.795413 0.498205 0.794894 0.501641 0.792981 0.504231 0.790442 0.505987 0.788077 0.507564 0.785577 0.507179 0.782981 0.505641 0.781010 0.503244 0.778952 0.500949 0.777240 0.497987 0.776038 0.494551 0.775010 0.491128 0.775183 0.487692 0.775692 0.484269 0.776721 0.480833 0.778952 0.478321 0.781529 0.477179
0 0.808962 0.410936 0.811538 0.412564 0.813346 0.415718 0.814346 0.419718 0.814144 0.423974 0.813654 0.427436 0.811750 0.431154 0.809760 0.434346 0.807163 0.437013 0.804567 0.439141 0.801971 0.441269 0.798981 0.441795 0.795981 0.440731 0.793394 0.438603 0.792192 0.434885 0.791798 0.430628 0.791596 0.426628 0.792404 0.422949 0.794192 0.419449 0.795788 0.415987 0.798183 0.413321 0.800971 0.411192 0.803971 0.410397 0.806962 0.410128
0 0.765865 0.339487 0.768269 0.341538 0.770865 0.345513 0.771923 0.348974 0.772981 0.353077 0.773365 0.356795 0.773404 0.362321 0.772375 0.366436 0.770731 0.370013 0.769077 0.373590 0.767221 0.377167 0.765577 0.380731 0.763308 0.383756 0.760625 0.385962 0.757529 0.387064 0.754442 0.386782 0.751962 0.384038 0.749904 0.380731 0.749077 0.376615 0.748462 0.372487 0.748462 0.368090 0.749279 0.363962 0.750317 0.359846 0.751548 0.355987 0.753202 0.352423 0.754846 0.348846 0.756702 0.345269 0.759596 0.342244 0.763173 0.340000
0 0.693740 0.398679 0.696923 0.400000 0.699865 0.402179 0.702500 0.404744 0.705337 0.407718 0.706865 0.411808 0.707962 0.416179 0.708183 0.420551 0.706827 0.425128 0.703462 0.427308 0.700288 0.427692 0.697462 0.427846 0.693740 0.426679 0.691115 0.423769 0.688490 0.420846 0.686298 0.417346 0.684981 0.413269 0.684106 0.408590 0.684548 0.403346 0.686298 0.399256 0.689798 0.397795
0 0.636827 0.360513 0.640154 0.362538 0.642596 0.365641 0.644750 0.369538 0.646154 0.373462 0.646942 0.378000 0.646942 0.382962 0.646721 0.387333 0.646279 0.391705 0.645577 0.395769 0.643875 0.399872 0.641250 0.403090 0.638404 0.405423 0.635125 0.404833 0.632279 0.402205 0.629654 0.398705 0.628125 0.394333 0.626808 0.390244 0.626365 0.385872 0.626808 0.381500 0.627250 0.377115 0.627596 0.372308 0.628558 0.368372 0.630750 0.364282 0.633375 0.361372
0 0.712250 0.331949 0.714529 0.332962 0.716250 0.334231 0.718019 0.336615 0.719087 0.339449 0.719846 0.342500 0.720096 0.345256 0.720606 0.349179 0.720865 0.352436 0.720308 0.355667 0.719423 0.359359 0.718327 0.361962 0.716654 0.364590 0.714712 0.366667 0.712548 0.367628 0.710269 0.367423 0.708144 0.366013 0.706163 0.364385 0.703885 0.362564 0.702365 0.359923 0.701452 0.356679 0.701154 0.353077 0.700990 0.350192 0.701144 0.347154 0.701452 0.343910 0.702365 0.340872 0.703731 0.338231 0.705250 0.335397 0.707683 0.332769 0.709817 0.332154
0 0.679798 0.314051 0.681760 0.315859 0.683731 0.317679 0.685240 0.320103 0.685577 0.323718 0.684808 0.326923 0.683577 0.330000 0.682212 0.332615 0.680288 0.335513 0.678269 0.337692 0.676462 0.339077 0.674038 0.340295 0.671769 0.341103 0.669346 0.341103 0.667077 0.339487 0.665106 0.337462 0.664048 0.334641 0.663442 0.331615 0.663269 0.328333 0.663596 0.325359 0.664038 0.322436 0.665106 0.319090 0.667077 0.315462 0.668846 0.313846 0.670962 0.312436 0.673558 0.311795 0.676635 0.312051
0 0.633933 0.283359 0.636058 0.283462 0.638462 0.284103 0.640769 0.285641 0.642423 0.287846 0.643010 0.290769 0.643596 0.293705 0.643942 0.296667 0.643740 0.299564 0.643442 0.302487 0.642279 0.305218 0.640375 0.306782 0.638471 0.308346 0.636125 0.309321 0.633933 0.309910 0.631731 0.309718 0.629538 0.309128 0.627337 0.307564 0.625731 0.305410 0.624115 0.303269 0.623385 0.300346 0.623240 0.297410 0.623096 0.294487 0.623240 0.291359 0.624413 0.288436 0.626019 0.286282 0.628067 0.285115 0.630269 0.283936 0.631875 0.283359
0 0.765452 0.251436 0.768019 0.252500 0.769952 0.254641 0.771067 0.257641 0.771827 0.260897 0.771712 0.264500 0.771067 0.267718 0.769904 0.270641 0.768500 0.273500 0.766894 0.276282 0.764808 0.278590 0.762558 0.280141 0.760096 0.281026 0.757740 0.281846 0.755327 0.282064 0.752500 0.281410 0.750510 0.279923 0.748904 0.277346 0.747942 0.273923 0.747615 0.270718 0.748096 0.267500 0.749067 0.264500 0.750346 0.261077 0.751952 0.258500 0.753558 0.255936 0.755490 0.253795 0.757740 0.252500 0.759808 0.251538 0.762394 0.250795
0 0.686990 0.235154 0.689615 0.233718 0.692885 0.234231 0.696231 0.235679 0.699038 0.237833 0.701048 0.241038 0.702654 0.244526 0.703865 0.248269 0.704615 0.251282 0.705288 0.256026 0.704663 0.260321 0.703462 0.264359 0.700846 0.267295 0.698038 0.268897 0.694423 0.268897 0.691413 0.267551 0.688798 0.265410 0.686788 0.262205 0.685192 0.258205 0.684173 0.254705 0.683981 0.250679 0.683981 0.246397 0.683981 0.242115 0.684808 0.238205
0 0.633279 0.224808 0.635769 0.225000 0.638154 0.226372 0.640510 0.227936 0.642356 0.230628 0.643875 0.233551 0.645221 0.236462 0.646231 0.240051 0.647240 0.243192 0.647240 0.246782 0.647404 0.250141 0.646567 0.253500 0.645221 0.256423 0.643029 0.258218 0.640510 0.258667 0.637654 0.258667 0.635000 0.257308 0.633106 0.255526 0.631260 0.253051 0.629577 0.250359 0.627894 0.247679 0.627058 0.244308 0.626048 0.240949 0.625712 0.237577 0.625875 0.234218 0.626385 0.230859 0.628231 0.227936 0.630413 0.226141
0 0.723365 0.171154 0.726058 0.171308 0.728750 0.172179 0.731250 0.173846 0.732981 0.176026 0.734904 0.179231 0.736250 0.182692 0.737019 0.186667 0.737500 0.190385 0.737981 0.194231 0.737885 0.198718 0.735673 0.202051 0.733269 0.203974 0.730750 0.204667 0.728144 0.204436 0.725538 0.203744 0.723279 0.201885 0.721365 0.199333 0.719798 0.196321 0.718067 0.193551 0.717019 0.190064 0.715635 0.186821 0.715115 0.183346 0.715115 0.179641 0.716327 0.176397 0.718067 0.173615 0.720673 0.171769
0 0.652163 0.113526 0.654308 0.114423 0.655865 0.115128 0.658067 0.116923 0.659683 0.118718 0.661423 0.120500 0.662490 0.122821 0.663971 0.124795 0.665048 0.127115 0.666250 0.129449 0.666923 0.131795 0.667308 0.134487 0.667308 0.137051 0.667115 0.139359 0.666385 0.141603 0.665577 0.144115 0.664106 0.146795 0.662231 0.148397 0.660212 0.149115 0.658202 0.149833 0.656192 0.149654 0.653913 0.148936 0.652163 0.147513 0.650288 0.145538 0.648683 0.143756 0.646260 0.140359 0.644788 0.138385 0.643712 0.135885 0.642981 0.133590 0.642308 0.130256 0.641702 0.127654 0.641250 0.124744 0.641442 0.121795 0.642019 0.119231 0.643317 0.117282 0.644923 0.115308 0.646538 0.113974 0.648269 0.112821 0.650385 0.112692
0 0.448615 0.500936 0.451904 0.501179 0.454462 0.502885 0.456471 0.505808 0.458298 0.508744 0.460125 0.511667 0.461404 0.515077 0.462135 0.518974 0.462865 0.522628 0.462683 0.526282 0.461154 0.528974 0.459029 0.531641 0.457115 0.533846 0.454827 0.535295 0.452087 0.534808 0.449346 0.533833 0.446788 0.531885 0.444596 0.529449 0.442760 0.526526 0.441115 0.523359 0.439654 0.520192 0.438269 0.516026 0.437788 0.512436 0.438942 0.508205 0.440933 0.505077 0.442788 0.502692 0.445875 0.501179
0 0.523788 0.483321 0.526058 0.486090 0.527385 0.489615 0.527500 0.493205 0.527577 0.497936 0.527192 0.502474 0.526058 0.506769 0.524923 0.510551 0.523038 0.513577 0.520769 0.516346 0.517933 0.517103 0.515096 0.516846 0.512442 0.515333 0.510740 0.512064 0.509038 0.508782 0.508077 0.505128 0.508096 0.500718 0.508663 0.496936 0.509423 0.492692 0.510933 0.489615 0.513010 0.486846 0.515096 0.484077 0.517740 0.482308 0.520577 0.481551
0 0.302827 0.486154 0.305846 0.487500 0.308365 0.489359 0.310875 0.492603 0.313288 0.495551 0.314904 0.499038 0.315904 0.503064 0.316106 0.507359 0.315904 0.511385 0.315500 0.515410 0.313692 0.519167 0.311683 0.522385 0.308462 0.522654 0.305442 0.522115 0.302625 0.519705 0.300808 0.516218 0.299038 0.512821 0.297788 0.509244 0.296587 0.505474 0.295981 0.501449 0.295577 0.497423 0.296183 0.493397 0.297587 0.489641 0.299808 0.486692
0 0.338231 0.453872 0.340740 0.454551 0.343260 0.455667 0.345433 0.457897 0.347442 0.460359 0.349327 0.462692 0.350625 0.465718 0.351798 0.469064 0.351971 0.472641 0.352135 0.476000 0.352135 0.479577 0.351135 0.482923 0.348788 0.484487 0.346106 0.485603 0.343596 0.485385 0.341077 0.484256 0.338731 0.482692 0.336894 0.480244 0.334712 0.478013 0.332865 0.475103 0.331356 0.472192 0.330356 0.469064 0.330019 0.465718 0.329856 0.462372 0.330692 0.459013 0.332529 0.456564 0.334875 0.455000
0 0.177692 0.448821 0.179750 0.449551 0.181673 0.450654 0.183317 0.452474 0.185000 0.454103 0.186750 0.455590 0.188260 0.457603 0.189231 0.459872 0.190481 0.462308 0.191346 0.464359 0.192106 0.466936 0.193067 0.469500 0.193750 0.472423 0.194038 0.475000 0.194442 0.477731 0.194163 0.480474 0.193885 0.483218 0.193202 0.486154 0.191971 0.488526 0.190183 0.490359 0.188125 0.490538 0.186067 0.490359 0.184010 0.489449 0.182087 0.487974 0.180029 0.487064 0.178240 0.485603 0.176731 0.483462 0.175500 0.481397 0.174673 0.478833 0.173712 0.476269 0.172615 0.473885 0.172067 0.471141 0.171519 0.468397 0.171519 0.465474 0.171731 0.462692 0.172346 0.459615 0.172615 0.456872 0.173163 0.454128 0.174404 0.451744 0.175913 0.449731
0 0.233731 0.413282 0.236788 0.414641 0.239240 0.417628 0.240865 0.421167 0.242500 0.424692 0.244135 0.428231 0.245192 0.431795 0.246163 0.435846 0.246577 0.439910 0.246163 0.444269 0.245144 0.448346 0.242904 0.451333 0.239808 0.451410 0.237000 0.449974 0.234144 0.448346 0.231692 0.445628 0.229327 0.442051 0.228029 0.438564 0.226606 0.434756 0.225788 0.430679 0.225375 0.426603 0.225375 0.422256 0.226346 0.418333 0.228231 0.414910 0.230885 0.412744
0 0.285529 0.392256 0.287567 0.394526 0.288923 0.397462 0.290279 0.400410 0.290962 0.403808 0.291644 0.407205 0.291808 0.410603 0.290962 0.414000 0.290279 0.417410 0.288923 0.420346 0.287058 0.422846 0.284846 0.425333 0.282298 0.426013 0.279750 0.425333 0.277365 0.423974 0.275481 0.421282 0.274135 0.418590 0.273077 0.415513 0.272596 0.412821 0.272442 0.409705 0.272269 0.406308 0.272952 0.402897 0.274308 0.399962 0.276346 0.397244 0.278558 0.395205 0.280933 0.393615 0.283481 0.392256
0 0.315846 0.400718 0.318096 0.401718 0.319808 0.402949 0.322144 0.404910 0.323942 0.407115 0.325596 0.409321 0.327212 0.411795 0.328596 0.414526 0.329798 0.417321 0.330394 0.420321 0.330702 0.423321 0.330548 0.426321 0.329423 0.429103 0.327548 0.431526 0.325596 0.433333 0.323192 0.434333 0.320942 0.434526 0.318692 0.434333 0.316442 0.433526 0.314337 0.431923 0.312240 0.429923 0.310442 0.427923 0.308490 0.425526 0.306990 0.423128 0.306240 0.420128 0.305385 0.416795 0.305635 0.413923 0.305490 0.410923 0.305788 0.407923 0.307288 0.405513 0.309087 0.403513 0.311192 0.402115 0.313442 0.400910
0 0.371394 0.411000 0.373433 0.413282 0.375096 0.415769 0.376346 0.417692 0.378173 0.421667 0.378712 0.425308 0.379394 0.428705 0.379558 0.432333 0.379904 0.435744 0.379731 0.439141 0.379221 0.442769 0.378538 0.446179 0.376327 0.448449 0.373779 0.449128 0.371221 0.447769 0.368837 0.445949 0.366625 0.443910 0.365096 0.440962 0.363567 0.438013 0.362202 0.434833 0.361058 0.432179 0.360096 0.427564 0.359808 0.423718 0.360000 0.420897 0.360577 0.417051 0.361442 0.413718 0.363731 0.411692 0.366288 0.410551 0.369010 0.410103
0 0.410096 0.436282 0.413365 0.438974 0.416038 0.441205 0.418269 0.443846 0.420587 0.446744 0.422567 0.450179 0.424548 0.453346 0.425740 0.457038 0.425933 0.461000 0.425337 0.464962 0.423163 0.467859 0.420394 0.469449 0.417423 0.469718 0.414452 0.469449 0.411481 0.468128 0.408712 0.466013 0.406337 0.463372 0.404356 0.460205 0.402577 0.456244 0.401250 0.453077 0.400000 0.449128 0.399202 0.445167 0.399010 0.441205 0.400990 0.437769 0.403760 0.436192 0.406731 0.435128
0 0.453606 0.414103 0.454654 0.416897 0.455548 0.419679 0.456250 0.421923 0.457192 0.425064 0.457490 0.428051 0.457490 0.431244 0.457337 0.434231 0.456894 0.437218 0.456000 0.440013 0.454654 0.442603 0.453154 0.444987 0.451212 0.446577 0.448971 0.447385 0.446731 0.448372 0.444490 0.447974 0.442990 0.445590 0.441500 0.443000 0.440096 0.440000 0.439260 0.437615 0.438663 0.434628 0.438510 0.431436 0.438212 0.428449 0.438356 0.425462 0.438356 0.422269 0.439038 0.418846 0.439615 0.416538 0.440750 0.413897 0.442394 0.411705 0.444337 0.410115 0.445962 0.408846 0.448365 0.409359 0.449721 0.410513 0.451808 0.411705
0 0.552019 0.325218 0.554356 0.326769 0.555865 0.328974 0.557115 0.332308 0.557692 0.335641 0.558192 0.339436 0.558654 0.342692 0.559019 0.346103 0.558856 0.349654 0.557692 0.352769 0.556192 0.355654 0.554019 0.357654 0.551356 0.357654 0.548856 0.356987 0.546856 0.354769 0.545192 0.352103 0.544356 0.348769 0.543692 0.345436 0.543529 0.342103 0.543356 0.338769 0.543365 0.335513 0.544029 0.332321 0.545029 0.329218 0.546856 0.326769 0.549356 0.325654
0 0.492692 0.374103 0.495000 0.374282 0.497404 0.375654 0.499115 0.378628 0.500317 0.381833 0.500837 0.385487 0.500490 0.388910 0.499615 0.392051 0.498260 0.394859 0.496202 0.397141 0.493981 0.398974 0.491538 0.399615 0.488654 0.400000 0.485865 0.399872 0.483173 0.399487 0.481288 0.398513 0.479231 0.396231 0.478202 0.393026 0.477173 0.389833 0.477000 0.386397 0.477173 0.382974 0.478894 0.380231 0.480952 0.377718 0.483346 0.376346 0.485962 0.375128 0.488558 0.374359 0.490288 0.374231
0 0.537548 0.217282 0.539327 0.219744 0.540769 0.223077 0.541856 0.226603 0.542567 0.230192 0.543288 0.233769 0.543106 0.237359 0.542750 0.240936 0.542115 0.244231 0.540779 0.247872 0.538808 0.250744 0.536654 0.253128 0.534327 0.255282 0.531635 0.256000 0.528952 0.255513 0.526442 0.253846 0.524288 0.251218 0.522500 0.248346 0.521779 0.244526 0.521240 0.240705 0.521058 0.237115 0.521779 0.233538 0.522317 0.229949 0.523567 0.226603 0.524712 0.223333 0.526442 0.220154 0.528413 0.217526 0.531096 0.216333 0.533788 0.215372 0.535942 0.215846
0 0.465606 0.292987 0.468067 0.295718 0.470385 0.298333 0.472769 0.301167 0.474817 0.304449 0.477269 0.307449 0.479115 0.310987 0.480538 0.315077 0.481365 0.319167 0.482183 0.323256 0.480750 0.327077 0.477885 0.328987 0.474817 0.329808 0.471750 0.330628 0.468471 0.329538 0.465606 0.327897 0.462952 0.325718 0.460500 0.322987 0.458038 0.320256 0.456058 0.316538 0.454769 0.312897 0.453942 0.308846 0.453538 0.304718 0.453538 0.300346 0.454356 0.296256 0.456817 0.293538 0.459683 0.291897 0.462750 0.291346
0 0.415269 0.372013 0.417500 0.372808 0.419731 0.373795 0.421663 0.375385 0.423442 0.377359 0.425231 0.379346 0.426567 0.381910 0.427750 0.384692 0.428942 0.387462 0.429087 0.390436 0.428942 0.393410 0.427452 0.395782 0.425231 0.397372 0.423000 0.397962 0.420471 0.398359 0.418240 0.398564 0.416163 0.397372 0.414087 0.396179 0.412154 0.394603 0.410365 0.392615 0.408885 0.390244 0.407692 0.387667 0.406952 0.384692 0.406202 0.381718 0.406500 0.378744 0.407096 0.375769 0.408269 0.373462 0.410221 0.372013 0.412452 0.371615
0 0.368298 0.327756 0.371885 0.327756 0.374788 0.330141 0.377029 0.333718 0.378154 0.338205 0.378596 0.342679 0.378154 0.347154 0.376587 0.351333 0.374115 0.354923 0.371212 0.357603 0.368077 0.359692 0.364712 0.360590 0.361356 0.361192 0.358000 0.360000 0.354865 0.357603 0.353067 0.353731 0.351279 0.349846 0.350163 0.345372 0.350385 0.340885 0.351731 0.336705 0.354413 0.333718 0.357548 0.331038 0.360683 0.328654 0.364038 0.327756
0 0.408423 0.277192 0.411702 0.277487 0.414971 0.279231 0.417212 0.281282 0.419115 0.285628 0.419769 0.289987 0.419135 0.294872 0.417885 0.298718 0.415404 0.302218 0.413010 0.305410 0.410173 0.307744 0.407115 0.309782 0.403846 0.310359 0.400346 0.310359 0.397308 0.308718 0.394712 0.305513 0.393808 0.301051 0.393365 0.296679 0.393587 0.292321 0.394894 0.287962 0.396856 0.284179 0.398462 0.280897 0.401538 0.279103 0.405385 0.277436
0 0.293702 0.330782 0.296029 0.329949 0.298269 0.330128 0.300577 0.330513 0.302885 0.331538 0.304712 0.332564 0.306827 0.334103 0.308750 0.336282 0.310308 0.338436 0.312010 0.340718 0.313250 0.343397 0.314029 0.346500 0.314183 0.349603 0.313721 0.352705 0.312010 0.354987 0.309837 0.356436 0.307510 0.357256 0.305192 0.356667 0.303077 0.356154 0.300769 0.354872 0.298654 0.353333 0.296346 0.351667 0.294615 0.350385 0.292596 0.348205 0.291058 0.346154 0.289231 0.343718 0.288115 0.341538 0.287654 0.338436 0.288115 0.335333 0.289673 0.332846 0.291683 0.331192
0 0.244673 0.326231 0.246712 0.328949 0.248558 0.331897 0.249481 0.335590 0.249846 0.339282 0.248923 0.342987 0.247817 0.346679 0.246337 0.349872 0.244490 0.352833 0.242087 0.354808 0.239692 0.356769 0.236913 0.357513 0.234144 0.357026 0.231558 0.355538 0.229529 0.352833 0.227500 0.349872 0.226385 0.346423 0.225837 0.342731 0.225837 0.338795 0.226385 0.335103 0.228240 0.332141 0.230096 0.329615 0.232212 0.327308 0.234519 0.325500 0.237308 0.324744 0.239875 0.324269 0.242644 0.325000
0 0.223279 0.212218 0.225942 0.213731 0.228413 0.215769 0.230885 0.218051 0.232788 0.221090 0.234692 0.224385 0.235452 0.228192 0.235452 0.232256 0.234500 0.236064 0.232596 0.239103 0.229933 0.240628 0.227087 0.241128 0.224231 0.240885 0.221154 0.240385 0.218144 0.239103 0.215663 0.237077 0.213077 0.234744 0.210673 0.232051 0.209010 0.228962 0.208058 0.225154 0.207865 0.221346 0.208817 0.217282 0.210529 0.213987 0.213192 0.212218 0.216048 0.211449 0.219096 0.211449 0.221567 0.211705
0 0.285067 0.204051 0.287538 0.205462 0.289663 0.207821 0.290894 0.211115 0.292135 0.214410 0.293192 0.217718 0.293731 0.221244 0.293731 0.225026 0.292846 0.228551 0.291779 0.231859 0.290548 0.235385 0.288462 0.237949 0.286481 0.239872 0.283827 0.240103 0.281154 0.239103 0.279231 0.237038 0.277462 0.234205 0.276404 0.230910 0.275163 0.227615 0.273933 0.224308 0.273577 0.220782 0.273221 0.217013 0.273933 0.213474 0.275702 0.210410 0.277462 0.207577 0.279760 0.205692 0.282240 0.204282
0 0.318981 0.214500 0.321846 0.213987 0.324721 0.214244 0.327587 0.215782 0.329125 0.219103 0.330000 0.222051 0.330846 0.226500 0.330846 0.230577 0.330481 0.234615 0.329510 0.238244 0.328163 0.241808 0.326058 0.245128 0.324144 0.248705 0.322038 0.251513 0.319356 0.253038 0.316490 0.253808 0.313615 0.252782 0.311135 0.250487 0.309596 0.247167 0.308260 0.243603 0.307683 0.239769 0.307683 0.235679 0.307875 0.231859 0.308837 0.228026 0.310173 0.224462 0.311702 0.221141 0.314000 0.218590 0.316298 0.216551
0 0.286856 0.266577 0.289221 0.267923 0.291750 0.268372 0.293952 0.270628 0.295644 0.273333 0.296317 0.276718 0.296317 0.280333 0.295644 0.283705 0.294135 0.285897 0.292115 0.288333 0.289615 0.289872 0.287212 0.290513 0.284817 0.291154 0.282115 0.291154 0.279413 0.291154 0.276875 0.290923 0.274337 0.290244 0.271971 0.288667 0.269942 0.286410 0.267913 0.284167 0.266558 0.281231 0.266385 0.277846 0.266558 0.274462 0.267913 0.271308 0.270106 0.268603 0.272481 0.267244 0.275010 0.266128 0.277548 0.265897 0.280000 0.265513 0.282625 0.265667 0.284712 0.265897
0 0.372067 0.218167 0.374327 0.219782 0.376413 0.222103 0.378154 0.225115 0.379423 0.227308 0.381115 0.230462 0.382163 0.233705 0.383202 0.236949 0.383269 0.240128 0.383269 0.244103 0.383029 0.247628 0.382337 0.250872 0.380067 0.252962 0.377462 0.253654 0.374856 0.253654 0.372413 0.252026 0.370154 0.249949 0.367885 0.247436 0.366500 0.244372 0.365279 0.241359 0.364413 0.237641 0.363654 0.233974 0.363712 0.230462 0.363712 0.226744 0.364587 0.223500 0.366327 0.220474 0.368760 0.218859
0 0.430731 0.168205 0.433750 0.169231 0.436519 0.172064 0.439423 0.174436 0.442087 0.177410 0.444538 0.180679 0.445875 0.184833 0.446538 0.189282 0.446096 0.193731 0.443644 0.197295 0.440529 0.199077 0.437192 0.199667 0.433625 0.199372 0.430510 0.197295 0.428288 0.193731 0.425615 0.190769 0.423606 0.186910 0.422279 0.182756 0.421538 0.177949 0.422500 0.173551 0.424721 0.169692 0.428067 0.168500
0 0.552885 0.122692 0.556327 0.124846 0.559096 0.127936 0.560952 0.131949 0.561644 0.136577 0.561875 0.141205 0.561644 0.145833 0.560029 0.150154 0.557942 0.154474 0.555856 0.158487 0.552846 0.160949 0.549375 0.161872 0.546837 0.158487 0.544750 0.154474 0.543596 0.149846 0.543365 0.145218 0.543365 0.140269 0.544288 0.135333 0.545442 0.130705 0.547990 0.127308 0.549846 0.124538
0 0.492365 0.093987 0.494962 0.097449 0.497096 0.101551 0.498038 0.106269 0.499452 0.110679 0.500163 0.115397 0.500163 0.120436 0.500163 0.125795 0.499692 0.130526 0.497981 0.134359 0.495673 0.138397 0.493788 0.142487 0.490712 0.145641 0.487173 0.145949 0.483865 0.144064 0.481269 0.140282 0.479615 0.135872 0.478433 0.131154 0.477962 0.126423 0.477490 0.121705 0.477721 0.116974 0.478192 0.111936 0.479846 0.107526 0.481500 0.103115 0.483625 0.099026 0.486462 0.095872 0.488827 0.093667
0 0.425096 0.082692 0.427865 0.083462 0.430500 0.085218 0.432567 0.087987 0.434452 0.091000 0.435096 0.094872 0.435865 0.098590 0.435962 0.102295 0.435962 0.106308 0.435202 0.110077 0.433885 0.113590 0.432000 0.116846 0.429365 0.118615 0.426548 0.118859 0.423721 0.118103 0.421269 0.116103 0.418827 0.113846 0.417692 0.110321 0.416375 0.106808 0.415625 0.103051 0.414875 0.099282 0.415250 0.095513 0.416375 0.092000 0.417692 0.088487 0.419577 0.085474 0.422212 0.083462
0 0.542077 0.020256 0.544519 0.021538 0.546635 0.025000 0.547596 0.028462 0.548462 0.031923 0.548750 0.036026 0.549010 0.039949 0.548558 0.043333 0.547981 0.047436 0.547212 0.050769 0.546087 0.054282 0.544635 0.057449 0.543173 0.061090 0.540798 0.063282 0.538433 0.065949 0.535692 0.066679 0.532962 0.065474 0.530769 0.062795 0.529135 0.059628 0.528038 0.055987 0.527856 0.052103 0.527856 0.048205 0.528038 0.044564 0.528587 0.040923 0.529317 0.037269 0.530596 0.033872 0.531635 0.030513 0.532981 0.026795 0.534712 0.024359 0.536635 0.021538 0.539346 0.019526
0 0.506519 0.003513 0.509365 0.005846 0.511769 0.009051 0.512856 0.013423 0.513731 0.017795 0.513731 0.022449 0.513731 0.027115 0.513077 0.031487 0.511769 0.035564 0.510240 0.039936 0.507837 0.043141 0.505644 0.046641 0.502365 0.047795 0.499096 0.046923 0.496692 0.043436 0.495375 0.039346 0.494067 0.035269 0.494067 0.030615 0.494067 0.025949 0.494288 0.021282 0.495000 0.016923 0.496471 0.012833 0.498221 0.009051 0.500673 0.005385 0.503365 0.003333
0 0.445673 0.007436 0.448846 0.008718 0.451452 0.011641 0.453115 0.015244 0.454365 0.019128 0.455192 0.023295 0.454567 0.027462 0.452885 0.031795 0.450615 0.034679 0.448115 0.037462 0.445481 0.038846 0.442077 0.039679 0.438952 0.039962 0.436038 0.038013 0.433327 0.035513 0.431250 0.032179 0.430000 0.028295 0.430625 0.024128 0.431452 0.019962 0.432913 0.016077 0.435481 0.012308 0.438269 0.009487 0.442019 0.007949
0 0.301240 0.115564 0.304356 0.115564 0.307481 0.115564 0.310404 0.115308 0.313125 0.117128 0.316048 0.118679 0.318192 0.121808 0.318779 0.125705 0.318000 0.129603 0.316058 0.132821 0.314135 0.136026 0.311769 0.138436 0.309231 0.140513 0.306500 0.142077 0.303365 0.142949 0.300654 0.142846 0.297404 0.142692 0.294615 0.141551 0.291885 0.139987 0.289548 0.137397 0.287990 0.134013 0.287596 0.130115 0.288183 0.126218 0.289740 0.122846 0.291692 0.119731 0.294231 0.117385 0.297596 0.116282
0 0.375692 0.059038 0.375885 0.063128 0.376260 0.066949 0.376837 0.070782 0.376260 0.074603 0.375500 0.078436 0.373971 0.081744 0.371865 0.084551 0.369952 0.087615 0.367654 0.090423 0.365548 0.093231 0.363250 0.096295 0.360962 0.099103 0.358087 0.099859 0.355221 0.100885 0.352346 0.100372 0.349663 0.098846 0.347567 0.096038 0.346029 0.092718 0.345269 0.088897 0.344692 0.085064 0.344308 0.081244 0.344885 0.077410 0.345654 0.073590 0.347183 0.069756 0.348904 0.066179 0.350817 0.063128 0.352731 0.059808 0.354837 0.056744 0.357135 0.054192 0.360000 0.051641 0.362875 0.050372 0.365740 0.048833 0.368615 0.049346 0.371096 0.051385 0.373779 0.053179 0.375308 0.056487
0 0.503250 0.426667 0.505375 0.427410 0.507212 0.428923 0.508077 0.430513 0.508942 0.433333 0.509231 0.435897 0.509038 0.438462 0.508558 0.442051 0.507404 0.444872 0.506077 0.447013 0.504519 0.449359 0.502827 0.450962 0.501154 0.452308 0.499010 0.453038 0.496750 0.453038 0.494779 0.451910 0.493077 0.450038 0.492087 0.447385 0.491346 0.444615 0.490962 0.441538 0.491154 0.438718 0.491442 0.435641 0.492308 0.433205 0.493942 0.430897 0.495962 0.429231 0.498077 0.427564 0.500769 0.427051
0 0.401894 0.514308 0.404279 0.515154 0.406019 0.517474 0.407308 0.520000 0.408077 0.523397 0.408558 0.526564 0.408558 0.529949 0.408077 0.533115 0.407606 0.536282 0.406183 0.539244 0.404596 0.541782 0.403010 0.544321 0.400788 0.546218 0.398413 0.547282 0.396029 0.546641 0.394135 0.544526 0.393183 0.541359 0.392231 0.538397 0.391750 0.535231 0.391279 0.532064 0.391115 0.528885 0.391115 0.525513 0.392115 0.522179 0.393337 0.520013 0.395394 0.518321 0.397298 0.516205 0.399519 0.514936
0 0.356827 0.511667 0.359173 0.513423 0.361712 0.514872 0.363702 0.517538 0.365692 0.520192 0.367510 0.523090 0.369317 0.525987 0.370221 0.529603 0.370404 0.533231 0.369683 0.536846 0.368769 0.540474 0.366240 0.541923 0.363519 0.542641 0.360808 0.542167 0.358087 0.540949 0.355558 0.539269 0.353202 0.536603 0.351385 0.533705 0.349519 0.530897 0.348125 0.527910 0.347221 0.524295 0.346683 0.519949 0.347038 0.516321 0.348673 0.513192 0.351029 0.511256 0.353923 0.511256
0 0.520019 0.867564 0.522490 0.870359 0.524019 0.873667 0.525163 0.877218 0.525740 0.881038 0.526115 0.884859 0.525673 0.888462 0.525096 0.891410 0.524231 0.895000 0.523365 0.898974 0.521731 0.902397 0.519827 0.905449 0.517154 0.907487 0.514298 0.908000 0.511625 0.906474 0.509712 0.903167 0.508192 0.899859 0.507596 0.895897 0.507019 0.892051 0.507240 0.888410 0.507240 0.884346 0.508077 0.880641 0.509337 0.876974 0.512000 0.872397 0.514106 0.869590 0.516769 0.868064
0 0.569163 0.828949 0.572712 0.829256 0.576260 0.831782 0.579106 0.835256 0.581712 0.839038 0.583596 0.843769 0.585490 0.847872 0.586202 0.852615 0.585971 0.857346 0.585260 0.862077 0.582183 0.864603 0.578635 0.864923 0.574808 0.864103 0.571769 0.862077 0.568923 0.858923 0.566327 0.855449 0.564433 0.851038 0.562885 0.846282 0.562058 0.841885 0.562058 0.836833 0.564192 0.832731 0.567269 0.829256
0 0.462308 0.834744 0.465000 0.835833 0.467212 0.839372 0.468538 0.843500 0.469865 0.847923 0.470529 0.852936 0.470529 0.857654 0.470308 0.862077 0.469644 0.866500 0.468317 0.870628 0.464779 0.872397 0.462404 0.871282 0.460577 0.868564 0.457923 0.865615 0.456154 0.861154 0.455192 0.857051 0.454163 0.852936 0.454163 0.848218 0.454808 0.843077 0.456154 0.839667 0.458587 0.836423
0 0.433365 0.854872 0.436058 0.856667 0.438462 0.859410 0.440529 0.862423 0.442221 0.865679 0.443356 0.869192 0.444298 0.872949 0.445423 0.876462 0.445798 0.880218 0.446173 0.883974 0.446173 0.888244 0.445798 0.892000 0.444298 0.895256 0.441663 0.898026 0.438837 0.897769 0.436394 0.895513 0.434327 0.892756 0.433010 0.889244 0.431510 0.885987 0.430000 0.881923 0.428875 0.878962 0.427933 0.875205 0.427183 0.871449 0.426990 0.867436 0.426990 0.863167 0.427558 0.859154 0.429442 0.856154 0.431510 0.854141
