0 0.447202 0.074423 0.451106 0.074769 0.455019 0.076859 0.458663 0.079641 0.462019 0.083205 0.464615 0.087436 0.465183 0.093192 0.465442 0.098397 0.463615 0.103615 0.459971 0.106397 0.456058 0.107782 0.451894 0.107782 0.447981 0.105705 0.444596 0.102923 0.441827 0.099487 0.439712 0.095513 0.438462 0.090769 0.437596 0.085769 0.438596 0.081026 0.441827 0.076410
0 0.316538 0.728218 0.318500 0.730833 0.319567 0.734397 0.320644 0.737731 0.321712 0.741295 0.321885 0.744859 0.322067 0.748423 0.321529 0.751987 0.320288 0.755321 0.319212 0.758885 0.317250 0.761500 0.315115 0.764115 0.312798 0.766013 0.310125 0.766731 0.307452 0.767205 0.305135 0.765295 0.303173 0.762679 0.302096 0.759359 0.301385 0.755795 0.301029 0.752231 0.301385 0.748654 0.301567 0.745090 0.302279 0.741526 0.303346 0.738205 0.304779 0.735115 0.306558 0.732256 0.308692 0.729885 0.311192 0.728218 0.313865 0.727500
0 0.700577 0.735128 0.703048 0.736590 0.706058 0.739679 0.708385 0.743397 0.710240 0.747423 0.711163 0.752064 0.712327 0.756705 0.712788 0.761346 0.712692 0.765769 0.712019 0.769744 0.710096 0.773333 0.707500 0.775897 0.703846 0.777436 0.700721 0.776500 0.697404 0.773590 0.694923 0.770321 0.693067 0.765987 0.691442 0.761654 0.690510 0.757013 0.689808 0.752179 0.690048 0.747731 0.690750 0.743090 0.692606 0.739064 0.695096 0.736795 0.697942 0.735346
0 0.642596 0.692949 0.643365 0.695513 0.643548 0.699667 0.643740 0.703577 0.643750 0.707692 0.643356 0.711679 0.642173 0.715872 0.640808 0.719526 0.638452 0.722141 0.635904 0.724231 0.632962 0.724487 0.630019 0.723974 0.627471 0.721615 0.625510 0.718487 0.624529 0.714564 0.624529 0.710372 0.625317 0.706462 0.626096 0.702538 0.627404 0.698205 0.629038 0.695474 0.631154 0.692436 0.633548 0.690256 0.636250 0.690000 0.638846 0.689872 0.640673 0.690641
0 0.263413 0.706821 0.266269 0.706821 0.268942 0.708013 0.271433 0.709679 0.273394 0.712526 0.274827 0.715615 0.276250 0.718949 0.277500 0.722269 0.278029 0.725833 0.278750 0.729410 0.278923 0.732974 0.277856 0.736295 0.276067 0.739154 0.273750 0.741051 0.270962 0.742051 0.268404 0.742718 0.265731 0.741769 0.263413 0.739385 0.261279 0.737013 0.259317 0.734397 0.258077 0.731154 0.257173 0.727974 0.256635 0.724410 0.256279 0.720846 0.255962 0.717564 0.256538 0.713718 0.257212 0.710256 0.260481 0.707179
0 0.505933 0.729064 0.509606 0.730038 0.512692 0.731667 0.515481 0.736244 0.516952 0.740808 0.517683 0.745705 0.517683 0.750923 0.516212 0.755487 0.513942 0.760000 0.510962 0.763590 0.507404 0.765282 0.503846 0.764231 0.501048 0.762346 0.498596 0.758423 0.497125 0.753538 0.496635 0.748641 0.496154 0.743744 0.496827 0.738974 0.498356 0.734615 0.501058 0.731410
0 0.599048 0.789859 0.602212 0.789615 0.605962 0.791538 0.608904 0.795064 0.610740 0.799038 0.612567 0.803013 0.613721 0.807590 0.614635 0.812179 0.615317 0.816756 0.614635 0.821346 0.611192 0.822256 0.607760 0.821654 0.604317 0.820128 0.602029 0.816449 0.599615 0.812179 0.598125 0.808513 0.596519 0.804231 0.596298 0.799641 0.596346 0.794231
0 0.636154 0.775756 0.639394 0.776038 0.642212 0.778359 0.644375 0.781821 0.646106 0.785564 0.648058 0.789321 0.649231 0.792564 0.649567 0.797974 0.648702 0.802308 0.647404 0.806346 0.644163 0.807795 0.640913 0.806346 0.638173 0.803974 0.636154 0.800577 0.634202 0.796821 0.632471 0.793077 0.631817 0.788744 0.631173 0.784410 0.631385 0.780090 0.633769 0.776910
0 0.552106 0.781192 0.555481 0.782308 0.558077 0.784359 0.560769 0.788590 0.563654 0.793205 0.565288 0.797436 0.567337 0.802449 0.568519 0.807205 0.569000 0.811962 0.569519 0.816538 0.569952 0.821487 0.569712 0.826244 0.567337 0.831000 0.564240 0.834487 0.560673 0.835436 0.556923 0.835641 0.553298 0.834167 0.550442 0.831000 0.547817 0.827513 0.545202 0.824026 0.543269 0.819744 0.541442 0.814872 0.540000 0.810128 0.539327 0.805769 0.539260 0.801179 0.539615 0.796026 0.540442 0.791654 0.542115 0.787179 0.544250 0.783410 0.547587 0.781513
0 0.446933 0.749295 0.450673 0.747949 0.454298 0.748346 0.457500 0.749487 0.460721 0.752782 0.462144 0.757218 0.462981 0.761282 0.462615 0.766731 0.461538 0.770385 0.459712 0.774615 0.457308 0.777179 0.454231 0.780000 0.450971 0.781628 0.447692 0.782821 0.443837 0.782577 0.440279 0.780987 0.437894 0.777179 0.436471 0.772436 0.436471 0.767359 0.436923 0.762564 0.439327 0.757692 0.442019 0.753333
0 0.383269 0.769910 0.386192 0.771205 0.388923 0.772769 0.391346 0.774615 0.393750 0.776795 0.396135 0.780308 0.397106 0.784205 0.397106 0.788359 0.396721 0.792269 0.394962 0.795641 0.392115 0.797436 0.389327 0.798846 0.386192 0.798500 0.383269 0.797462 0.380538 0.795897 0.377808 0.794346 0.375269 0.792000 0.373125 0.788885 0.372019 0.784872 0.372154 0.781346 0.372346 0.777449 0.373519 0.773808 0.375663 0.770949 0.378394 0.769128 0.381510 0.769128
0 0.561827 0.453282 0.564846 0.455013 0.567644 0.457885 0.569327 0.461282 0.571096 0.465359 0.572817 0.469090 0.574115 0.473115 0.574904 0.477436 0.575096 0.481410 0.574115 0.485769 0.572173 0.489500 0.569587 0.492385 0.566356 0.493526 0.562904 0.493526 0.559885 0.491231 0.557308 0.488077 0.556000 0.484038 0.555144 0.479731 0.554279 0.475423 0.553413 0.471103 0.552981 0.466026 0.553413 0.461615 0.555356 0.457885 0.557942 0.455013
0 0.508606 0.473295 0.511442 0.474487 0.513942 0.476923 0.516010 0.479385 0.517913 0.482423 0.519433 0.485705 0.520288 0.489231 0.520760 0.493051 0.520760 0.497103 0.520192 0.500897 0.519240 0.504705 0.517154 0.507987 0.514519 0.510385 0.512029 0.510013 0.509423 0.507949 0.507471 0.505462 0.505760 0.502167 0.504240 0.498872 0.503077 0.495000 0.502885 0.491538 0.502692 0.487821 0.502788 0.483974 0.503558 0.480641 0.504231 0.477179 0.505865 0.475000
0 0.481827 0.442949 0.485481 0.443333 0.487885 0.445385 0.489808 0.448462 0.490673 0.453718 0.489904 0.458846 0.489240 0.463231 0.488394 0.467462 0.486490 0.471128 0.484163 0.474231 0.480990 0.474513 0.478231 0.472256 0.476538 0.468590 0.475692 0.464359 0.475192 0.460000 0.475058 0.455885 0.475692 0.451654 0.476962 0.447705 0.479298 0.444603
0 0.608538 0.437923 0.611577 0.440423 0.613846 0.443205 0.616260 0.447603 0.617423 0.452282 0.618125 0.456962 0.618365 0.461641 0.618125 0.466321 0.616490 0.470692 0.613452 0.473500 0.609942 0.472872 0.606663 0.470692 0.604327 0.466949 0.602452 0.462885 0.601048 0.458526 0.600577 0.453833 0.600096 0.449359 0.600481 0.444872 0.601731 0.440641 0.604327 0.437923
0 0.644904 0.388333 0.645375 0.393154 0.646894 0.396462 0.649183 0.399000 0.652048 0.400269 0.654904 0.401282 0.657500 0.401923 0.661058 0.401923 0.663865 0.401026 0.666337 0.398744 0.667481 0.395192 0.667673 0.391372 0.666337 0.387821 0.663865 0.385526 0.661442 0.383718 0.658558 0.382179 0.655385 0.380897 0.652500 0.380128 0.649423 0.381282 0.646731 0.384359
0 0.687981 0.327821 0.690933 0.329205 0.693240 0.331103 0.695721 0.332756 0.698212 0.334167 0.700337 0.336538 0.701933 0.339615 0.702644 0.343167 0.702981 0.346667 0.702288 0.350026 0.700865 0.352949 0.698269 0.355000 0.695904 0.355462 0.693240 0.355218 0.690577 0.354987 0.687692 0.353718 0.685433 0.352154 0.683125 0.350256 0.680817 0.348359 0.678692 0.346000 0.676635 0.343333 0.675500 0.340321 0.675144 0.336769 0.676029 0.333231 0.678163 0.330859 0.679904 0.328974 0.682769 0.328026 0.685433 0.327551
0 0.517058 0.391769 0.520394 0.392051 0.523519 0.393167 0.526433 0.395103 0.528519 0.398436 0.530606 0.402051 0.532067 0.405949 0.532894 0.410115 0.533106 0.414282 0.532067 0.418449 0.529981 0.422897 0.527067 0.425679 0.523933 0.426513 0.521019 0.424846 0.518308 0.422615 0.515385 0.419615 0.513519 0.416500 0.512019 0.412308 0.511635 0.408462 0.511442 0.404231 0.511731 0.400256 0.512692 0.396923 0.514327 0.393846
0 0.477625 0.817654 0.481019 0.818256 0.484413 0.819769 0.487356 0.822179 0.490077 0.825192 0.492337 0.828821 0.494038 0.832436 0.495058 0.837269 0.495279 0.841795 0.493692 0.846026 0.491202 0.849346 0.487808 0.850859 0.484413 0.851462 0.481019 0.850551 0.477625 0.849949 0.474452 0.847833 0.471962 0.844513 0.469923 0.840590 0.468337 0.836372 0.467433 0.831833 0.467885 0.827308 0.469240 0.823090 0.471962 0.820064 0.474673 0.818551
0 0.441731 0.399872 0.445144 0.400551 0.448673 0.402128 0.451269 0.405577 0.453856 0.409026 0.455029 0.413731 0.455029 0.418756 0.454798 0.423462 0.452913 0.427538 0.449856 0.430359 0.446327 0.431615 0.442788 0.432244 0.439029 0.432244 0.435500 0.430987 0.432202 0.429115 0.429615 0.425654 0.427212 0.421538 0.426154 0.417308 0.426538 0.413077 0.427596 0.408974 0.429615 0.404949 0.432673 0.402128 0.436202 0.400872 0.439029 0.400244
0 0.469077 0.346282 0.471644 0.347436 0.474048 0.348808 0.476106 0.351090 0.477827 0.353833 0.479029 0.357038 0.480058 0.360474 0.480231 0.363910 0.479885 0.367333 0.478000 0.369859 0.475769 0.371679 0.473192 0.372141 0.470442 0.372141 0.467875 0.371449 0.465471 0.369859 0.462894 0.368705 0.460837 0.365962 0.458779 0.363679 0.457404 0.360474 0.456894 0.357038 0.457058 0.353603 0.458096 0.350410 0.459981 0.347885 0.462212 0.346051 0.464788 0.345603 0.467019 0.345833
0 0.585385 0.314231 0.588000 0.315397 0.590231 0.317462 0.592462 0.319282 0.594692 0.321346 0.596750 0.323628 0.598462 0.326603 0.599837 0.329577 0.600692 0.333013 0.601538 0.336026 0.602067 0.340103 0.602019 0.343590 0.601442 0.346923 0.600010 0.350410 0.597779 0.352462 0.595375 0.354064 0.592635 0.354064 0.590058 0.353603 0.587481 0.353385 0.585077 0.351551 0.582673 0.349718 0.580788 0.347205 0.578904 0.344679 0.577356 0.341705 0.576154 0.338500 0.575298 0.335077 0.574269 0.331872 0.573923 0.328205 0.573923 0.324551 0.574519 0.321026 0.575981 0.318603 0.578212 0.316308 0.580788 0.314936 0.583538 0.314026
0 0.726577 0.272167 0.729952 0.273372 0.733106 0.276077 0.734913 0.279974 0.736260 0.284487 0.737163 0.288987 0.737163 0.293795 0.736490 0.298308 0.734683 0.302205 0.731308 0.303103 0.727923 0.301910 0.725000 0.299500 0.722519 0.296205 0.720490 0.292295 0.719596 0.287782 0.718913 0.283282 0.719596 0.278782 0.721173 0.274577 0.723192 0.272769
0 0.661087 0.182974 0.663894 0.179859 0.667394 0.178615 0.670904 0.177679 0.674135 0.177692 0.678375 0.178295 0.682115 0.179859 0.685288 0.182821 0.686731 0.187949 0.686154 0.192949 0.684038 0.197308 0.681058 0.200769 0.677683 0.202282 0.674173 0.202910 0.670433 0.202910 0.666933 0.201346 0.663663 0.198859 0.661087 0.195436 0.660385 0.190756 0.660154 0.186090
0 0.648173 0.228846 0.651740 0.230231 0.654731 0.233000 0.657731 0.235756 0.660260 0.239128 0.662096 0.243128 0.663558 0.246667 0.664038 0.251795 0.663750 0.256667 0.661865 0.260923 0.658875 0.263692 0.655423 0.264615 0.652202 0.262462 0.649673 0.259090 0.646673 0.256628 0.644837 0.252333 0.642990 0.248346 0.642067 0.243731 0.641846 0.239128 0.642298 0.234526 0.644135 0.230256
0 0.373942 0.396154 0.377308 0.395769 0.380769 0.396026 0.384038 0.397436 0.387596 0.400256 0.391635 0.403718 0.394327 0.407051 0.396346 0.411538 0.397692 0.415897 0.397981 0.421795 0.396971 0.426718 0.394692 0.430679 0.391442 0.432821 0.388298 0.433718 0.384875 0.433423 0.381452 0.431897 0.378481 0.429462 0.375510 0.427026 0.372548 0.423987 0.370721 0.420026 0.369125 0.415769 0.368894 0.411192 0.368433 0.406628 0.369125 0.402064 0.371635 0.398718
0 0.324327 0.376795 0.326635 0.377564 0.329231 0.379103 0.331731 0.380641 0.333846 0.382949 0.335962 0.385897 0.337404 0.388462 0.338481 0.391821 0.338481 0.396051 0.337683 0.400026 0.335500 0.402923 0.332731 0.404782 0.329750 0.405038 0.326779 0.405308 0.323808 0.405038 0.320837 0.403987 0.318058 0.402141 0.315481 0.399231 0.313894 0.395795 0.312702 0.391564 0.312106 0.387603 0.312308 0.383372 0.312981 0.380000 0.315481 0.377564 0.318173 0.376154 0.321058 0.376538
0 0.307885 0.319936 0.310471 0.319936 0.312904 0.320577 0.315288 0.321026 0.317750 0.322090 0.319856 0.323821 0.321798 0.325974 0.323250 0.328782 0.323904 0.332013 0.323250 0.335462 0.321250 0.338333 0.318885 0.339782 0.316135 0.341077 0.313548 0.341936 0.310769 0.342179 0.308375 0.341500 0.306106 0.339987 0.304327 0.337615 0.302385 0.335462 0.301260 0.332449 0.300288 0.329423 0.300125 0.326192 0.301442 0.323205 0.303683 0.321449 0.305135 0.320795
0 0.246856 0.289731 0.249769 0.289987 0.252683 0.290769 0.255000 0.292821 0.257500 0.295256 0.260096 0.298077 0.262212 0.301282 0.263385 0.305026 0.263577 0.308910 0.263077 0.312564 0.260663 0.314615 0.257740 0.314885 0.254635 0.314885 0.251712 0.313577 0.249183 0.311513 0.247240 0.308397 0.245298 0.305282 0.243750 0.301923 0.243163 0.298026 0.242962 0.294141 0.244327 0.291282
0 0.275288 0.242256 0.278548 0.242256 0.281606 0.243346 0.284058 0.246064 0.286913 0.248231 0.288952 0.251500 0.290779 0.255038 0.292010 0.258833 0.292413 0.262923 0.292115 0.267308 0.290779 0.271077 0.287721 0.272436 0.284663 0.272705 0.281606 0.271346 0.278750 0.269718 0.276510 0.266718 0.274269 0.263731 0.272231 0.260474 0.270798 0.256667 0.269981 0.252590 0.270192 0.248513 0.271212 0.244423
0 0.210663 0.231103 0.213413 0.231590 0.216173 0.232821 0.218750 0.234538 0.220779 0.237231 0.222596 0.240000 0.224269 0.243359 0.226106 0.246308 0.227115 0.249487 0.227952 0.253410 0.228558 0.256923 0.228500 0.261013 0.227760 0.264936 0.225375 0.266897 0.222433 0.267141 0.219673 0.266654 0.216913 0.265436 0.214423 0.262821 0.213048 0.260526 0.211394 0.257333 0.209558 0.254397 0.208087 0.251205 0.206615 0.248026 0.205875 0.244346 0.205192 0.240128 0.205692 0.236744 0.207163 0.233551
0 0.600481 0.234103 0.602885 0.233590 0.605769 0.234103 0.607981 0.235641 0.609750 0.237859 0.610538 0.241795 0.610337 0.245718 0.608846 0.249231 0.606346 0.252308 0.603260 0.254103 0.600317 0.254897 0.597365 0.254628 0.594519 0.251923 0.592212 0.248718 0.590769 0.244872 0.590865 0.240256 0.592308 0.236795 0.595010 0.234974 0.597596 0.234231
0 0.528760 0.286936 0.531231 0.288026 0.533212 0.290231 0.535183 0.292423 0.537000 0.294833 0.538808 0.297256 0.539962 0.300321 0.540788 0.303615 0.540788 0.307128 0.540788 0.310641 0.539962 0.313936 0.538317 0.316795 0.536010 0.318333 0.533538 0.318987 0.531231 0.317679 0.528760 0.316577 0.526952 0.314167 0.524808 0.312179 0.523654 0.309115 0.522673 0.305821 0.521846 0.302526 0.521019 0.299013 0.521019 0.295500 0.521846 0.292205 0.522837 0.288910 0.524231 0.286667 0.526288 0.286051
0 0.466635 0.284949 0.469519 0.284436 0.472606 0.283923 0.475500 0.283667 0.478394 0.284436 0.480894 0.286487 0.482827 0.289577 0.484942 0.292410 0.485904 0.296256 0.486683 0.300115 0.486096 0.303974 0.484942 0.307564 0.482635 0.310141 0.479933 0.311679 0.476846 0.311679 0.473952 0.310654 0.471067 0.309628 0.468173 0.307692 0.466442 0.305256 0.464510 0.302167 0.462971 0.298833 0.462587 0.294718 0.462971 0.290859 0.464125 0.287269
0 0.407635 0.293974 0.410673 0.294487 0.413548 0.297500 0.415192 0.300769 0.416394 0.304833 0.416798 0.308897 0.417010 0.312974 0.416923 0.316795 0.416596 0.321128 0.415173 0.324923 0.412933 0.327910 0.410288 0.330359 0.407029 0.330090 0.404375 0.327641 0.402346 0.324385 0.400913 0.320577 0.399692 0.316513 0.399490 0.312436 0.399490 0.308090 0.399894 0.304013 0.401125 0.299949 0.402952 0.296410 0.405394 0.293974
0 0.333750 0.240513 0.337740 0.241692 0.340923 0.244295 0.343125 0.248538 0.344106 0.253436 0.344837 0.258667 0.345327 0.263564 0.344808 0.268846 0.343846 0.274103 0.340673 0.277269 0.337000 0.277603 0.333750 0.275256 0.331125 0.272051 0.328673 0.268128 0.326721 0.263885 0.325490 0.258987 0.325000 0.254090 0.326154 0.249487 0.328183 0.245282 0.330885 0.242013
0 0.314885 0.154308 0.317375 0.156359 0.319490 0.159167 0.321019 0.162487 0.321981 0.166321 0.322933 0.170154 0.323125 0.173987 0.322933 0.177821 0.322365 0.181654 0.321596 0.185487 0.320058 0.188821 0.317760 0.191372 0.314423 0.192179 0.311625 0.191115 0.309327 0.188564 0.307019 0.185769 0.305875 0.181910 0.305298 0.178077 0.304923 0.174244 0.304923 0.170154 0.305673 0.166282 0.306837 0.162744 0.308558 0.159423 0.310288 0.156103 0.312394 0.154308
0 0.242394 0.173692 0.245394 0.174436 0.248202 0.175436 0.251019 0.176692 0.253644 0.178192 0.256269 0.179692 0.258144 0.182936 0.259452 0.186436 0.259452 0.190436 0.258894 0.194192 0.257019 0.197192 0.254615 0.198974 0.251394 0.199936 0.248577 0.200192 0.245769 0.199436 0.242952 0.198936 0.240144 0.197692 0.237702 0.195692 0.235452 0.193192 0.233952 0.189936 0.233577 0.186192 0.233577 0.182192 0.234894 0.178692 0.236952 0.175936 0.239577 0.173936
0 0.409827 0.220692 0.412644 0.221936 0.415077 0.224436 0.417144 0.227192 0.419019 0.230436 0.419952 0.234192 0.418827 0.237936 0.417144 0.241192 0.415077 0.243936 0.412644 0.246192 0.409827 0.247692 0.407019 0.248436 0.403644 0.248936 0.400644 0.248936 0.397644 0.248936 0.395394 0.246436 0.393144 0.243936 0.392019 0.240436 0.391644 0.236436 0.392019 0.232692 0.393327 0.229192 0.394644 0.225692 0.397077 0.223692 0.400077 0.221436 0.402702 0.219936 0.405702 0.219936
0 0.493577 0.194936 0.496288 0.197718 0.499000 0.200231 0.500885 0.203846 0.502346 0.207744 0.502971 0.211923 0.503183 0.216103 0.503394 0.220282 0.503558 0.224103 0.502558 0.228641 0.500673 0.232179 0.498173 0.235128 0.494231 0.236154 0.490769 0.234872 0.487933 0.231705 0.485577 0.228718 0.484173 0.225295 0.483760 0.221115 0.483337 0.216936 0.483337 0.212487 0.483548 0.208308 0.484385 0.204128 0.485423 0.199949 0.487519 0.196333 0.490231 0.194385
0 0.625269 0.107846 0.627337 0.109538 0.629712 0.111013 0.631288 0.113551 0.632875 0.116295 0.633827 0.119256 0.634625 0.122423 0.635250 0.125590 0.635567 0.128756 0.635731 0.131923 0.635885 0.135308 0.635731 0.138474 0.635250 0.141641 0.634462 0.144808 0.633192 0.147769 0.631769 0.150513 0.629712 0.152423 0.627337 0.153474 0.624798 0.153897 0.622740 0.152000 0.620837 0.149885 0.619567 0.147141 0.618144 0.144385 0.616875 0.141641 0.616240 0.138474 0.616240 0.135090 0.616240 0.131718 0.616240 0.128333 0.616087 0.125167 0.616087 0.121782 0.616721 0.118615 0.617510 0.115449 0.619096 0.112910 0.620673 0.110385 0.622740 0.108692
0 0.576615 0.146885 0.580577 0.147692 0.584135 0.151154 0.586346 0.156154 0.587163 0.162513 0.587750 0.168372 0.587163 0.174231 0.585404 0.179705 0.581596 0.183218 0.577202 0.184782 0.573394 0.181654 0.571048 0.176577 0.569587 0.170718 0.569231 0.164103 0.569587 0.158218 0.571635 0.151154
0 0.533827 0.117436 0.536990 0.120026 0.538933 0.124231 0.539654 0.129090 0.540385 0.133936 0.539904 0.138795 0.539413 0.143974 0.537712 0.148513 0.536740 0.153359 0.534077 0.156923 0.530913 0.159833 0.527519 0.161782 0.523875 0.160487 0.520962 0.156923 0.519019 0.152397 0.518538 0.147538 0.518538 0.142359 0.518779 0.137500 0.520481 0.132974 0.522173 0.128436 0.523394 0.123577 0.526058 0.120026 0.529462 0.117756
0 0.566606 0.044269 0.570250 0.045564 0.573644 0.047833 0.576808 0.050744 0.579231 0.054628 0.580442 0.059487 0.580692 0.064346 0.579231 0.068872 0.576808 0.072756 0.573404 0.074705 0.569519 0.075667 0.565635 0.075667 0.562240 0.073731 0.558596 0.072756 0.555442 0.069846 0.553500 0.065641 0.552038 0.061103 0.551308 0.056244 0.552038 0.051397 0.554221 0.047179 0.557385 0.044269 0.561538 0.043333
0 0.358096 0.074949 0.360288 0.075385 0.363365 0.076026 0.365865 0.077179 0.368375 0.078436 0.370644 0.080295 0.372731 0.082859 0.374125 0.085872 0.375173 0.089128 0.375173 0.092846 0.374808 0.096410 0.373606 0.100282 0.372038 0.103308 0.370288 0.106090 0.368173 0.107821 0.366058 0.109231 0.363750 0.109744 0.361231 0.110051 0.358615 0.110513 0.355827 0.110513 0.353212 0.110744 0.350769 0.109346 0.348327 0.107949 0.346067 0.105859 0.343462 0.103205 0.341827 0.100128 0.341356 0.096564 0.340865 0.092692 0.341183 0.089359 0.341885 0.085872 0.343452 0.082859 0.345192 0.079833 0.347308 0.077949 0.350000 0.075897 0.352692 0.074949 0.355308 0.074256
0 0.420462 0.154564 0.423663 0.156692 0.426644 0.159141 0.428750 0.161410 0.430385 0.164231 0.432365 0.168295 0.433510 0.172872 0.434885 0.177154 0.435337 0.181731 0.435337 0.186615 0.433048 0.190282 0.429615 0.192115 0.426183 0.190282 0.422750 0.188756 0.420231 0.185397 0.417712 0.182038 0.415875 0.177462 0.414731 0.172577 0.414048 0.167987 0.413135 0.163410 0.413942 0.158333 0.415962 0.153974
0 0.685740 0.659667 0.688327 0.661782 0.690308 0.665231 0.691702 0.668936 0.692885 0.672897 0.693288 0.677141 0.693288 0.681372 0.693481 0.685346 0.692692 0.689308 0.691500 0.693026 0.688913 0.695397 0.686538 0.697051 0.683356 0.696731 0.680192 0.694744 0.678462 0.691282 0.676808 0.687731 0.675817 0.683756 0.675019 0.679782 0.674423 0.675808 0.674817 0.671846 0.675817 0.667872 0.677404 0.664167 0.679385 0.660987 0.681971 0.658603
0 0.599558 0.638641 0.602308 0.639872 0.604519 0.642872 0.606106 0.646321 0.607298 0.650026 0.607298 0.654269 0.606904 0.658244 0.606308 0.662205 0.604721 0.665923 0.603135 0.669359 0.600548 0.672538 0.597567 0.673859 0.594394 0.673603 0.591606 0.671744 0.589423 0.668833 0.587837 0.665128 0.586644 0.661410 0.586250 0.657449 0.586048 0.653474 0.586846 0.649500 0.588038 0.645526 0.590019 0.642346 0.592404 0.639692 0.594808 0.637949 0.596827 0.637949
0 0.640000 0.603077 0.642692 0.603718 0.644596 0.606154 0.646067 0.608705 0.646952 0.611462 0.647692 0.614410 0.648135 0.617359 0.648135 0.620513 0.648135 0.623654 0.647981 0.626603 0.647250 0.629551 0.646067 0.632513 0.644596 0.635064 0.642817 0.637231 0.640904 0.639000 0.638558 0.639872 0.636625 0.639782 0.634413 0.638795 0.632500 0.636833 0.631173 0.634282 0.630135 0.631526 0.629548 0.628577 0.628962 0.625628 0.628365 0.622679 0.628519 0.619718 0.629106 0.616769 0.629519 0.613846 0.630577 0.610769 0.631923 0.608205 0.633673 0.606551 0.635596 0.604974 0.637663 0.603795
0 0.713731 0.582590 0.715875 0.583821 0.718019 0.585244 0.719615 0.587436 0.721077 0.589731 0.721837 0.592987 0.722298 0.596462 0.721683 0.599513 0.720462 0.602372 0.719038 0.605000 0.717404 0.607179 0.715192 0.609359 0.713462 0.611282 0.711288 0.612359 0.708990 0.612974 0.706548 0.612974 0.704096 0.612974 0.701808 0.612154 0.699817 0.610526 0.698135 0.608077 0.696923 0.605385 0.696760 0.602372 0.697067 0.599103 0.697827 0.595846 0.698442 0.592782 0.699817 0.590141 0.701346 0.587487 0.703029 0.585038 0.704904 0.583462 0.707500 0.582692 0.709135 0.582308 0.711538 0.582308
0 0.750154 0.470923 0.752548 0.472295 0.754260 0.475487 0.755288 0.478897 0.756308 0.482551 0.756827 0.485962 0.756654 0.489833 0.755625 0.493026 0.753913 0.495756 0.751635 0.498846 0.749308 0.499179 0.746567 0.499179 0.744173 0.497577 0.742471 0.494846 0.741096 0.491885 0.740587 0.488474 0.740587 0.484821 0.740760 0.481410 0.741788 0.478218 0.743154 0.475256 0.745375 0.472974 0.747769 0.471385
0 0.713125 0.497154 0.715779 0.498333 0.717913 0.500705 0.719154 0.504013 0.719865 0.507564 0.720394 0.511115 0.720221 0.514897 0.720038 0.518449 0.719712 0.521538 0.718269 0.525077 0.716538 0.527949 0.714538 0.530282 0.712058 0.531705 0.709423 0.532564 0.706731 0.532410 0.704423 0.530051 0.703183 0.526731 0.702471 0.523179 0.701942 0.519628 0.702115 0.516090 0.702298 0.512538 0.703000 0.508987 0.704596 0.505910 0.706019 0.502833 0.707971 0.500231 0.710279 0.498103
0 0.387721 0.683590 0.389231 0.681026 0.392183 0.679244 0.395106 0.678333 0.397683 0.677872 0.400192 0.678846 0.402490 0.679936 0.404885 0.681308 0.406923 0.683205 0.409010 0.685885 0.410212 0.689090 0.410731 0.692526 0.410038 0.695962 0.407981 0.698244 0.405404 0.699385 0.402827 0.699846 0.400087 0.699846 0.397510 0.698936 0.394933 0.697782 0.392529 0.696410 0.390125 0.695038 0.388240 0.692526 0.387212 0.689321 0.387038 0.685885
0 0.356058 0.679487 0.359423 0.680897 0.362596 0.684359 0.365000 0.687564 0.366673 0.691179 0.368019 0.694769 0.368788 0.698615 0.368942 0.702179 0.368212 0.706821 0.367115 0.709744 0.364942 0.711692 0.362058 0.711949 0.359173 0.711692 0.356471 0.710154 0.354356 0.707077 0.353202 0.703487 0.351856 0.699897 0.351346 0.696026 0.351087 0.692205 0.351087 0.688103 0.351538 0.683718 0.353077 0.680769
0 0.300673 0.594615 0.304673 0.595128 0.308077 0.596038 0.311029 0.598462 0.313981 0.600885 0.316933 0.603308 0.320096 0.606410 0.322154 0.609359 0.323740 0.613590 0.324615 0.618077 0.323740 0.623590 0.322375 0.627821 0.319423 0.630385 0.315567 0.630244 0.312163 0.629641 0.308760 0.628731 0.305346 0.627526 0.302394 0.625103 0.299442 0.622077 0.296721 0.619038 0.294231 0.615769 0.291538 0.611026 0.290481 0.605769 0.291952 0.601487 0.294221 0.597859 0.297173 0.595436
0 0.251029 0.580718 0.254404 0.580718 0.257356 0.582397 0.260106 0.584654 0.261375 0.588590 0.261375 0.593103 0.261058 0.597436 0.259471 0.600987 0.256731 0.603513 0.253769 0.605487 0.250606 0.606897 0.247644 0.608577 0.244481 0.608859 0.241106 0.608859 0.237942 0.608295 0.235404 0.605487 0.233712 0.601821 0.233288 0.597603 0.233923 0.593385 0.235192 0.589436 0.237731 0.586628 0.240683 0.584654 0.243173 0.582949 0.246923 0.581795
0 0.243423 0.518231 0.245769 0.518590 0.248462 0.520385 0.250740 0.523615 0.251894 0.527218 0.253240 0.530808 0.254019 0.534667 0.254596 0.538513 0.254596 0.542628 0.254019 0.546474 0.251702 0.549051 0.248817 0.550077 0.246115 0.548538 0.243615 0.546474 0.241683 0.543397 0.240337 0.539795 0.239375 0.535949 0.238606 0.532090 0.238365 0.528205 0.238654 0.524487 0.239760 0.520795
0 0.616913 0.554269 0.620202 0.554859 0.623077 0.557051 0.625481 0.559615 0.627308 0.563333 0.627692 0.567051 0.627010 0.571821 0.625029 0.575923 0.622981 0.578462 0.620192 0.580256 0.616058 0.580641 0.612500 0.580513 0.609452 0.580308 0.606385 0.578256 0.603269 0.575256 0.601827 0.571282 0.601558 0.567436 0.602433 0.563051 0.604183 0.559244 0.606817 0.556321 0.609894 0.554269 0.613183 0.553692
0 0.653269 0.519449 0.655769 0.519744 0.657596 0.520000 0.659500 0.520808 0.661673 0.521577 0.663702 0.523115 0.665442 0.525051 0.666596 0.527564 0.666894 0.530462 0.666894 0.533551 0.666635 0.536410 0.665587 0.539346 0.664279 0.541859 0.662394 0.543795 0.660375 0.544949 0.658346 0.546115 0.656173 0.546500 0.654038 0.546667 0.651923 0.546667 0.649904 0.546282 0.647981 0.545385 0.646154 0.543974 0.644577 0.542244 0.643269 0.539872 0.642115 0.537218 0.640952 0.534718 0.640519 0.531808 0.640519 0.528718 0.641827 0.526218 0.643567 0.524282 0.645452 0.522731 0.647481 0.521385 0.649654 0.520218 0.651442 0.519615
0 0.421510 0.605744 0.424365 0.606000 0.427038 0.607782 0.429519 0.609821 0.432000 0.612359 0.433462 0.615256 0.435385 0.619103 0.436346 0.622308 0.436827 0.626923 0.435577 0.631026 0.433904 0.633205 0.431048 0.634474 0.428183 0.634731 0.425327 0.634231 0.422462 0.632949 0.419788 0.631423 0.417308 0.628846 0.415096 0.626154 0.413692 0.622782 0.412923 0.618974 0.413115 0.615154 0.414327 0.611667 0.416356 0.609051 0.418837 0.607013
0 0.464519 0.571282 0.467885 0.571154 0.470769 0.573205 0.473173 0.577949 0.473952 0.581833 0.474144 0.585654 0.474337 0.589462 0.473952 0.593282 0.472615 0.596846 0.470327 0.599641 0.467471 0.599385 0.464798 0.597603 0.463269 0.594295 0.461933 0.590744 0.460981 0.586923 0.460788 0.582859 0.460981 0.578782 0.461923 0.574231
0 0.447317 0.521679 0.450192 0.521923 0.453067 0.522462 0.455837 0.524577 0.458019 0.527487 0.459212 0.531179 0.459404 0.535141 0.458750 0.538590 0.457308 0.541923 0.455096 0.544744 0.452471 0.547295 0.449500 0.548615 0.446529 0.548885 0.443558 0.549141 0.440385 0.549141 0.437413 0.548090 0.435433 0.544923 0.434644 0.540962 0.434644 0.536731 0.435038 0.532769 0.436817 0.529333 0.438365 0.527051 0.440981 0.524846 0.443558 0.522731
0 0.403692 0.492115 0.406298 0.491179 0.408913 0.490487 0.411519 0.489795 0.414125 0.490256 0.416740 0.491410 0.419173 0.493038 0.421260 0.495590 0.422481 0.498833 0.422885 0.502308 0.422308 0.506282 0.421087 0.509269 0.419173 0.512282 0.416827 0.513462 0.414135 0.513846 0.411731 0.513846 0.408740 0.512974 0.406471 0.511128 0.404212 0.509038 0.402298 0.506487 0.401087 0.503244 0.400913 0.499756 0.401260 0.496282 0.402125 0.494192
0 0.364423 0.577564 0.367442 0.578077 0.369904 0.579872 0.372154 0.582846 0.373654 0.585128 0.374981 0.589872 0.375288 0.592949 0.374788 0.597410 0.373279 0.600923 0.371019 0.603692 0.368365 0.605000 0.365558 0.605192 0.362740 0.604192 0.360096 0.602436 0.358029 0.599167 0.356519 0.595897 0.356337 0.592141 0.356635 0.587692 0.357462 0.584603 0.359038 0.581410 0.361346 0.578590
0 0.339423 0.511282 0.342308 0.513077 0.343942 0.515385 0.345519 0.518487 0.346173 0.521744 0.346500 0.525000 0.346817 0.528269 0.346817 0.531744 0.346731 0.534487 0.346154 0.537692 0.344904 0.541538 0.342885 0.544359 0.340788 0.545859 0.338346 0.546731 0.335904 0.547167 0.333462 0.546538 0.331663 0.544564 0.330692 0.541513 0.329875 0.538256 0.329221 0.535000 0.329058 0.531744 0.329221 0.528487 0.329712 0.525218 0.330288 0.522436 0.330865 0.519615 0.331827 0.516526 0.333269 0.513974 0.335577 0.512397
0 0.303625 0.501141 0.305673 0.500782 0.307721 0.501321 0.309365 0.503141 0.310596 0.505692 0.311962 0.507872 0.313327 0.510064 0.314135 0.512692 0.314827 0.515154 0.314962 0.517885 0.315288 0.520769 0.315231 0.523718 0.315096 0.526449 0.314413 0.529179 0.313183 0.531538 0.311683 0.533551 0.309913 0.535000 0.307885 0.535128 0.305952 0.534090 0.304452 0.532090 0.302692 0.530256 0.301250 0.527436 0.300077 0.525718 0.299260 0.523167 0.298163 0.520808 0.297692 0.517821 0.297481 0.515154 0.297760 0.512423 0.298577 0.509692 0.299394 0.506782 0.300577 0.504103 0.301856 0.502231
0 0.344462 0.449474 0.347788 0.451282 0.349423 0.454872 0.349904 0.459231 0.350423 0.463782 0.350423 0.468026 0.350288 0.471410 0.349519 0.475385 0.348558 0.479103 0.346731 0.482051 0.344067 0.483654 0.341087 0.483923 0.338106 0.483397 0.335721 0.480474 0.334529 0.476769 0.333933 0.472795 0.333731 0.468821 0.333731 0.464577 0.334327 0.460603 0.335125 0.456628 0.336913 0.453192 0.339298 0.450538 0.342279 0.449218
0 0.721644 0.385064 0.724942 0.386167 0.726923 0.389231 0.728173 0.393462 0.728750 0.398333 0.728654 0.402936 0.728365 0.407051 0.727404 0.411923 0.725971 0.415590 0.723702 0.418615 0.721231 0.420808 0.717933 0.421641 0.714837 0.421359 0.712365 0.418615 0.710712 0.415038 0.709067 0.411192 0.708654 0.406795 0.708654 0.401923 0.709471 0.398269 0.710510 0.394141 0.712154 0.390564 0.714615 0.387564 0.717519 0.385897
0 0.668404 0.444397 0.670846 0.444603 0.673125 0.445410 0.675413 0.446436 0.677394 0.448051 0.679221 0.450090 0.680894 0.452321 0.681510 0.455372 0.681654 0.458410 0.681510 0.461462 0.680894 0.464705 0.679673 0.467346 0.677692 0.469179 0.676019 0.471410 0.673750 0.472821 0.671538 0.473718 0.669471 0.474667 0.667038 0.474667 0.664750 0.474859 0.662462 0.474256 0.660183 0.473436 0.658500 0.471205 0.656827 0.468974 0.655913 0.466128 0.655606 0.462679 0.655913 0.459628 0.656375 0.456590 0.657442 0.453744 0.658846 0.450897 0.660769 0.448718 0.662615 0.447038 0.664750 0.445821 0.666577 0.445218
