0 0.687394 0.368590 0.689452 0.369321 0.690962 0.371333 0.691635 0.373590 0.692500 0.376538 0.692981 0.379615 0.692596 0.382308 0.692308 0.385000 0.692019 0.387949 0.691058 0.390769 0.689808 0.393462 0.688077 0.396026 0.685962 0.398205 0.684038 0.399231 0.680577 0.398846 0.679029 0.396756 0.677933 0.394372 0.677250 0.391628 0.676423 0.389077 0.676288 0.386333 0.676423 0.383590 0.676538 0.380641 0.677115 0.378205 0.678346 0.375718 0.679721 0.373526 0.681221 0.371513 0.682875 0.369679 0.684933 0.368769
0 0.733240 0.321564 0.735327 0.321564 0.737279 0.321218 0.739240 0.321397 0.741192 0.322090 0.743019 0.323128 0.744837 0.324346 0.746731 0.325769 0.748462 0.327564 0.749712 0.329359 0.751356 0.331641 0.752529 0.333897 0.753442 0.336333 0.754221 0.338769 0.755529 0.341551 0.756308 0.343987 0.756827 0.346756 0.756827 0.349538 0.756702 0.352321 0.756048 0.354923 0.754904 0.356667 0.753442 0.358397 0.751481 0.358756 0.749269 0.359269 0.747183 0.359269 0.745231 0.358577 0.743279 0.357705 0.741192 0.357013 0.739625 0.354923 0.737933 0.353359 0.736365 0.351282 0.734933 0.349372 0.733635 0.347115 0.732462 0.344679 0.731154 0.342423 0.729981 0.340154 0.729202 0.337731 0.728683 0.335115 0.728423 0.332346 0.728942 0.329731 0.729596 0.327128 0.730481 0.324744 0.731413 0.323128
0 0.351308 0.639513 0.354038 0.640256 0.356538 0.642949 0.357596 0.647051 0.357067 0.651308 0.355837 0.655141 0.353779 0.658705 0.351106 0.661179 0.348221 0.663090 0.345144 0.664462 0.342058 0.665013 0.338558 0.665564 0.335385 0.665000 0.333558 0.662564 0.332692 0.658205 0.333654 0.654103 0.335269 0.651026 0.337327 0.647744 0.340000 0.645000 0.342673 0.642526 0.345760 0.640885 0.348846 0.639513
0 0.293346 0.627154 0.295288 0.629231 0.297471 0.631910 0.299163 0.635154 0.300385 0.638205 0.301606 0.642167 0.302356 0.645923 0.302692 0.649615 0.302212 0.653205 0.300106 0.656179 0.297471 0.657936 0.294471 0.658436 0.291471 0.656936 0.288462 0.655513 0.286250 0.653333 0.284712 0.650423 0.282837 0.647167 0.281923 0.643590 0.281731 0.639487 0.281827 0.636026 0.282269 0.632654 0.283962 0.629397 0.286212 0.626897 0.289135 0.626154
0 0.226692 0.632962 0.228721 0.634115 0.230750 0.635282 0.231904 0.637795 0.232490 0.640692 0.233067 0.643590 0.233067 0.646679 0.232923 0.649577 0.232202 0.652474 0.231183 0.655179 0.230096 0.657436 0.228144 0.659808 0.226404 0.661744 0.224375 0.663872 0.222346 0.665026 0.220173 0.664449 0.218144 0.663103 0.217135 0.660397 0.216260 0.657500 0.215250 0.654795 0.215106 0.651897 0.215106 0.648808 0.215827 0.645910 0.216548 0.643013 0.217423 0.640308 0.218654 0.637821 0.220462 0.635667 0.222346 0.633923 0.224231 0.633205
0 0.160538 0.565513 0.162933 0.565731 0.165490 0.565936 0.167885 0.567218 0.169635 0.569564 0.170769 0.572051 0.170760 0.575526 0.169962 0.578923 0.168202 0.581487 0.166125 0.583615 0.164038 0.585256 0.161817 0.586590 0.159577 0.587872 0.157029 0.588936 0.154635 0.589577 0.152231 0.590423 0.149683 0.590423 0.147288 0.590846 0.144731 0.591269 0.142337 0.590423 0.140260 0.588718 0.139298 0.585744 0.138827 0.582333 0.139144 0.579141 0.140260 0.576154 0.141856 0.573397 0.143769 0.571051 0.145846 0.569346 0.147923 0.567436 0.150317 0.566372 0.152692 0.566026 0.155192 0.565128 0.157404 0.565000
0 0.141337 0.507103 0.143202 0.508179 0.145077 0.509603 0.146817 0.511026 0.148558 0.512692 0.150288 0.515128 0.151490 0.517269 0.152423 0.519936 0.153096 0.522615 0.153894 0.525103 0.154163 0.527962 0.154163 0.530808 0.153635 0.533487 0.153096 0.536154 0.151625 0.538474 0.150154 0.540615 0.148279 0.541859 0.146279 0.542756 0.144269 0.542936 0.142135 0.543103 0.140125 0.542397 0.138125 0.541859 0.136385 0.540436 0.134913 0.538295 0.133577 0.536154 0.132510 0.533846 0.131846 0.531167 0.131173 0.528500 0.131173 0.525462 0.131442 0.522795 0.131712 0.519936 0.132240 0.517269 0.133183 0.514769 0.133981 0.512282 0.135587 0.510500 0.137327 0.508885 0.139192 0.507821
0 0.631606 0.752654 0.635385 0.753718 0.638827 0.754513 0.641163 0.758244 0.642558 0.762590 0.642788 0.767256 0.641346 0.771026 0.638077 0.773077 0.634404 0.774090 0.630904 0.775026 0.627019 0.774615 0.623913 0.773154 0.620385 0.771410 0.618558 0.768500 0.618087 0.763833 0.618788 0.759179 0.621058 0.755769 0.624375 0.753269 0.627596 0.753077
0 0.608173 0.695000 0.612096 0.695731 0.615548 0.699013 0.617885 0.702308 0.618750 0.706538 0.617519 0.711513 0.614558 0.714808 0.610865 0.716128 0.607115 0.716282 0.603462 0.716782 0.599038 0.715385 0.595567 0.713487 0.592596 0.708846 0.592356 0.704282 0.593837 0.699346 0.597048 0.696051 0.600500 0.694090 0.604202 0.694410
0 0.667587 0.629910 0.669712 0.630474 0.671692 0.631795 0.673817 0.632372 0.675865 0.633590 0.678067 0.635013 0.680048 0.636526 0.681750 0.638410 0.683442 0.640295 0.684298 0.643128 0.684433 0.645962 0.684010 0.648795 0.683442 0.651628 0.682596 0.654269 0.680471 0.655397 0.678635 0.656910 0.676510 0.657667 0.674231 0.658333 0.672115 0.658051 0.669990 0.657667 0.667865 0.657474 0.665865 0.656538 0.663904 0.655397 0.661779 0.654269 0.659798 0.653141 0.658240 0.651064 0.656250 0.648987 0.654837 0.646333 0.653990 0.643513 0.653423 0.640487 0.653279 0.637654 0.654135 0.635013 0.655404 0.632551 0.656827 0.630513 0.658942 0.629154 0.661067 0.628962 0.663337 0.628962 0.665462 0.629154
0 0.581038 0.565462 0.583798 0.566192 0.586183 0.568154 0.588394 0.570603 0.589490 0.574038 0.589308 0.577705 0.587837 0.580897 0.585635 0.583346 0.583173 0.585641 0.580673 0.586782 0.577913 0.587269 0.574971 0.587269 0.572221 0.586782 0.569827 0.584821 0.567808 0.582115 0.566885 0.578449 0.567077 0.574769 0.568558 0.571795 0.571154 0.568974 0.573750 0.567179 0.576625 0.566192 0.578846 0.565769
0 0.525471 0.592949 0.528558 0.593590 0.531452 0.595795 0.533654 0.598974 0.534663 0.603205 0.535298 0.607474 0.535510 0.611744 0.535510 0.616590 0.534442 0.621154 0.531663 0.623423 0.528462 0.624564 0.525048 0.624564 0.521837 0.623718 0.519058 0.621154 0.517135 0.617167 0.516288 0.612885 0.515856 0.608615 0.516058 0.603974 0.517356 0.600359 0.519279 0.596654 0.522058 0.594372
0 0.427269 0.613269 0.429154 0.613564 0.430596 0.614756 0.432038 0.615936 0.433250 0.617551 0.434144 0.619474 0.434365 0.621692 0.434471 0.623910 0.433702 0.625974 0.432365 0.627603 0.430817 0.628487 0.429048 0.629231 0.427385 0.629962 0.425721 0.630115 0.423952 0.630115 0.422067 0.630115 0.420288 0.630115 0.418625 0.629077 0.417192 0.627449 0.416077 0.625679 0.415750 0.623462 0.416413 0.620654 0.417077 0.618449 0.418298 0.616821 0.419740 0.615487 0.421288 0.614449 0.422952 0.613718 0.424615 0.613423 0.425721 0.613128
0 0.311038 0.562256 0.313221 0.562436 0.315288 0.563205 0.316365 0.566256 0.316365 0.569167 0.316365 0.572077 0.315683 0.575167 0.314808 0.577436 0.313173 0.580128 0.311538 0.582692 0.309673 0.584449 0.307904 0.585897 0.305856 0.587538 0.303808 0.589000 0.301490 0.589000 0.299173 0.587538 0.297942 0.585000 0.297500 0.581667 0.297404 0.579103 0.297596 0.576154 0.298750 0.573462 0.300125 0.571718 0.301904 0.570077 0.303538 0.568077 0.305452 0.566615 0.307356 0.564615 0.309269 0.563346
0 0.250577 0.527051 0.252538 0.526705 0.254500 0.526526 0.256596 0.526526 0.258558 0.527231 0.260385 0.528449 0.261827 0.530538 0.262087 0.533154 0.261827 0.536282 0.261173 0.538397 0.260125 0.540833 0.258558 0.542577 0.256990 0.544500 0.255096 0.546410 0.252933 0.547987 0.250971 0.549205 0.249135 0.550256 0.247173 0.550436 0.245212 0.550782 0.243269 0.550128 0.241346 0.547821 0.240000 0.545513 0.239327 0.543282 0.239192 0.540654 0.239452 0.538038 0.240240 0.535603 0.241683 0.533513 0.242990 0.531410 0.244817 0.530192 0.246519 0.528795 0.248615 0.527577
0 0.217500 0.476154 0.221010 0.475615 0.224019 0.475885 0.227115 0.477308 0.229433 0.479628 0.230433 0.483641 0.230231 0.487910 0.228827 0.491654 0.227212 0.495385 0.225221 0.498333 0.222615 0.501013 0.219808 0.502885 0.216606 0.504487 0.213750 0.505513 0.210577 0.505769 0.207019 0.505128 0.204375 0.504756 0.201567 0.502885 0.200163 0.499141 0.200000 0.495128 0.200962 0.490641 0.202981 0.487179 0.205288 0.484103 0.207981 0.481795 0.210673 0.479744 0.213192 0.477756
0 0.191346 0.425256 0.193375 0.425667 0.195163 0.427667 0.196962 0.429859 0.197856 0.433038 0.198452 0.436038 0.198154 0.439423 0.197106 0.442218 0.196067 0.445000 0.194423 0.447397 0.192779 0.449782 0.190981 0.451782 0.188288 0.453577 0.186048 0.454372 0.183510 0.454577 0.180962 0.453769 0.179019 0.452179 0.178125 0.449385 0.177529 0.446205 0.177529 0.443013 0.178125 0.439821 0.179019 0.437026 0.180221 0.434244 0.181558 0.431654 0.183356 0.429462 0.185154 0.427462 0.187096 0.425872 0.188942 0.425385
0 0.155577 0.326538 0.158692 0.328231 0.160683 0.332064 0.162462 0.335910 0.162462 0.340628 0.162019 0.344615 0.160000 0.348846 0.157808 0.351859 0.155385 0.354872 0.152596 0.357051 0.147404 0.357564 0.143654 0.356026 0.140529 0.353038 0.138981 0.348897 0.138538 0.344474 0.139202 0.340038 0.140750 0.335910 0.142971 0.332064 0.146067 0.329705 0.148952 0.327346 0.152269 0.326167
0 0.509933 0.543487 0.513471 0.542859 0.516250 0.544487 0.518077 0.547949 0.518433 0.553256 0.518202 0.557987 0.516346 0.562821 0.513471 0.566179 0.510404 0.568692 0.506856 0.570590 0.503317 0.572167 0.499529 0.572167 0.496731 0.570128 0.494904 0.565897 0.494808 0.560500 0.496221 0.555782 0.498587 0.551679 0.503173 0.547949 0.507115 0.545000
0 0.456913 0.546744 0.459240 0.547769 0.461260 0.549436 0.462981 0.551923 0.463587 0.554603 0.464058 0.557705 0.463587 0.560808 0.462192 0.563910 0.460644 0.566603 0.458779 0.568667 0.456760 0.570538 0.454904 0.572436 0.452692 0.573333 0.449933 0.573423 0.447452 0.573641 0.445125 0.572603 0.442952 0.571154 0.441240 0.568667 0.440471 0.565359 0.440471 0.562051 0.441404 0.559154 0.442952 0.556462 0.444500 0.553987 0.446365 0.551910 0.448385 0.550051 0.450240 0.547987 0.452567 0.546949 0.454894 0.546115
0 0.492865 0.849628 0.498173 0.850000 0.502308 0.852179 0.505673 0.856795 0.506154 0.862949 0.504183 0.868487 0.500721 0.873103 0.496010 0.874782 0.491250 0.874359 0.487019 0.871667 0.482788 0.866923 0.481346 0.861026 0.482481 0.856756 0.485000 0.851795 0.489327 0.849744
0 0.472827 0.793705 0.474808 0.793718 0.477885 0.793846 0.480096 0.794744 0.481212 0.795577 0.482606 0.798603 0.482260 0.802090 0.481212 0.805821 0.479288 0.808385 0.477019 0.810487 0.474404 0.811410 0.471433 0.811410 0.468635 0.811410 0.465769 0.810769 0.463567 0.809551 0.461827 0.806756 0.460952 0.803026 0.460952 0.799295 0.462346 0.796269 0.464788 0.794410 0.466923 0.793718 0.469231 0.793462 0.471250 0.793462
0 0.556250 0.770513 0.559423 0.769872 0.561962 0.769974 0.564865 0.770487 0.567885 0.772051 0.569808 0.774744 0.570298 0.779026 0.569721 0.782897 0.567394 0.785744 0.564481 0.787821 0.561577 0.789103 0.558856 0.790654 0.555750 0.790923 0.552846 0.790654 0.549740 0.789372 0.547606 0.786526 0.546442 0.782897 0.546635 0.779026 0.547990 0.775397 0.550327 0.772821 0.552885 0.771154
0 0.522404 0.733974 0.524500 0.734910 0.526317 0.736590 0.527990 0.738449 0.529808 0.740500 0.531346 0.742731 0.532404 0.745000 0.533365 0.747692 0.534231 0.750000 0.535260 0.752795 0.535817 0.755590 0.536375 0.758385 0.535817 0.761359 0.534558 0.763782 0.533163 0.766013 0.531490 0.768064 0.529529 0.769179 0.527433 0.769372 0.525202 0.769372 0.523240 0.768256 0.521712 0.766205 0.520173 0.764154 0.518654 0.761154 0.517654 0.759308 0.516538 0.756885 0.515702 0.754282 0.514712 0.751538 0.514163 0.749064 0.513740 0.746090 0.513740 0.743103 0.514038 0.740000 0.514587 0.737513 0.516115 0.735474 0.517933 0.733974 0.520029 0.733795
0 0.356981 0.735577 0.359471 0.737244 0.361962 0.739141 0.363913 0.741756 0.365702 0.744603 0.367481 0.748154 0.368721 0.751487 0.369327 0.755128 0.369077 0.758603 0.367837 0.761923 0.365346 0.763590 0.362673 0.764295 0.360000 0.764064 0.357337 0.762872 0.354808 0.760897 0.352702 0.758833 0.350865 0.755897 0.349683 0.752910 0.348260 0.749577 0.347721 0.746026 0.347721 0.742231 0.349144 0.739141 0.350865 0.736795 0.353750 0.735641
0 0.269067 0.728564 0.271990 0.728564 0.274913 0.728564 0.277654 0.728808 0.280288 0.729615 0.282952 0.730756 0.285510 0.732462 0.287692 0.734897 0.290067 0.737577 0.291346 0.740987 0.291163 0.744641 0.289327 0.747308 0.285683 0.750718 0.283135 0.752423 0.280212 0.753154 0.277106 0.753154 0.274000 0.753154 0.271260 0.752423 0.268702 0.750718 0.266154 0.749256 0.263962 0.746821 0.262500 0.743423 0.261769 0.739769 0.262135 0.736115 0.263596 0.732949 0.265971 0.730756
0 0.379452 0.506423 0.382558 0.506423 0.385115 0.508128 0.387212 0.510641 0.388779 0.513731 0.390240 0.516910 0.391731 0.520128 0.392433 0.524218 0.392433 0.528115 0.392433 0.532013 0.391827 0.535513 0.390240 0.538359 0.387500 0.539333 0.385096 0.540256 0.382740 0.539577 0.379452 0.537385 0.377019 0.534872 0.375288 0.531923 0.373971 0.528603 0.373058 0.524949 0.372510 0.521295 0.372135 0.517641 0.372875 0.513974 0.373788 0.510321 0.375981 0.507641
0 0.318808 0.488346 0.321029 0.490641 0.322231 0.493833 0.322788 0.496667 0.323260 0.500692 0.323433 0.504346 0.323087 0.507769 0.321721 0.510731 0.320010 0.513474 0.317779 0.515308 0.315212 0.516679 0.312471 0.516910 0.309385 0.515756 0.306981 0.513936 0.305269 0.511192 0.304933 0.507769 0.304933 0.504115 0.305615 0.500462 0.306471 0.497026 0.307673 0.493833 0.309385 0.490859 0.311606 0.488808 0.314183 0.487436 0.316750 0.487205
0 0.277663 0.379321 0.281077 0.379321 0.284712 0.379615 0.288365 0.379744 0.291442 0.381667 0.294423 0.385385 0.296010 0.388718 0.297298 0.392692 0.297510 0.397526 0.297721 0.401795 0.296654 0.406064 0.294519 0.409474 0.291538 0.411462 0.288548 0.413462 0.285769 0.415769 0.282596 0.416410 0.279327 0.416410 0.276250 0.416154 0.272981 0.416154 0.269519 0.415000 0.266923 0.413462 0.263558 0.410897 0.261154 0.408077 0.259135 0.405385 0.257404 0.400897 0.257212 0.396923 0.257692 0.392692 0.258683 0.389000 0.261240 0.386154 0.264019 0.383872 0.266788 0.381603 0.269990 0.380462 0.273192 0.379321
0 0.189423 0.255385 0.192212 0.255385 0.195673 0.255641 0.198558 0.256795 0.201731 0.258333 0.204327 0.260641 0.206442 0.262692 0.208625 0.265346 0.210510 0.268615 0.212587 0.271628 0.214038 0.274872 0.214471 0.278667 0.214288 0.282449 0.212779 0.285718 0.209942 0.286718 0.206933 0.286718 0.203529 0.286718 0.200702 0.286218 0.197875 0.285462 0.195231 0.283449 0.192779 0.281436 0.190519 0.278923 0.188558 0.276410 0.186346 0.272949 0.184135 0.269103 0.183558 0.265256 0.184135 0.261538 0.185481 0.258462 0.187212 0.256538
0 0.249019 0.178513 0.252644 0.178513 0.256269 0.178513 0.259894 0.179115 0.264808 0.180641 0.267500 0.182051 0.269904 0.184872 0.272596 0.187949 0.273846 0.192436 0.274135 0.196795 0.273038 0.202090 0.270548 0.205718 0.266923 0.208436 0.263558 0.209231 0.260125 0.208731 0.256721 0.207833 0.253317 0.206615 0.250154 0.204500 0.247433 0.201179 0.245163 0.197256 0.243125 0.193321 0.243125 0.188487 0.244260 0.183962 0.246298 0.180026
0 0.184529 0.146474 0.187981 0.146782 0.191673 0.148628 0.195356 0.151397 0.198365 0.154872 0.200673 0.158974 0.201115 0.162141 0.201346 0.166538 0.200577 0.170769 0.198125 0.173821 0.194894 0.175974 0.190981 0.176897 0.187519 0.177513 0.184067 0.177205 0.180606 0.175667 0.177154 0.174436 0.174385 0.171359 0.172077 0.167679 0.170471 0.163372 0.170010 0.158769 0.171385 0.154462 0.173231 0.150474 0.176231 0.148013 0.179452 0.146167 0.181760 0.146474
0 0.315000 0.292667 0.317885 0.293718 0.319712 0.295128 0.321538 0.297692 0.322885 0.300385 0.323846 0.303590 0.324423 0.306667 0.324519 0.310513 0.323750 0.314359 0.322452 0.316885 0.321154 0.319487 0.318942 0.321538 0.316548 0.322269 0.314067 0.322897 0.311740 0.322269 0.309250 0.319372 0.307702 0.316885 0.306298 0.313782 0.305385 0.310769 0.305212 0.307359 0.305683 0.304051 0.306346 0.301282 0.307231 0.298256 0.308942 0.295974 0.310808 0.293910 0.312981 0.292667
0 0.708654 0.551923 0.712433 0.551218 0.716240 0.551897 0.719788 0.554256 0.723173 0.556795 0.726346 0.559872 0.728558 0.563205 0.729808 0.567949 0.729712 0.572308 0.727135 0.575885 0.723337 0.576897 0.719279 0.576897 0.715288 0.574744 0.712308 0.572051 0.709644 0.569128 0.706865 0.565077 0.705596 0.560000 0.705865 0.555128
0 0.611135 0.501859 0.614942 0.503538 0.617721 0.507256 0.620510 0.510974 0.622500 0.514744 0.623077 0.520000 0.621779 0.525154 0.618481 0.528526 0.614712 0.529487 0.610962 0.529103 0.608356 0.527513 0.605673 0.524615 0.603462 0.522564 0.601827 0.517821 0.601442 0.512051 0.602981 0.506282 0.606346 0.503077 0.609327 0.502308
0 0.643260 0.484872 0.646356 0.482808 0.649673 0.482513 0.653202 0.482513 0.656519 0.483397 0.659827 0.484872 0.662481 0.487808 0.664904 0.491346 0.666452 0.495474 0.666538 0.499359 0.664904 0.503423 0.661375 0.504308 0.658058 0.503718 0.654750 0.503128 0.651635 0.501923 0.648567 0.499885 0.645577 0.497436 0.643038 0.494000 0.642163 0.489577
0 0.724529 0.454756 0.727231 0.454282 0.730288 0.454526 0.733356 0.455000 0.736058 0.455962 0.738577 0.458115 0.740558 0.460756 0.742356 0.464359 0.743260 0.468205 0.743798 0.471808 0.743971 0.475410 0.742894 0.479000 0.740192 0.481167 0.737490 0.481410 0.734798 0.480679 0.732212 0.479615 0.729750 0.478526 0.727115 0.476667 0.724894 0.474679 0.722731 0.472282 0.720673 0.468846 0.719856 0.466038 0.719308 0.462449 0.720029 0.458846 0.721654 0.455718
0 0.664923 0.434538 0.668115 0.434269 0.671298 0.434269 0.674490 0.435333 0.677308 0.436667 0.679904 0.438590 0.682500 0.441154 0.683846 0.444628 0.684442 0.448885 0.684644 0.452872 0.683269 0.455897 0.680663 0.458449 0.677673 0.459244 0.674683 0.458705 0.671702 0.457641 0.668558 0.456154 0.666317 0.453397 0.664125 0.450474 0.662337 0.447026 0.661337 0.443038 0.661538 0.439051 0.662885 0.436410
0 0.568173 0.477231 0.571654 0.479218 0.574625 0.483513 0.576615 0.487821 0.577606 0.492782 0.578106 0.497744 0.578106 0.503038 0.575625 0.507346 0.571654 0.509000 0.567981 0.508718 0.564702 0.506359 0.561827 0.502179 0.559981 0.498410 0.558240 0.493782 0.557500 0.488808 0.557750 0.483846 0.559731 0.479538 0.562596 0.477564 0.565692 0.476897
0 0.465692 0.465564 0.468712 0.465308 0.471731 0.465308 0.474712 0.465897 0.477212 0.467321 0.479615 0.469487 0.480577 0.472949 0.480231 0.476397 0.479096 0.479910 0.477115 0.482949 0.474942 0.485205 0.472115 0.487051 0.469279 0.487474 0.466250 0.486962 0.463423 0.485962 0.460779 0.484192 0.459269 0.480923 0.459077 0.477141 0.459452 0.473372 0.461058 0.469872 0.463365 0.467179
0 0.431827 0.413333 0.435769 0.414103 0.438144 0.419013 0.439038 0.424974 0.438942 0.430513 0.436654 0.436526 0.433269 0.439872 0.428558 0.439744 0.425606 0.435718 0.424115 0.429359 0.424712 0.423385 0.426202 0.417410 0.428885 0.414231
0 0.386913 0.389897 0.388846 0.394359 0.388712 0.400692 0.386635 0.406154 0.383558 0.411923 0.380317 0.415487 0.375817 0.416692 0.370769 0.417692 0.366923 0.413077 0.366817 0.406295 0.368942 0.399872 0.371913 0.396295 0.375817 0.393090 0.380019 0.390692 0.383019 0.389090
0 0.329731 0.238179 0.333673 0.238179 0.337125 0.240154 0.340087 0.243436 0.343288 0.246731 0.345769 0.250769 0.346635 0.256667 0.345500 0.262167 0.342500 0.263974 0.338077 0.263974 0.333462 0.261667 0.330471 0.258885 0.328000 0.254949 0.325769 0.250256 0.325048 0.246064 0.326731 0.240000
0 0.345317 0.158487 0.347231 0.160821 0.348029 0.164000 0.348500 0.167192 0.349038 0.170000 0.348654 0.173462 0.347885 0.176795 0.346923 0.179615 0.344808 0.183077 0.343404 0.185244 0.341337 0.186936 0.338952 0.187782 0.336558 0.188423 0.334173 0.187577 0.331942 0.186295 0.330827 0.183333 0.330192 0.180141 0.330029 0.176962 0.329875 0.173769 0.330663 0.170590 0.331942 0.167821 0.333692 0.165487 0.335442 0.163154 0.337202 0.160821 0.339423 0.159551 0.341654 0.158269 0.344048 0.158064
0 0.290192 0.085641 0.292510 0.085026 0.295067 0.085026 0.297625 0.085026 0.299904 0.085897 0.302596 0.086923 0.304423 0.088590 0.305615 0.090564 0.306096 0.093769 0.306260 0.096962 0.306260 0.100372 0.306096 0.104000 0.304981 0.107192 0.303538 0.109962 0.301462 0.111885 0.299615 0.113590 0.297788 0.114872 0.295673 0.115385 0.293173 0.116538 0.290673 0.117564 0.287788 0.117308 0.284808 0.117051 0.282308 0.116026 0.280365 0.114654 0.278760 0.111885 0.277481 0.109115 0.277000 0.105910 0.277327 0.102718 0.277644 0.099526 0.278606 0.096538 0.279721 0.093551 0.281481 0.091205 0.283721 0.089500 0.285673 0.087692 0.288038 0.086526
0 0.416740 0.083333 0.419471 0.083577 0.422923 0.084551 0.425192 0.085385 0.428202 0.087218 0.430212 0.089897 0.432029 0.092808 0.433846 0.095718 0.435308 0.098872 0.436212 0.102756 0.435865 0.105897 0.435385 0.109359 0.433846 0.112436 0.430933 0.113679 0.427837 0.113679 0.424933 0.113679 0.422202 0.113436 0.419423 0.112179 0.417106 0.110526 0.414731 0.108577 0.412183 0.106641 0.410731 0.103487 0.408913 0.100333 0.407885 0.096282 0.408183 0.093051 0.408913 0.089410 0.410731 0.086500 0.413096 0.084551
0 0.389433 0.182962 0.389058 0.179167 0.390192 0.175641 0.391702 0.172103 0.393981 0.169577 0.396635 0.167038 0.399663 0.166538 0.402885 0.167295 0.405538 0.169321 0.408000 0.171346 0.410087 0.174115 0.411221 0.177654 0.412173 0.181449 0.411788 0.185231 0.411038 0.189026 0.409519 0.192308 0.406673 0.194590 0.403837 0.195590 0.400798 0.195846 0.397962 0.194833 0.395115 0.193577 0.392654 0.191551 0.390192 0.186795
0 0.514250 0.087910 0.518000 0.089244 0.520510 0.093244 0.521760 0.098256 0.522596 0.103333 0.522500 0.110128 0.521923 0.114744 0.520760 0.119282 0.518250 0.123949 0.515750 0.127962 0.512308 0.130128 0.508173 0.129872 0.505288 0.127436 0.503481 0.122282 0.502731 0.117282 0.502481 0.111936 0.502692 0.107051 0.503231 0.101590 0.504731 0.096590 0.507240 0.092244 0.510240 0.088910
0 0.526721 0.005179 0.528346 0.004256 0.530096 0.003782 0.532077 0.003782 0.533702 0.004718 0.535442 0.005808 0.536731 0.007513 0.538240 0.008744 0.539808 0.010385 0.541154 0.011795 0.542548 0.013244 0.543587 0.015269 0.544404 0.017436 0.544750 0.019769 0.544875 0.022090 0.544875 0.024885 0.544990 0.027359 0.544750 0.029692 0.543942 0.032167 0.542885 0.034359 0.541154 0.035513 0.539423 0.036538 0.537500 0.036538 0.535567 0.036051 0.533817 0.035269 0.532423 0.033564 0.530798 0.032333 0.529048 0.030000 0.527885 0.027987 0.526952 0.025500 0.526260 0.023179 0.525385 0.021026 0.524740 0.018987 0.524394 0.016192 0.524038 0.014231 0.524231 0.012308 0.524510 0.009526 0.525558 0.007513
0 0.598462 0.077436 0.601442 0.077179 0.604327 0.077821 0.607019 0.079744 0.609769 0.082013 0.612067 0.085359 0.613529 0.089538 0.614788 0.093705 0.616038 0.097885 0.617019 0.102436 0.616663 0.107064 0.615413 0.110962 0.612692 0.114308 0.609519 0.115897 0.606433 0.115423 0.603462 0.114231 0.600798 0.111808 0.598500 0.108744 0.596250 0.105000 0.594529 0.100667 0.593279 0.096769 0.592442 0.092590 0.592654 0.088423 0.592654 0.083692 0.594327 0.080064 0.595990 0.078397
0 0.570490 0.156513 0.573212 0.156513 0.575596 0.157872 0.577817 0.159692 0.579519 0.162423 0.580885 0.165603 0.581904 0.168782 0.582587 0.172423 0.582923 0.176051 0.582923 0.179692 0.582413 0.183090 0.581635 0.186282 0.580712 0.189462 0.579010 0.192179 0.576788 0.194679 0.574240 0.195821 0.571683 0.196051 0.569125 0.195359 0.566740 0.194000 0.565375 0.191051 0.564010 0.187641 0.563173 0.184487 0.562308 0.181051 0.561625 0.177641 0.561635 0.174231 0.561625 0.170821 0.561798 0.167423 0.562644 0.164013 0.563846 0.161026 0.565712 0.158782 0.568106 0.156962
0 0.701125 0.193936 0.705163 0.194654 0.708394 0.198962 0.710548 0.203628 0.711087 0.209372 0.711250 0.214615 0.710096 0.220000 0.708933 0.225167 0.707317 0.231269 0.704712 0.234615 0.701125 0.237013 0.696923 0.235897 0.693856 0.232705 0.692240 0.227679 0.691163 0.222295 0.691163 0.216192 0.691163 0.210449 0.692240 0.205064 0.694135 0.198846 0.697019 0.195128
0 0.646106 0.197692 0.648183 0.198615 0.649712 0.200654 0.651106 0.203244 0.652077 0.205833 0.652625 0.208615 0.653183 0.211577 0.653183 0.214538 0.653183 0.217500 0.652356 0.220282 0.651106 0.222679 0.649712 0.224910 0.648048 0.227128 0.646375 0.228974 0.644154 0.229538 0.642308 0.229103 0.640385 0.227821 0.638740 0.226577 0.637490 0.224167 0.636385 0.221577 0.635827 0.218795 0.635269 0.216013 0.635269 0.213051 0.635548 0.210090 0.636519 0.207128 0.637788 0.204231 0.639163 0.202321 0.640827 0.200462 0.642490 0.198615 0.644433 0.197500
0 0.508077 0.234359 0.511154 0.236282 0.513462 0.239872 0.513875 0.244654 0.512990 0.249103 0.511433 0.253244 0.509875 0.257397 0.507654 0.260962 0.504981 0.263923 0.502096 0.266295 0.498981 0.264513 0.497423 0.260359 0.496981 0.255923 0.497404 0.251282 0.498269 0.247949 0.499712 0.243462 0.501923 0.240128 0.505192 0.235769
0 0.595096 0.250256 0.597933 0.252167 0.599712 0.253590 0.601519 0.256949 0.602308 0.260128 0.602885 0.264013 0.602885 0.267654 0.603077 0.271026 0.602885 0.275000 0.602308 0.278333 0.600837 0.281321 0.599135 0.283718 0.596904 0.285885 0.594173 0.286564 0.591442 0.285423 0.589385 0.282923 0.587683 0.280192 0.586317 0.277000 0.585385 0.273590 0.585115 0.270397 0.585115 0.266744 0.585462 0.263333 0.586144 0.259910 0.586827 0.256538 0.588192 0.253987 0.590067 0.251487 0.592635 0.250346
0 0.665913 0.287487 0.670365 0.288974 0.672317 0.294179 0.672317 0.300115 0.671202 0.305692 0.668423 0.310513 0.665077 0.314231 0.660904 0.315718 0.656721 0.316821 0.652548 0.316449 0.650596 0.311256 0.650192 0.304359 0.652019 0.298974 0.654519 0.293718 0.657885 0.290000 0.661442 0.287692
0 0.564712 0.307179 0.568827 0.306385 0.572654 0.306731 0.576481 0.308090 0.580308 0.309795 0.583077 0.313462 0.585154 0.317615 0.585673 0.322718 0.584904 0.327821 0.583885 0.332923 0.580673 0.335897 0.576740 0.337000 0.572913 0.335308 0.569087 0.333256 0.565769 0.330205 0.563731 0.325782 0.561942 0.321013 0.561692 0.315910 0.562019 0.310513
0 0.501500 0.373731 0.504327 0.373962 0.505962 0.376410 0.506981 0.380090 0.507510 0.383859 0.507154 0.387385 0.506442 0.391154 0.505212 0.394462 0.503442 0.397756 0.501500 0.400346 0.499029 0.401756 0.496442 0.402949 0.493548 0.402000 0.491346 0.399872 0.490548 0.396346 0.490548 0.392577 0.490548 0.388808 0.491250 0.385269 0.492490 0.381974 0.493904 0.378679 0.496019 0.376321 0.498317 0.374192
0 0.532413 0.391705 0.534519 0.391410 0.536442 0.391667 0.538558 0.392051 0.540673 0.393077 0.542596 0.394359 0.543760 0.397038 0.544962 0.399359 0.545769 0.401282 0.546433 0.404692 0.546692 0.407359 0.546827 0.410038 0.546962 0.412705 0.546692 0.415551 0.545365 0.417679 0.543490 0.418756 0.541356 0.417859 0.539490 0.416615 0.537615 0.415192 0.536154 0.413231 0.534413 0.411641 0.532952 0.409679 0.531885 0.407359 0.531077 0.404872 0.530279 0.402385 0.530279 0.399538 0.530413 0.396859 0.530683 0.394192
0 0.605933 0.395231 0.609337 0.394513 0.612567 0.394513 0.615615 0.395474 0.617942 0.397385 0.619808 0.399615 0.621712 0.403128 0.622971 0.406474 0.624038 0.409615 0.624519 0.413590 0.624231 0.417564 0.622788 0.421051 0.620000 0.423846 0.617048 0.423923 0.614356 0.423679 0.611673 0.422962 0.609163 0.421538 0.607010 0.419141 0.605212 0.416269 0.603962 0.412923 0.602529 0.409821 0.602346 0.406231 0.602163 0.402641 0.602788 0.398590 0.604615 0.396026
