0 0.169096 0.596346 0.171394 0.596551 0.173692 0.597577 0.175683 0.599205 0.177529 0.601256 0.178442 0.604115 0.178904 0.607179 0.179212 0.610449 0.179365 0.613513 0.179365 0.617192 0.179365 0.620462 0.178750 0.623526 0.177212 0.626410 0.175481 0.628718 0.173269 0.630641 0.170779 0.632115 0.168269 0.632564 0.165385 0.632821 0.163577 0.631295 0.161894 0.629038 0.160971 0.626179 0.160202 0.623115 0.159904 0.619846 0.159750 0.616372 0.159750 0.613103 0.159750 0.609833 0.160048 0.606564 0.160971 0.603500 0.163115 0.600641 0.165260 0.598603 0.167212 0.597051
0 0.193154 0.326846 0.197038 0.326513 0.200442 0.328462 0.204038 0.331410 0.206442 0.335000 0.206827 0.341282 0.205577 0.345897 0.203365 0.350513 0.200683 0.354372 0.197885 0.357308 0.194856 0.360192 0.191346 0.361667 0.187808 0.362141 0.184163 0.360846 0.180769 0.359615 0.178365 0.356538 0.176635 0.351782 0.175663 0.346923 0.176635 0.342064 0.179327 0.338205 0.182692 0.335000 0.185865 0.332346 0.188462 0.329744
0 0.206712 0.399295 0.208221 0.398756 0.209827 0.398218 0.211337 0.397679 0.212952 0.397679 0.214558 0.397551 0.216269 0.397013 0.217875 0.397013 0.219490 0.397013 0.221000 0.397679 0.222308 0.398756 0.223510 0.400231 0.224317 0.401974 0.224923 0.404256 0.225125 0.406269 0.224817 0.408282 0.224317 0.410564 0.223817 0.412705 0.223106 0.414859 0.222404 0.417269 0.221596 0.419410 0.220894 0.421295 0.219615 0.422564 0.218269 0.423846 0.216923 0.425000 0.215577 0.426282 0.214135 0.427308 0.212692 0.428205 0.211250 0.428974 0.209615 0.429615 0.207500 0.430256 0.205577 0.430769 0.203750 0.430769 0.201923 0.430641 0.200000 0.430128 0.198365 0.429615 0.196731 0.428846 0.195481 0.427692 0.194519 0.426154 0.193635 0.424641 0.192933 0.422769 0.192327 0.420756 0.192125 0.418615 0.192221 0.416603 0.192529 0.414051 0.193231 0.412167 0.194135 0.410026 0.195346 0.408410 0.196452 0.406936 0.197452 0.405192 0.198962 0.403718 0.200269 0.402513 0.201577 0.401308 0.203087 0.400500 0.204596 0.399962
0 0.261106 0.446590 0.262663 0.446038 0.264327 0.445487 0.266202 0.445487 0.267760 0.445628 0.269317 0.446038 0.270971 0.446179 0.272635 0.447013 0.273885 0.448538 0.275125 0.449923 0.276163 0.451859 0.276788 0.453795 0.277000 0.456154 0.276587 0.458231 0.275962 0.460167 0.275231 0.462103 0.274404 0.464179 0.273471 0.466256 0.272529 0.468051 0.271288 0.469577 0.270038 0.470962 0.268375 0.472346 0.266923 0.473462 0.265365 0.474154 0.263808 0.474846 0.261837 0.475538 0.260173 0.475949 0.258202 0.476090 0.256538 0.475667 0.254875 0.475256 0.253423 0.474423 0.251452 0.473179 0.250308 0.471654 0.249269 0.469859 0.248856 0.467782 0.248337 0.465705 0.248125 0.463628 0.248125 0.461410 0.248442 0.459333 0.249375 0.457115 0.250308 0.455321 0.251558 0.453244 0.252904 0.452000 0.254260 0.450885 0.255606 0.449500 0.257163 0.448808 0.258933 0.447564
0 0.188067 0.524346 0.190721 0.525167 0.193058 0.525795 0.195394 0.526833 0.197423 0.528705 0.198817 0.531397 0.200865 0.535128 0.201317 0.538462 0.201346 0.541410 0.201250 0.543974 0.201058 0.547436 0.201000 0.551141 0.200067 0.554051 0.199135 0.556667 0.197404 0.558590 0.195865 0.560769 0.193846 0.561923 0.191923 0.563205 0.189519 0.563205 0.187500 0.563333 0.184644 0.562564 0.182462 0.560487 0.180596 0.558410 0.178875 0.556128 0.177481 0.553423 0.176077 0.550718 0.175865 0.547692 0.175865 0.544231 0.176058 0.541026 0.176058 0.538333 0.177481 0.534308 0.179038 0.530987 0.180750 0.528500 0.182933 0.526628 0.184952 0.524756
0 0.215952 0.614641 0.218846 0.613910 0.221923 0.613192 0.224625 0.613667 0.227163 0.615359 0.229510 0.617282 0.231500 0.619936 0.232942 0.623308 0.234385 0.626923 0.235837 0.630538 0.236375 0.634385 0.237279 0.638000 0.237462 0.641615 0.236375 0.644987 0.234567 0.647885 0.232760 0.651013 0.230596 0.653423 0.228058 0.654872 0.225173 0.654872 0.222096 0.654628 0.219385 0.653423 0.216856 0.651500 0.215048 0.648603 0.213250 0.645474 0.211442 0.642577 0.209990 0.639449 0.209269 0.635833 0.209269 0.631987 0.209269 0.628128 0.209990 0.624026 0.211442 0.620897 0.213250 0.617769
0 0.262308 0.707962 0.265875 0.707064 0.269442 0.707064 0.272788 0.708551 0.275913 0.710333 0.278365 0.713205 0.278173 0.718718 0.274798 0.723115 0.271894 0.725500 0.268548 0.726385 0.264981 0.727282 0.261413 0.727282 0.258298 0.724897 0.255394 0.722526 0.254058 0.718359 0.254731 0.713897 0.257183 0.710333
0 0.248356 0.773487 0.250529 0.773846 0.252692 0.774026 0.254721 0.774564 0.256750 0.774936 0.258558 0.776154 0.260404 0.778179 0.262163 0.779808 0.263923 0.781244 0.265952 0.783231 0.267577 0.785038 0.268529 0.787564 0.269337 0.790449 0.270154 0.793154 0.270288 0.795859 0.269885 0.798577 0.268663 0.801103 0.266904 0.802718 0.264875 0.803449 0.262846 0.803628 0.260808 0.803449 0.258779 0.802718 0.256615 0.802000 0.254587 0.801103 0.252692 0.800013 0.250798 0.798756 0.249038 0.797128 0.247413 0.795321 0.245654 0.793513 0.244029 0.791538 0.242673 0.789013 0.241587 0.786667 0.241317 0.783949 0.241048 0.781244 0.241731 0.778538 0.242942 0.776013 0.244837 0.774026
0 0.308596 0.711538 0.311673 0.712051 0.314375 0.713590 0.316154 0.715385 0.317308 0.718974 0.317308 0.722821 0.316298 0.726936 0.314423 0.730128 0.312692 0.732949 0.310519 0.735667 0.308019 0.737718 0.305519 0.739769 0.302625 0.740795 0.299548 0.740795 0.296923 0.739103 0.295702 0.735667 0.295385 0.731923 0.295769 0.727692 0.296827 0.723718 0.298394 0.720269 0.300510 0.717179 0.303010 0.715128 0.304519 0.713846 0.305962 0.712692
0 0.343606 0.791987 0.345654 0.792718 0.347596 0.794231 0.349212 0.796359 0.350712 0.798538 0.352077 0.800731 0.353577 0.802910 0.354673 0.805282 0.355356 0.808192 0.355904 0.810923 0.356308 0.813833 0.356587 0.816577 0.356038 0.819308 0.354904 0.822179 0.353173 0.823859 0.350962 0.824744 0.348558 0.825000 0.346615 0.824218 0.344702 0.822949 0.343058 0.821128 0.341558 0.818936 0.339779 0.816756 0.338279 0.814385 0.337462 0.811833 0.336644 0.808744 0.336231 0.805821 0.336096 0.803090 0.336096 0.800179 0.336510 0.797449 0.338144 0.795256 0.339644 0.793256 0.341558 0.791808
0 0.350096 0.731282 0.351442 0.731410 0.353654 0.731667 0.355481 0.732564 0.356990 0.734436 0.358087 0.736987 0.359183 0.739346 0.360000 0.741897 0.360413 0.745179 0.360683 0.747910 0.360817 0.751000 0.360413 0.753744 0.360096 0.756795 0.359423 0.759615 0.358077 0.761795 0.356827 0.764103 0.354942 0.765936 0.353029 0.767038 0.350962 0.767436 0.348654 0.767564 0.346750 0.766667 0.344837 0.765577 0.343202 0.763756 0.342404 0.761026 0.341971 0.758103 0.341288 0.755372 0.340740 0.752462 0.340471 0.749731 0.340327 0.746449 0.340471 0.743718 0.340606 0.740808 0.341423 0.738077 0.342519 0.735705 0.343942 0.733718 0.346250 0.732179 0.348462 0.731410
0 0.397692 0.753718 0.401442 0.754487 0.404490 0.756205 0.406663 0.759692 0.407538 0.764038 0.407538 0.768962 0.407971 0.773603 0.407317 0.778244 0.406019 0.782308 0.403837 0.785782 0.401231 0.788679 0.397096 0.789269 0.394038 0.788205 0.391663 0.786359 0.389490 0.782885 0.388615 0.778244 0.388404 0.773897 0.388615 0.768385 0.389269 0.763744 0.391010 0.759974 0.394423 0.755128
0 0.442115 0.851038 0.444923 0.851038 0.447019 0.851026 0.449231 0.852308 0.451442 0.854231 0.452404 0.858077 0.452596 0.861410 0.452115 0.865000 0.450048 0.868013 0.447894 0.870436 0.445750 0.872410 0.443606 0.874397 0.441125 0.875718 0.438481 0.876821 0.435500 0.877038 0.433029 0.876154 0.430548 0.874833 0.429058 0.871974 0.428558 0.868667 0.428558 0.865141 0.429558 0.862051 0.430548 0.858756 0.432202 0.855885 0.434510 0.854564 0.436827 0.852577 0.439471 0.851923
0 0.465490 0.886846 0.467163 0.887795 0.468942 0.888590 0.470731 0.889385 0.472394 0.890500 0.473702 0.892244 0.475010 0.893987 0.475721 0.896205 0.477029 0.898256 0.477500 0.900641 0.477740 0.903013 0.477144 0.905551 0.475962 0.907462 0.474769 0.909359 0.473577 0.911256 0.472038 0.912526 0.469538 0.913795 0.467750 0.914115 0.465971 0.913795 0.464183 0.914115 0.462308 0.912949 0.460981 0.912051 0.459673 0.910308 0.458125 0.908731 0.456577 0.907462 0.455269 0.905551 0.454202 0.903500 0.453721 0.901115 0.453721 0.898577 0.454317 0.896205 0.454798 0.893667 0.456106 0.891603 0.457413 0.889705 0.459077 0.888756 0.460769 0.888077 0.462308 0.887821 0.464067 0.887167
0 0.498413 0.811064 0.501913 0.812000 0.504490 0.815423 0.506356 0.819474 0.507529 0.824154 0.508231 0.828833 0.508231 0.833821 0.506827 0.838808 0.504952 0.842859 0.502154 0.846282 0.498750 0.847308 0.495606 0.845038 0.492981 0.841538 0.491394 0.837872 0.490231 0.833192 0.489529 0.828205 0.489529 0.822910 0.490462 0.818231 0.491865 0.813859 0.494904 0.811064
0 0.547577 0.807051 0.550442 0.806577 0.552952 0.808013 0.555279 0.810154 0.557433 0.812551 0.559048 0.815897 0.560125 0.819244 0.560385 0.822949 0.560673 0.827436 0.560673 0.829872 0.560385 0.832308 0.559808 0.835513 0.558365 0.838846 0.556538 0.841410 0.553846 0.843462 0.551163 0.843372 0.548471 0.841705 0.546346 0.839231 0.544529 0.836449 0.543269 0.833103 0.541837 0.830000 0.541125 0.826410 0.540942 0.822821 0.540942 0.818756 0.542019 0.815410 0.543096 0.812077 0.545067 0.809436
0 0.607779 0.784179 0.611115 0.784179 0.613654 0.785513 0.615635 0.788641 0.616221 0.792564 0.616221 0.796756 0.616221 0.800936 0.615827 0.804872 0.615038 0.808795 0.613663 0.813244 0.611510 0.816910 0.608760 0.820051 0.605865 0.822179 0.602471 0.823718 0.599327 0.823987 0.596385 0.822936 0.594221 0.820051 0.593442 0.816128 0.593240 0.812205 0.593442 0.808269 0.593635 0.804346 0.594231 0.800000 0.595798 0.796756 0.597760 0.793615 0.599923 0.790731 0.602279 0.787846
0 0.525250 0.718808 0.528135 0.719833 0.530635 0.721885 0.532308 0.725128 0.532558 0.729064 0.532558 0.733167 0.531788 0.737013 0.530827 0.740859 0.528904 0.743936 0.526731 0.746795 0.524096 0.748551 0.520865 0.749744 0.518135 0.749064 0.515865 0.746667 0.514865 0.742654 0.514481 0.738808 0.514481 0.734705 0.515058 0.730603 0.516212 0.727013 0.517942 0.723679 0.520058 0.720859 0.522558 0.718808
0 0.460365 0.714897 0.462365 0.715256 0.464615 0.716410 0.466442 0.717564 0.468077 0.719744 0.469135 0.722564 0.469163 0.725372 0.469163 0.728218 0.468894 0.730885 0.467962 0.734256 0.467567 0.736923 0.466365 0.739231 0.464894 0.741359 0.463038 0.743487 0.460500 0.744731 0.458240 0.745269 0.456240 0.745628 0.454106 0.745808 0.451846 0.745269 0.449577 0.744564 0.447577 0.744026 0.445846 0.742603 0.444519 0.740474 0.443846 0.737808 0.443721 0.734962 0.443721 0.732128 0.444115 0.729282 0.444913 0.726795 0.446250 0.724308 0.447846 0.722359 0.449327 0.720256 0.451048 0.718449 0.452981 0.717179 0.455096 0.716026 0.457500 0.714744 0.459038 0.714744
0 0.403865 0.660962 0.406933 0.662603 0.409798 0.664231 0.412462 0.666962 0.413279 0.671051 0.413077 0.675141 0.411846 0.679513 0.409394 0.682244 0.406529 0.684141 0.403365 0.685128 0.400385 0.685244 0.397115 0.684692 0.394048 0.683333 0.390981 0.682244 0.388317 0.679782 0.386683 0.676231 0.386481 0.672141 0.387702 0.668321 0.390000 0.665128 0.392615 0.663141 0.395885 0.661231 0.398952 0.660141 0.401731 0.660385
0 0.349981 0.638308 0.353644 0.638628 0.357308 0.639603 0.360000 0.643192 0.360490 0.648397 0.360981 0.653615 0.359510 0.658167 0.356827 0.661756 0.353163 0.662731 0.349490 0.661756 0.346317 0.659141 0.345346 0.654256 0.344606 0.649372 0.345096 0.644487 0.347404 0.640641
0 0.294192 0.612718 0.296712 0.613385 0.299404 0.614500 0.301596 0.616295 0.303952 0.618090 0.306135 0.620782 0.307644 0.623705 0.308827 0.627064 0.308654 0.630654 0.307317 0.633795 0.304788 0.634910 0.301933 0.635141 0.298731 0.635141 0.296038 0.635141 0.293519 0.634692 0.291000 0.633346 0.288808 0.631551 0.287125 0.628859 0.284942 0.626846 0.283596 0.623705 0.283260 0.620333 0.283933 0.616974 0.286115 0.614731 0.288471 0.613385 0.291163 0.612705
0 0.671798 0.753756 0.674904 0.755513 0.678077 0.757821 0.680577 0.760513 0.682500 0.763846 0.684038 0.767179 0.685288 0.771795 0.685385 0.777179 0.684423 0.782179 0.682971 0.786821 0.680058 0.790064 0.676654 0.792000 0.673010 0.792333 0.669365 0.791679 0.665712 0.789731 0.662798 0.786167 0.660856 0.781962 0.659394 0.777090 0.658183 0.772231 0.657933 0.767372 0.658663 0.762179 0.661096 0.758295 0.664500 0.756026 0.668394 0.754410
0 0.623750 0.700256 0.626923 0.700256 0.629712 0.701295 0.632192 0.703346 0.633731 0.706654 0.634490 0.710487 0.633731 0.714321 0.633731 0.718397 0.633538 0.722731 0.632962 0.726564 0.631433 0.729885 0.629904 0.733705 0.626731 0.736923 0.623654 0.738205 0.620865 0.738974 0.617788 0.739359 0.614904 0.738333 0.612288 0.735500 0.610952 0.731923 0.609990 0.728090 0.609423 0.724269 0.609231 0.720179 0.609990 0.716359 0.611144 0.712782 0.612673 0.709462 0.614394 0.705641 0.617077 0.703090 0.620327 0.701038
0 0.570827 0.684821 0.573779 0.685038 0.576067 0.686577 0.578038 0.688974 0.579837 0.691603 0.580663 0.695090 0.580827 0.698372 0.580990 0.701654 0.580663 0.704936 0.579837 0.708205 0.578529 0.711487 0.577385 0.714551 0.575413 0.716731 0.573115 0.718705 0.569673 0.720231 0.567058 0.720231 0.564106 0.720231 0.561481 0.719359 0.559346 0.717167 0.557875 0.714333 0.556231 0.711487 0.555904 0.708205 0.555577 0.704718 0.555904 0.701436 0.557548 0.697936 0.559183 0.695090 0.560663 0.692256 0.562298 0.689628 0.564433 0.687231 0.566558 0.685474 0.569183 0.684821
0 0.485000 0.662564 0.487788 0.661282 0.490192 0.661154 0.492500 0.661282 0.494615 0.661667 0.496635 0.662821 0.498462 0.664359 0.500288 0.666154 0.501817 0.668872 0.503125 0.671923 0.504106 0.675859 0.504442 0.679141 0.504606 0.682641 0.503750 0.685641 0.502144 0.687885 0.499683 0.688974 0.497019 0.690000 0.494279 0.689410 0.491817 0.688974 0.489683 0.687013 0.487500 0.684744 0.485913 0.682423 0.484135 0.680000 0.482798 0.677179 0.481635 0.674231 0.481327 0.671051 0.481490 0.667782 0.482635 0.664718
0 0.447692 0.607436 0.450635 0.609115 0.451577 0.612872 0.451010 0.616628 0.450067 0.620397 0.448942 0.623897 0.447442 0.627410 0.445375 0.630667 0.443115 0.633167 0.440115 0.634179 0.437288 0.633679 0.434519 0.632692 0.432221 0.630667 0.431538 0.627564 0.431462 0.623654 0.432596 0.619615 0.434288 0.616885 0.436356 0.614128 0.438798 0.611872 0.441423 0.609615 0.444250 0.608115
0 0.391808 0.563064 0.393798 0.563769 0.395519 0.565538 0.396577 0.567833 0.397115 0.570487 0.397644 0.573128 0.397644 0.575962 0.397375 0.578615 0.397115 0.581269 0.396317 0.583910 0.395385 0.586385 0.394067 0.588513 0.392471 0.590282 0.390750 0.591692 0.389163 0.593462 0.387308 0.594872 0.385452 0.595936 0.383462 0.596282 0.381202 0.596987 0.379221 0.596282 0.377490 0.594872 0.375904 0.593103 0.374712 0.590808 0.373779 0.588333 0.372990 0.585859 0.372856 0.583205 0.373250 0.580551 0.373779 0.577910 0.374577 0.575436 0.375375 0.572962 0.376962 0.571192 0.378952 0.569603 0.380673 0.568013 0.382394 0.566590 0.383856 0.564654 0.385981 0.563769 0.387962 0.563064 0.390087 0.563064
0 0.724038 0.634705 0.727298 0.635000 0.730779 0.636731 0.733163 0.639923 0.735990 0.642526 0.738163 0.646013 0.739471 0.650359 0.739904 0.654705 0.740337 0.659051 0.739904 0.663397 0.737731 0.666872 0.736423 0.670936 0.733606 0.673256 0.730337 0.673833 0.726865 0.673833 0.723817 0.671808 0.720990 0.669192 0.718173 0.666872 0.716433 0.663103 0.714260 0.659628 0.713173 0.655282 0.712298 0.650936 0.712087 0.646590 0.713173 0.642244 0.715192 0.638718 0.718558 0.636154 0.721538 0.635000
0 0.700000 0.711026 0.703269 0.712949 0.705962 0.714487 0.707885 0.716026 0.709875 0.718410 0.711596 0.721179 0.712808 0.724397 0.713327 0.727846 0.713077 0.731282 0.711250 0.733833 0.708846 0.735769 0.706423 0.737282 0.703654 0.737513 0.700894 0.737513 0.698308 0.737974 0.695375 0.737513 0.692779 0.736359 0.690538 0.734526 0.687952 0.732910 0.685875 0.730615 0.684154 0.727846 0.683115 0.724628 0.682942 0.721179 0.683635 0.717718 0.685529 0.714500 0.687788 0.712821 0.690865 0.711410 0.693558 0.710769 0.696577 0.710359
0 0.668423 0.587128 0.671731 0.588308 0.674817 0.590359 0.677471 0.593308 0.679452 0.597128 0.680115 0.601833 0.680337 0.606244 0.680115 0.610654 0.679038 0.614231 0.675923 0.617128 0.672394 0.618897 0.668865 0.618897 0.665337 0.618897 0.662029 0.618013 0.659827 0.614487 0.658058 0.610654 0.656510 0.606538 0.656077 0.602128 0.656510 0.597718 0.657394 0.593308 0.660385 0.589615 0.664231 0.588333
0 0.600760 0.554449 0.602856 0.554821 0.604952 0.555564 0.607048 0.556308 0.609144 0.557051 0.611096 0.558538 0.612913 0.560026 0.614452 0.562077 0.615433 0.564679 0.616269 0.567295 0.617106 0.569897 0.617404 0.572692 0.617385 0.575308 0.616269 0.577718 0.614452 0.579397 0.612356 0.580141 0.610260 0.580333 0.608163 0.579962 0.605654 0.579769 0.603558 0.579218 0.601740 0.577718 0.599923 0.576231 0.598106 0.574372 0.596712 0.572141 0.595173 0.570090 0.594337 0.567474 0.593365 0.564679 0.593500 0.561897 0.594337 0.559103 0.595875 0.557051 0.597692 0.555564
0 0.559173 0.509103 0.560846 0.509244 0.562635 0.509244 0.564317 0.509692 0.565875 0.510885 0.567558 0.511628 0.568894 0.513269 0.570125 0.514910 0.570683 0.517141 0.571019 0.519385 0.570904 0.521615 0.570462 0.523846 0.569346 0.525641 0.568231 0.527577 0.566663 0.528923 0.565096 0.530115 0.563529 0.531154 0.561856 0.531744 0.560183 0.532346 0.558394 0.532936 0.556712 0.533090 0.555038 0.532936 0.553250 0.532487 0.551577 0.531897 0.549904 0.531295 0.548337 0.530256 0.546990 0.528769 0.546096 0.526833 0.545654 0.524590 0.545654 0.522064 0.546096 0.519833 0.546885 0.517744 0.548000 0.515949 0.549673 0.514462 0.551240 0.512974 0.552808 0.511628 0.554365 0.510590 0.555933 0.509692 0.557606 0.509244
0 0.732798 0.556269 0.735673 0.556269 0.738269 0.557308 0.740385 0.558718 0.742500 0.561410 0.743413 0.563949 0.743596 0.567551 0.742510 0.570910 0.740356 0.573308 0.738010 0.575218 0.735317 0.575936 0.732077 0.576423 0.728837 0.576423 0.725962 0.576667 0.723260 0.576179 0.720558 0.574987 0.718404 0.572590 0.716423 0.569949 0.715702 0.566346 0.716058 0.562821 0.717683 0.559872 0.719837 0.557474 0.722356 0.555795 0.725288 0.555000 0.727942 0.555077 0.730817 0.555308
0 0.637683 0.500654 0.639029 0.501436 0.640471 0.501692 0.642010 0.502205 0.643452 0.502333 0.644808 0.503103 0.646154 0.504000 0.647308 0.505282 0.648269 0.506949 0.649038 0.508615 0.649423 0.510538 0.649327 0.512603 0.648654 0.514397 0.647500 0.515808 0.646538 0.517474 0.645288 0.518885 0.644029 0.520167 0.642683 0.520949 0.641337 0.521718 0.639894 0.522103 0.638356 0.522359 0.636808 0.522359 0.635077 0.522615 0.633538 0.522231 0.632096 0.521718 0.630558 0.521462 0.629202 0.520436 0.628144 0.519013 0.626990 0.517731 0.626029 0.516192 0.625163 0.514526 0.624779 0.512603 0.624231 0.510769 0.624231 0.508846 0.624490 0.506821 0.625260 0.504769 0.626317 0.503359 0.627760 0.502718 0.629394 0.502077 0.630942 0.501564 0.632481 0.501167 0.633923 0.500910 0.635365 0.500782
0 0.766952 0.488308 0.769856 0.487192 0.771933 0.486269 0.774279 0.486090 0.776490 0.485538 0.778712 0.485346 0.780923 0.485346 0.783135 0.485538 0.785067 0.487013 0.786865 0.488859 0.788394 0.490885 0.789221 0.493654 0.788663 0.496410 0.788115 0.499179 0.787702 0.501949 0.786596 0.504346 0.785625 0.507115 0.784106 0.509141 0.782442 0.510987 0.780365 0.512282 0.778288 0.513385 0.776221 0.514487 0.774279 0.515603 0.772202 0.516333 0.769990 0.517436 0.768269 0.517564 0.766250 0.517564 0.763846 0.517692 0.761635 0.517821 0.759615 0.517808 0.757683 0.516705 0.755865 0.515128 0.754365 0.513205 0.753529 0.510615 0.753529 0.507667 0.753673 0.504897 0.754779 0.502500 0.755750 0.499923 0.757125 0.497705 0.758654 0.495679 0.760308 0.493833 0.762106 0.492359 0.763769 0.490513
0 0.707413 0.477244 0.709279 0.478244 0.711029 0.479244 0.712404 0.481077 0.713519 0.483231 0.714519 0.485397 0.714769 0.487897 0.714769 0.490551 0.714269 0.493051 0.713519 0.495705 0.712529 0.498038 0.711404 0.500538 0.710404 0.502692 0.708779 0.504359 0.707163 0.506026 0.705288 0.507192 0.703413 0.507692 0.701423 0.508026 0.699423 0.508026 0.697683 0.506692 0.695933 0.505359 0.694683 0.503359 0.693683 0.501205 0.693183 0.498705 0.692808 0.496205 0.693308 0.493718 0.693308 0.491051 0.694058 0.488718 0.695183 0.486397 0.696308 0.484231 0.697433 0.482064 0.698673 0.480077 0.700673 0.478718 0.702788 0.477564 0.704712 0.477436 0.706442 0.477051
0 0.574712 0.455000 0.576635 0.455513 0.578625 0.455744 0.580519 0.457013 0.582413 0.458269 0.584308 0.459359 0.585933 0.461167 0.587423 0.463154 0.588779 0.465321 0.589317 0.468026 0.589317 0.470910 0.589048 0.473615 0.587971 0.475962 0.586212 0.477410 0.584423 0.477436 0.582308 0.477308 0.580385 0.477410 0.578356 0.476692 0.576192 0.475782 0.573885 0.475064 0.571990 0.473795 0.570231 0.472179 0.568740 0.470192 0.567385 0.468026 0.566577 0.465500 0.566308 0.462782 0.566308 0.459897 0.566846 0.457192 0.568606 0.455564 0.570635 0.455026 0.572808 0.455026
0 0.504442 0.450179 0.507596 0.450513 0.510288 0.450769 0.512885 0.451410 0.514894 0.453115 0.517212 0.455000 0.517981 0.459872 0.517500 0.463718 0.515865 0.467308 0.513433 0.469987 0.510683 0.472423 0.507933 0.473397 0.505183 0.473654 0.502250 0.473654 0.499500 0.472910 0.496750 0.472667 0.494183 0.471205 0.492346 0.468269 0.491442 0.464487 0.491981 0.460936 0.493452 0.457756 0.495481 0.454744 0.497885 0.452564 0.500673 0.451282
0 0.429798 0.466051 0.431760 0.466231 0.433731 0.466577 0.435692 0.467449 0.437663 0.467795 0.439365 0.469192 0.440942 0.470949 0.442385 0.472872 0.443077 0.475256 0.444135 0.477692 0.445192 0.480641 0.445288 0.483077 0.445577 0.486282 0.445481 0.488974 0.444615 0.491410 0.443173 0.494103 0.441442 0.496282 0.439625 0.496821 0.437663 0.497692 0.435692 0.498051 0.433596 0.498051 0.431625 0.497346 0.429663 0.496654 0.427962 0.495077 0.426250 0.493679 0.424808 0.491756 0.423500 0.489654 0.422712 0.487205 0.422577 0.484590 0.422452 0.481962 0.421923 0.479333 0.422058 0.476538 0.422596 0.473590 0.423500 0.471641 0.424942 0.469372 0.426644 0.467974
0 0.355298 0.490897 0.357423 0.491462 0.359538 0.492590 0.361240 0.494667 0.363077 0.496551 0.364490 0.498821 0.365625 0.501269 0.366192 0.504103 0.366615 0.506936 0.366337 0.509756 0.365202 0.512218 0.364356 0.515051 0.362933 0.517692 0.361240 0.519756 0.359260 0.521462 0.357135 0.521654 0.355010 0.522026 0.353029 0.520897 0.351192 0.519192 0.349635 0.516936 0.348644 0.514295 0.347942 0.511462 0.347375 0.508628 0.347375 0.505615 0.346952 0.502782 0.346952 0.499769 0.346952 0.496744 0.348077 0.494295 0.349923 0.492782 0.352596 0.491282
0 0.325606 0.442397 0.328212 0.442397 0.330654 0.442833 0.333096 0.443910 0.335212 0.445872 0.337010 0.448474 0.337490 0.451731 0.337490 0.455205 0.336192 0.458244 0.334721 0.461064 0.332769 0.463231 0.330327 0.464756 0.328212 0.466487 0.325933 0.468013 0.323327 0.468667 0.320558 0.469103 0.317952 0.468667 0.315837 0.466705 0.315019 0.463449 0.314538 0.460192 0.314538 0.456718 0.315183 0.453462 0.316490 0.450641 0.317788 0.447821 0.320231 0.445872 0.322356 0.444128
0 0.392529 0.395064 0.394808 0.396590 0.397087 0.398103 0.399038 0.400282 0.400673 0.402885 0.401000 0.406141 0.401000 0.409615 0.400346 0.412872 0.399365 0.415910 0.398394 0.418949 0.396760 0.421769 0.394481 0.423500 0.391875 0.424590 0.389423 0.425769 0.387019 0.425385 0.385000 0.424231 0.383077 0.422949 0.381298 0.420679 0.380317 0.417641 0.379827 0.414385 0.379173 0.411128 0.379010 0.407872 0.379337 0.404615 0.380644 0.401795 0.382433 0.399192 0.384385 0.396808 0.386827 0.395718 0.389269 0.395282 0.391712 0.394846
0 0.335548 0.380103 0.337538 0.380987 0.339529 0.381872 0.341250 0.383282 0.342702 0.385231 0.343500 0.387705 0.344692 0.390000 0.345490 0.392474 0.346279 0.395115 0.346413 0.397769 0.346413 0.400590 0.345750 0.403244 0.344692 0.405538 0.343365 0.407654 0.341644 0.409423 0.339923 0.410833 0.338067 0.412077 0.336077 0.412423 0.334096 0.412782 0.332106 0.412603 0.330115 0.411372 0.328135 0.410128 0.326413 0.408718 0.324817 0.406949 0.323500 0.404654 0.322702 0.402013 0.322038 0.399359 0.321442 0.396410 0.320865 0.393846 0.320587 0.391590 0.320846 0.388936 0.321250 0.386154 0.322038 0.383641 0.323365 0.381513 0.325096 0.379487 0.327077 0.378872 0.329058 0.378692 0.331183 0.378872 0.333365 0.378846
0 0.286279 0.355115 0.288077 0.355256 0.290096 0.355513 0.292692 0.356154 0.294337 0.358205 0.295702 0.360397 0.296106 0.363128 0.295423 0.365859 0.294192 0.368218 0.292827 0.370410 0.291058 0.372051 0.289279 0.373692 0.287231 0.374962 0.285317 0.376051 0.283135 0.376962 0.280952 0.377513 0.278904 0.377141 0.276846 0.376603 0.274942 0.375141 0.274529 0.372410 0.274529 0.369500 0.274798 0.366769 0.275481 0.364038 0.276577 0.361667 0.278221 0.359667 0.279990 0.358026 0.282038 0.357115 0.284087 0.356026
0 0.318750 0.309872 0.320827 0.309590 0.322875 0.309769 0.324923 0.310859 0.326702 0.312500 0.328337 0.314692 0.328750 0.317423 0.328885 0.320154 0.328067 0.322692 0.326702 0.324885 0.325606 0.327256 0.323837 0.328885 0.321923 0.330167 0.320010 0.331436 0.318173 0.331923 0.316058 0.332179 0.313721 0.332718 0.311538 0.332718 0.309356 0.332538 0.307308 0.332167 0.305125 0.331987 0.303077 0.331077 0.301712 0.328885 0.300885 0.325974 0.301029 0.323064 0.302250 0.320692 0.303760 0.318692 0.305260 0.316513 0.307173 0.314692 0.309356 0.313590 0.311269 0.312500 0.313183 0.311410 0.315096 0.310641 0.316923 0.310128
0 0.260000 0.285385 0.262596 0.285897 0.265096 0.287436 0.266635 0.289615 0.268029 0.292769 0.268750 0.296372 0.268750 0.300205 0.268933 0.303808 0.268385 0.307410 0.267125 0.310782 0.264962 0.313179 0.262087 0.315577 0.259558 0.317026 0.256856 0.317500 0.254154 0.317744 0.251452 0.316782 0.248933 0.315103 0.246231 0.313897 0.244788 0.310782 0.244067 0.306936 0.244067 0.303090 0.244067 0.299244 0.245154 0.295641 0.246952 0.292769 0.248933 0.290115 0.251279 0.288205 0.253981 0.287000 0.256683 0.286038
0 0.311250 0.243590 0.316721 0.245692 0.320163 0.251205 0.320856 0.258103 0.320096 0.263590 0.317500 0.270385 0.313269 0.275128 0.308442 0.278808 0.303269 0.280641 0.297750 0.280641 0.294298 0.275128 0.293173 0.268077 0.293952 0.261321 0.296019 0.254885 0.299817 0.249833 0.304038 0.245769
0 0.396250 0.243077 0.398077 0.241923 0.400192 0.240769 0.402885 0.240615 0.404952 0.240615 0.406894 0.241308 0.408712 0.242513 0.410394 0.244077 0.411817 0.245974 0.412692 0.248077 0.412731 0.250808 0.412212 0.253397 0.411173 0.255821 0.409615 0.257538 0.407548 0.258923 0.405731 0.260308 0.403913 0.261346 0.401846 0.262038 0.399769 0.262551 0.397702 0.262897 0.395760 0.263244 0.393817 0.262385 0.391875 0.261346 0.390183 0.259615 0.389279 0.257192 0.389154 0.254436 0.389279 0.251846 0.390000 0.249231 0.391058 0.247179 0.392692 0.245513 0.394327 0.244231
0 0.405538 0.310885 0.407558 0.311064 0.409308 0.312667 0.410510 0.315000 0.411990 0.316974 0.412529 0.319654 0.412933 0.322346 0.412933 0.325218 0.413067 0.328077 0.413202 0.330769 0.413067 0.333449 0.412260 0.335962 0.410913 0.338115 0.409173 0.339718 0.407288 0.340974 0.405135 0.341872 0.402990 0.341872 0.400837 0.342410 0.398558 0.342410 0.396538 0.341692 0.394423 0.340513 0.392981 0.338590 0.391567 0.336679 0.390221 0.334346 0.389423 0.331846 0.389019 0.329154 0.389019 0.326282 0.389817 0.323782 0.390221 0.321090 0.391433 0.318410 0.393048 0.316436 0.394712 0.314231 0.396635 0.312436 0.398750 0.311410 0.400837 0.311064 0.402856 0.310526
0 0.444519 0.278718 0.447212 0.279231 0.449808 0.280513 0.452125 0.282244 0.454183 0.284756 0.455558 0.287744 0.456933 0.290718 0.457269 0.294154 0.457442 0.297590 0.456067 0.300795 0.453837 0.302628 0.451260 0.303077 0.448519 0.302628 0.445769 0.301474 0.443192 0.300564 0.441125 0.298269 0.438721 0.296436 0.436837 0.293692 0.435808 0.290487 0.435635 0.287051 0.436837 0.283846 0.438894 0.281551 0.441298 0.279731
0 0.491788 0.255231 0.494519 0.255718 0.497250 0.254987 0.499971 0.255962 0.502702 0.257410 0.503788 0.260808 0.503788 0.264679 0.503067 0.268321 0.501788 0.271718 0.500337 0.275115 0.497971 0.277538 0.496154 0.280449 0.493606 0.281897 0.491250 0.283833 0.488654 0.283718 0.486731 0.283590 0.484231 0.282692 0.482154 0.280205 0.481250 0.276564 0.481067 0.272923 0.481250 0.269295 0.482337 0.265654 0.484154 0.262744 0.485971 0.259346 0.488702 0.257410
0 0.476356 0.197590 0.479375 0.197590 0.482212 0.198205 0.484663 0.198846 0.487308 0.200359 0.489385 0.203128 0.491462 0.205897 0.492212 0.209667 0.492029 0.213449 0.491538 0.217051 0.489519 0.220000 0.486538 0.222436 0.483942 0.224103 0.480692 0.225026 0.477673 0.226038 0.474846 0.226538 0.471635 0.226795 0.468615 0.225526 0.465779 0.224269 0.463327 0.222256 0.461433 0.219231 0.461250 0.215462 0.461154 0.210769 0.461731 0.206795 0.463510 0.204128 0.465779 0.201615 0.468423 0.200103 0.471260 0.199346 0.474087 0.198346
0 0.473798 0.341179 0.476500 0.341410 0.479192 0.342615 0.481712 0.344295 0.484048 0.346205 0.485846 0.349090 0.486923 0.352436 0.488000 0.355795 0.488721 0.359397 0.489442 0.362987 0.489625 0.366590 0.489625 0.370423 0.489625 0.374256 0.488365 0.377615 0.486923 0.380731 0.485288 0.383846 0.482981 0.386154 0.480481 0.388846 0.477692 0.390513 0.474135 0.390641 0.471462 0.390321 0.468942 0.388397 0.466788 0.385769 0.464808 0.382885 0.463010 0.380013 0.461577 0.376654 0.460865 0.373333 0.460385 0.369615 0.460135 0.366346 0.460135 0.362513 0.460000 0.358590 0.460673 0.355077 0.461577 0.351487 0.463192 0.348359 0.464990 0.345487 0.467510 0.343333 0.470019 0.341897
0 0.531029 0.392833 0.532904 0.392500 0.534894 0.392500 0.536769 0.392667 0.538644 0.392500 0.540519 0.392667 0.542385 0.393333 0.544135 0.394667 0.545760 0.396167 0.547135 0.397987 0.548500 0.399821 0.549500 0.402154 0.550500 0.404321 0.550750 0.406808 0.551000 0.409308 0.550875 0.411808 0.550250 0.414308 0.549625 0.416795 0.548500 0.418962 0.547010 0.420628 0.545385 0.422128 0.543760 0.423462 0.541885 0.423615 0.540019 0.423782 0.537894 0.423462 0.536019 0.422795 0.534144 0.422295 0.532529 0.420962 0.530779 0.419628 0.529029 0.417795 0.527904 0.415628 0.526538 0.413808 0.525288 0.411641 0.524538 0.409308 0.523788 0.406974 0.524038 0.404487 0.523913 0.401987 0.524413 0.399487 0.525788 0.397654 0.527288 0.395500 0.529279 0.393833
0 0.538125 0.288795 0.540837 0.288115 0.543375 0.288333 0.545750 0.289692 0.548173 0.290769 0.549615 0.293333 0.550163 0.296705 0.549817 0.300090 0.548125 0.302808 0.546260 0.305295 0.543721 0.306423 0.541000 0.307333 0.538462 0.308013 0.535913 0.308462 0.533202 0.308462 0.530490 0.308462 0.528115 0.307103 0.526077 0.304615 0.525740 0.301000 0.526423 0.297603 0.527433 0.294449 0.529471 0.292179 0.532019 0.290603 0.534558 0.289244
0 0.585462 0.329821 0.587519 0.330679 0.589327 0.331885 0.590865 0.333603 0.592538 0.335321 0.594087 0.337026 0.594990 0.339436 0.595375 0.342013 0.595250 0.344590 0.594212 0.346821 0.592288 0.347679 0.590356 0.348705 0.588423 0.348872 0.586490 0.349218 0.584615 0.348974 0.582760 0.348538 0.580827 0.347679 0.578769 0.346821 0.576962 0.345782 0.575288 0.344244 0.573875 0.342359 0.572462 0.340462 0.571683 0.338064 0.571558 0.335487 0.572067 0.332910 0.573740 0.331372 0.575865 0.330256 0.577865 0.329308 0.579808 0.328590 0.581635 0.328718 0.583663 0.329474
0 0.649510 0.392590 0.651740 0.392590 0.653827 0.392962 0.655779 0.394077 0.657308 0.396128 0.657452 0.398910 0.657587 0.401692 0.656615 0.404295 0.655221 0.406897 0.654250 0.409500 0.652308 0.411154 0.650625 0.413026 0.648115 0.414321 0.646058 0.415513 0.644221 0.416744 0.642125 0.417487 0.640173 0.418603 0.637952 0.418603 0.635856 0.418782 0.633769 0.417859 0.631683 0.417487 0.630010 0.415436 0.629452 0.412654 0.629452 0.409500 0.629865 0.406705 0.630567 0.403923 0.631731 0.402051 0.633269 0.399615 0.635096 0.398333 0.636635 0.397308 0.638462 0.396410 0.640385 0.395000 0.642212 0.394231 0.644327 0.393846 0.646442 0.393590
0 0.702587 0.364359 0.704490 0.365449 0.706260 0.366910 0.707625 0.369090 0.708856 0.371628 0.709673 0.374179 0.709808 0.376897 0.709808 0.379808 0.709942 0.382538 0.709394 0.385256 0.708577 0.387808 0.707221 0.390167 0.705856 0.392526 0.704221 0.394346 0.702442 0.395987 0.700538 0.397436 0.698356 0.398346 0.696173 0.398346 0.694000 0.398167 0.692087 0.397077 0.690183 0.395615 0.688952 0.393077 0.687865 0.390705 0.687587 0.387987 0.687183 0.385256 0.687183 0.382167 0.687317 0.379449 0.688135 0.376897 0.688817 0.374179 0.690183 0.372000 0.691548 0.369808 0.692904 0.367628 0.694952 0.365449 0.697135 0.364179 0.699173 0.363821 0.701058 0.364103
0 0.649625 0.332782 0.653327 0.332782 0.656798 0.333397 0.660500 0.334628 0.663510 0.337090 0.664202 0.341718 0.662587 0.346346 0.660731 0.350359 0.658423 0.354064 0.654952 0.356526 0.651481 0.358077 0.648010 0.358692 0.644538 0.359308 0.641067 0.359615 0.637596 0.358077 0.635519 0.354064 0.635519 0.349128 0.636673 0.344500 0.639221 0.341103 0.641990 0.338026 0.645000 0.335244 0.647596 0.333974
0 0.637837 0.274282 0.640337 0.274282 0.642673 0.274500 0.644538 0.276782 0.645788 0.279487 0.646413 0.282603 0.646413 0.285923 0.646096 0.289038 0.645317 0.292359 0.644538 0.295487 0.643606 0.298385 0.642048 0.300885 0.640019 0.302962 0.638000 0.304628 0.635817 0.306077 0.633481 0.306910 0.631298 0.308154 0.628962 0.307949 0.626779 0.306487 0.625529 0.303795 0.625058 0.300679 0.625058 0.297346 0.625529 0.294231 0.626308 0.291115 0.627240 0.288205 0.628337 0.285295 0.629894 0.282808 0.631606 0.280526 0.633317 0.278231 0.635192 0.275744
0 0.597712 0.258282 0.600356 0.258282 0.603163 0.258282 0.605471 0.259603 0.606135 0.262897 0.606135 0.266423 0.605471 0.269718 0.604317 0.272795 0.602827 0.275654 0.601019 0.278295 0.598702 0.280064 0.596231 0.281603 0.593923 0.283359 0.591442 0.284462 0.588971 0.284679 0.586327 0.284679 0.583856 0.284026 0.581702 0.282256 0.580058 0.279397 0.580221 0.276103 0.581212 0.272795 0.583029 0.270385 0.584846 0.267513 0.586990 0.264872 0.589135 0.263115 0.591279 0.261359 0.593587 0.260038
0 0.581490 0.192628 0.584202 0.192141 0.587087 0.192141 0.589606 0.194064 0.592135 0.195513 0.593577 0.198641 0.593212 0.202244 0.592490 0.205846 0.591413 0.209218 0.590510 0.212821 0.588885 0.215949 0.587087 0.219077 0.585096 0.222205 0.582750 0.224846 0.580769 0.227731 0.578423 0.229897 0.575538 0.231821 0.573019 0.233500 0.570308 0.234231 0.567606 0.234705 0.565260 0.232782 0.563279 0.230141 0.562913 0.226526 0.562731 0.222923 0.563096 0.219321 0.564173 0.215705 0.565442 0.212346 0.567423 0.209692 0.569048 0.206577 0.571212 0.203205 0.573192 0.200564 0.575904 0.197667 0.578250 0.195744
0 0.541635 0.186795 0.544135 0.186026 0.546635 0.186154 0.549202 0.186846 0.551548 0.188769 0.553173 0.191897 0.553173 0.195744 0.552817 0.199359 0.551731 0.202718 0.550288 0.206090 0.548308 0.209218 0.546144 0.211859 0.543798 0.213782 0.541452 0.215949 0.538923 0.218359 0.536038 0.218833 0.533337 0.218590 0.530990 0.216667 0.529365 0.213551 0.529010 0.209936 0.529365 0.206333 0.530269 0.202718 0.531173 0.198872 0.532615 0.195744 0.534596 0.193103 0.536760 0.190705 0.538846 0.188590
0 0.567385 0.131679 0.570317 0.131679 0.573058 0.132167 0.575433 0.134115 0.576529 0.137526 0.577077 0.141179 0.576529 0.144833 0.575067 0.148000 0.572875 0.150436 0.570135 0.151410 0.567394 0.152872 0.564096 0.153603 0.561356 0.154090 0.558433 0.154090 0.555875 0.152628 0.553135 0.150679 0.551308 0.147756 0.550942 0.144103 0.551308 0.140449 0.553135 0.137526 0.555481 0.135256 0.558433 0.133628 0.561173 0.132654 0.563913 0.131679
0 0.657490 0.202603 0.659462 0.201731 0.661692 0.200859 0.663663 0.200513 0.665625 0.200859 0.667462 0.201910 0.668769 0.204000 0.670087 0.206282 0.670740 0.209077 0.671135 0.211692 0.671394 0.214321 0.671135 0.216949 0.670740 0.219744 0.670087 0.222538 0.669038 0.224808 0.667721 0.226910 0.666019 0.229013 0.664442 0.231103 0.662740 0.232500 0.660510 0.234077 0.658808 0.235474 0.656971 0.236526 0.655000 0.236705 0.652904 0.236872 0.650673 0.236872 0.648942 0.235641 0.647923 0.233551 0.646740 0.231282 0.645952 0.228833 0.645952 0.225692 0.646346 0.223064 0.646346 0.220269 0.646740 0.217641 0.647663 0.215192 0.648712 0.212923 0.650154 0.211000 0.651596 0.209077 0.653038 0.207154 0.654875 0.205577
0 0.659683 0.114090 0.661644 0.114090 0.663731 0.114244 0.665692 0.114410 0.667500 0.115897 0.668519 0.117192 0.669250 0.119641 0.669615 0.122103 0.669375 0.124718 0.668635 0.127000 0.667904 0.129295 0.666923 0.131423 0.665942 0.133705 0.664712 0.135667 0.663490 0.137628 0.662019 0.139269 0.660298 0.140897 0.658702 0.142218 0.657356 0.144013 0.655760 0.145321 0.654163 0.146628 0.652327 0.147282 0.650490 0.148423 0.648644 0.149244 0.646808 0.149077 0.645087 0.148103 0.643375 0.146949 0.641904 0.145321 0.640548 0.143526 0.639942 0.141064 0.639817 0.138615 0.640058 0.136167 0.640433 0.133705 0.641529 0.131577 0.642885 0.129295 0.644106 0.127167 0.645577 0.125038 0.647048 0.123410 0.649019 0.121769 0.650606 0.120295 0.652452 0.118500 0.654413 0.116859 0.656375 0.115718
0 0.716212 0.250000 0.718990 0.250987 0.721019 0.253705 0.722317 0.257154 0.722692 0.260859 0.722692 0.264808 0.721952 0.268500 0.720837 0.271962 0.719356 0.275167 0.717510 0.278128 0.715288 0.280590 0.712702 0.282564 0.709923 0.283795 0.707154 0.283064 0.704375 0.282077 0.702529 0.279115 0.701596 0.275410 0.701596 0.271462 0.701596 0.267513 0.702337 0.263821 0.703635 0.260372 0.705115 0.257154 0.706779 0.253949 0.709183 0.251731 0.711962 0.250000 0.714038 0.249615
0 0.756115 0.293346 0.758558 0.292474 0.761010 0.292038 0.763452 0.292692 0.765894 0.294423 0.767856 0.296821 0.768346 0.300077 0.768346 0.303564 0.767202 0.306603 0.766221 0.309641 0.764106 0.311603 0.761817 0.313128 0.759538 0.314423 0.757096 0.315295 0.754481 0.315949 0.751875 0.315949 0.749433 0.316385 0.747144 0.315077 0.744865 0.313564 0.743231 0.310949 0.743067 0.307692 0.744375 0.304859 0.745683 0.302038 0.747635 0.299859 0.749596 0.297692 0.751875 0.296167 0.754154 0.294423
0 0.394827 0.054205 0.397923 0.054205 0.400837 0.055231 0.403356 0.057308 0.404712 0.060923 0.404519 0.064795 0.402971 0.068167 0.400837 0.071000 0.398510 0.074103 0.395990 0.076436 0.393279 0.078500 0.390173 0.080051 0.386875 0.080308 0.383587 0.080308 0.380673 0.078500 0.379317 0.074885 0.379510 0.070744 0.380673 0.067128 0.382221 0.063769 0.384750 0.061179 0.387067 0.058603 0.389788 0.056782
0 0.255058 0.105897 0.257769 0.107962 0.260288 0.110038 0.262423 0.113141 0.264163 0.116500 0.264558 0.120372 0.264558 0.124513 0.263587 0.128385 0.261644 0.131487 0.258740 0.132000 0.255827 0.131744 0.252923 0.130449 0.250019 0.128897 0.247885 0.125795 0.246337 0.122436 0.245942 0.118564 0.245942 0.114423 0.246913 0.110551 0.247885 0.107949 0.250000 0.105897 0.252404 0.105385
0 0.242692 0.234538 0.244144 0.234410 0.245692 0.234410 0.247144 0.234538 0.248692 0.234538 0.250231 0.234538 0.251875 0.234538 0.253327 0.234808 0.254875 0.235192 0.256231 0.235962 0.257577 0.236731 0.258548 0.238282 0.259029 0.240218 0.258644 0.242154 0.257769 0.243821 0.256712 0.245628 0.255548 0.246910 0.254298 0.248205 0.252942 0.248974 0.251587 0.249756 0.250038 0.250526 0.248587 0.251038 0.247144 0.251423 0.245692 0.251551 0.244240 0.251936 0.242788 0.252205 0.241144 0.252333 0.239606 0.252333 0.238058 0.252333 0.236606 0.252205 0.235154 0.251808 0.233808 0.251038 0.232548 0.250013 0.231865 0.248205 0.231673 0.246269 0.231577 0.244333 0.232260 0.242538 0.233317 0.240731 0.234577 0.239308 0.235740 0.238026 0.236990 0.236603 0.238269 0.235769 0.239712 0.235128 0.241144 0.234936
