0 0.235577 0.722949 0.238558 0.725385 0.240837 0.729359 0.242212 0.733628 0.242673 0.738205 0.242673 0.743090 0.241981 0.747974 0.240154 0.751936 0.238317 0.756218 0.235808 0.759564 0.232375 0.760795 0.229163 0.758654 0.226875 0.754692 0.225731 0.750115 0.225048 0.745538 0.225000 0.740128 0.226058 0.735641 0.227500 0.730897 0.228846 0.727308 0.231827 0.723590
0 0.463654 0.821410 0.467212 0.822846 0.470510 0.826910 0.472212 0.831795 0.472308 0.837692 0.472038 0.843513 0.471279 0.848603 0.469750 0.853346 0.466702 0.857064 0.462894 0.858423 0.459077 0.857410 0.455779 0.854692 0.453490 0.849962 0.452221 0.844872 0.452221 0.839449 0.452731 0.834372 0.454510 0.829628 0.456788 0.825218 0.460096 0.822167
0 0.417692 0.773077 0.421298 0.775167 0.424538 0.778244 0.427308 0.781333 0.429385 0.785333 0.430538 0.789949 0.431231 0.794577 0.430481 0.798846 0.428000 0.802577 0.424538 0.804115 0.420837 0.804115 0.417375 0.802577 0.414375 0.800115 0.411606 0.797038 0.409750 0.793038 0.408596 0.788410 0.408365 0.783795 0.408827 0.779167 0.411058 0.775385 0.413942 0.772821
0 0.479615 0.747128 0.482519 0.749513 0.484519 0.753372 0.484971 0.757833 0.484519 0.762295 0.482740 0.766167 0.480058 0.769731 0.477163 0.772115 0.474231 0.773333 0.470385 0.773846 0.466904 0.772705 0.464000 0.770321 0.462221 0.766462 0.462000 0.762000 0.462663 0.757538 0.464894 0.753372 0.467577 0.750397 0.470471 0.748026 0.473596 0.746244 0.476538 0.746282
0 0.546635 0.773718 0.548683 0.776705 0.549269 0.780615 0.548875 0.784526 0.548288 0.788436 0.547115 0.792359 0.545154 0.795744 0.542808 0.798615 0.539875 0.800705 0.536942 0.801744 0.534000 0.802269 0.531067 0.801744 0.528721 0.799141 0.528327 0.795218 0.528654 0.790769 0.529702 0.787397 0.531250 0.783846 0.532827 0.780615 0.534981 0.777744 0.537529 0.775141 0.540269 0.773308 0.543202 0.772782
0 0.363077 0.738077 0.365317 0.741705 0.365837 0.746949 0.364798 0.752179 0.362308 0.756282 0.358779 0.759154 0.355115 0.761590 0.351192 0.763333 0.347269 0.763679 0.343606 0.761590 0.342298 0.756359 0.343077 0.751128 0.345173 0.746244 0.347788 0.742064 0.351442 0.738846 0.355375 0.736833 0.359519 0.736410
0 0.413519 0.699782 0.417404 0.702962 0.420385 0.706667 0.422173 0.712910 0.423971 0.718487 0.424567 0.724449 0.424865 0.730423 0.423846 0.736154 0.421279 0.740769 0.417106 0.743551 0.412625 0.744346 0.408154 0.743154 0.404269 0.738782 0.402481 0.733205 0.400692 0.727641 0.399798 0.721667 0.399192 0.715705 0.399490 0.709731 0.400865 0.703718 0.403375 0.699385 0.407856 0.697795
0 0.597692 0.734872 0.601635 0.736538 0.604500 0.740692 0.605577 0.744744 0.604615 0.750769 0.602019 0.755513 0.598942 0.758590 0.594760 0.760538 0.590692 0.762333 0.586365 0.762333 0.582308 0.760897 0.580413 0.755487 0.581221 0.750064 0.583115 0.745013 0.586154 0.740769 0.589885 0.737795 0.593673 0.735269
0 0.549817 0.693064 0.551923 0.695397 0.553673 0.698218 0.555433 0.701026 0.556837 0.704064 0.557356 0.708038 0.556308 0.711551 0.554029 0.713654 0.551394 0.715526 0.548760 0.716462 0.545952 0.716462 0.543317 0.715769 0.540769 0.715000 0.538048 0.713654 0.535000 0.712436 0.532962 0.710385 0.530856 0.708038 0.529135 0.704487 0.529135 0.700513 0.529798 0.697282 0.531029 0.694000 0.532962 0.691423 0.535596 0.690026 0.538231 0.689321 0.540865 0.689551 0.543490 0.690256 0.546125 0.691192 0.548058 0.691897
0 0.483067 0.672500 0.484923 0.676090 0.485750 0.680231 0.485962 0.684372 0.485750 0.688513 0.484519 0.692692 0.482788 0.696667 0.480577 0.699269 0.477683 0.701205 0.474615 0.703333 0.471683 0.704231 0.468577 0.703679 0.465885 0.701474 0.464029 0.697885 0.463404 0.693744 0.463404 0.689333 0.464644 0.685192 0.466442 0.681282 0.468365 0.678462 0.470856 0.675269 0.473548 0.672782 0.476644 0.671397 0.479712 0.671154
0 0.445577 0.639103 0.447077 0.641756 0.448298 0.645538 0.449135 0.648974 0.448365 0.652564 0.446673 0.656615 0.444423 0.659615 0.441731 0.661795 0.437981 0.664359 0.434519 0.665769 0.431346 0.666667 0.427885 0.666667 0.424808 0.665513 0.422019 0.662051 0.421346 0.657564 0.421635 0.652692 0.422981 0.648718 0.424808 0.645513 0.427500 0.642564 0.430481 0.640513 0.433846 0.639231 0.436635 0.638205 0.439808 0.637949 0.442788 0.638077
0 0.359413 0.609769 0.362481 0.610846 0.365125 0.613026 0.367163 0.616295 0.369413 0.619282 0.371250 0.622436 0.372471 0.626628 0.372673 0.630705 0.372471 0.634782 0.370635 0.638321 0.367577 0.639141 0.364519 0.639410 0.361250 0.639410 0.358394 0.637500 0.355750 0.635333 0.353298 0.632603 0.351442 0.628590 0.350192 0.624231 0.349327 0.620769 0.349423 0.616564 0.350240 0.612487 0.352683 0.609487 0.355750 0.609218
0 0.325077 0.631321 0.327577 0.634962 0.328942 0.639795 0.329615 0.644641 0.329615 0.649474 0.328481 0.654013 0.327212 0.658077 0.325077 0.661885 0.322356 0.664910 0.319404 0.667333 0.316000 0.667936 0.312596 0.668538 0.309423 0.666731 0.306702 0.663705 0.305337 0.659462 0.304885 0.654923 0.304885 0.650090 0.306250 0.645846 0.307837 0.641615 0.310106 0.637987 0.312375 0.634346 0.315327 0.631321 0.318731 0.629808 0.322356 0.629808
0 0.205038 0.651692 0.208337 0.653577 0.211394 0.656077 0.213990 0.659538 0.216808 0.663308 0.218221 0.668013 0.218933 0.672718 0.218933 0.677744 0.217279 0.682141 0.213990 0.684654 0.210452 0.685282 0.206923 0.686218 0.203394 0.684654 0.199856 0.683705 0.196567 0.680885 0.193500 0.678372 0.191144 0.673667 0.189731 0.669269 0.188788 0.664564 0.189029 0.659846 0.190673 0.655449 0.193029 0.651692 0.196538 0.649744 0.200096 0.649487
0 0.222019 0.558462 0.225577 0.557051 0.229135 0.557949 0.232462 0.560231 0.235500 0.563346 0.238529 0.566769 0.240635 0.570808 0.242269 0.575167 0.242885 0.579872 0.242269 0.584513 0.239702 0.587936 0.235962 0.589487 0.231990 0.589487 0.228750 0.588718 0.225462 0.586692 0.222654 0.583577 0.220385 0.579231 0.219154 0.575167 0.218173 0.570000 0.218452 0.565833 0.219423 0.561538
0 0.237702 0.519436 0.240577 0.519487 0.243721 0.520821 0.246413 0.523026 0.248904 0.525795 0.251394 0.528833 0.253462 0.532051 0.255962 0.535756 0.257413 0.539628 0.257413 0.544051 0.255750 0.547641 0.252644 0.548474 0.249529 0.548205 0.246413 0.547090 0.243308 0.545705 0.240404 0.543769 0.237500 0.541282 0.235010 0.536859 0.233346 0.533256 0.232308 0.529115 0.232308 0.524692 0.234173 0.521090
0 0.306452 0.531962 0.308981 0.533077 0.311500 0.534205 0.313856 0.535551 0.315712 0.538013 0.317394 0.540705 0.318404 0.543846 0.319067 0.547205 0.319577 0.550795 0.319577 0.554385 0.318654 0.557564 0.316885 0.560667 0.314702 0.562910 0.312308 0.563974 0.309654 0.564474 0.306788 0.564474 0.304106 0.564705 0.301577 0.564474 0.298548 0.564474 0.296029 0.563577 0.293500 0.562013 0.291490 0.559769 0.289635 0.557308 0.287885 0.553974 0.286606 0.550577 0.285933 0.547205 0.286106 0.543846 0.286942 0.540487 0.288462 0.537564 0.290481 0.535321 0.292827 0.533526 0.295356 0.532410 0.298077 0.531667 0.300740 0.531282 0.303077 0.531410
0 0.670452 0.675141 0.673529 0.675141 0.676615 0.675141 0.679510 0.676103 0.681510 0.678769 0.682596 0.682385 0.682962 0.686013 0.682962 0.689885 0.682231 0.693513 0.681692 0.697141 0.680779 0.701000 0.679692 0.704385 0.677702 0.707051 0.675346 0.709231 0.672808 0.711154 0.670452 0.713333 0.667913 0.714782 0.665192 0.716474 0.662288 0.717692 0.659202 0.717923 0.656308 0.718167 0.653404 0.718410 0.650683 0.717692 0.647981 0.716282 0.645423 0.714538 0.643250 0.712128 0.641798 0.708744 0.640894 0.705115 0.640894 0.701244 0.641798 0.697615 0.643250 0.694231 0.645067 0.691333 0.646923 0.689103 0.649423 0.687051 0.651952 0.685051 0.654308 0.682872 0.657212 0.681423 0.659567 0.679487 0.662288 0.678526 0.665010 0.677077 0.667731 0.675859
0 0.568173 0.643462 0.571538 0.645256 0.574231 0.648590 0.575673 0.652949 0.574760 0.657936 0.572788 0.662308 0.569221 0.665321 0.565192 0.666654 0.561413 0.667667 0.557385 0.667667 0.553615 0.666321 0.550846 0.662628 0.549837 0.657603 0.550587 0.652564 0.552356 0.647859 0.555625 0.644513 0.559404 0.643167 0.563173 0.642500
0 0.497413 0.609141 0.499875 0.611410 0.502212 0.613590 0.504423 0.616462 0.506346 0.619359 0.507452 0.623295 0.507269 0.627077 0.505750 0.630615 0.503471 0.633141 0.500481 0.635128 0.497221 0.635167 0.494375 0.634667 0.491346 0.633654 0.488692 0.631628 0.486231 0.629603 0.484144 0.626833 0.482442 0.623295 0.482250 0.619244 0.482817 0.615462 0.484519 0.612167 0.486635 0.609744 0.489519 0.608205 0.492865 0.607628 0.494760 0.607872
0 0.460048 0.589244 0.461394 0.592141 0.462500 0.595256 0.462731 0.598859 0.462731 0.602436 0.462067 0.605795 0.459885 0.607808 0.457365 0.609372 0.454846 0.610038 0.452327 0.609603 0.449817 0.608705 0.447635 0.606910 0.445288 0.604897 0.443442 0.601769 0.442096 0.598410 0.441260 0.594833 0.441260 0.591256 0.441923 0.587667 0.442933 0.584538 0.445115 0.582744 0.447635 0.582526 0.450317 0.582526 0.453173 0.583423 0.455683 0.584756 0.458038 0.586551
0 0.410750 0.560949 0.413067 0.562846 0.414846 0.565936 0.415913 0.569487 0.416625 0.573051 0.417154 0.576615 0.417510 0.580167 0.417337 0.583731 0.416442 0.587282 0.415375 0.590846 0.414308 0.594167 0.412356 0.597013 0.409865 0.599385 0.407375 0.600808 0.404529 0.599859 0.402038 0.598192 0.400077 0.595590 0.399010 0.592026 0.398298 0.588474 0.398298 0.584679 0.398298 0.580641 0.398750 0.576667 0.399721 0.573526 0.400971 0.570205 0.402500 0.566923 0.404346 0.564513 0.406663 0.562372 0.407904 0.561667
0 0.390029 0.506615 0.392356 0.508474 0.394365 0.510128 0.396385 0.511987 0.397933 0.514462 0.399038 0.517308 0.399173 0.520667 0.398087 0.523551 0.396221 0.525615 0.394212 0.527679 0.391894 0.528090 0.389567 0.528718 0.387087 0.528718 0.384452 0.528718 0.382135 0.528513 0.379808 0.527269 0.377644 0.525821 0.375779 0.523551 0.374231 0.521077 0.373308 0.517974 0.372990 0.514885 0.372990 0.511577 0.374077 0.508679 0.375673 0.506282 0.378173 0.505513 0.380769 0.505256 0.383173 0.505513 0.385673 0.505385 0.387981 0.506026
0 0.619712 0.603462 0.621548 0.607103 0.621990 0.611538 0.621990 0.616269 0.621327 0.620987 0.619990 0.625423 0.617308 0.629359 0.613942 0.631667 0.610462 0.632218 0.607144 0.631333 0.604260 0.628385 0.602933 0.624244 0.602269 0.619808 0.602490 0.615385 0.603596 0.610949 0.605587 0.606808 0.608471 0.604449 0.611798 0.602667 0.615115 0.601782 0.617596 0.601795
0 0.569135 0.580385 0.570769 0.582564 0.572635 0.585410 0.574000 0.588372 0.575365 0.591333 0.576394 0.594513 0.576904 0.597936 0.577077 0.601346 0.577250 0.604769 0.576731 0.608179 0.575885 0.611603 0.574173 0.614333 0.571442 0.615923 0.568875 0.616385 0.566144 0.615244 0.563923 0.613192 0.562558 0.610231 0.561192 0.607269 0.559827 0.604308 0.558971 0.600897 0.558971 0.597256 0.558625 0.593833 0.559144 0.590423 0.560000 0.586769 0.561192 0.583590 0.563067 0.581077 0.565462 0.579718 0.567404 0.579487
0 0.465913 0.527603 0.468000 0.528538 0.469942 0.529833 0.471471 0.531859 0.473077 0.533974 0.473654 0.537051 0.473654 0.540128 0.472856 0.542590 0.471327 0.544808 0.469385 0.546295 0.467029 0.547038 0.464942 0.547962 0.462452 0.548333 0.460231 0.548333 0.458144 0.548141 0.456067 0.547590 0.453981 0.547038 0.452038 0.545744 0.450654 0.543513 0.449817 0.540923 0.449683 0.538154 0.450096 0.535385 0.451346 0.532974 0.452875 0.530936 0.454673 0.529462 0.456760 0.528718 0.458837 0.527795 0.460923 0.527244 0.463144 0.527244
0 0.242019 0.441282 0.242721 0.444308 0.242904 0.447987 0.242721 0.451667 0.242173 0.455346 0.240885 0.460013 0.239596 0.463449 0.238490 0.466872 0.236837 0.470064 0.234442 0.472769 0.232048 0.474731 0.229288 0.475218 0.226721 0.473744 0.224615 0.471026 0.223962 0.468103 0.223962 0.464179 0.223962 0.460256 0.224510 0.456577 0.225615 0.453141 0.226904 0.449705 0.228462 0.446795 0.230192 0.443718 0.232423 0.441372 0.235183 0.440141 0.237596 0.439231 0.240481 0.439615
0 0.270135 0.464051 0.272433 0.465590 0.274442 0.467115 0.276442 0.469026 0.278173 0.471128 0.279317 0.473808 0.279894 0.476679 0.279606 0.479551 0.278740 0.482231 0.277596 0.484718 0.275731 0.486628 0.273865 0.488346 0.271856 0.489692 0.269702 0.490077 0.267548 0.490833 0.265404 0.490462 0.263106 0.490462 0.260952 0.489692 0.258942 0.487782 0.257077 0.486244 0.255356 0.483372 0.254635 0.480513 0.254635 0.477449 0.254923 0.474577 0.255788 0.471705 0.256933 0.469218 0.258654 0.467115 0.260519 0.465397 0.262529 0.464244 0.264712 0.463718 0.267019 0.463590 0.268750 0.463718
0 0.302731 0.411115 0.305433 0.413167 0.307942 0.416000 0.309683 0.419346 0.309875 0.423462 0.310452 0.427577 0.310452 0.431949 0.310452 0.436077 0.309904 0.439872 0.308558 0.443462 0.306827 0.446667 0.303654 0.447308 0.301192 0.446115 0.299067 0.443282 0.296942 0.440449 0.295404 0.436846 0.294625 0.432987 0.294433 0.429128 0.294433 0.425013 0.294433 0.420885 0.295404 0.417026 0.297327 0.413936 0.299452 0.412141
0 0.351529 0.435474 0.353481 0.437333 0.355192 0.438846 0.356250 0.441795 0.357240 0.444385 0.358067 0.447359 0.358904 0.449949 0.359048 0.452744 0.359327 0.455526 0.359606 0.458308 0.359606 0.461654 0.359606 0.464808 0.359183 0.467590 0.359048 0.470372 0.358212 0.472974 0.356538 0.475013 0.354731 0.476692 0.352500 0.477423 0.350279 0.477795 0.347769 0.477795 0.345683 0.476872 0.343865 0.475013 0.342337 0.472974 0.341221 0.470564 0.340529 0.467590 0.340529 0.464615 0.340106 0.461654 0.340106 0.458679 0.339971 0.455705 0.340106 0.452372 0.340529 0.449577 0.341221 0.446795 0.341644 0.443641 0.342615 0.440859 0.343865 0.438256 0.345683 0.436590 0.347625 0.435474 0.349721 0.435282
0 0.394144 0.441756 0.395731 0.444282 0.397154 0.447026 0.398269 0.449744 0.399529 0.452936 0.400317 0.456103 0.400635 0.459269 0.400798 0.462436 0.400385 0.465385 0.399327 0.468590 0.397471 0.470872 0.395577 0.472987 0.393202 0.474462 0.390510 0.474462 0.388135 0.473833 0.386077 0.472141 0.384173 0.469603 0.382885 0.466410 0.382279 0.462859 0.382115 0.459474 0.381808 0.456321 0.381808 0.452731 0.382279 0.449564 0.382981 0.446282 0.384327 0.443205 0.385760 0.440910 0.388135 0.440064 0.390663 0.440064 0.392721 0.440910
0 0.439510 0.451192 0.442260 0.453449 0.444163 0.457115 0.445644 0.461064 0.446490 0.465577 0.446913 0.469808 0.446702 0.474038 0.446442 0.478462 0.444904 0.482436 0.442683 0.486167 0.439933 0.488423 0.436760 0.488705 0.433587 0.487577 0.430837 0.484756 0.429135 0.480513 0.428510 0.476295 0.428298 0.471782 0.428298 0.467269 0.428462 0.462692 0.429567 0.458244 0.431260 0.454577 0.433375 0.451192 0.436125 0.450064
0 0.712663 0.567679 0.714750 0.570462 0.714942 0.574256 0.714942 0.578295 0.714750 0.582090 0.714183 0.586128 0.712663 0.589410 0.710962 0.592705 0.708875 0.595474 0.706413 0.598000 0.703760 0.599526 0.700731 0.601038 0.697692 0.600282 0.695231 0.598256 0.693529 0.594974 0.693529 0.590936 0.693712 0.587141 0.694615 0.583333 0.695990 0.579821 0.697692 0.576526 0.699779 0.573756 0.702240 0.571731 0.704702 0.569705 0.707356 0.568192 0.710202 0.566923
0 0.662260 0.546462 0.664529 0.548987 0.666923 0.551538 0.668702 0.554795 0.669837 0.558333 0.670971 0.561872 0.671923 0.565667 0.671731 0.569449 0.670596 0.572987 0.668558 0.576026 0.665288 0.576667 0.662260 0.576026 0.659413 0.574513 0.656760 0.572744 0.654865 0.569705 0.652692 0.566667 0.651269 0.563641 0.650192 0.559872 0.649942 0.556564 0.649942 0.552526 0.650096 0.548590 0.651154 0.545513 0.653750 0.544231 0.656952 0.544436 0.659798 0.545205
0 0.608856 0.538705 0.609596 0.542423 0.609327 0.546282 0.607692 0.549872 0.605885 0.552833 0.603279 0.555064 0.600308 0.556295 0.597308 0.557179 0.593846 0.557051 0.591385 0.556051 0.588779 0.554321 0.586365 0.551833 0.585808 0.548115 0.585808 0.544154 0.587298 0.540936 0.589038 0.537821 0.591635 0.535769 0.594519 0.534487 0.597404 0.533974 0.600288 0.533846 0.603173 0.533974 0.605865 0.534487 0.607692 0.536282
0 0.543788 0.486654 0.547221 0.485436 0.550654 0.485128 0.553625 0.487564 0.556365 0.490923 0.556827 0.495487 0.557048 0.500064 0.556135 0.504641 0.554308 0.508603 0.552019 0.512564 0.549740 0.516218 0.546538 0.519885 0.543337 0.521705 0.539904 0.522936 0.536250 0.522936 0.532817 0.522013 0.530298 0.518667 0.528654 0.514103 0.528702 0.509513 0.529615 0.504949 0.530990 0.500679 0.532817 0.496718 0.535327 0.493359 0.538077 0.490308 0.540817 0.488782
0 0.506635 0.443821 0.509423 0.448333 0.510385 0.455256 0.509712 0.462436 0.507288 0.468551 0.503702 0.473321 0.499038 0.475641 0.494038 0.474744 0.490385 0.469872 0.489615 0.462949 0.490365 0.456397 0.492317 0.450321 0.495567 0.445115 0.500125 0.442513 0.502885 0.442308
0 0.505529 0.385821 0.509769 0.387231 0.513202 0.390051 0.515856 0.394282 0.517173 0.399577 0.517885 0.405256 0.517115 0.411282 0.514788 0.415808 0.510827 0.416859 0.507115 0.414397 0.503413 0.411218 0.501298 0.406282 0.499971 0.400987 0.499442 0.395692 0.500000 0.390000 0.502356 0.386167
0 0.680962 0.489641 0.683558 0.491782 0.684962 0.495513 0.684365 0.500051 0.682981 0.503718 0.680760 0.506731 0.677952 0.508872 0.674750 0.510731 0.671750 0.511269 0.668740 0.511000 0.665942 0.509128 0.663337 0.507000 0.661740 0.503526 0.661740 0.499256 0.662538 0.495256 0.664740 0.492051 0.666923 0.489872 0.670548 0.488577 0.673654 0.488333 0.676635 0.488462 0.678952 0.488577
0 0.721058 0.414615 0.723702 0.417551 0.724808 0.421795 0.724712 0.426667 0.724135 0.431667 0.722760 0.436295 0.720423 0.440359 0.717375 0.442859 0.713856 0.444103 0.710346 0.442538 0.708000 0.438795 0.706827 0.434103 0.706442 0.429103 0.707067 0.424115 0.708942 0.419731 0.711750 0.416615 0.715029 0.414115 0.718077 0.413487
0 0.644135 0.408769 0.646644 0.412128 0.648471 0.416077 0.649154 0.420641 0.649385 0.425205 0.648471 0.429769 0.647106 0.434038 0.644817 0.437679 0.642538 0.441333 0.639567 0.443769 0.636144 0.445295 0.632692 0.443974 0.629760 0.441949 0.627702 0.437987 0.627115 0.433462 0.627250 0.428551 0.627692 0.424103 0.628846 0.420038 0.630894 0.416077 0.633635 0.413038 0.636606 0.409987 0.640029 0.408167
0 0.568173 0.392564 0.570817 0.394295 0.573490 0.396077 0.575971 0.398359 0.578067 0.401154 0.579788 0.404462 0.580548 0.408282 0.580740 0.412103 0.579981 0.415910 0.578067 0.419474 0.575394 0.421256 0.572346 0.421513 0.569106 0.421513 0.566048 0.421513 0.563000 0.420231 0.560519 0.417949 0.558038 0.415397 0.556125 0.412103 0.555365 0.408282 0.555558 0.404218 0.556154 0.400385 0.557654 0.397090 0.559942 0.394551 0.562596 0.392564 0.565481 0.392000
0 0.609019 0.359564 0.611635 0.363205 0.613558 0.367692 0.614990 0.372513 0.615577 0.377308 0.615192 0.383205 0.613500 0.388115 0.611154 0.391410 0.607500 0.392179 0.604288 0.390103 0.601058 0.386282 0.599558 0.382141 0.598308 0.376821 0.597558 0.371513 0.597808 0.366538 0.599558 0.361885 0.602788 0.358564 0.606779 0.357897
0 0.587750 0.289295 0.590260 0.291923 0.592413 0.294321 0.593846 0.297667 0.594750 0.301256 0.595288 0.305090 0.595106 0.308679 0.594029 0.312026 0.592212 0.314359 0.589721 0.315615 0.587029 0.315141 0.584519 0.313705 0.581827 0.312513 0.579308 0.310833 0.577154 0.307962 0.575365 0.305090 0.574106 0.301744 0.573750 0.298154 0.573385 0.294564 0.573567 0.290974 0.574827 0.287615 0.577154 0.285462 0.579846 0.284744 0.582538 0.284987 0.585058 0.286667
0 0.453442 0.383885 0.456577 0.387359 0.458404 0.392231 0.459192 0.397462 0.458923 0.402679 0.457096 0.407551 0.453077 0.410000 0.449010 0.410679 0.445346 0.408590 0.441692 0.405808 0.438827 0.401628 0.436471 0.397103 0.436212 0.391885 0.436154 0.386667 0.437788 0.381538 0.441173 0.379359 0.445346 0.379359 0.449038 0.379615 0.451875 0.381795
0 0.403644 0.373218 0.406404 0.376038 0.408308 0.380000 0.408952 0.384244 0.408952 0.388782 0.408558 0.392436 0.407885 0.396987 0.406192 0.400949 0.404067 0.404346 0.401538 0.407179 0.398337 0.407167 0.395154 0.406038 0.392606 0.403205 0.391337 0.399244 0.390692 0.395000 0.390692 0.390474 0.391125 0.386231 0.391971 0.381987 0.393663 0.378308 0.396000 0.375192 0.398760 0.372936
0 0.338183 0.348244 0.341183 0.351910 0.343942 0.356026 0.346433 0.360577 0.347933 0.365244 0.348933 0.370577 0.349433 0.375577 0.349038 0.380769 0.346442 0.384744 0.342433 0.385244 0.338683 0.383910 0.335433 0.381244 0.332683 0.377577 0.330183 0.373577 0.328433 0.368910 0.327433 0.363910 0.326933 0.358910 0.327433 0.353910 0.328933 0.349244 0.332183 0.346577 0.335433 0.347244
0 0.285096 0.343974 0.286635 0.346154 0.288615 0.349744 0.289769 0.353346 0.290933 0.356962 0.291712 0.360833 0.292096 0.364705 0.291904 0.368821 0.291519 0.372692 0.290577 0.375769 0.288231 0.378628 0.285096 0.379359 0.281827 0.378974 0.279327 0.377333 0.276817 0.375269 0.274683 0.372179 0.272558 0.369346 0.270817 0.365474 0.269808 0.362051 0.269269 0.357987 0.268692 0.354128 0.268692 0.350000 0.269269 0.346128 0.270817 0.342782 0.273135 0.340192 0.276038 0.338910 0.278942 0.339167 0.281846 0.340449 0.283779 0.342256
0 0.250962 0.224103 0.253606 0.225372 0.255673 0.227308 0.257577 0.229795 0.258904 0.232885 0.260221 0.235974 0.261048 0.239282 0.261712 0.242808 0.261712 0.246333 0.261712 0.249872 0.261385 0.253397 0.261221 0.256705 0.260221 0.259795 0.258077 0.262231 0.255587 0.262885 0.252942 0.262885 0.250481 0.261923 0.248144 0.259795 0.246327 0.257154 0.244663 0.254282 0.242846 0.251641 0.241519 0.248551 0.240529 0.244795 0.240000 0.241667 0.239865 0.238397 0.240029 0.235090 0.240692 0.231551 0.241923 0.228718 0.243673 0.226256 0.245385 0.224744 0.247981 0.223615
0 0.344952 0.233333 0.346721 0.236756 0.347712 0.240705 0.347913 0.244654 0.347317 0.248603 0.345740 0.252282 0.344135 0.255513 0.341596 0.258077 0.338827 0.259910 0.335865 0.261231 0.332904 0.262026 0.329750 0.262026 0.326827 0.260128 0.324712 0.257051 0.324231 0.252821 0.324519 0.248333 0.325606 0.244654 0.326990 0.240962 0.328962 0.237808 0.331058 0.235513 0.333702 0.232808 0.336654 0.232013 0.339615 0.231487 0.341788 0.231756
0 0.376981 0.277090 0.379894 0.278128 0.382413 0.280462 0.384356 0.283564 0.386298 0.286936 0.387269 0.291077 0.388048 0.294962 0.388240 0.298846 0.388240 0.302987 0.387663 0.306872 0.386298 0.310500 0.384750 0.313872 0.382413 0.316462 0.379308 0.316192 0.376250 0.314872 0.374067 0.312833 0.371538 0.310000 0.370183 0.306359 0.368846 0.302179 0.368240 0.298333 0.368077 0.294231 0.367654 0.290308 0.368269 0.286410 0.369212 0.282538 0.370962 0.279103 0.373654 0.277308
0 0.475808 0.308667 0.477981 0.311833 0.479163 0.315256 0.479962 0.319205 0.480750 0.323154 0.481538 0.327103 0.481337 0.331321 0.480750 0.335269 0.479327 0.339872 0.477500 0.343462 0.474423 0.345769 0.471462 0.345808 0.468308 0.345538 0.466135 0.342385 0.464356 0.339218 0.462788 0.335641 0.462385 0.331846 0.462385 0.327103 0.462577 0.323154 0.463077 0.318462 0.464327 0.314872 0.465933 0.311038 0.468500 0.308667 0.471269 0.307090
0 0.518606 0.257641 0.521183 0.261756 0.522981 0.266410 0.524423 0.270769 0.524538 0.276205 0.524279 0.281359 0.522471 0.286167 0.518346 0.288923 0.514481 0.287538 0.511125 0.284449 0.508548 0.279987 0.506750 0.275167 0.506154 0.269872 0.506490 0.264513 0.508038 0.259705 0.511644 0.256256 0.516029 0.256256
0 0.430500 0.256449 0.433038 0.258038 0.435385 0.260256 0.436779 0.262782 0.438135 0.265731 0.438817 0.269128 0.439327 0.272744 0.439663 0.276141 0.439327 0.279987 0.438644 0.283833 0.437212 0.286538 0.434740 0.287910 0.432192 0.288359 0.429644 0.287910 0.426933 0.286321 0.425067 0.283833 0.423462 0.280385 0.422346 0.277718 0.421500 0.274103 0.421163 0.270705 0.421327 0.267090 0.421673 0.263692 0.422683 0.260526 0.424558 0.258038 0.426933 0.256679
0 0.386481 0.197872 0.389231 0.198846 0.392212 0.201923 0.394327 0.205000 0.396442 0.207692 0.398135 0.211115 0.399288 0.214679 0.400048 0.218500 0.400817 0.222333 0.400817 0.226397 0.399856 0.230231 0.398327 0.233538 0.395577 0.235256 0.392019 0.235256 0.389538 0.234051 0.386923 0.231795 0.384577 0.229462 0.382663 0.226397 0.381135 0.222833 0.379606 0.219526 0.379029 0.215705 0.378558 0.211538 0.378365 0.206410 0.378837 0.202962 0.379990 0.199141 0.382663 0.197359
0 0.452404 0.190256 0.455260 0.191538 0.457625 0.194423 0.459404 0.197846 0.460587 0.201782 0.461769 0.205462 0.462952 0.209667 0.463144 0.213603 0.463144 0.217808 0.462558 0.222282 0.461346 0.226538 0.458654 0.230385 0.455000 0.230769 0.452308 0.228321 0.449740 0.225962 0.447577 0.223064 0.446394 0.219385 0.445212 0.215705 0.444423 0.211769 0.444029 0.207821 0.443837 0.203885 0.444231 0.199949 0.445019 0.196000 0.446990 0.192846 0.449548 0.190218
0 0.774548 0.316449 0.777721 0.319705 0.780885 0.322949 0.782596 0.327500 0.783654 0.332051 0.783327 0.337910 0.782404 0.342949 0.779808 0.347436 0.776260 0.350256 0.772846 0.352526 0.768942 0.353179 0.764798 0.353500 0.761442 0.351410 0.758365 0.349615 0.755538 0.346359 0.753346 0.342128 0.752019 0.336282 0.752500 0.329872 0.753846 0.326026 0.756029 0.322308 0.758952 0.319051 0.762606 0.317756 0.766019 0.315808 0.769673 0.315474
0 0.685577 0.313295 0.688808 0.313295 0.691644 0.315179 0.692856 0.318962 0.692856 0.323282 0.692250 0.327321 0.691240 0.331372 0.689413 0.334872 0.686385 0.337846 0.683548 0.339731 0.680519 0.340808 0.677481 0.341346 0.674240 0.341346 0.670769 0.340000 0.668981 0.336769 0.668365 0.332436 0.669423 0.328718 0.670865 0.324744 0.673231 0.321654 0.675385 0.318462 0.678087 0.316256 0.680923 0.314372 0.683365 0.313590
0 0.666154 0.243718 0.669327 0.245385 0.671529 0.246756 0.673269 0.250103 0.673942 0.253846 0.673654 0.258333 0.672115 0.261923 0.669221 0.264769 0.666317 0.266064 0.663462 0.267179 0.660529 0.267603 0.657442 0.266833 0.654740 0.265026 0.652423 0.262449 0.651067 0.258846 0.650385 0.254359 0.651923 0.250513 0.654548 0.248295 0.657250 0.246500 0.660144 0.245205 0.663038 0.243923
0 0.714058 0.190949 0.716721 0.191423 0.719567 0.192846 0.722240 0.194744 0.725087 0.196641 0.727221 0.199487 0.729173 0.202333 0.730423 0.205654 0.731346 0.208974 0.731154 0.212692 0.729808 0.217179 0.727577 0.220115 0.725260 0.222256 0.722413 0.222256 0.719567 0.221782 0.716904 0.220833 0.714231 0.219410 0.711923 0.217269 0.710317 0.214192 0.708538 0.211346 0.707471 0.208026 0.706760 0.204462 0.706048 0.200667 0.706587 0.197115 0.707827 0.193795 0.710144 0.191897
0 0.729038 0.128103 0.731798 0.129679 0.734356 0.131782 0.736327 0.134936 0.737885 0.138333 0.738558 0.142821 0.738365 0.146923 0.737115 0.150949 0.734750 0.153564 0.732192 0.155936 0.729240 0.156718 0.726442 0.157051 0.723462 0.156154 0.720865 0.154615 0.719038 0.151538 0.717817 0.148846 0.716837 0.144910 0.716442 0.140974 0.716442 0.136769 0.717423 0.132833 0.719587 0.129949 0.722154 0.127577 0.724712 0.126795 0.727308 0.127179
0 0.600365 0.208628 0.603356 0.208628 0.605962 0.210115 0.608202 0.212603 0.610067 0.215590 0.611750 0.218821 0.612212 0.222436 0.611923 0.226538 0.610817 0.230269 0.609423 0.233718 0.607462 0.236487 0.605029 0.238474 0.602231 0.239474 0.599433 0.240474 0.596635 0.240718 0.593462 0.240474 0.590663 0.240218 0.587865 0.239231 0.585442 0.236987 0.583385 0.234244 0.581712 0.231013 0.580779 0.227282 0.580404 0.223551 0.580673 0.219615 0.582269 0.216590 0.584510 0.214103 0.587125 0.212359 0.589923 0.211115 0.592721 0.209872 0.595519 0.209372 0.598317 0.208628
0 0.532048 0.162013 0.535029 0.163718 0.537115 0.166282 0.539135 0.170000 0.540673 0.174359 0.542019 0.178590 0.543106 0.182705 0.543538 0.186962 0.543317 0.191218 0.542788 0.195769 0.541192 0.199718 0.538433 0.201987 0.535240 0.202551 0.532058 0.201987 0.529135 0.199231 0.527375 0.195744 0.525481 0.191795 0.523942 0.188077 0.522692 0.183718 0.522269 0.179590 0.521846 0.175333 0.522308 0.170769 0.523760 0.166833 0.526096 0.163718 0.529077 0.162013
0 0.590577 0.144487 0.593365 0.146026 0.595933 0.148333 0.597596 0.151026 0.599231 0.155128 0.599423 0.159205 0.598654 0.162692 0.597096 0.165949 0.594375 0.167756 0.591462 0.168795 0.588356 0.168795 0.585385 0.167564 0.582308 0.166026 0.579038 0.164103 0.576250 0.159872 0.575288 0.155000 0.575481 0.150641 0.577212 0.146795 0.580192 0.145231 0.583106 0.143923 0.586221 0.143923
0 0.361288 0.128231 0.362885 0.130782 0.364423 0.133205 0.365269 0.136526 0.366067 0.139718 0.366548 0.142910 0.366865 0.146103 0.366827 0.148718 0.366712 0.152474 0.366067 0.155667 0.364798 0.158641 0.363519 0.161410 0.361923 0.164385 0.360490 0.167154 0.358413 0.169064 0.356337 0.170987 0.354106 0.172256 0.351712 0.172474 0.349317 0.172679 0.347404 0.170346 0.346288 0.167372 0.345019 0.164603 0.343894 0.161628 0.343740 0.158436 0.343106 0.155244 0.343106 0.151846 0.343740 0.148654 0.343740 0.145244 0.344538 0.142051 0.345490 0.139077 0.346933 0.136321 0.348683 0.133974 0.350442 0.131641 0.352510 0.129936 0.354750 0.128449 0.356981 0.127167 0.359375 0.126744
0 0.315029 0.128949 0.316288 0.130628 0.317433 0.132449 0.318231 0.134590 0.318913 0.136718 0.319490 0.139013 0.319942 0.141295 0.320385 0.143462 0.320404 0.146026 0.320519 0.148308 0.320404 0.150603 0.319837 0.152885 0.319144 0.155026 0.318462 0.157308 0.317317 0.159141 0.315942 0.160667 0.314567 0.162346 0.312856 0.162949 0.311029 0.162346 0.309538 0.161115 0.308048 0.159744 0.306683 0.158077 0.305990 0.155936 0.305192 0.153808 0.304510 0.151359 0.304048 0.148923 0.303817 0.146641 0.303481 0.144346 0.303462 0.142308 0.303846 0.140128 0.304394 0.137641 0.305077 0.135500 0.306106 0.133526 0.307365 0.131846 0.308510 0.129859 0.310000 0.128641 0.311596 0.127731 0.313423 0.127731
0 0.242558 0.145205 0.244375 0.146167 0.246317 0.147141 0.248019 0.148115 0.249837 0.149410 0.251298 0.151026 0.252635 0.152808 0.254212 0.154269 0.255548 0.156205 0.256154 0.158795 0.256519 0.161385 0.256519 0.163974 0.256154 0.166410 0.255423 0.168667 0.254327 0.170936 0.253000 0.173038 0.251413 0.174333 0.249471 0.174333 0.247654 0.174500 0.245837 0.174179 0.244010 0.173692 0.242212 0.172564 0.240615 0.171103 0.239279 0.169321 0.237702 0.167859 0.236125 0.166077 0.234663 0.164295 0.233452 0.162359 0.232481 0.160256 0.231990 0.157821 0.231635 0.155397 0.231385 0.152974 0.232240 0.150705 0.233087 0.148436 0.234423 0.146500 0.236250 0.145513 0.238173 0.144744 0.240125 0.145205
0 0.276538 0.087513 0.278010 0.090949 0.279481 0.094385 0.280587 0.097821 0.281731 0.101026 0.282433 0.104949 0.282798 0.108628 0.282981 0.111923 0.282596 0.115513 0.281635 0.119359 0.280587 0.122141 0.277827 0.123115 0.275067 0.123859 0.272298 0.122628 0.269904 0.120667 0.267692 0.118205 0.265673 0.115756 0.264010 0.112564 0.262538 0.109115 0.261250 0.105436 0.260144 0.101513 0.259327 0.097692 0.259038 0.093897 0.259327 0.090256 0.260692 0.087013 0.262538 0.084077 0.265298 0.082846 0.268067 0.082346 0.270827 0.082846 0.273404 0.084321
0 0.379615 0.072051 0.382981 0.074372 0.385067 0.076679 0.386923 0.079231 0.388202 0.082949 0.389135 0.086026 0.389587 0.089910 0.389587 0.093615 0.389327 0.096667 0.388029 0.100115 0.386288 0.102897 0.383673 0.104051 0.380894 0.104987 0.378077 0.104231 0.375673 0.102897 0.373413 0.101038 0.370981 0.099179 0.369240 0.096167 0.367846 0.093154 0.366635 0.089615 0.365933 0.086654 0.365587 0.083179 0.365587 0.079231 0.366731 0.076026 0.368721 0.073897 0.371154 0.072513 0.373760 0.071346 0.376721 0.071115
0 0.436375 0.052000 0.439462 0.053103 0.442144 0.055308 0.444827 0.057782 0.446885 0.061077 0.448654 0.063846 0.450096 0.067436 0.451154 0.071538 0.451635 0.076474 0.451635 0.080872 0.450808 0.085000 0.448740 0.088295 0.446269 0.091051 0.443173 0.092423 0.440087 0.092974 0.436788 0.092974 0.433692 0.092692 0.430808 0.091051 0.427913 0.089128 0.425240 0.086372 0.422971 0.083346 0.421317 0.079769 0.420077 0.075923 0.419260 0.071795 0.418846 0.067679 0.418846 0.063282 0.419673 0.059154 0.421731 0.055859 0.424615 0.053654 0.427913 0.052282 0.430192 0.051538 0.432500 0.051282 0.434231 0.051538
0 0.572202 0.061564 0.575000 0.063718 0.577115 0.066154 0.579712 0.069615 0.581442 0.073077 0.581827 0.077436 0.580865 0.082051 0.579413 0.085308 0.576865 0.088141 0.573683 0.089551 0.570298 0.090115 0.567115 0.089833 0.563942 0.088333 0.560962 0.086282 0.558635 0.083897 0.556510 0.080500 0.554817 0.076833 0.554394 0.072590 0.554817 0.068346 0.555875 0.064103 0.558423 0.061000 0.561606 0.060154 0.564990 0.059577 0.568385 0.059577
0 0.232692 0.364359 0.235673 0.366231 0.237788 0.369359 0.238846 0.373333 0.239298 0.377590 0.239510 0.382141 0.239510 0.386692 0.238654 0.390949 0.236952 0.394936 0.234817 0.398346 0.231837 0.400333 0.228846 0.402038 0.225442 0.402038 0.222240 0.401179 0.219904 0.398051 0.217981 0.394359 0.216913 0.390103 0.216067 0.385833 0.216067 0.381295 0.216250 0.376795 0.217346 0.372769 0.219048 0.368782 0.221817 0.365949 0.224798 0.363962 0.228000 0.363385
0 0.501442 0.868077 0.503375 0.868795 0.506250 0.872000 0.507212 0.876795 0.507212 0.881282 0.505769 0.885513 0.503846 0.889487 0.501462 0.892782 0.498173 0.895641 0.494740 0.897256 0.491144 0.898218 0.487308 0.897256 0.484192 0.894705 0.482269 0.890551 0.482029 0.885744 0.484192 0.881590 0.486635 0.877949 0.489221 0.874551 0.492346 0.871679 0.495481 0.870256 0.498846 0.868590
0 0.390769 0.843205 0.394615 0.845000 0.397692 0.847821 0.399808 0.851667 0.401875 0.857154 0.403077 0.862179 0.403846 0.866923 0.403750 0.872910 0.402673 0.878282 0.399990 0.882949 0.395962 0.884372 0.391933 0.885449 0.388173 0.882590 0.384673 0.879000 0.382260 0.874346 0.381721 0.868974 0.381183 0.863603 0.381827 0.857949 0.382798 0.853205 0.385212 0.848551 0.387885 0.844744
