0 0.631029 0.638013 0.634106 0.638013 0.637019 0.638846 0.639490 0.640321 0.641990 0.642372 0.644298 0.644936 0.646990 0.647244 0.649106 0.650321 0.650644 0.653910 0.652183 0.657244 0.652760 0.661090 0.652404 0.664744 0.650837 0.668269 0.648721 0.671090 0.645837 0.672372 0.642952 0.671346 0.639904 0.670256 0.637183 0.668526 0.634135 0.667308 0.631606 0.665192 0.628913 0.663141 0.626798 0.660321 0.624875 0.657244 0.623337 0.653910 0.622183 0.650321 0.621606 0.646474 0.622760 0.642885 0.625260 0.640577 0.627788 0.638718
0 0.690779 0.615462 0.693644 0.614962 0.696885 0.613436 0.699942 0.613436 0.702808 0.614962 0.705856 0.615462 0.708529 0.616987 0.711394 0.618269 0.713875 0.620295 0.715971 0.623103 0.717500 0.626410 0.718067 0.630218 0.718837 0.634038 0.718452 0.637859 0.716163 0.640654 0.713490 0.642179 0.710625 0.643449 0.707769 0.642692 0.704904 0.642179 0.702231 0.640654 0.699365 0.638872 0.696885 0.636590 0.694221 0.634551 0.692115 0.631500 0.690019 0.628692 0.688490 0.625385 0.687923 0.621577 0.688683 0.617756
0 0.637846 0.559526 0.640394 0.558038 0.643106 0.558038 0.645654 0.558667 0.648365 0.560154 0.650279 0.562282 0.652346 0.563987 0.654260 0.566538 0.656173 0.568872 0.658087 0.571000 0.659356 0.574192 0.660798 0.577167 0.661913 0.580141 0.661913 0.583538 0.660952 0.586513 0.659356 0.589269 0.657288 0.591192 0.654577 0.591615 0.652192 0.592244 0.649635 0.592038 0.647250 0.590974 0.645019 0.589705 0.642462 0.587782 0.640394 0.585872 0.638644 0.583538 0.636567 0.581833 0.635452 0.578859 0.633856 0.576308 0.632587 0.573551 0.632269 0.570154 0.632740 0.566962 0.633702 0.563987 0.635288 0.561436
0 0.729385 0.556167 0.732923 0.556167 0.736048 0.557000 0.739163 0.557833 0.742087 0.559500 0.744577 0.562269 0.746663 0.565603 0.748327 0.569205 0.749990 0.572821 0.752077 0.576423 0.753529 0.580308 0.754154 0.584474 0.754154 0.588910 0.753529 0.593077 0.751865 0.596962 0.749788 0.600295 0.746663 0.601679 0.743327 0.601679 0.740212 0.599744 0.737298 0.598077 0.735000 0.595026 0.732712 0.591974 0.730635 0.588641 0.728548 0.585308 0.726885 0.581705 0.725846 0.577538 0.725010 0.573372 0.724596 0.568936 0.724183 0.564769 0.725221 0.560603 0.726885 0.557000
0 0.779558 0.511756 0.782673 0.510641 0.785798 0.510372 0.789125 0.511474 0.792250 0.512590 0.795163 0.514808 0.797875 0.517577 0.800375 0.520641 0.802663 0.523962 0.804115 0.527846 0.804740 0.532295 0.805163 0.536462 0.804904 0.540513 0.803558 0.544103 0.801000 0.547000 0.798077 0.548949 0.794538 0.549500 0.791423 0.548667 0.788712 0.546449 0.786010 0.544231 0.783298 0.541449 0.781010 0.538128 0.778933 0.534795 0.777683 0.530910 0.776635 0.526744 0.775596 0.522577 0.776019 0.518410 0.776846 0.514256
0 0.620904 0.483013 0.623654 0.484231 0.626413 0.485462 0.628798 0.487410 0.630635 0.490359 0.632663 0.493051 0.634500 0.495987 0.636154 0.499167 0.637433 0.502603 0.637981 0.506282 0.637885 0.510256 0.637308 0.513846 0.635779 0.518038 0.633942 0.520897 0.631731 0.522436 0.628558 0.522949 0.626048 0.522192 0.623471 0.520487 0.621087 0.518526 0.619250 0.515577 0.617596 0.512397 0.615942 0.509218 0.615029 0.505538 0.614106 0.501628 0.613740 0.497949 0.613740 0.494026 0.614106 0.490115 0.614837 0.486436 0.617231 0.484231
0 0.677394 0.443013 0.679933 0.443462 0.682635 0.444359 0.685163 0.445487 0.687212 0.447436 0.689615 0.449231 0.691404 0.451564 0.692923 0.454487 0.693260 0.457859 0.692077 0.461244 0.690394 0.463936 0.688029 0.465962 0.685500 0.467538 0.682971 0.468218 0.680433 0.468885 0.677904 0.468667 0.675375 0.467538 0.673183 0.465513 0.670981 0.463718 0.668962 0.461462 0.667442 0.458538 0.666596 0.455167 0.666596 0.451564 0.668077 0.448205 0.670096 0.445769 0.673654 0.443974
0 0.720404 0.410462 0.723212 0.410462 0.726558 0.410000 0.729365 0.410936 0.732173 0.411872 0.734981 0.412808 0.737269 0.414910 0.738144 0.418423 0.738144 0.422167 0.737971 0.425679 0.736913 0.428962 0.735510 0.432474 0.733048 0.435051 0.730769 0.437154 0.728481 0.439026 0.725144 0.439974 0.722337 0.439731 0.719702 0.439500 0.717423 0.437397 0.714788 0.436218 0.711971 0.435051 0.710048 0.432474 0.708990 0.428962 0.708462 0.425449 0.708288 0.421936 0.709231 0.418462 0.710750 0.415615 0.712856 0.413269 0.715000 0.411795 0.717788 0.410897
0 0.828750 0.418205 0.831154 0.418590 0.833365 0.419359 0.835250 0.420321 0.837317 0.422231 0.839385 0.424359 0.841288 0.426474 0.843202 0.428603 0.844471 0.431359 0.845750 0.434321 0.846385 0.437513 0.845750 0.440692 0.844952 0.443872 0.843683 0.446628 0.841933 0.448962 0.839856 0.450667 0.837471 0.451513 0.834769 0.451513 0.832067 0.450872 0.829356 0.450449 0.826808 0.450026 0.824712 0.448718 0.822308 0.447051 0.820288 0.445782 0.818058 0.443667 0.816471 0.440897 0.815038 0.438141 0.813442 0.435603 0.812654 0.432205 0.812173 0.429026 0.812490 0.425833 0.813760 0.422872 0.815673 0.420538 0.817904 0.419256 0.820452 0.417987 0.823173 0.417821 0.826058 0.417692
0 0.438904 0.444974 0.440606 0.444974 0.442202 0.445397 0.443788 0.445974 0.445385 0.446679 0.446971 0.447244 0.448356 0.448372 0.449731 0.449500 0.451433 0.450077 0.452808 0.451205 0.453981 0.452756 0.455250 0.454462 0.456317 0.456154 0.457058 0.458141 0.458010 0.460397 0.457798 0.462526 0.457798 0.464795 0.457269 0.466910 0.456635 0.469038 0.455779 0.471013 0.454327 0.472051 0.452500 0.472949 0.450673 0.473590 0.448462 0.473846 0.447115 0.474103 0.445481 0.474231 0.444038 0.474359 0.442500 0.473718 0.440481 0.472821 0.438692 0.471577 0.437212 0.470590 0.435615 0.469462 0.434240 0.468321 0.432750 0.467192 0.431269 0.466205 0.430096 0.464500 0.429038 0.462667 0.428192 0.460821 0.427231 0.458987 0.427019 0.456859 0.426596 0.454744 0.427019 0.452474 0.428298 0.450641 0.429567 0.449218 0.431269 0.447808 0.432644 0.446679 0.434135 0.445538 0.435827 0.445397 0.437423 0.444833
0 0.243288 0.202051 0.246490 0.202910 0.249462 0.204897 0.251731 0.207692 0.253654 0.211026 0.255769 0.215897 0.257019 0.221538 0.257115 0.226026 0.257404 0.229744 0.257596 0.233462 0.256731 0.238077 0.255423 0.242359 0.254154 0.246333 0.252231 0.250026 0.249250 0.252577 0.245635 0.252295 0.242865 0.250026 0.240308 0.247179 0.237760 0.244346 0.236058 0.240654 0.234779 0.236679 0.233500 0.232705 0.232644 0.228449 0.232433 0.223910 0.233077 0.219654 0.233923 0.215397 0.235096 0.211410 0.236904 0.208013 0.239462 0.204603
0 0.354837 0.227577 0.357654 0.227577 0.360288 0.228756 0.362577 0.230872 0.364519 0.233679 0.366635 0.236026 0.368038 0.239090 0.369442 0.242141 0.370327 0.245654 0.371212 0.249179 0.371731 0.252692 0.372087 0.256218 0.372087 0.259974 0.371731 0.263500 0.370192 0.265769 0.368212 0.268192 0.365750 0.269833 0.363106 0.270308 0.360115 0.270308 0.357827 0.268423 0.355365 0.266782 0.353250 0.264436 0.351490 0.261385 0.350433 0.258103 0.349202 0.254808 0.348673 0.251295 0.347981 0.247821 0.347788 0.244244 0.348269 0.240769 0.348846 0.236974 0.350192 0.233718 0.352019 0.230256
0 0.273971 0.117077 0.277038 0.117590 0.279923 0.119897 0.282423 0.121949 0.283385 0.125782 0.284731 0.129372 0.284923 0.133218 0.285500 0.137064 0.284923 0.140897 0.283962 0.144744 0.282615 0.148333 0.281077 0.151654 0.278769 0.154218 0.276462 0.157038 0.272625 0.159603 0.269740 0.160372 0.266481 0.161397 0.263404 0.161141 0.260519 0.160372 0.257827 0.158321 0.255913 0.155244 0.253606 0.152167 0.251875 0.148846 0.251490 0.145000 0.251683 0.141154 0.252260 0.137064 0.253413 0.133474 0.254183 0.129372 0.256298 0.126551 0.258404 0.123744 0.260712 0.121179 0.263212 0.119128 0.265904 0.117590 0.270288 0.117308
0 0.332692 0.121256 0.335327 0.121026 0.338135 0.121500 0.340596 0.123128 0.341654 0.126410 0.342529 0.129923 0.343231 0.133436 0.343933 0.136949 0.344462 0.140462 0.344635 0.143962 0.344462 0.147474 0.343760 0.150987 0.342875 0.154500 0.341827 0.157782 0.340250 0.160821 0.337788 0.162692 0.335154 0.162923 0.332500 0.163333 0.330067 0.161526 0.327779 0.159654 0.325846 0.157077 0.324625 0.153795 0.323913 0.149821 0.323038 0.146308 0.322865 0.142795 0.323038 0.139282 0.324096 0.135769 0.324798 0.132269 0.326202 0.129218 0.327606 0.126179 0.329538 0.123603
0 0.578471 0.849526 0.581000 0.850423 0.583529 0.851333 0.585721 0.853128 0.587500 0.855769 0.588587 0.858744 0.589433 0.862115 0.589769 0.865487 0.590279 0.869090 0.590442 0.872462 0.590442 0.876282 0.590106 0.879654 0.589606 0.883026 0.588587 0.886167 0.587577 0.889321 0.586394 0.892462 0.584712 0.895167 0.582519 0.896962 0.580327 0.898987 0.577798 0.900333 0.575269 0.901013 0.573077 0.899205 0.570885 0.897192 0.568865 0.894936 0.567683 0.891564 0.566442 0.888718 0.565827 0.885269 0.565663 0.881897 0.565490 0.878526 0.565490 0.874936 0.566000 0.871564 0.566163 0.867962 0.566673 0.864590 0.567173 0.861218 0.568192 0.858077 0.569029 0.854474 0.570885 0.852000 0.573077 0.850205 0.575606 0.849077
0 0.539779 0.790256 0.542115 0.790769 0.544308 0.792192 0.546087 0.794782 0.547058 0.797808 0.548029 0.800615 0.548673 0.803846 0.548356 0.807090 0.547596 0.810256 0.546087 0.813551 0.544788 0.816141 0.543337 0.819167 0.541721 0.821756 0.539779 0.823910 0.537510 0.826282 0.535240 0.827577 0.532981 0.829090 0.530548 0.829744 0.528125 0.830167 0.525692 0.829744 0.523596 0.828231 0.521971 0.825641 0.520519 0.822615 0.520192 0.819167 0.520356 0.815936 0.521000 0.812692 0.521971 0.809679 0.523269 0.806436 0.524240 0.803205 0.526183 0.801038 0.528288 0.798026 0.530548 0.795436 0.533144 0.793487 0.535567 0.792192 0.537837 0.790897
0 0.504308 0.729769 0.506442 0.729769 0.508317 0.730603 0.509952 0.731936 0.511577 0.733615 0.513087 0.735282 0.514087 0.737462 0.515221 0.739628 0.515471 0.742141 0.515846 0.744654 0.515846 0.747321 0.515846 0.750000 0.515846 0.752679 0.515471 0.755179 0.514712 0.757526 0.513962 0.760038 0.512885 0.761795 0.511702 0.764051 0.510452 0.766051 0.508692 0.767731 0.506942 0.768897 0.504933 0.769064 0.503048 0.769897 0.501173 0.769731 0.499288 0.768897 0.497788 0.767308 0.496827 0.766538 0.495481 0.765513 0.494519 0.763885 0.493519 0.761372 0.493019 0.758859 0.492894 0.756359 0.492894 0.753679 0.492894 0.751000 0.492894 0.748333 0.493144 0.745654 0.494019 0.743308 0.494519 0.740808 0.495404 0.738295 0.496779 0.736462 0.498173 0.734487 0.500096 0.732692 0.501923 0.730897
0 0.459298 0.698154 0.461779 0.698821 0.464250 0.699910 0.466231 0.702333 0.467875 0.704974 0.469192 0.707833 0.469856 0.711128 0.470019 0.714423 0.470356 0.717731 0.469712 0.720513 0.468212 0.723449 0.466885 0.726308 0.465240 0.728936 0.462933 0.731359 0.460625 0.732679 0.457596 0.734744 0.455183 0.736641 0.452692 0.737179 0.450288 0.737692 0.447596 0.737949 0.445192 0.738590 0.442971 0.737731 0.441000 0.735321 0.439510 0.732462 0.438519 0.729385 0.437702 0.725641 0.437538 0.722346 0.438192 0.718821 0.438692 0.715308 0.440337 0.712667 0.442154 0.709808 0.444135 0.706949 0.446106 0.704756 0.448413 0.703218 0.450731 0.701897 0.453202 0.700795 0.455673 0.699256 0.458144 0.698372
0 0.389885 0.565192 0.392663 0.565192 0.395279 0.565410 0.397731 0.565846 0.399856 0.567590 0.402144 0.568897 0.404279 0.571077 0.406077 0.573692 0.407712 0.576308 0.409346 0.579141 0.410490 0.582192 0.411635 0.585244 0.412125 0.588513 0.412125 0.592000 0.411635 0.595269 0.410327 0.598321 0.408202 0.600064 0.405750 0.601154 0.403135 0.600936 0.400510 0.600718 0.398058 0.600282 0.395933 0.598538 0.393317 0.597013 0.391519 0.594615 0.389885 0.592000 0.388740 0.588949 0.387596 0.585897 0.386615 0.582846 0.385471 0.578487 0.385798 0.575218 0.385962 0.571949 0.386779 0.568679 0.388577 0.566282
0 0.493654 0.581282 0.496538 0.581154 0.498933 0.581538 0.501385 0.582628 0.503510 0.584590 0.505144 0.587423 0.506452 0.590256 0.507596 0.593333 0.508365 0.596410 0.508413 0.599846 0.508413 0.603333 0.508413 0.606821 0.507923 0.610308 0.506942 0.614231 0.505308 0.616846 0.503183 0.618590 0.500731 0.619679 0.498279 0.619897 0.495827 0.619026 0.493375 0.617282 0.491577 0.614667 0.489779 0.612269 0.488635 0.609218 0.487654 0.605949 0.487000 0.602679 0.486510 0.599410 0.486183 0.595487 0.486510 0.592000 0.487000 0.588731 0.488308 0.585897 0.489519 0.583846 0.491250 0.581974
0 0.465288 0.536154 0.466538 0.537179 0.467788 0.538333 0.468846 0.539872 0.469712 0.541538 0.470577 0.543205 0.471154 0.545000 0.471442 0.547051 0.471731 0.548974 0.471827 0.550897 0.471923 0.552821 0.471923 0.554872 0.471731 0.557051 0.471250 0.558974 0.470673 0.560897 0.470192 0.562949 0.469519 0.564744 0.468750 0.566538 0.467885 0.568333 0.466923 0.569872 0.465673 0.571667 0.464423 0.573205 0.463269 0.574487 0.461827 0.575256 0.460288 0.575641 0.458846 0.576026 0.457404 0.575769 0.455962 0.575385 0.454615 0.574615 0.453269 0.573718 0.452115 0.572308 0.451538 0.570513 0.451058 0.568590 0.450673 0.566667 0.450288 0.564744 0.449712 0.562949 0.449519 0.560897 0.449808 0.558974 0.450192 0.556795 0.450481 0.554744 0.451058 0.552949 0.451635 0.551026 0.452212 0.549231 0.452981 0.547564 0.454038 0.545513 0.455000 0.543718 0.455962 0.542179 0.457019 0.540769 0.458365 0.539103 0.460000 0.537308 0.461442 0.536795 0.462981 0.536282 0.464519 0.536154
0 0.387471 0.140974 0.390106 0.141910 0.392740 0.142846 0.395019 0.144718 0.397125 0.147051 0.399413 0.149872 0.400817 0.152910 0.401865 0.156192 0.402567 0.159692 0.402567 0.163449 0.402750 0.167192 0.402750 0.170936 0.402394 0.174449 0.400990 0.177487 0.399587 0.180526 0.397308 0.183590 0.394231 0.185256 0.391337 0.185679 0.388702 0.184974 0.386240 0.183103 0.383962 0.181231 0.382202 0.178423 0.380981 0.174910 0.379923 0.171397 0.378865 0.168128 0.378692 0.164615 0.377990 0.161103 0.377990 0.157359 0.378365 0.153718 0.379048 0.150808 0.380096 0.147526 0.382308 0.144359 0.385365 0.141910
0 0.363173 0.492436 0.364769 0.492615 0.366500 0.493603 0.368231 0.494590 0.369962 0.495744 0.371692 0.496897 0.373413 0.498385 0.374654 0.500526 0.376135 0.502179 0.377375 0.504154 0.378606 0.506128 0.379596 0.508269 0.379846 0.510744 0.380087 0.513205 0.380087 0.516013 0.380087 0.518654 0.379596 0.521115 0.378731 0.523590 0.377490 0.525731 0.375885 0.527051 0.374163 0.528205 0.371933 0.528038 0.370087 0.527705 0.368356 0.526718 0.366750 0.525397 0.365019 0.524244 0.363779 0.522269 0.362548 0.520295 0.361183 0.518487 0.360202 0.516346 0.359212 0.514205 0.358346 0.511731 0.357356 0.509590 0.356865 0.506949 0.356490 0.504474 0.356115 0.502013 0.356240 0.499538 0.356490 0.497064 0.357356 0.494756 0.358962 0.493449 0.360692 0.492449
0 0.253577 0.475577 0.255298 0.475577 0.257010 0.476154 0.258519 0.477154 0.259808 0.478731 0.260885 0.480449 0.262173 0.481872 0.263240 0.483590 0.264212 0.485462 0.264856 0.487744 0.265279 0.490179 0.265394 0.492333 0.265606 0.494628 0.265606 0.497051 0.264962 0.499346 0.263885 0.501064 0.262596 0.502782 0.261202 0.503936 0.259587 0.505077 0.257875 0.505077 0.256260 0.504795 0.254538 0.504359 0.253144 0.503077 0.251856 0.501641 0.250894 0.499782 0.250029 0.497769 0.249606 0.495628 0.249067 0.493474 0.248635 0.491333 0.248423 0.489179 0.248635 0.487038 0.248846 0.484885 0.249279 0.482731 0.249606 0.480590 0.250250 0.478590 0.251106 0.476718 0.252721 0.475577
0 0.306942 0.419333 0.309365 0.419333 0.312019 0.419744 0.314519 0.420769 0.316442 0.422179 0.317885 0.423333 0.319712 0.425000 0.321442 0.428077 0.322981 0.431538 0.323942 0.434615 0.324471 0.437462 0.325221 0.440487 0.325683 0.443500 0.325981 0.446731 0.326279 0.449949 0.326279 0.453179 0.326279 0.456397 0.325529 0.459423 0.323865 0.462038 0.321596 0.462846 0.319481 0.464449 0.316913 0.465064 0.314654 0.464449 0.312385 0.463654 0.309962 0.462436 0.308308 0.460026 0.306490 0.458013 0.305135 0.455385 0.303923 0.452564 0.302567 0.449949 0.301510 0.446731 0.300596 0.443910 0.299990 0.440885 0.299087 0.437667 0.298933 0.434641 0.298635 0.431615 0.298481 0.428603 0.299087 0.425179 0.300750 0.422962 0.303365 0.420513
0 0.117529 0.475513 0.119692 0.473731 0.121856 0.471962 0.124019 0.469962 0.126346 0.468397 0.128846 0.467962 0.131346 0.468179 0.133846 0.467513 0.136337 0.468397 0.139010 0.469064 0.141673 0.469064 0.143837 0.470846 0.146163 0.472397 0.148327 0.474179 0.150163 0.476615 0.151827 0.479500 0.152663 0.482833 0.152663 0.486385 0.152327 0.489718 0.151327 0.493269 0.149827 0.496154 0.147827 0.498372 0.145337 0.499923 0.142663 0.500372 0.140173 0.501256 0.137510 0.501487 0.134846 0.501705 0.132346 0.501256 0.130010 0.499923 0.127683 0.498603 0.125519 0.496821 0.123519 0.494603 0.121356 0.492603 0.119192 0.490821 0.117356 0.488167 0.116356 0.485051 0.115692 0.481718 0.116058 0.478590
0 0.110673 0.406026 0.113077 0.401795 0.115481 0.400000 0.117692 0.398205 0.120673 0.396667 0.123683 0.395359 0.126154 0.394744 0.128683 0.394026 0.131154 0.393590 0.133673 0.393359 0.136173 0.394692 0.138510 0.396026 0.141000 0.397359 0.142837 0.400026 0.142500 0.403795 0.142500 0.407346 0.142173 0.410897 0.141337 0.414449 0.140000 0.417346 0.138010 0.419564 0.136010 0.421782 0.133673 0.423333 0.130846 0.424885 0.127846 0.425333 0.125183 0.424885 0.122519 0.425333 0.119856 0.425333 0.117192 0.425333 0.114865 0.424000 0.112529 0.422231 0.111202 0.419333 0.109865 0.416449 0.109202 0.413128 0.109365 0.409795
0 0.196731 0.356795 0.198615 0.355846 0.201279 0.355846 0.203779 0.356731 0.206106 0.358064 0.208269 0.360064 0.210106 0.362500 0.211933 0.364949 0.213933 0.367167 0.215769 0.369833 0.216760 0.372936 0.218260 0.376051 0.219327 0.378718 0.220385 0.382051 0.220962 0.385769 0.221346 0.389359 0.221346 0.392821 0.220865 0.395897 0.219596 0.398474 0.217308 0.400128 0.214596 0.401577 0.212106 0.402692 0.209606 0.402462 0.207106 0.402026 0.204442 0.401128 0.202279 0.399141 0.200115 0.397141 0.198279 0.394474 0.196952 0.391590 0.195452 0.388705 0.193788 0.386038 0.192788 0.382923 0.192125 0.379154 0.191952 0.375821 0.191625 0.372500 0.191625 0.368949 0.191731 0.365641 0.192308 0.362692 0.193462 0.359744 0.194904 0.357949
0 0.153856 0.268487 0.157269 0.268487 0.160250 0.270756 0.162808 0.273603 0.164298 0.277577 0.164721 0.281833 0.165577 0.286090 0.165577 0.290641 0.164298 0.295756 0.162808 0.299731 0.161740 0.303987 0.159615 0.307397 0.156846 0.309667 0.153433 0.310808 0.150029 0.310808 0.147038 0.309103 0.144913 0.305692 0.143212 0.302000 0.141933 0.298026 0.140865 0.293756 0.140865 0.289218 0.140865 0.284679 0.142144 0.280410 0.143635 0.276436 0.145981 0.273026 0.148077 0.270513 0.151058 0.269615
0 0.260481 0.291026 0.263846 0.291923 0.266154 0.294026 0.268173 0.296667 0.269712 0.300615 0.270702 0.304564 0.270894 0.308513 0.270106 0.312462 0.269231 0.316795 0.267596 0.320256 0.265365 0.323269 0.262500 0.325897 0.259837 0.326949 0.256865 0.327218 0.253904 0.326692 0.251538 0.324051 0.249760 0.320628 0.248971 0.316679 0.248769 0.312731 0.248577 0.308244 0.249423 0.304744 0.250577 0.301282 0.252500 0.297692 0.254904 0.294231 0.257500 0.292308
0 0.332558 0.306500 0.334942 0.306923 0.337500 0.308192 0.339250 0.310538 0.340683 0.313295 0.342442 0.315641 0.343712 0.318397 0.344990 0.321167 0.345625 0.324346 0.346269 0.327756 0.346423 0.330936 0.346423 0.334346 0.346423 0.337744 0.345952 0.340936 0.344827 0.344551 0.343240 0.347308 0.340846 0.349231 0.338298 0.349859 0.335385 0.351282 0.332404 0.351282 0.330317 0.350282 0.328567 0.347731 0.326654 0.345615 0.325375 0.342846 0.324423 0.339872 0.323462 0.336897 0.322663 0.333705 0.322192 0.330513 0.322029 0.327333 0.322510 0.324141 0.322827 0.320949 0.323788 0.317974 0.324260 0.314782 0.325538 0.312026 0.327288 0.309679 0.329365 0.307769
0 0.381231 0.359359 0.383558 0.359154 0.386202 0.359154 0.388529 0.359359 0.390865 0.359564 0.393192 0.360192 0.395519 0.361231 0.397856 0.362256 0.399875 0.364128 0.401740 0.366192 0.403288 0.368679 0.403442 0.371795 0.402673 0.374897 0.401577 0.377795 0.400029 0.380282 0.398173 0.382564 0.395962 0.384615 0.393269 0.385513 0.390865 0.386538 0.388365 0.386538 0.385865 0.386923 0.383558 0.387051 0.380913 0.386500 0.378740 0.385051 0.376567 0.383808 0.374240 0.382769 0.372375 0.380487 0.371596 0.377179 0.370817 0.374064 0.370971 0.370962 0.371904 0.367859 0.373615 0.365372 0.375635 0.363295 0.378279 0.361436
0 0.429904 0.201795 0.432452 0.203026 0.434673 0.203821 0.436885 0.204808 0.438952 0.206385 0.440875 0.208346 0.442644 0.210513 0.444423 0.212487 0.446346 0.215385 0.447788 0.218333 0.447788 0.221538 0.447308 0.225256 0.445288 0.228333 0.443077 0.230128 0.440865 0.231538 0.438269 0.232179 0.435385 0.232949 0.432308 0.232372 0.429942 0.232372 0.427587 0.231385 0.425510 0.230205 0.423740 0.228244 0.421827 0.226923 0.420048 0.224885 0.418279 0.222923 0.417096 0.220167 0.416212 0.217410 0.415288 0.214487 0.415577 0.210897 0.416212 0.207756 0.417837 0.205590 0.419750 0.204013 0.421817 0.202833 0.423894 0.201462 0.427019 0.201026
0 0.459365 0.282385 0.462029 0.282385 0.464510 0.282154 0.466673 0.283923 0.468327 0.286590 0.469827 0.289897 0.470981 0.293218 0.471154 0.296538 0.471154 0.300077 0.470654 0.303397 0.469827 0.306718 0.468163 0.309590 0.466510 0.312474 0.464423 0.313846 0.462500 0.315513 0.460481 0.316410 0.457692 0.317436 0.455221 0.316679 0.453394 0.314244 0.451567 0.311808 0.450240 0.308705 0.449577 0.305397 0.449077 0.301846 0.449077 0.298308 0.449413 0.294987 0.450740 0.291897 0.452404 0.289244 0.454519 0.285897 0.457404 0.283462
0 0.457058 0.377564 0.460317 0.377564 0.463269 0.378462 0.466538 0.379615 0.469423 0.381795 0.472115 0.384359 0.474231 0.386795 0.476221 0.390872 0.477846 0.394410 0.477846 0.398756 0.476625 0.402564 0.474385 0.405551 0.471327 0.407731 0.468269 0.408269 0.465010 0.406910 0.461952 0.405551 0.458894 0.403385 0.457058 0.399846 0.455221 0.396308 0.454000 0.392513 0.453385 0.388436 0.452779 0.384359 0.453846 0.379487
0 0.537808 0.410462 0.541048 0.410462 0.544096 0.410731 0.547144 0.411808 0.549779 0.413974 0.552010 0.416949 0.553837 0.420474 0.555462 0.424256 0.557087 0.428321 0.557894 0.432654 0.558712 0.436705 0.559115 0.440769 0.558510 0.445103 0.557087 0.448885 0.555865 0.452679 0.554442 0.456462 0.552010 0.459167 0.549375 0.461603 0.546731 0.464038 0.543692 0.464859 0.540644 0.464590 0.537981 0.463462 0.535567 0.459987 0.533135 0.457282 0.530702 0.454577 0.529279 0.450782 0.527856 0.446718 0.526442 0.442936 0.525827 0.438603 0.525221 0.434551 0.525625 0.430487 0.526644 0.426423 0.527452 0.422103 0.529481 0.418846 0.531712 0.415872 0.534356 0.413436
0 0.547548 0.530026 0.550058 0.530026 0.552269 0.530218 0.554490 0.531410 0.556404 0.532974 0.558327 0.534551 0.559952 0.536718 0.561875 0.538885 0.563202 0.541449 0.564087 0.544205 0.564615 0.546410 0.565096 0.549359 0.565000 0.553077 0.564904 0.556154 0.564808 0.558590 0.563942 0.560769 0.562904 0.564487 0.560990 0.566051 0.558769 0.565667 0.556558 0.565269 0.554337 0.564679 0.552423 0.563103 0.550500 0.561333 0.548587 0.559756 0.547106 0.557192 0.545923 0.554244 0.544894 0.551295 0.544000 0.548538 0.543712 0.545577 0.543712 0.542436 0.543558 0.539282 0.544298 0.536321 0.545183 0.533564
0 0.556471 0.700718 0.559183 0.699513 0.561827 0.699615 0.564135 0.700256 0.566596 0.701679 0.568952 0.703859 0.571125 0.706756 0.573077 0.708974 0.575385 0.712051 0.577087 0.714949 0.578173 0.718321 0.579442 0.721949 0.580163 0.725808 0.580529 0.729423 0.580885 0.733038 0.580288 0.736410 0.579260 0.740026 0.577635 0.743167 0.575096 0.745090 0.572385 0.746295 0.569673 0.747026 0.566779 0.747026 0.564067 0.745821 0.561538 0.744128 0.559183 0.741474 0.557500 0.738333 0.555923 0.735692 0.554846 0.732308 0.553760 0.728936 0.552308 0.725808 0.551769 0.722179 0.550683 0.718564 0.550385 0.714615 0.550481 0.710769 0.551769 0.707718 0.553577 0.704821
0 0.371635 0.846410 0.373933 0.845282 0.376442 0.844872 0.379327 0.844231 0.382308 0.844103 0.384519 0.844487 0.387404 0.846154 0.389712 0.849615 0.390481 0.854103 0.389712 0.858462 0.387596 0.862051 0.384808 0.866795 0.382019 0.870436 0.380096 0.873513 0.377779 0.876333 0.374317 0.878141 0.371625 0.879936 0.368740 0.880192 0.365846 0.879679 0.363154 0.878141 0.360462 0.875564 0.358923 0.872231 0.358731 0.868385 0.360077 0.864795 0.361038 0.860679 0.362962 0.857090 0.364712 0.853974 0.366731 0.851410 0.368365 0.849231 0.370385 0.847692
0 0.421731 0.893077 0.423558 0.893590 0.425577 0.893974 0.427115 0.894744 0.428981 0.896077 0.430981 0.898372 0.432567 0.900474 0.433279 0.903731 0.433567 0.906603 0.432846 0.909474 0.431846 0.912154 0.430125 0.914821 0.428837 0.917308 0.426827 0.919231 0.424673 0.920179 0.422519 0.920949 0.420365 0.921333 0.418212 0.920564 0.416058 0.919615 0.413625 0.918654 0.411442 0.916667 0.409750 0.914821 0.408885 0.911769 0.408173 0.908513 0.407740 0.905641 0.407308 0.902577 0.408173 0.899897 0.409904 0.897692 0.412183 0.896077 0.414337 0.894923 0.416346 0.893782 0.418788 0.893590 0.420192 0.893205
0 0.478923 0.873359 0.481183 0.873154 0.483442 0.872551 0.485692 0.872962 0.487788 0.873590 0.490058 0.874769 0.492471 0.876372 0.494577 0.877974 0.496827 0.879372 0.498788 0.881385 0.500740 0.883590 0.501942 0.886192 0.503000 0.889013 0.504048 0.892013 0.503904 0.895628 0.503154 0.898641 0.501798 0.901244 0.500288 0.903846 0.498462 0.906154 0.496375 0.907859 0.494125 0.908462 0.491865 0.907859 0.489462 0.907462 0.487202 0.907064 0.484942 0.906064 0.482990 0.904449 0.480885 0.902051 0.479231 0.899833 0.478019 0.897231 0.476817 0.894218 0.475769 0.891410 0.475317 0.888205 0.474865 0.884795 0.474865 0.881385 0.475462 0.878179 0.476519 0.875359
0 0.446375 0.806821 0.449702 0.806231 0.453019 0.806821 0.456346 0.808000 0.459615 0.808974 0.462885 0.811282 0.466154 0.813718 0.468538 0.817167 0.470096 0.822192 0.470096 0.827513 0.468769 0.832833 0.466990 0.836679 0.463885 0.838744 0.459894 0.839923 0.456567 0.840218 0.453250 0.839923 0.450096 0.838590 0.447308 0.836923 0.444423 0.834744 0.441490 0.831359 0.439500 0.827513 0.439058 0.822782 0.438615 0.818346 0.439279 0.813910 0.441269 0.810077 0.444375 0.808000
0 0.379433 0.786205 0.381798 0.785564 0.384173 0.784731 0.386538 0.785256 0.388654 0.785769 0.390865 0.786795 0.393173 0.788205 0.395250 0.790846 0.396250 0.793333 0.396827 0.796744 0.396038 0.799910 0.394144 0.803077 0.391606 0.805821 0.389394 0.808346 0.387183 0.809615 0.384644 0.811718 0.382279 0.812564 0.379740 0.812782 0.377375 0.813615 0.374846 0.813410 0.372308 0.812987 0.369942 0.812564 0.368202 0.810244 0.366298 0.807500 0.366144 0.804346 0.366144 0.800756 0.367250 0.797590 0.368827 0.795064 0.370481 0.792436 0.372500 0.790641 0.374529 0.788103 0.376894 0.787256
0 0.363038 0.742641 0.365029 0.742641 0.367260 0.742141 0.369250 0.742141 0.371106 0.743141 0.372971 0.743641 0.374837 0.744962 0.375952 0.747115 0.375952 0.749756 0.375952 0.752410 0.375212 0.754731 0.374462 0.757205 0.373221 0.759526 0.371981 0.761513 0.370490 0.763500 0.369135 0.765000 0.367500 0.766410 0.365769 0.767949 0.364154 0.768962 0.361923 0.769462 0.359933 0.769962 0.357952 0.770449 0.356087 0.770782 0.354346 0.769795 0.352731 0.767974 0.351240 0.766154 0.350625 0.763167 0.350481 0.760385 0.350962 0.757436 0.352019 0.754359 0.353606 0.752910 0.354971 0.751090 0.356587 0.749423 0.358077 0.747603 0.359683 0.745949 0.361298 0.744628
0 0.299048 0.805269 0.300587 0.805013 0.302125 0.804500 0.303663 0.804244 0.305202 0.803987 0.306442 0.803590 0.307981 0.803590 0.309423 0.803462 0.310971 0.804115 0.312221 0.805397 0.313375 0.806679 0.314433 0.808090 0.315202 0.810013 0.315587 0.812064 0.315779 0.813987 0.315971 0.816167 0.315875 0.818090 0.315298 0.820013 0.314721 0.822192 0.314048 0.824115 0.313567 0.826038 0.312606 0.827577 0.311548 0.829115 0.310202 0.830654 0.309144 0.832192 0.307894 0.833603 0.306740 0.834885 0.305298 0.836679 0.304048 0.837833 0.302413 0.838474 0.300971 0.839115 0.299337 0.839500 0.297894 0.839885 0.296452 0.840269 0.295000 0.840385 0.293462 0.840000 0.291827 0.840256 0.289808 0.840000 0.288279 0.839756 0.286933 0.838731 0.285587 0.837962 0.284529 0.836551 0.284337 0.834628 0.284048 0.832705 0.283760 0.830654 0.284337 0.827577 0.284721 0.825526 0.285106 0.823474 0.285875 0.821038 0.286740 0.819372 0.287510 0.817321 0.288558 0.815513 0.289817 0.814244 0.290971 0.812705 0.292125 0.811295 0.293279 0.809756 0.294721 0.808346 0.295875 0.807064 0.297221 0.806038
0 0.323269 0.673974 0.325519 0.672218 0.327375 0.671192 0.328798 0.669885 0.330327 0.669000 0.332192 0.668128 0.333827 0.667846 0.335683 0.667846 0.337433 0.668128 0.339077 0.668423 0.340933 0.668718 0.342462 0.669590 0.343885 0.670756 0.345529 0.671333 0.347058 0.672218 0.348365 0.673667 0.350000 0.675000 0.351442 0.677564 0.352788 0.679744 0.353173 0.682436 0.353462 0.684744 0.353173 0.686410 0.352692 0.689615 0.351346 0.692179 0.349904 0.694103 0.347308 0.695641 0.344712 0.697564 0.342250 0.698744 0.340500 0.699910 0.338750 0.700346 0.336125 0.700205 0.334375 0.700936 0.332625 0.700641 0.330981 0.700487 0.329125 0.699615 0.327490 0.699038 0.325952 0.698013 0.324317 0.697000 0.323000 0.695385 0.321798 0.693782 0.320923 0.691744 0.319510 0.689705 0.319067 0.687372 0.318740 0.685192 0.318740 0.682859 0.319135 0.681410 0.319615 0.679064 0.320481 0.677436 0.321692 0.675705
0 0.276635 0.692808 0.278856 0.692808 0.280702 0.693295 0.282683 0.693962 0.284654 0.694949 0.286385 0.696103 0.287115 0.698333 0.287740 0.700705 0.288106 0.703333 0.288106 0.705974 0.288231 0.708936 0.288106 0.712385 0.287692 0.715000 0.287240 0.717974 0.286154 0.720000 0.285269 0.722090 0.283913 0.724231 0.281567 0.725718 0.279904 0.726410 0.277990 0.726372 0.275769 0.726372 0.273942 0.725128 0.272683 0.723744 0.271077 0.722423 0.269721 0.720449 0.268731 0.717821 0.267750 0.715679 0.267375 0.713205 0.267135 0.710577 0.266885 0.707949 0.267010 0.705474 0.268115 0.702846 0.268981 0.700051 0.270337 0.697744 0.271692 0.695436 0.273423 0.694449 0.275029 0.693141
0 0.776567 0.302897 0.778471 0.303064 0.780240 0.304244 0.782010 0.305423 0.783654 0.306782 0.785048 0.308628 0.786058 0.311000 0.787067 0.313192 0.788337 0.315551 0.789096 0.317910 0.789346 0.320436 0.789471 0.323141 0.789471 0.325833 0.789596 0.328359 0.789596 0.331064 0.789096 0.333923 0.788077 0.336295 0.786817 0.338474 0.785808 0.340667 0.784038 0.342026 0.782135 0.343372 0.780240 0.344718 0.777962 0.345051 0.776067 0.345897 0.774173 0.346244 0.771894 0.345897 0.770125 0.344551 0.768731 0.342692 0.767596 0.340500 0.766577 0.338308 0.765692 0.335949 0.764683 0.333590 0.764558 0.331064 0.764308 0.328526 0.764173 0.325833 0.763923 0.323308 0.764048 0.320603 0.764683 0.317910 0.765317 0.315385 0.766452 0.313192 0.767596 0.311000 0.768365 0.308590 0.769712 0.306795 0.771154 0.305385 0.772654 0.303577 0.774548 0.302731
0 0.791202 0.220641 0.793510 0.218500 0.796173 0.217090 0.798837 0.216141 0.801683 0.215192 0.804346 0.214949 0.807192 0.214949 0.809856 0.216615 0.811990 0.219692 0.813942 0.223718 0.814298 0.227269 0.814654 0.231064 0.814125 0.234859 0.812702 0.237936 0.811279 0.241013 0.809500 0.243859 0.807375 0.246231 0.805058 0.248359 0.802577 0.250500 0.799904 0.251910 0.797067 0.252154 0.794221 0.252154 0.791375 0.252385 0.788712 0.252154 0.786048 0.250962 0.784269 0.248128 0.782846 0.245038 0.782490 0.241487 0.782135 0.237705 0.782673 0.234141 0.784087 0.231064 0.785692 0.227987 0.787644 0.224897
0 0.549933 0.285667 0.552135 0.283449 0.554212 0.282538 0.556279 0.282718 0.558356 0.283449 0.560288 0.284744 0.562221 0.286038 0.564010 0.287692 0.565673 0.289526 0.566635 0.292103 0.567327 0.295051 0.567327 0.298179 0.566500 0.300756 0.565942 0.303526 0.565260 0.306282 0.564010 0.308679 0.562635 0.310885 0.560981 0.312731 0.559317 0.314564 0.557663 0.316410 0.555865 0.318256 0.553654 0.319538 0.551587 0.320090 0.549519 0.320282 0.547442 0.319731 0.545644 0.318256 0.544269 0.316038 0.543442 0.313462 0.542471 0.310885 0.541779 0.307936 0.541510 0.305179 0.541510 0.302051 0.541923 0.299231 0.542308 0.296154 0.543029 0.293577 0.544135 0.291000 0.545644 0.288974 0.547587 0.287692
0 0.548288 0.164269 0.550548 0.164641 0.552519 0.165769 0.554423 0.167179 0.555894 0.169526 0.557442 0.171782 0.558433 0.174410 0.559279 0.177231 0.560125 0.179859 0.560827 0.182859 0.560971 0.186051 0.560683 0.189064 0.560125 0.191872 0.559279 0.194692 0.558010 0.197321 0.556885 0.199769 0.555337 0.201833 0.553500 0.203333 0.551394 0.204269 0.548856 0.204077 0.546885 0.202769 0.545000 0.201410 0.543365 0.199577 0.542096 0.197128 0.541250 0.194321 0.540404 0.191692 0.540000 0.188333 0.539837 0.185679 0.539702 0.182667 0.539558 0.179859 0.539558 0.176846 0.539837 0.174038 0.540971 0.171218 0.541808 0.168590 0.544067 0.166705 0.545894 0.165205
0 0.600769 0.144872 0.603462 0.143590 0.606058 0.143974 0.608558 0.144744 0.611346 0.146154 0.613846 0.148333 0.616250 0.151026 0.617788 0.153590 0.619615 0.156410 0.620769 0.159744 0.622115 0.163590 0.622981 0.167179 0.623269 0.171026 0.622683 0.174577 0.621279 0.177615 0.618827 0.179962 0.615846 0.180897 0.612510 0.181359 0.609712 0.181590 0.606731 0.180897 0.604452 0.179026 0.602404 0.176795 0.600385 0.173974 0.598654 0.170256 0.597692 0.167051 0.596740 0.164308 0.596038 0.160795 0.595692 0.157295 0.595519 0.153782 0.596394 0.150282 0.598317 0.147474
0 0.684423 0.132179 0.687500 0.131410 0.690865 0.132308 0.693625 0.132872 0.696154 0.134321 0.698683 0.136474 0.701202 0.138167 0.703548 0.140564 0.705346 0.143449 0.707212 0.146410 0.708596 0.149705 0.709500 0.153308 0.709856 0.157154 0.709500 0.161000 0.707981 0.164487 0.706250 0.167256 0.703904 0.169410 0.701202 0.170385 0.697962 0.171103 0.695250 0.170615 0.692731 0.169179 0.690202 0.167487 0.687683 0.166051 0.685337 0.163885 0.683173 0.161000 0.681010 0.158603 0.679385 0.155474 0.678125 0.152103 0.677221 0.148013 0.676683 0.144410 0.677577 0.140808 0.679202 0.137679 0.681346 0.134231
0 0.628846 0.061385 0.627712 0.058154 0.628202 0.054923 0.628846 0.051692 0.629817 0.048667 0.631433 0.045872 0.632721 0.043064 0.634827 0.040910 0.636769 0.038538 0.639029 0.036603 0.641452 0.035744 0.643721 0.034231 0.646625 0.032936 0.649048 0.032718 0.651635 0.033154 0.654067 0.034013 0.656327 0.035526 0.658106 0.037897 0.659077 0.041564 0.659077 0.045013 0.658269 0.048244 0.657462 0.051474 0.656163 0.054282 0.654875 0.057295 0.652933 0.059667 0.650990 0.061821 0.648567 0.063333 0.646462 0.065051 0.644038 0.065923 0.641250 0.067692 0.638077 0.067436 0.635635 0.067859 0.633212 0.067641 0.630942 0.066346 0.629654 0.063551
0 0.457058 0.089346 0.459538 0.087679 0.462202 0.085795 0.464865 0.084603 0.467529 0.083667 0.470192 0.084372 0.473029 0.085551 0.475337 0.087923 0.476404 0.091231 0.477115 0.094782 0.477471 0.098333 0.477471 0.102128 0.477471 0.105910 0.476587 0.109705 0.475692 0.113244 0.474279 0.116333 0.471788 0.118692 0.469654 0.121064 0.467346 0.123192 0.465096 0.126282 0.462019 0.128718 0.459519 0.130513 0.456923 0.130513 0.454327 0.129359 0.451827 0.127051 0.450125 0.123667 0.449519 0.120000 0.448885 0.116795 0.448712 0.113013 0.448712 0.109231 0.449067 0.105436 0.449240 0.101885 0.451192 0.099051 0.452442 0.095731 0.454038 0.092654 0.455577 0.090769
0 0.328654 0.019449 0.330808 0.018872 0.333115 0.018872 0.335269 0.019833 0.337567 0.020987 0.339875 0.022333 0.342173 0.023859 0.344192 0.025205 0.345913 0.027321 0.347067 0.030000 0.348500 0.032308 0.349798 0.034795 0.350952 0.037487 0.352106 0.039974 0.352250 0.042859 0.352529 0.045923 0.352673 0.048795 0.352962 0.051679 0.352962 0.054744 0.351529 0.057051 0.349942 0.059346 0.347788 0.060308 0.345625 0.060692 0.343471 0.061654 0.341308 0.061462 0.339010 0.060692 0.337000 0.059346 0.334837 0.058192 0.333115 0.055705 0.331673 0.053026 0.329942 0.050910 0.328654 0.048410 0.327212 0.045923 0.326202 0.043231 0.325346 0.040551 0.325058 0.037679 0.324625 0.034795 0.324481 0.031923 0.324048 0.029038 0.324481 0.026167 0.325635 0.023474 0.326490 0.020795
0 0.673240 0.870372 0.677125 0.871756 0.680490 0.874859 0.683337 0.878667 0.685404 0.883154 0.687481 0.887987 0.688000 0.893167 0.688260 0.898692 0.688519 0.903872 0.688000 0.909385 0.685404 0.913538 0.681779 0.916987 0.677644 0.916987 0.673760 0.916295 0.670135 0.913872 0.667279 0.910077 0.665212 0.905590 0.663913 0.900410 0.663144 0.895231 0.662625 0.890051 0.662625 0.884538 0.664173 0.879359 0.666250 0.874859
0 0.254500 0.777679 0.257087 0.776731 0.259231 0.775397 0.261673 0.775397 0.263817 0.775962 0.265971 0.776538 0.268125 0.778064 0.269846 0.779974 0.270990 0.783038 0.271423 0.785910 0.271279 0.788769 0.270702 0.791833 0.269846 0.794513 0.268981 0.797179 0.267837 0.799667 0.266115 0.801962 0.263817 0.804256 0.262240 0.806359 0.260375 0.807885 0.258519 0.809423 0.256510 0.810756 0.254356 0.811333 0.252212 0.811718 0.250058 0.811910 0.248077 0.812051 0.246923 0.811795 0.245096 0.811026 0.243750 0.810564 0.242462 0.808077 0.242029 0.804833 0.242029 0.801769 0.242029 0.798718 0.242596 0.795846 0.243173 0.792782 0.244183 0.789923 0.245769 0.787564 0.247404 0.785000 0.248846 0.782436 0.250385 0.780769 0.252212 0.779103
0 0.191702 0.738500 0.189981 0.739256 0.187827 0.740026 0.185538 0.741167 0.183817 0.743090 0.181952 0.744808 0.180087 0.747295 0.178942 0.750154 0.178077 0.752833 0.178365 0.755897 0.179231 0.758564 0.180519 0.761244 0.181663 0.763731 0.183269 0.764872 0.185683 0.766410 0.187692 0.767551 0.189981 0.768128 0.192279 0.768705 0.195144 0.768705 0.197298 0.768513 0.199587 0.768321 0.201885 0.767359 0.203885 0.766026 0.206038 0.765256 0.208048 0.763154 0.210202 0.761051 0.211058 0.757615 0.211058 0.754551 0.210769 0.751692 0.209913 0.749013 0.208625 0.746141 0.206760 0.744231 0.204750 0.742321 0.203173 0.740218 0.201163 0.739064 0.198750 0.738333 0.196442 0.737949 0.194038 0.738333
0 0.209769 0.658205 0.212490 0.658397 0.214356 0.659923 0.216221 0.661449 0.218087 0.662987 0.219375 0.665654 0.221385 0.667577 0.223106 0.670051 0.224250 0.672538 0.225394 0.675795 0.226260 0.678474 0.226538 0.681333 0.225683 0.684205 0.224106 0.686308 0.222240 0.688410 0.220519 0.690321 0.217942 0.693192 0.215644 0.694333 0.213173 0.695513 0.210962 0.695641 0.208481 0.695103 0.206471 0.693949 0.204462 0.692808 0.202308 0.691090 0.200731 0.688795 0.199010 0.686885 0.197577 0.684397 0.196000 0.681526 0.195000 0.678846 0.194567 0.675987 0.194144 0.673115 0.194567 0.670244 0.196000 0.667769 0.197298 0.665282 0.198558 0.662436 0.200596 0.660500 0.202452 0.658782 0.204606 0.658013 0.206760 0.658397
0 0.180769 0.559013 0.183375 0.558782 0.186163 0.558782 0.189288 0.559013 0.191904 0.559949 0.194423 0.561410 0.197471 0.564821 0.199385 0.567833 0.201250 0.569103 0.202885 0.571923 0.204077 0.575487 0.203173 0.578974 0.201817 0.581974 0.200077 0.584769 0.197644 0.587090 0.195202 0.588705 0.192942 0.590564 0.189644 0.592423 0.186856 0.592423 0.184250 0.593115 0.181635 0.592423 0.179029 0.591949 0.176423 0.591487 0.173654 0.590513 0.170577 0.588333 0.168462 0.586923 0.166731 0.584231 0.165462 0.581974 0.165462 0.578269 0.165808 0.574564 0.166856 0.571308 0.168240 0.567833 0.170192 0.565256 0.172404 0.563333 0.174712 0.561667 0.177115 0.560513
0 0.282663 0.591872 0.284587 0.591359 0.287019 0.591359 0.289192 0.591872 0.291240 0.592897 0.293154 0.593756 0.294952 0.595282 0.296865 0.596141 0.298663 0.597167 0.300327 0.598872 0.301346 0.600897 0.302760 0.603821 0.304038 0.606205 0.304808 0.608603 0.305567 0.610987 0.305952 0.613538 0.306337 0.616103 0.306337 0.618833 0.306337 0.621910 0.305442 0.624295 0.303519 0.626513 0.301731 0.628051 0.299817 0.628897 0.297769 0.629577 0.296250 0.628846 0.294567 0.628385 0.292644 0.628218 0.290731 0.628051 0.288808 0.627538 0.286885 0.626346 0.285356 0.624641 0.283558 0.623103 0.282154 0.620885 0.280875 0.618833 0.279462 0.616615 0.278058 0.614564 0.277163 0.612179 0.276394 0.609795 0.275500 0.607231 0.275115 0.604667 0.275240 0.601936 0.275885 0.599218 0.276635 0.596410 0.278269 0.595000 0.279904 0.593846 0.283433 0.591359 0.281923 0.592308 0.280962 0.592949
0 0.354606 0.611218 0.356788 0.611795 0.359548 0.612564 0.362163 0.612949 0.363846 0.614615 0.365385 0.617436 0.365769 0.619359 0.366346 0.621923 0.367019 0.624615 0.367308 0.628077 0.367096 0.632308 0.366808 0.635218 0.366058 0.638205 0.364712 0.640897 0.363029 0.643346 0.361433 0.645474 0.358942 0.645769 0.356788 0.646244 0.354615 0.645385 0.352788 0.644359 0.350837 0.642962 0.349817 0.640051 0.348808 0.637346 0.347933 0.634628 0.347058 0.631538 0.346481 0.628628 0.347356 0.625731 0.347933 0.622436 0.348952 0.619346 0.350548 0.615282 0.352288 0.612949
0 0.635875 0.719590 0.638923 0.719333 0.642548 0.720090 0.645413 0.721115 0.647510 0.723910 0.649038 0.727474 0.649615 0.731295 0.649615 0.735359 0.649615 0.739692 0.648654 0.743500 0.647135 0.747064 0.645798 0.750885 0.643885 0.753936 0.641404 0.756231 0.638558 0.758974 0.635298 0.759282 0.632433 0.759026 0.629769 0.757500 0.627096 0.755974 0.624990 0.753167 0.622894 0.750372 0.622135 0.746308 0.621942 0.742487 0.622135 0.738667 0.622702 0.734846 0.624615 0.731538 0.625760 0.727987 0.628433 0.724679 0.630721 0.722128
0 0.695298 0.771513 0.698663 0.768410 0.702798 0.768410 0.706163 0.771167 0.710038 0.773577 0.713663 0.776346 0.716250 0.780474 0.718317 0.784962 0.718317 0.790487 0.716250 0.795308 0.714183 0.800141 0.711596 0.804282 0.708490 0.808410 0.705125 0.811526 0.700990 0.813244 0.696846 0.813590 0.692971 0.813244 0.689087 0.812551 0.685471 0.810487 0.682625 0.806692 0.680808 0.801513 0.680038 0.796346 0.680298 0.791167 0.682106 0.786346 0.684952 0.782551 0.687538 0.778410 0.690904 0.775308
0 0.762154 0.716000 0.765087 0.716000 0.767538 0.716218 0.769817 0.717962 0.772260 0.719269 0.774385 0.721436 0.776337 0.723615 0.778135 0.726000 0.779923 0.728397 0.781885 0.730782 0.783837 0.732962 0.785635 0.735564 0.786933 0.738397 0.787913 0.741436 0.788077 0.744692 0.788077 0.748179 0.786452 0.751000 0.784327 0.752962 0.781721 0.753615 0.779115 0.753833 0.776827 0.752526 0.774712 0.750564 0.772423 0.749269 0.769817 0.748179 0.767375 0.746872 0.765250 0.744910 0.763788 0.742090 0.761663 0.739692 0.760365 0.736654 0.758731 0.734051 0.758077 0.730782 0.757913 0.727526 0.757750 0.724051 0.758240 0.720782 0.759875 0.718179
0 0.700692 0.685359 0.700692 0.681872 0.702000 0.679051 0.703625 0.676436 0.705904 0.674269 0.708519 0.672962 0.711154 0.672051 0.713894 0.671654 0.716510 0.671654 0.718952 0.672526 0.721394 0.672744 0.723846 0.673205 0.726346 0.674359 0.728567 0.675782 0.730038 0.678615 0.731154 0.681154 0.731990 0.685141 0.731923 0.688333 0.730856 0.691218 0.729221 0.693833 0.727106 0.695564 0.724817 0.697308 0.722596 0.697692 0.720096 0.697949 0.717019 0.697821 0.714712 0.698179 0.712269 0.697962 0.709817 0.697308 0.707212 0.696436 0.705096 0.694705 0.702644 0.692090 0.701346 0.689269
