0 0.131684601848629 0.16720136834319527 0.0977631782496036 0.12953217455621302 0.0731917372471671 0.16550203402366867 0.1071131608461925 0.2031712278106509
0 0.15382859719334335 0.3465798413150894 0.12240532377907459 0.3202516272329914 0.10346984669960729 0.35699056917521865 0.13489312011387605 0.3833187832573167
0 0.05704740313182657 0.42613672834338023 0.026962152353685428 0.39971184974324625 0.004862698037464622 0.44061366236883237 0.03494794881560576 0.4670385409689663
0 0.1997029150077571 0.6045387968700349 0.17174561674049982 0.555691184064188 0.14612033246727354 0.579533087067048 0.17407763073453084 0.6283806998728948
0 0.1013071895424837 0.7031250000000001 0.06924019607843142 0.6622395833333334 0.03921568627450985 0.7005208333333335 0.07128267973856214 0.7414062500000002
0 0.23343990330096281 0.7909163052050474 0.19816640378548894 0.7612527931125131 0.17441753778272612 0.8071608832807571 0.2096910372982 0.8368243953732912
0 0.12922433679354103 0.8718566176470588 0.0965686274509805 0.8626041666666667 0.087927720107651 0.9121813725490197 0.12058342945021153 0.9214338235294118
0 0.3587657835307306 0.4748231268390081 0.3259535024602528 0.4734129361076083 0.3240712236975497 0.5446101303068517 0.3568835047680275 0.5460203210382514
0 0.3335799728696511 0.30462853773584914 0.3043377728449871 0.2939760220125787 0.29206745591318295 0.3487323113207548 0.32130965593784694 0.35938482704402525
0 0.29379722768909305 0.0727501548946717 0.25986071628155605 0.05177122057001246 0.24286239278859006 0.09647149938042138 0.276798904196127 0.11745043370508061
0 0.38677824094285396 0.6514282080440508 0.36014624906701975 0.6466531751256883 0.35405459167147835 0.701884202178597 0.38068658354731255 0.7066592350969595
0 0.41953249348098487 0.7785109024179621 0.38738083748179764 0.7677231757340243 0.37687739171661766 0.8186123704663212 0.40902904771580495 0.8294000971502591
0 0.442146555120909 0.905209951833437 0.41468663806935663 0.9025840972653824 0.41112746113568693 0.9630901051377667 0.4385873781872393 0.9657159597058215
0 0.6029044697662704 0.8248765001690332 0.5646874047117157 0.8096039342461123 0.5503702985589098 0.8678438767748481 0.5885873636134644 0.8831164426977689
0 0.5642630972941853 0.6491661269430051 0.5305028531274341 0.6378386765975821 0.5186553896169868 0.6952396373056996 0.552415633783738 0.7065670876511227
0 0.5182376137784016 0.570567926280798 0.487607867420205 0.5527394163081738 0.47140043607066096 0.5980044567201148 0.5020301824288574 0.6158329666927391
0 0.5329193697305441 0.44619656133829 0.5025454357703428 0.43866635687732347 0.4940626746361493 0.4942890334572491 0.5244366085963506 0.5018192379182157
0 0.4935977315319852 0.35363453994293853 0.4841620980298921 0.31077612339514976 0.4607980662545571 0.3191379873989539 0.47023369975665025 0.3619964039467426
0 0.5907859975146323 0.38319681301403014 0.5606194921122778 0.3437964138848573 0.5362512687706916 0.37412614900822455 0.5664177741730461 0.41352654813739725
0 0.5427805129720802 0.31271072986909965 0.5154107458135971 0.27681723522411755 0.4935006727800203 0.3039765965886554 0.5208704399385035 0.3398700912336376
0 0.6576797385620915 0.32864583333333325 0.6266103292596207 0.271555793740043 0.6038872535238442 0.2916587597226126 0.634956662826315 0.34874879931590286
0 0.7068322776458169 0.3794598673792559 0.6804245649170199 0.34338504552652427 0.6577340754195581 0.3703867280285037 0.6841417881483551 0.4064615498812353
0 0.6694397246286635 0.47359260577705453 0.6667766849077574 0.41417353200433965 0.6406365502534075 0.4160780275291565 0.6432995899743136 0.47549710130187145
0 0.6919153287713296 0.5474395274049217 0.6637879984208448 0.5411108780760627 0.6561060665877089 0.5966128355704698 0.6842333969381936 0.602941484899329
0 0.7135597143400495 0.7301733984175599 0.6860820846970743 0.7277148736600306 0.6824322633596573 0.7940275650842268 0.7099098930026325 0.7964860898417562
0 0.7805851389961864 0.861215017198249 0.7461924732369495 0.8243804721701065 0.724682016333738 0.8570302728267668 0.7590746820929749 0.8938648178549093
0 0.7523755656108597 0.994959935897436 0.7378582202111614 0.9270913461538463 0.7027055052790346 0.939314903846154 0.7172228506787329 1.0071834935897437
0 0.5934471489745324 0.9646372126436783 0.559922244759973 0.947539511494253 0.5450473292765383 0.9949533045977011 0.5785722334910978 1.0120510057471264
0 0.8828832373928164 0.6459169533639144 0.8498512172453078 0.6232392010703365 0.8281034508604663 0.6747348050458718 0.8611354710079749 0.6974125573394497
0 0.9024128368487249 0.7800233307045216 0.8671272241809447 0.7503496319663512 0.8431346776355128 0.7967287723449001 0.8784202903032929 0.8264024710830705
0 0.912079375381045 0.8859479480106989 0.88273890298346 0.8787074765964562 0.8737609888488995 0.9378494859578735 0.9031014612464845 0.9450899573721163
0 0.8439176902927189 0.5086292153047989 0.8405861371786068 0.44066553177691303 0.8153833193458965 0.44267388132295715 0.8187148724600085 0.510637564850843
0 0.8305825388259277 0.29542717889908254 0.7989320621214846 0.26564181957186556 0.7768443065299513 0.30379663608562707 0.8084947832343946 0.3335819954128441
0 0.7852415500339283 0.1464921037484711 0.7773971431151063 0.09064973199510754 0.7574299145516182 0.09520941254766528 0.7652743214704402 0.15105178430102886
0 0.6636570997800626 0.16305427566389236 0.6387392848538542 0.12969555093143093 0.6201033822169374 0.1523248612762585 0.6450211971431458 0.18568358600871993
0 0.6239166964960426 0.11137888776200142 0.5947276577973989 0.08596306626098725 0.5770534210979862 0.11896023495605149 0.6062424597966299 0.14437605645706564
0 0.5189004463574047 0.1398882113821139 0.49329965726127856 0.13626143292682935 0.48889088155587446 0.18685213414634153 0.5144916706520006 0.19047891260162608
0 0.4877450980392157 7.424421219830829e-17 0.4562908496732026 7.178854023126802e-17 0.4562908496732026 0.04947916666666674 0.4877450980392157 0.04947916666666674
0 0.45098039215686275 6.764260054665459e-17 0.41544117647058826 6.486801014233636e-17 0.41544117647058826 0.04010416666666673 0.45098039215686275 0.04010416666666674
0 0.9688551599791722 0.06773682124455019 0.9392335610423321 0.03176773682124458 0.9170746776713063 0.06143294193420535 0.9466962766081461 0.09740202635751097
0 0.9871942743915062 0.19078996983408772 0.9611502972229614 0.15426329185520374 0.9392522846242567 0.1796450791855205 0.9652962617928015 0.21617175716440448
0 1.0045415990175264 0.26447883492569024 0.9745964468589984 0.25324940286624226 0.9622179551226011 0.30691016454352454 0.9921631072811291 0.3181395966029726