0 0.08028594771241832 0.14855208333333333 0.05546568627450982 0.14403125 0.04941176470588236 0.19806249999999997 0.07423202614379086 0.2025833333333333
0 0.2288651854065284 0.08651162614900827 0.20664331891440663 0.08421436562651191 0.20267159234279103 0.14666976596516695 0.22489345883491282 0.14896702648766336
0 0.1875 0.20885416666666667 0.1642156862745098 0.20885416666666667 0.16421568627450983 0.26979166666666665 0.18750000000000003 0.26979166666666665
0 0.051879084967320264 6.09134215200897e-18 0.02573529411764706 4.0502641534300485e-18 0.025735294117647065 0.06145833333333333 0.051879084967320264 0.061458333333333344
0 0.03921568627450983 0.27708333333333335 0.013480392156862774 0.27708333333333335 0.013480392156862777 0.33489583333333334 0.03921568627450984 0.33489583333333334
0 0.21037581699346405 0.3729166666666667 0.18872549019607848 0.3729166666666667 0.18872549019607848 0.43072916666666666 0.21037581699346405 0.43072916666666666
0 0.07855164062240806 0.5155615482233502 0.05558873295511103 0.5134702834179357 0.05231039116154081 0.571988684433164 0.07527329882883786 0.5740799492385786
0 0.2221789220444537 0.5802383639099205 0.1994998591554658 0.5760067826635605 0.19229394825295687 0.6387882814016697 0.21497301114194478 0.6430198626480297
0 0.08657993743167491 0.8298059386120997 0.0856792094061824 0.7689392422894425 0.059290465889796015 0.769574065836299 0.06019119391528854 0.8304407621589561
0 0.1924289160994332 0.7465128905004781 0.17085112123693388 0.7460216103495908 0.1698434872833418 0.8179666746360642 0.19142128214584112 0.8184579547869515
0 0.05187908496732034 0.8609375 0.024918300653594856 0.8609375 0.02491830065359486 0.9265625 0.05187908496732035 0.9265625
0 0.21984041791899253 0.9145133819951339 0.19652091980344458 0.9110827250608273 0.18866883736462964 0.9978482360097324 0.21198833548017762 1.001278892944039
0 0.34005291719134145 0.5827264908256882 0.33851037356838765 0.5178239678899084 0.310745712658152 0.5188966934250765 0.3122882562811058 0.5837992163608564
0 0.35049019607843135 0.10312500000000006 0.3243464052287582 0.10312500000000006 0.3243464052287582 0.16041666666666674 0.35049019607843135 0.16041666666666674
0 0.42070666186964084 0.053836964831804356 0.3946228338430173 0.043859900611620865 0.38123238592072917 0.10076930428134562 0.4073162139473526 0.11074636850152911
0 0.38505279034690804 0.1860801282051283 0.3563348416289593 0.17315705128205133 0.34156862745098043 0.2265000000000001 0.3702865761689291 0.23942307692307704
0 0.40304738562091497 0.4221979166666667 0.3965767973856209 0.36444791666666665 0.3688970588235294 0.36948958333333337 0.3753676470588235 0.4272395833333333
0 0.4069689400890339 0.65872959994223 0.3758410643286778 0.6570759315424611 0.3734233583670326 0.7310577339688041 0.4045512341273887 0.732711402368573
0 0.5061274509803921 0.8286458333333333 0.48080065359477125 0.8286458333333333 0.48080065359477125 0.8890625 0.5061274509803921 0.8890625
0 0.5196399720937064 0.7013927902621724 0.5094642726004259 0.6451720505617977 0.48359816773151204 0.652782654494382 0.4937738672247925 0.7090033941947566
0 0.5261680690766606 0.3635980201666161 0.49390853059704015 0.3516326640759932 0.48067328628088435 0.4096402583053948 0.5129328247605047 0.4216056143960177
0 0.5365627959303211 0.08514956737728649 0.5188727747975095 0.026256538689301254 0.4872579015814774 0.04169401401500199 0.504947922714289 0.10058704270298723
0 0.6337826797385622 0.18411458333333344 0.6071895424836603 0.17281250000000015 0.5921977124183008 0.23015625000000015 0.6187908496732026 0.24145833333333347
0 0.7350532904352447 0.0685997499193288 0.7311763282273218 0.015873063891577936 0.7069306828894836 0.018771176185866403 0.7108076450974065 0.07149786221361727
0 0.7210281548516843 0.22415865384615394 0.6939793866264455 0.2198477564102565 0.6887506284565109 0.27318108974358984 0.7157993966817496 0.27749198717948725
0 0.6232146289888506 0.4273866421568629 0.5947971933871589 0.42363848039215696 0.5900509419454057 0.48213602941176487 0.6184683775470975 0.48588419117647075
0 0.5902105209501478 0.5781502744078567 0.5883400731754285 0.5209145725014442 0.5609672522966437 0.5223687536106296 0.562837700071363 0.5796044555170422
0 0.595016339869281 0.8902083333333334 0.577532679738562 0.845625 0.5522058823529412 0.8617708333333333 0.5696895424836602 0.9063541666666667
0 0.720700796489359 0.4321097455799915 0.6892090277249322 0.42696205260888326 0.6840526152246151 0.4782425749245366 0.715544383989042 0.4833902678956449
0 0.767409845975924 0.57062109025916 0.7476081585449194 0.5056998436103664 0.7184329495873416 0.5201658847184987 0.7382346370183462 0.5850871313672923
0 0.7230114341323634 0.8042342425993179 0.7211136573040133 0.7376934425552989 0.6983199712150736 0.7387502407285134 0.7002177480434235 0.8052910407725323
0 0.8803824826395534 0.8336098460203861 0.8549980120002892 0.8302903383214055 0.8496155293607358 0.8972013256343528 0.875 0.9005208333333335
0 0.8927689114288353 0.6356333211560321 0.8668790133361349 0.6222722844617635 0.8476185814478414 0.6829426449098882 0.8735084795405417 0.6963036816041568
0 0.8895880585584259 0.3988720059255551 0.8605021502842498 0.3959287890168587 0.8565961687629483 0.4586783821565683 0.8856820770371243 0.46162159906526473
0 0.8946915790576191 0.12532967950144683 0.8689304640915643 0.12434921915572385 0.8674157622096246 0.18904592328807784 0.8931768771756793 0.19002638363380084
0 1.0049576424860251 0.2210771009248091 0.991534903064563 0.17486932046642537 0.9619324408492789 0.18884826095697627 0.975355180270741 0.23505604141536002
0 0.9933025873071122 0.8493392504930968 0.96787136945508 0.8471030571992112 0.9646062961673824 0.9074660996055227 0.9900375140194145 0.9097022928994084
0 0.9894538099792763 0.5986216971544714 0.9865314561333215 0.5303116760052736 0.9616352363841604 0.5320430949241926 0.9645575902301153 0.6003531160733905
0 0.0784313725490197 0.9588541666666667 0.04656862745098048 0.9588541666666667 0.04656862745098048 0.9994791666666667 0.0784313725490197 0.9994791666666667