0 0.05079377482909516 0.07735973031653524 0.049951994281885986 0.01940313964118386 0.020111707121427017 0.020107701976916924 0.02095348766863619 0.07806429265226832
0 0.10825163398692812 0.22291666666666668 0.0800653594771242 0.22291666666666668 0.0800653594771242 0.2869791666666667 0.10825163398692815 0.2869791666666667
0 0.3312908496732026 0.11822916666666673 0.29901960784313725 0.11822916666666673 0.29901960784313725 0.1786458333333334 0.3312908496732026 0.1786458333333334
0 0.24688751125734515 0.27897837085038657 0.2433342027124629 0.21781704752160072 0.21020082657892625 0.2209463108231014 0.21375413512380853 0.2821076341518873
0 0.30087392704753363 0.43388944750211683 0.29444209238874774 0.37812544101044315 0.2647473892181767 0.3836931978549252 0.2711792238769626 0.4394572043465989
0 0.16803745679238935 0.46209535881435254 0.16100952861643877 0.4060915561622465 0.1325071630316193 0.4119060387415497 0.13953509120756985 0.46790984139365577
0 0.2139418830595301 0.6043637387387388 0.20662206323971027 0.548367117117117 0.180919890478714 0.5538288288288288 0.18823971029853384 0.6098254504504506
0 0.0970013256875077 0.5389777908805031 0.07681773338266125 0.4813824685534591 0.050938463435688745 0.496125393081761 0.0711220557405352 0.553720715408805
0 0.09681596382845374 0.6698187785388128 0.0920953084430119 0.6126398401826484 0.06285701495209955 0.6165639269406392 0.0675776703375414 0.6737428652968036
0 0.060512718600953905 0.8311514639639641 0.05322602013778484 0.7754082207207207 0.022356915739268672 0.7819679054054054 0.02964361420243775 0.8377111486486488
0 0.15336619623717462 0.8669021485287249 0.1488538432654706 0.8139722481706368 0.1268419558388512 0.8170228086563912 0.1313543088105552 0.8699527090144793
0 0.27450980392156865 0.7713541666666667 0.2602124183006536 0.7166666666666666 0.23337418300653592 0.7280729166666666 0.24767156862745102 0.7827604166666667
0 0.33520012724853954 0.9369524336283187 0.31917982532245937 0.8870224926253688 0.2929825322459367 0.9006867625368732 0.3090028341720169 0.9506167035398231
0 0.45369928935830345 0.8938110453034082 0.4514601975453522 0.8367142040731504 0.42224402229719815 0.8385767352452204 0.42448311411014944 0.895673576475478
0 0.5256329421483588 0.7546116016109046 0.5152792963529899 0.6867212670384139 0.485167772189421 0.6941864157372987 0.4955214179847899 0.7620767503097894
0 0.5841273265848766 0.9613740748083534 0.5758997294397536 0.9001813210415015 0.546704037152794 0.9065626652127943 0.5549316342979169 0.967755418979646
0 0.35138182147137986 0.5281549163783161 0.32249530723477404 0.5271856978085353 0.32129412895492687 0.5853827854671283 0.35018064319153275 0.5863520040369091
0 0.4699912016088486 0.5350560897435898 0.4442244846656611 0.48577724358974356 0.4182063851181498 0.5078926282051281 0.44397310206133733 0.5571714743589743
0 0.40344442299166194 0.3471446480671044 0.3744168418643897 0.29864856856309274 0.35027316542955617 0.322141001094092 0.3793007465568283 0.37063708059810363
0 0.1961847524397887 0.10522260273972604 0.18043804279702746 0.05168378995433791 0.1553238875458859 0.06369149543378998 0.17107059718864714 0.11723030821917811
0 0.5103961833061783 0.2264684813753582 0.49825832911961343 0.17075573065902577 0.4685516040226979 0.1812768624641833 0.4806894582092627 0.23698961318051573
0 0.5587510151989792 0.3455343934911243 0.5291886626445451 0.3427764423076924 0.5261691708241483 0.3953910872781066 0.5557315233785823 0.3981490384615386
0 0.5894607843137255 0.45937500000000014 0.5592320261437909 0.45937500000000014 0.5592320261437909 0.5088541666666668 0.5894607843137255 0.5088541666666668
0 0.6828068886712374 0.7821809704538035 0.6625670958883063 0.7264949089944499 0.6357467448291756 0.742341811540973 0.6559865376121065 0.7980278730003267
0 0.6343828557063852 0.6372115384615386 0.6216965368349452 0.5797002262443438 0.5927017715079999 0.590097567873303 0.60538809037944 0.6476088800904978
0 0.8454223392413736 0.8840907023289666 0.8403170220053088 0.8352711062590975 0.8194997431286924 0.8388100436681222 0.8246050603647572 0.8876296397379912
0 0.8056188954982743 0.6999332865168542 0.7771462142909599 0.6964758895131088 0.7736120290812956 0.7437897940074908 0.8020847102886098 0.7472471910112362
0 0.7682109747339557 0.6153787458379578 0.7583861976163014 0.5686887254901961 0.7320460925768754 0.5776989687384388 0.7418708696945296 0.6243889890862006
0 0.7275143203348754 0.46534995318352074 0.7075512227362855 0.4236996722846443 0.6853436880370125 0.4410030430711611 0.7053067856356026 0.4826533239700376
0 0.6749983821911603 0.3348752062706271 0.6711196854979616 0.28542182343234324 0.6442640587588171 0.28884591584158414 0.6481427554520158 0.33829929867986797
0 0.6213982544237208 0.14773246951219507 0.6169147537063606 0.0962842987804878 0.5915829746532759 0.0998729674796748 0.596066475370636 0.1513211382113821
0 0.7540849673202614 0.20520833333333346 0.7328431372549019 0.20520833333333346 0.7328431372549019 0.2510416666666668 0.7540849673202614 0.2510416666666668
0 0.7054738562091504 0.039062500000000104 0.6834150326797386 0.039062500000000104 0.6834150326797386 0.08906250000000011 0.7054738562091504 0.08906250000000011
0 0.8210321070008758 0.4320285652920964 0.8038162859645576 0.3826406786941581 0.7828945151943938 0.3944963487972508 0.8001103362307121 0.4438842353951891
0 0.8971460306969229 0.6766970973782772 0.8877345413820958 0.6246986189138577 0.860406568994639 0.6327393492509363 0.869818058309466 0.6847378277153559
0 0.9351925454866633 0.8020270270270271 0.923931284225402 0.7553631756756758 0.8996180003532945 0.7649014639639641 0.9108792616145558 0.8115653153153154
0 0.9602639517345398 0.8916298076923078 0.9413951734539969 0.8902932692307693 0.9396204122674711 0.9310240384615387 0.958489190548014 0.9323605769230772
0 0.9702724976453465 0.5982828420669577 0.9650530153837373 0.5483715429403202 0.9423359591289208 0.5522334425036389 0.94755544139053 0.6021447416302764
0 0.9274733340943105 0.4589306409012506 0.921991920959846 0.4044179872789995 0.8980536425436928 0.4083309750970246 0.9035350556781574 0.4628436287192756
0 0.8835617221413143 0.31757658324363114 0.8807552308688096 0.2662879552386078 0.856874661418209 0.26841221519555075 0.8596811526907138 0.31970084320057407
0 0.8402989639940255 0.17705125607779576 0.8367833762354213 0.12475688816855753 0.8116644685967309 0.1275020259319287 0.8151800563553351 0.1797963938411669
0 0.9673202614379085 1.4743599355359931e-16 0.9211601307189542 1.438322152123584e-16 0.9211601307189542 0.05208333333333348 0.9673202614379085 0.05208333333333348
0 0.9677287581699346 1.4749977724105493e-16 0.9211601307189542 1.438641070560862e-16 0.9211601307189542 0.05208333333333348 0.9677287581699346 0.05208333333333348
0 0.1213235294117647 0.9994791666666667 0.11639705882352941 0.9555104166666667 0.08963235294117648 0.9603854166666668 0.09455882352941178 1.0043541666666667