0 0.044896360245708734 0.08247664083865087 0.04273762072437605 0.01458428289273777 0.018846706108757702 0.01581918489820723 0.021005445630090387 0.08371154284412034
0 0.1880878531141632 0.07669393721789085 0.18163504630411872 0.009504086308302557 0.15715876693995887 0.013325382984543842 0.16361157375000335 0.08051523389413215
0 0.1984996173773412 0.2870521433141395 0.19647673528784515 0.2212831893793986 0.17026912172418554 0.22259357005758157 0.1722920038136816 0.2883625239923225
0 0.07552222756080261 0.25352525768183587 0.04704652572814423 0.20053736386619994 0.021250314594916154 0.22307322053675616 0.04972601642757453 0.27606111435239206
0 0.07966063348416288 0.4301217948717949 0.057937154348919044 0.36607147435897436 0.030638260432378082 0.3811227564102564 0.052361739567621926 0.445173076923077
0 0.2172348639142224 0.42580943855237263 0.1876712416871407 0.40939447572709387 0.16700164649284163 0.46991045721262487 0.19656526871992333 0.48632542003790374
0 0.21470588235294114 0.6553124999999999 0.2077614379084967 0.5933333333333333 0.1830555555555555 0.5978333333333333 0.18999999999999995 0.6598124999999999
0 0.08492647058823533 0.5967187500000001 0.06760620915032678 0.5304687499999999 0.03794934640522873 0.5430729166666666 0.05526960784313726 0.6093229166666667
0 0.22374571097681928 0.8025320059692115 0.20872642962305873 0.743168296418473 0.18397252869102398 0.753349336317939 0.1989918100447845 0.8127130458686774
0 0.09780504558511303 0.7354432059447983 0.07206134536127047 0.6729227911154663 0.044313189100562644 0.6914967132124776 0.07005688932440521 0.7540171280418095
0 0.08988959303795183 0.8968462246777165 0.08711474921460297 0.8296256330570901 0.06376611418047883 0.8311924493554328 0.06654095800382769 0.8984130409760591
0 0.22955900582004277 0.889294392325896 0.20045630659295505 0.8833095630493577 0.19165871216640826 0.9528545469912103 0.22076141139349595 0.9588393762677486
0 0.36642156862745107 0.7932291666666667 0.3370098039215687 0.7932291666666667 0.3370098039215687 0.8614583333333333 0.36642156862745107 0.8614583333333333
0 0.37146374635969537 0.639328208151911 0.34247796844911177 0.620289822206096 0.3215841609987005 0.6720019956458638 0.3505699389092841 0.6910403815916789
0 0.35582685561232663 0.4830716406829994 0.3300082245221772 0.47886924647364526 0.3236968135435318 0.5419044636228657 0.3495154446336813 0.5461068578322198
0 0.3565124684464163 0.3474147973558735 0.3246268815285108 0.32790081816211536 0.3038652608854552 0.38304887299523194 0.3357508478033607 0.4025628521889901
0 0.3424576863500698 0.24516317437379573 0.3271737693150477 0.18453697013487477 0.2969988477086402 0.1969032996146436 0.31228276474366234 0.25752950385356455
0 0.2937091503267974 0.002083333333333379 0.2687908496732026 0.0020833333333333762 0.2687908496732026 0.06093750000000005 0.2937091503267974 0.06093750000000005
0 0.4325980392156863 0.16354166666666672 0.4215686274509804 0.16354166666666672 0.4215686274509804 0.21666666666666673 0.4325980392156863 0.21666666666666673
0 0.45804145891325854 0.38230954238169534 0.4494381736053756 0.3137521125845034 0.4227042611116208 0.31920583073322933 0.43130754641950375 0.38776326053042126
0 0.505718954248366 0.5479166666666667 0.47998366013071897 0.5479166666666667 0.47998366013071897 0.6161458333333333 0.505718954248366 0.6161458333333333
0 0.5191679235796883 0.8367788461538461 0.516305932629462 0.7710961538461537 0.48856837606837605 0.7730608974358973 0.4914303670186023 0.8387435897435898
0 0.47961058219048697 0.9172206165703275 0.4740946956817409 0.8715077071290944 0.4611101666099966 0.8740546724470135 0.46662605311874267 0.9197675818882466
0 0.5849673202614379 0.1593750000000001 0.5584150326797386 0.15937500000000007 0.5584150326797386 0.22447916666666676 0.5849673202614379 0.22447916666666679
0 0.6072877769258801 0.3312943142046827 0.5772705141675303 0.316454147055274 0.55995480801541 0.37339092294231235 0.5899720707737597 0.388231090091721
0 0.6181816376446944 0.46356787026568697 0.588282170791814 0.4511782786885246 0.5737647188138492 0.5081313595251555 0.6036641856667296 0.5205209511023179
0 0.6270813743927285 0.7227289756699578 0.601638480968316 0.7165917371885285 0.5921848640725684 0.7803023624823698 0.617627757496981 0.7864396009637991
0 0.6311274509803921 0.8770833333333333 0.6045751633986928 0.8770833333333333 0.6045751633986928 0.9401041666666666 0.6311274509803921 0.9401041666666666
0 0.7729668916747024 0.7956523224043718 0.7524255330547518 0.7357889344262296 0.7269460516447014 0.7500017076502733 0.7474874102646522 0.8098650956284155
0 0.756841314562232 0.5494651783049836 0.7316432466749756 0.5460473552670846 0.7265077808204751 0.6075959135332738 0.7517058487077315 0.611013736571173
0 0.7512480776624373 0.4237922794117648 0.731920895809304 0.3633069852941178 0.7076432141484043 0.37591789215686283 0.7269703960015377 0.43640318627450986
0 0.734981257208766 0.24093566176470585 0.7294088811995387 0.17225612745098035 0.7026220684352172 0.1757892156862745 0.7081944444444445 0.24446874999999998
0 0.8453856789264028 0.2829739891518737 0.8417396643075375 0.21556829388560156 0.8147522914491239 0.2179413214990138 0.8183983060679892 0.28534701676528595
0 0.8562091503267973 0.49375000000000013 0.8361928104575164 0.49375000000000013 0.8361928104575164 0.5526041666666669 0.8562091503267973 0.5526041666666669
0 0.8707390648567119 0.6866907051282053 0.8449974861739566 0.6825881410256412 0.8389014580191051 0.7447676282051283 0.8646430367018603 0.7488701923076924
0 0.8804656732857424 0.8923175013248541 0.8764027868699148 0.8275652490726019 0.8486880046136099 0.8303921568627449 0.8527508910294377 0.8951444091149973
0 0.7846451473671229 0.9954893867924528 0.7714191022320877 0.9364681603773584 0.7444968553459117 0.9462755503144653 0.7577229004809468 1.0052967767295597
0 0.9894688896213288 0.7538035939903319 0.9628768833395807 0.7519542408261922 0.9600231957208284 0.8186591889145245 0.9866152020025767 0.8205085420786642
0 0.985496499784347 0.4985083544839257 0.9572695829600875 0.4836162225042303 0.9408915596695531 0.5340810067681897 0.9691184764938126 0.5489731387478851
0 1.0028544954567191 0.36400533536585367 0.9976536346245812 0.3043254573170732 0.976357006217121 0.3073424796747968 0.9815578670492587 0.3670223577235772
0 0.9858713014047539 0.11368422501100835 0.9787352898006407 0.0443088121972699 0.9557459355384602 0.048152933729634535 0.9628819471425734 0.11752834654337298