0 0.07560949978982766 0.029654003783102154 0.05053047911051769 0.012295738755779747 0.03020197149898211 0.06004098360655738 0.05528099217829209 0.07739924863387977
0 0.07519949247890427 0.17009647869022876 0.04856355224002284 0.15721478690228696 0.03326615642792115 0.20863489691614695 0.05990209666680259 0.22151658870408875
0 0.08168391525900322 0.345991277544596 0.06351245464957582 0.2960896511017838 0.03929241336268682 0.31042705054214764 0.05746387397211422 0.3603286769849598
0 0.07818627450980398 0.4704166666666667 0.05367647058823533 0.45479166666666665 0.03570261437908501 0.500625 0.06021241830065366 0.51625
0 0.07973005755203101 0.6347776237201366 0.05263124874523184 0.6075005332764505 0.027159455932543645 0.648637478668942 0.05425826473934281 0.6759145691126279
0 0.07413847006913485 0.7991971269554753 0.0468237535688163 0.7768088146811072 0.024353483872490086 0.8213748495788208 0.05166820037280863 0.8437631618531891
0 0.06529307417209754 0.9420113691340106 0.042277336672453265 0.9170680636187711 0.018773063168179806 0.9523244738751815 0.04178880066782407 0.9772677793904209
0 0.21941335531262654 0.0728429203539823 0.2159971658279831 0.007508296460176992 0.1883965238012609 0.00985435103244838 0.19181271328590432 0.07518897492625369
0 0.2230964052287582 0.1901145833333334 0.1971895424836601 0.18539583333333337 0.19031045751633988 0.24679166666666671 0.21621732026143795 0.25151041666666674
0 0.22083053541051123 0.3400963184931507 0.19633919777956851 0.3389397831050228 0.1945513250962486 0.4004873002283105 0.21904266272719133 0.40164383561643835
0 0.2274094737640201 0.5118794764478426 0.1993745142841388 0.48919542029176555 0.17483401656646486 0.5384995111609104 0.20286897604634613 0.5611835673169874
0 0.22617691493573125 0.676778172641121 0.19780810449437294 0.651568616089823 0.1721245667611915 0.6985527400082407 0.20049337720254984 0.7237622965595387
0 0.20352231390293676 0.8996545060331826 0.19798006683819835 0.8413569947209655 0.17245881761452697 0.8453011877828056 0.17800106467926538 0.9035986990950228
0 0.3326209548860195 0.19755462398373982 0.32789335246293644 0.14330538617886177 0.3049378287900526 0.14655741869918698 0.30966543121313567 0.200806656504065
0 0.31126788553259144 0.27401182432432436 0.2849629040805512 0.2687162162162163 0.278706279809221 0.3192384572072072 0.30501126126126127 0.32453406531531537
0 0.3219360896696536 0.5156721342383107 0.29814716233401356 0.48809860482654605 0.27530091976458765 0.520140460030166 0.2990898471002277 0.5477139894419306
0 0.3110936369544692 0.6255687148217637 0.2865562422592552 0.6228482645403377 0.28282535653410834 0.6775523764853033 0.30736275122932233 0.6802728267667292
0 0.32567956855189095 0.7862951589595376 0.3010734255166422 0.7640727360308285 0.2803765725943557 0.801327071290944 0.30498271562960455 0.8235494942196532
0 0.32741013071895436 0.9575520833333334 0.3045343137254903 0.9283854166666667 0.2812500000000001 0.9580729166666669 0.30412581699346414 0.9872395833333336
0 0.46201171576274813 0.0761871099843995 0.43143468385794254 0.047956074492979776 0.40439455813526654 0.09556601014040567 0.4349715900400722 0.12379704563182538
0 0.45506275758711134 0.2922803874734608 0.4304774988551684 0.27518245753715503 0.40996419799342243 0.32313229830148626 0.4345494567253654 0.34023022823779203
0 0.45528455284552855 0.5129319105691057 0.4276362984218078 0.4847306910569106 0.4009744141559063 0.5272230691056911 0.42862266857962694 0.5554242886178862
0 0.45195091459402553 0.7116995246085013 0.42480918541913404 0.6874755313199105 0.4024899109531955 0.7281284955257271 0.42963164012808697 0.7523524888143178
0 0.44410752833243405 0.8303215787461776 0.4128800143910777 0.8291150611620797 0.4115428434370692 0.8853765290519877 0.44277035737842557 0.8865830466360857
0 0.5759792637128518 0.04945183011049724 0.5738735871880982 -0.0015581837016574636 0.544843236557975 0.00038990561694291306 0.5469489130827284 0.051399919429097614
0 0.5727124183006536 0.19010416666666677 0.5453431372549019 0.1901041666666667 0.5453431372549019 0.24687500000000007 0.5727124183006536 0.2468750000000001
0 0.58038879702497 0.3903156450633352 0.5573252118824278 0.37523560862398064 0.5390417402428611 0.42069288998785365 0.5621053253854033 0.43577292642720816
0 0.5747789311803152 0.5662683823529411 0.5646866589773165 0.514797794117647 0.5399846212995001 0.5226715686274509 0.550076893502499 0.574142156862745
0 0.5769539898447547 0.6936337897227857 0.5524342427978629 0.6710551893171062 0.5306322833392991 0.7095440331304935 0.5551520303861909 0.7321226335361731
0 0.5678104575163399 0.8682291666666667 0.5445261437908496 0.8682291666666667 0.5445261437908496 0.925 0.5678104575163399 0.925
0 0.7196235852064403 0.11863897357723588 0.6920661963972581 0.09791793699187004 0.6727437031723259 0.13969232723577255 0.7003010919815081 0.16041336382113838
0 0.7107843137254902 0.2708333333333334 0.6854575163398693 0.2708333333333334 0.6854575163398693 0.3260416666666668 0.7107843137254902 0.3260416666666668
0 0.7132352941176471 0.4760416666666669 0.6897467320261438 0.44609375000000023 0.6644199346405228 0.47838541666666684 0.6879084967320261 0.5083333333333335
0 0.7077815190329065 0.6472048699643042 0.6813427606296641 0.6311928969063404 0.6645493995660477 0.6762698134455211 0.6909881579692901 0.6922817865034847
0 0.7142202146447494 0.853429320631255 0.6883028423070539 0.830103685527329 0.6658081631420854 0.8707346997690535 0.6917255354797809 0.8940603348729793
0 0.8551406357301676 0.07398665197158963 0.8282413810491132 0.051859845701690034 0.8082097338078018 0.09144738856233167 0.8351089884888562 0.11357419483223126
0 0.8353758169934641 0.2609375000000001 0.8063725490196079 0.2609375000000001 0.8063725490196079 0.3182291666666668 0.8353758169934641 0.3182291666666668
0 0.8460861388580591 0.5062323113207547 0.8222453446787521 0.47307193396226427 0.7974950672092738 0.5019988207547171 0.8213358613885807 0.5351591981132077
0 0.8455695773118937 0.7046539792387543 0.8247099531854265 0.66717776816609 0.8009080218015695 0.6887146770472896 0.8217676459280366 0.7261908881199538
0 0.849352912256348 0.8715422197640118 0.8255733414309677 0.8591390117994102 0.8114595985886982 0.9031268436578173 0.8352391694140783 0.915530051622419
0 0.9520581950729012 0.22832932692307678 0.9302381850175969 0.19256009615384606 0.9054927099044748 0.21709935897435884 0.9273127199597789 0.25286858974358956
0 0.955919363928349 0.45069853766700363 0.9298363866709816 0.44940285730324475 0.9281558264374573 0.504399190945324 0.9542388036948247 0.505694871309083
0 0.9877450980392157 0.5760416666666669 0.9546568627450981 0.5760416666666669 0.9546568627450981 0.6197916666666669 0.9877450980392157 0.6197916666666669
0 0.9856020613373554 0.14293269230769248 0.9607905982905982 0.12485576923076944 0.9450289089994973 0.16002403846153868 0.9698403720462543 0.17810096153846172
0 0.9691584967320264 0.7117187500000003 0.9485294117647058 0.6854166666666668 0.9268790849673203 0.7130208333333335 0.9475081699346405 0.739322916666667
0 0.9898490667744761 0.7939121563573883 0.9882748803988951 0.7497562285223367 0.9635376659254766 0.7511898625429553 0.9651118523010578 0.795345790378007