0 0.029159208635044617 0.06435857538035962 0.008336045344832265 0.05727869986168742 -0.002383180104683641 0.10852999654218534 0.01843998318552871 0.11560987206085754
0 0.17150822715597264 0.22689283398184176 0.16900002543170317 0.1757255188067445 0.14410238803692685 0.1777095492866407 0.14661058976119629 0.22887686446173797
0 0.30184695601086875 0.138371956928839 0.2788958654622897 0.12048923220973785 0.25955882352941173 0.16083333333333336 0.28250991407799075 0.1787160580524345
0 0.3929497205085875 0.16065823485967504 0.39132840482327835 0.10691161989167898 0.3662429644432859 0.10814177129492861 0.367864280128595 0.16188838626292465
0 0.4959150326797386 0.035937500000000074 0.4722222222222222 0.035937500000000074 0.4722222222222222 0.09218750000000007 0.4959150326797386 0.09218750000000009
0 0.6009767170997581 0.111592776816609 0.5998272723160776 0.05590217704728951 0.5787935070221861 0.0566079152249135 0.5799429518058666 0.11229851499423299
0 0.6108404948881316 0.2529872481108312 0.5980731713340248 0.2014391792611251 0.5703509573434749 0.21260101805205706 0.5831182808975817 0.26414908690176314
0 0.39906763798875305 0.28680832982898796 0.37364876564587146 0.27698740187832915 0.36142134874695603 0.32843425848051594 0.3868402210898376 0.3382551864311747
0 0.29248366013071897 0.25468750000000007 0.272875816993464 0.25468750000000007 0.272875816993464 0.30364583333333334 0.29248366013071897 0.30364583333333334
0 0.3086640869883543 0.4011483250680669 0.2867079834656539 0.36419620283936216 0.26312909450049954 0.38697126604434084 0.2850851980232 0.4239233882730456
0 0.1748366013071896 0.375 0.15277777777777782 0.375 0.15277777777777782 0.43020833333333336 0.1748366013071896 0.43020833333333336
0 0.02902494483612293 0.353581026989936 0.026525378373368262 0.3009963975297348 0.005435286343875766 0.3026260864592864 0.00793485280663043 0.35521071591948766
0 0.032996117910251345 0.226290548098434 0.027537066280650967 0.17930858501118568 0.00151061543185507 0.18422469239373604 0.006969667061455454 0.23120665548098435
0 0.030228758169934686 0.43645833333333334 0.00939542483660135 0.43645833333333334 0.009395424836601352 0.48541666666666666 0.030228758169934686 0.48541666666666666
0 0.0331716574902251 0.6255867323344433 0.03170270142833308 0.5693991629670736 0.010090005295495924 0.5703177025527192 0.011558961357387943 0.6265052719200888
0 0.04185890042291432 0.7728553921568628 0.014826028450595908 0.7521752450980391 -0.007268838908112248 0.799126838235294 0.019764033064206165 0.8198069852941177
0 0.1498878020288055 0.8668917326546004 0.1480079777008843 0.8165594362745099 0.12597965279626178 0.8178968702865762 0.127859477124183 0.8682291666666667
0 0.18713956170703572 0.7638174019607842 0.16749327181853133 0.74234681372549 0.14632833525567088 0.773829656862745 0.16597462514417524 0.7953002450980391
0 0.1535947712418301 0.6255208333333333 0.12949346405228762 0.6255208333333333 0.12949346405228762 0.6755208333333333 0.1535947712418301 0.6755208333333333
0 0.30859477124183 0.70725 0.2877614379084967 0.6718333333333334 0.263251633986928 0.6952708333333334 0.2840849673202614 0.7306875
0 0.17841111007200972 0.5929062334393217 0.17551201720751894 0.5467019409114997 0.1548436412190737 0.5488101152623212 0.1577427340835645 0.5950144077901431
0 0.30764091114993847 0.530286716171617 0.28637602730861317 0.5181327351485148 0.26980845143337856 0.5652547442244223 0.29107333527470386 0.5774087252475247
0 0.2973856209150328 0.8161458333333333 0.27287581699346414 0.8161458333333333 0.27287581699346414 0.871875 0.2973856209150328 0.871875
0 0.30123159491671603 0.9987952106518281 0.2979207581283706 0.946028749337573 0.2729011450897264 0.9485807498675146 0.27621198187807183 1.0013472111817698
0 0.397467320261438 0.7229166666666667 0.3729575163398694 0.7229166666666667 0.3729575163398694 0.7807291666666667 0.397467320261438 0.7807291666666667
0 0.4037140500192056 0.47764417515039337 0.3784541697289744 0.466664738546969 0.3645972271370371 0.5184897038408145 0.38985710742726826 0.5294691404442389
0 0.5371917418376714 0.45221929952159307 0.5113002111886907 0.431491021786915 0.4902852885400347 0.47416298972071386 0.5161768191890153 0.4948912674553919
0 0.5297648601643805 0.6150366595135908 0.5029527476226542 0.6120202968526466 0.498199107969368 0.6807103898426324 0.5250112205110944 0.6837267525035765
0 0.5241013071895425 0.8197916666666667 0.49959150326797386 0.8197916666666667 0.49959150326797386 0.8807291666666667 0.5241013071895425 0.8807291666666667
0 0.60472918675667 0.7790898224043717 0.5796468177434909 0.7761825478142078 0.5757058287795993 0.831454918032787 0.6007881977927784 0.8343621926229511
0 0.6074974076659604 0.5910697090360194 0.5807779961870235 0.5902180277951282 0.5796461464035958 0.6479423667499481 0.6063655578825327 0.6487940479908392
0 0.602525983070824 0.5009477459016394 0.5986653541197899 0.446802424863388 0.5740249651773277 0.4496584699453552 0.5778855941283618 0.5038037909836066
0 0.6024631248895955 0.36097832207207214 0.5748575781664018 0.3554208896396397 0.5704093799682036 0.39134009009009024 0.5980149266913973 0.3968975225225227
0 0.7291129889223693 0.4589562453600596 0.705236400425055 0.444298672976986 0.6859874703407719 0.4952713205270973 0.7098640588380861 0.5099288929101709
0 0.7187648072863372 0.6228750881523273 0.6957852816726126 0.6189023566055477 0.6897167141421684 0.6759658556652562 0.712696239755893 0.6799385872120357
0 0.7423018313979105 0.8792293516387153 0.7192656246977581 0.8770932670174285 0.7161099505021784 0.9324161802586868 0.7391461572023307 0.9345522648799737
0 0.8560753324318234 0.8987338362068964 0.8378197543385171 0.8444234913793102 0.8091756817669596 0.8600754310344827 0.827431259860266 0.9143857758620689
0 0.8518246101427843 0.5782840932996739 0.8428544395564053 0.5258646589355211 0.8185792408895819 0.532617577837383 0.827549411475961 0.5850370122015357
0 0.8548431372549019 0.7477125000000001 0.8455359477124182 0.6824458333333332 0.8204803921568626 0.6882541666666666 0.8297875816993464 0.7535208333333334
0 0.8608660130718955 0.40406250000000005 0.8437908496732027 0.3605208333333334 0.8186274509803921 0.37656250000000013 0.835702614379085 0.4201041666666667
0 0.7288196570328158 0.299450810648519 0.7060040189013956 0.2858149019215373 0.6890198433256408 0.3320118594875901 0.7118354814570611 0.3456477682145717
0 0.725343787957661 0.10905005530973462 0.7012677858754122 0.10700359513274348 0.6986884724391231 0.15633296460177 0.7227644745213719 0.15837942477876116
0 0.8613573578230356 0.2421051186291742 0.8369480627634769 0.22187591534856488 0.8156968997323591 0.26356088898652624 0.8401061947919181 0.2837900922671356
0 0.8606024943776027 0.08805013446721918 0.8357613324440112 0.07070568033144363 0.8167451236927391 0.1149803750545138 0.8415862856263306 0.13232482919028937
0 1.0060094095109309 0.1451627155172416 0.9810102546765832 0.126811063218391 0.9609054541356772 0.17133261494252885 0.9859046089700247 0.18968426724137946
0 0.9967320261437909 0.33437500000000014 0.9677287581699346 0.33437500000000014 0.9677287581699346 0.3937500000000001 0.9967320261437909 0.3937500000000001
0 0.9959150326797386 0.5598958333333336 0.9681372549019608 0.5598958333333336 0.9681372549019608 0.6223958333333336 0.9959150326797386 0.6223958333333336
0 0.9973238203249366 0.8666899664859166 0.9954568813517274 0.8107518075011296 0.9720845183984121 0.8120198825124266 0.9739514573716216 0.8679580414972136