0 0.06021654916648307 0.13564782303370784 0.05251936917088933 0.09312090355805244 0.03017367995887494 0.09969569288389514 0.03787085995446868 0.14222261235955053
0 0.09877450980392159 0.09343750000000002 0.07295751633986929 0.07697916666666667 0.060702614379084974 0.10822916666666668 0.08651960784313727 0.12468750000000002
0 0.13963182904588758 0.20872436452917398 0.11030374599290903 0.1880387059503178 0.09728254097710722 0.2180500794338533 0.1266106240300858 0.23873573801270945
0 0.1870915032679739 0.3171875 0.15767973856209155 0.3171875 0.15767973856209155 0.3697916666666667 0.1870915032679739 0.3697916666666667
0 0.26238185017596793 0.5335448717948719 0.23134552538964306 0.489318108974359 0.2103657616892911 0.5132516025641026 0.24140208647561595 0.5574783653846155
0 0.09696461405323974 0.6844606533937628 0.09024246906057125 0.6255368511924032 0.062261963704225605 0.6307259630948526 0.0689841086968941 0.6896497652962122
0 0.032271241830065404 0.43072916666666666 0.0032679738562091925 0.43072916666666666 0.0032679738562091947 0.4890625 0.032271241830065404 0.4890625
0 0.3140743188661232 0.7125175561797753 0.304318590732173 0.6586171582397002 0.2790790005140633 0.6660434222846442 0.2888347286480135 0.7199438202247191
0 0.30477741653645185 0.752051199657241 0.2711441688929214 0.7268262639245932 0.25430024194767886 0.7633354755784063 0.28793348959120935 0.7885604113110541
0 0.17868355822203832 0.894282434544744 0.1732325452650775 0.8372920940797185 0.14441867993778207 0.8417722987495114 0.1498696928947429 0.8987626392145369
0 0.38411887069502554 0.9069075422339891 0.34629151711113093 0.8773472957639942 0.32898973381586627 0.9133395581190117 0.3668170873997609 0.9428998045890068
0 0.26965168181093574 0.10855945121951223 0.25535429619002076 0.05908028455284556 0.2320889128008927 0.0700088922764228 0.24638629842180773 0.11948805894308948
0 0.25759606033878374 0.19146662341407153 0.25655743266164605 0.14114511245674738 0.22901372775176967 0.1420692762399077 0.2300523554289074 0.19239078719723185
0 0.3619994428817958 0.30691593035343046 0.32712859918742265 0.2869087837837838 0.31078703137526664 0.3332098925848926 0.3456578750696398 0.35321703915453917
0 0.3751633986928105 0.48760416666666667 0.3459150326797386 0.46895833333333337 0.33178104575163403 0.5050000000000001 0.36102941176470593 0.5236458333333334
0 0.4261899450864327 0.5175054337772846 0.3974772946544508 0.5162851461339254 0.39616430182875967 0.5665071217166112 0.4248769522607416 0.5677274093599703
0 0.4963235294117647 0.6963541666666667 0.46854575163398693 0.6963541666666667 0.46854575163398693 0.7489583333333333 0.4963235294117647 0.7489583333333333
0 0.5452230952549492 0.9329332129963899 0.51578537552205 0.9106479392298434 0.5014113045940397 0.9415143652226232 0.5308490243269389 0.9637996389891695
0 0.5816176470588236 0.9715625000000003 0.5552450980392156 0.9267291666666667 0.533937908496732 0.9471041666666667 0.56031045751634 0.9919375000000002
0 0.5600970780469051 0.4231617647058824 0.5284986543637064 0.3989889705882354 0.511485966935794 0.4351409313725491 0.5430843906189927 0.4593137254901961
0 0.5361362493715436 0.2993189102564102 0.5310457516339869 0.24739583333333331 0.5051533433886375 0.2515224358974359 0.510243841126194 0.30344551282051285
0 0.4786716998234818 0.1915792274939174 0.448496612757025 0.17758895985401466 0.43717797337913267 0.21727493917274945 0.4673530604455895 0.2312652068126522
0 0.47467320261437906 0.05104166666666674 0.4424019607843137 0.05104166666666674 0.4424019607843137 0.12604166666666672 0.47467320261437906 0.12604166666666675
0 0.6501068376068375 0.15192307692307702 0.6186054550025138 0.14389022435897447 0.6128865007541477 0.18034855769230781 0.6443878833584715 0.18838141025641036
0 0.7134822419533852 0.20182075471698127 0.6848554075718337 0.1878651729559749 0.6728317301763472 0.2279595125786164 0.7014585645578987 0.24191509433962277
0 0.7215380584304992 0.3422988585746104 0.6925520765098914 0.3293638641425391 0.6814899122232412 0.3696617483296215 0.7104758941438492 0.3825967427616928
0 0.8108001596944402 0.4717936607892528 0.7812793253321482 0.4599076406381194 0.7704937768558306 0.5034542926112512 0.8000146112181228 0.5153403127623847
0 0.814750117358177 0.5928867403314918 0.785248077131405 0.5909069981583794 0.783073565521973 0.6435845418968693 0.8125756057487451 0.6455642840699817
0 0.642705255618229 0.643621575342466 0.6100702838212911 0.628017979452055 0.5983693705792822 0.667801084474886 0.6310043423762199 0.683404680365297
0 0.7015931372549019 0.7044270833333336 0.6742238562091503 0.66953125 0.6531862745098038 0.6963541666666668 0.6805555555555556 0.7312500000000003
0 0.7537794999815667 0.8924254633360194 0.7489657560579968 0.838722132688692 0.7236774712571035 0.8424069970453936 0.7284912151806734 0.8961103276927209
0 0.7478806889728369 0.9277116781345566 0.7126562781075731 0.9035287652905198 0.6984769442945373 0.9371034021406727 0.733701355159801 0.9612863149847094
0 0.9000946652836332 0.7301665600113766 0.8706647761493675 0.7005430531854381 0.8525647460349328 0.7297746018202502 0.8819946351691985 0.7593981086461887
0 0.9233279653618368 0.9299018501805055 0.8966739222764919 0.9080550541516248 0.8806938840518157 0.9397487966305659 0.9073479271371607 0.9615955926594466
0 0.9893790849673203 0.9645833333333336 0.9501633986928104 0.9645833333333336 0.9501633986928104 0.9994791666666669 0.9893790849673203 0.9994791666666669
0 0.9543869961257504 0.3479826546003017 0.9198015556147044 0.30789498491704387 0.8949960074527549 0.34268476621417815 0.9295814479638008 0.3827724358974359
0 0.8777652086475617 0.13341346153846168 0.8410759175465059 0.10668269230769241 0.823202614379085 0.1465625000000001 0.8598919054801407 0.17329326923076938