0 0.03653678925075037 0.1355954935622318 0.032419562961092885 0.07610157367668097 0.005667059384554967 0.0791112303290415 0.009784285674212462 0.1386051502145923
0 0.04137616062161637 0.4356735067954221 0.01296442396701175 0.427195323676681 0.0014761984908412966 0.4897800429184549 0.02988793514544592 0.498258226037196
0 0.05597462336752324 0.6446116373998767 0.033873515518345436 0.5854359211337031 0.003619084725695666 0.6038046826863834 0.02572019257487347 0.662980398952557
0 0.04377199597787835 0.2615785256410256 0.016748366013071912 0.2546875 0.007839994972347938 0.3114783653846153 0.03486362493715438 0.318369391025641
0 0.04771870286576179 0.7148317307692308 0.020519105077928687 0.7104967948717948 0.014228255404726059 0.7746634615384616 0.04142785319255916 0.7789983974358975
0 0.052456130494222625 0.8636013610315186 0.02715274266344557 0.8546397445081184 0.013054338258703738 0.9193514207258834 0.038357726089480786 0.9283130372492836
0 0.13112745098039216 0.1244791666666667 0.1090686274509804 0.1244791666666667 0.1090686274509804 0.17552083333333332 0.13112745098039216 0.17552083333333332
0 0.12359941445848048 0.3961325018076645 0.10260498631846089 0.3955748373101952 0.10184098223526579 0.4423318872017354 0.12283541037528539 0.4428895516992047
0 0.17888071895424837 0.6461979166666667 0.16294934640522876 0.5852604166666667 0.13709150326797384 0.59625 0.15302287581699345 0.6571874999999999
0 0.1608451979517922 0.4355069002123143 0.1536546147121269 0.3844280785562633 0.1330250093668041 0.3891490843949045 0.14021559260646935 0.44022790605095546
0 0.17486863189255494 0.7629315320613348 0.1489383782786508 0.7567806346924552 0.13979215139619194 0.8194608707963059 0.1657224050100961 0.8256117681651856
0 0.1504834810636584 0.8690853310502284 0.1274527952610144 0.8521193925089474 0.10748107091781545 0.8961916111316798 0.13051175672045942 0.9131575496729608
0 0.18004483910807867 0.9576519625038978 0.15228368397561717 0.9436584034923605 0.1364426851189494 0.994745624805114 0.16420384025141094 1.0087391838166513
0 0.23576546003016582 0.1889423076923077 0.20795625942684764 0.1653044871794872 0.1847033685268979 0.20977564102564103 0.21251256913021613 0.23341346153846151
0 0.2267156862745098 0.34375 0.20261437908496738 0.34375 0.20261437908496738 0.4015625 0.2267156862745098 0.4015625
0 0.24027100978458443 0.5282082100591716 0.21317969988784466 0.5138159516765286 0.19483360405306105 0.5699550049309664 0.22192491394980077 0.5843472633136095
0 0.2464569913404592 0.7010952542117931 0.23687501474717446 0.644896961492178 0.2089092104952691 0.6526483528880865 0.21849118708855383 0.7088466456077016
0 0.24626253216218622 0.7968844268476621 0.22312793895838887 0.7863499245852187 0.20869192322479527 0.8378865007541478 0.23182651642859262 0.8484210030165913
0 0.357294010500375 0.13061816939890716 0.3304437212043287 0.12750597677595635 0.3264792939033537 0.18310706967213122 0.3533295831994 0.18621926229508204
0 0.3602941176470588 0.3 0.33782679738562094 0.3 0.33782679738562094 0.35260416666666666 0.3602941176470588 0.35260416666666666
0 0.3668300653594771 0.45 0.34109477124183013 0.45 0.3410947712418302 0.5046875 0.36683006535947715 0.5046875
0 0.3677260174570361 0.6219623602236422 0.3438426621979996 0.6207443091054312 0.3420944788991209 0.6764676517571886 0.36597783415815743 0.6776857028753994
0 0.37249394139678355 0.728429307116105 0.35005875009179716 0.7218281835205993 0.34002763090254845 0.7772501170411986 0.3624628222075348 0.7838512406367042
0 0.38141089068091505 0.8728610351836278 0.356983541944953 0.8552122757218952 0.33515147017595937 0.9043344372021308 0.35957881891192145 0.9219831966638634
0 0.4974530790909637 0.060025802752293585 0.4962489506505967 0.009362098623853217 0.46654261857648266 0.010509843272171252 0.46774674701684965 0.061173547400611615
0 0.5003480011034404 0.13803413859064542 0.4784334596482058 0.12189042638528935 0.4599795706262266 0.16261319110206093 0.48189411208146105 0.17875690330741703
0 0.497920892494929 0.3577729885057472 0.49414300202839756 0.2999712643678161 0.4676724137931034 0.3027837643678161 0.4714503042596349 0.3605854885057472
0 0.5050671817673785 0.48272614622057014 0.4805341436450665 0.47187403190830246 0.4652279685108245 0.5281242255266421 0.48976100663313654 0.5389763398389097
0 0.5053858722976371 0.6690224358974359 0.4790912518853696 0.6648317307692309 0.47308949220713936 0.7260496794871796 0.49938411261940685 0.7302403846153848
0 0.5076682902460348 0.9128204617834396 0.5058839140751843 0.8491182324840765 0.4793654510636527 0.8503257696390658 0.4811498272345031 0.914027998938429
0 0.5933426224371027 0.039805222602739825 0.5689872638553138 0.03865510844748868 0.5675189139582775 0.08920305365296814 0.5918742725400662 0.09035316780821928
0 0.5961121248986212 0.22263115875912412 0.5950506297409474 0.17255512469586373 0.5689590191307666 0.17345422749391723 0.5700205142884405 0.22353026155717762
0 0.604561871747976 0.32425094902386126 0.5791562105681028 0.30720241323210423 0.5611504543972324 0.3508213575560377 0.5865561155771056 0.3678698933477947
0 0.6087921065862242 0.5599919871794872 0.5829248366013072 0.5411458333333334 0.5626382604323781 0.5864102564102566 0.5885055304172951 0.6052564102564103
0 0.6069731308735341 0.7281392131594906 0.5794955944779369 0.722008287851223 0.57192292219091 0.7771806145138469 0.5994004585865074 0.7833115398221145
0 0.6039800868444264 0.9189356257208767 0.5837456464708145 0.9145546784890428 0.5761141076961351 0.971854815455594 0.5963485480697469 0.9762357626874281
0 0.7093351308519069 0.08650155953349618 0.6814848939304499 0.0844724708435043 0.6792665805134096 0.13396858896121516 0.7071168174348665 0.13599767765120702
0 0.7072340738870656 0.3023448676680973 0.7031704956660776 0.2436261623748212 0.67575037167943 0.24671092632331906 0.679813949900418 0.30542963161659514
0 0.7149844277755846 0.3991680648769576 0.6878824516383734 0.3930701202460851 0.6804760494801947 0.44658137583892626 0.7075780256174059 0.4526793204697988
0 0.7250912077752617 0.5760514585198451 0.6997702617304756 0.5499757535064163 0.6770992416662278 0.5857635780364073 0.7024201877110139 0.611839283049836
0 0.7210951319107297 0.8012461012476008 0.6931311392119228 0.7908949136276391 0.6817806537202213 0.8407424624120281 0.7097446464190282 0.8510936500319898
0 0.8057816069424318 0.054241788646911954 0.7802627387977683 0.04096156134713809 0.7655504395022319 0.08691910627156982 0.7910693076468954 0.10019933357134368
0 0.8046036146087828 0.22065561767838135 0.777726095763119 0.2076890308839192 0.7628421975819082 0.2578424520766775 0.7897197164275721 0.27080903887113966
0 0.8101457339692634 0.38432319819819843 0.7829835718071012 0.36636599099099115 0.7649549549549549 0.41069707207207223 0.7921171171171172 0.42865427927927946
0 0.8131975867269986 0.5793028846153848 0.787902212166918 0.5608733974358976 0.7672637003519357 0.6069230769230771 0.7925590749120162 0.6253525641025643
0 0.8166932480923031 0.7623470816076086 0.7924112849619059 0.7187744477680627 0.7652873275403117 0.7433466118269675 0.7895692906707089 0.7869192456665135
0 0.8104003125557796 0.8969981720898706 0.7831893506966995 0.8874573285880307 0.7711371542612786 0.9433356938795278 0.7983481161203586 0.9528765373813677
0 0.9322310206133736 0.07979807692307705 0.905735294117647 0.06787500000000009 0.8910294117647058 0.12100000000000008 0.9175251382604324 0.13292307692307706
0 0.9240196078431373 0.31093750000000014 0.8982843137254902 0.31093750000000014 0.8982843137254902 0.36614583333333345 0.9240196078431373 0.36614583333333345
0 0.9322844721908284 0.5822054170478805 0.929535248073002 0.5243686146691064 0.9051274748996887 0.5262546698688625 0.9078766990175151 0.5840914722476366
0 0.9363084448853454 0.8225640224859464 0.9352286459035 0.7674942744118259 0.9109382718317395 0.7682685300853633 0.9120180708135849 0.8233382781594838