0 0.1020087712904245 0.03689203841387858 0.07796137352090775 0.0328928516109046 0.0733054219209369 0.0784047785006196 0.09735281969045365 0.08240396530359358
0 0.12663398692810457 0.13697916666666668 0.10049019607843139 0.13697916666666668 0.10049019607843139 0.1859375 0.12663398692810457 0.1859375
0 0.15825980392156863 0.24534375 0.13126633986928105 0.24042708333333335 0.12589869281045754 0.2883333333333333 0.1528921568627451 0.29324999999999996
0 0.18060975609756103 0.35026778455284563 0.1528658536585366 0.3294065040650407 0.13723278335724534 0.36320452235772366 0.16497668579626976 0.3840658028455285
0 0.20864165729986267 0.44720508227176226 0.1812619686940594 0.436937699044586 0.17059421964114735 0.4831823911889597 0.19797390824695063 0.49344977441613597
0 0.2348123732251521 0.6067959770114941 0.22441570881226053 0.5575603448275861 0.2024121027721433 0.5651135057471264 0.21280876718503489 0.6143491379310344
0 0.04623022131104453 0.577685154155496 0.030805910389177994 0.5271154490616622 0.010205847307645097 0.5373296470062556 0.025630158229511635 0.5878993521000895
0 0.11744281045751631 0.6914062499999999 0.09210399846212998 0.6375612745098039 0.06681324490580548 0.6569087009803922 0.09215205690119181 0.7107536764705882
0 0.09879136204538984 0.7327009839947739 0.07266338268117968 0.7297398130001634 0.06954431699186298 0.7744789114813 0.09567229635607313 0.7774400824759106
0 0.27576582536128647 0.6886249279123415 0.24737346495691712 0.6876722895040371 0.24623758961485415 0.7427054498269897 0.2746299500192235 0.7436580882352942
0 0.3164860891381819 0.8289654645476773 0.28915975518161635 0.8237393031784842 0.2833738833756813 0.8729192135289324 0.31070021733224673 0.8781453748981255
0 0.2692095961925457 0.15409642359296047 0.24207648732955456 0.14766019776964628 0.23381515875212253 0.20427611517686012 0.2609482676151137 0.2107123410001743
0 0.32586745482506724 0.3671844362745098 0.3060866013071895 0.32755208333333335 0.28311707035755473 0.3461887254901962 0.30289792387543246 0.3858210784313726
0 0.312983284302926 0.4395471882573255 0.28901454280764965 0.4078551856135713 0.2680967022191119 0.4335729235514431 0.29206544371438825 0.4652649261951973
0 0.36392973856209154 0.5022395833333334 0.3380718954248367 0.49125000000000013 0.3271650326797386 0.5329687500000001 0.3530228758169935 0.5439583333333334
0 0.35734985818226667 0.5990762578616352 0.331776421260328 0.5897602201257862 0.32191083980762114 0.6337853773584906 0.34748427672955984 0.6431014150943397
0 0.40838079637909797 0.6920684744159264 0.38370162559923615 0.6913692312438304 0.38284087903012476 0.7407545656465943 0.4075200498099866 0.7414538088186904
0 0.40727124183006547 0.8125 0.3827614379084968 0.8125 0.3827614379084968 0.859375 0.40727124183006547 0.859375
0 0.39455167126332685 0.13918988365990206 0.3882854343043492 0.07869831758805693 0.36477914877170836 0.08265668736878935 0.371045385730686 0.14314825344063448
0 0.4383708844239171 0.25753537265842974 0.4133465927888359 0.25562101434834605 0.41069779512708493 0.3119079646605554 0.435722086762166 0.3138223229706391
0 0.48448875292209354 0.4593472475669101 0.45824268880301516 0.4584428223844283 0.4570845856590811 0.5130763381995134 0.4833306497781595 0.5139807633819952
0 0.5449346405228758 0.7104166666666667 0.5138888888888888 0.7104166666666667 0.5138888888888888 0.7661458333333333 0.5449346405228758 0.7661458333333333
0 0.46139705882352944 0.9554687500000001 0.44918300653594767 0.9087500000000001 0.4252859477124183 0.9189062500000001 0.4375 0.965625
0 0.5657679738562091 0.04479166666666676 0.5428921568627451 0.04479166666666676 0.5428921568627451 0.09687500000000009 0.5657679738562091 0.09687500000000009
0 0.6127874524070657 0.2627081912232833 0.6097100732061811 0.2097388017280582 0.5832274474137086 0.21223993860845838 0.586304826614593 0.26520932810368353
0 0.6613650686925806 0.4519676265142633 0.6565366181642646 0.40148617624071903 0.6318656663525121 0.4053222083821806 0.6366941168808281 0.4558036586557248
0 0.7046576122803861 0.5802398700305811 0.7034055135815794 0.5275578172782877 0.6777680338190322 0.5285483562691132 0.6790201325178389 0.5812304090214068
0 0.733251633986928 0.6619791666666667 0.7079248366013072 0.6619791666666667 0.7079248366013072 0.7119791666666667 0.733251633986928 0.7119791666666667
0 0.7700163398692811 0.8145833333333334 0.7446895424836601 0.8145833333333333 0.7446895424836601 0.8682291666666667 0.7700163398692811 0.8682291666666668
0 0.7177287581699346 0.06979166666666678 0.6911764705882353 0.06979166666666678 0.6911764705882353 0.12291666666666679 0.7177287581699346 0.12291666666666679
0 0.7624506720927364 0.27094929245283017 0.7539277346158589 0.21299331761006288 0.7268220495745468 0.21947327044025158 0.7353449870514244 0.2774292452830188
0 0.8169300512021895 0.46110108303249103 0.8123206743587927 0.4067392448856799 0.7813061867346215 0.41101421480144407 0.7859155635780183 0.4653760529482552
0 0.8650089742287244 0.6051565198618308 0.8623852822648922 0.5533058074265976 0.8367960310203529 0.5554107297063903 0.8394197229841851 0.6072614421416236
0 0.8991013071895425 0.6755208333333336 0.8725490196078431 0.6755208333333336 0.8725490196078431 0.7260416666666669 0.8991013071895425 0.7260416666666669
0 0.9327419940813167 0.8015225872459076 0.9068157889167542 0.7999851029861488 0.9048872787107289 0.8528503890088147 0.9308134838752915 0.8543878732685736
0 0.8784896548853087 0.1605181794055202 0.8769321635235836 0.10491573779193207 0.8488983597685359 0.10619227707006369 0.850455851130261 0.1617947186836518
0 0.9875507860801979 0.07523648648648654 0.9733041865394807 0.01620213963963971 0.9494214803038331 0.0255715090090091 0.9636680798445503 0.08460585585585594
0 0.9341086776431603 0.28395367350108747 0.9037381067680255 0.25913157230506384 0.8860781420365599 0.2942572421559492 0.9164487129116945 0.3190793433519728
0 0.9599673202614379 0.3916666666666668 0.934640522875817 0.3916666666666668 0.934640522875817 0.4427083333333334 0.9599673202614379 0.4427083333333334
0 0.9750069946441013 0.5882380241700641 0.9697909886144325 0.5427935716365755 0.9493554459252154 0.5466065448456611 0.9545714519548841 0.5920509973791498
0 0.58483905135245 0.9553172294289711 0.5764933119375183 0.9069498760015262 0.5553437482076641 0.9128823286277502 0.5636894876225957 0.9612496820551951
0 0.9693627450980392 0.9500000000000003 0.9436274509803921 0.9500000000000003 0.9436274509803921 0.9994791666666669 0.9693627450980392 0.9994791666666669
0 0.14913908723412295 0.9242714354527937 0.14278731723903434 0.871631141618497 0.1188749102723941 0.8763216522157996 0.1252266802674827 0.9289619460500963