0 0.04670292774644105 0.058918378995433805 0.031300362610797744 0.015714183789954338 0.004893567015847433 0.031018122146118723 0.020296132151490738 0.07422231735159819
0 0.19365562316880777 0.16363146551724142 0.17914694613477575 0.11738505747126439 0.15456671174216813 0.12992097701149427 0.16907538877620013 0.1761673850574713
0 0.05255555555555556 0.2643791666666667 0.04527450980392157 0.21332083333333338 0.020758169934640528 0.2190041666666667 0.02803921568627451 0.2700625
0 0.19649926008139107 0.3075491352201258 0.19027931927487976 0.26525353773584903 0.16924096682698236 0.2702830188679245 0.17546090763349365 0.3125786163522013
0 0.325354637608759 0.12884985403397026 0.3132818679488781 0.0765143975583864 0.2897724907372715 0.08533041401273886 0.3018452603971524 0.1376658704883227
0 0.34845890410958896 0.32590610730593617 0.3325946817082997 0.2719677511415526 0.30904736323753246 0.2832263127853881 0.32491158563882166 0.3371646689497717
0 0.21502276946281476 0.39729259122287974 0.18393713501179568 0.3809726331360947 0.1702319487952972 0.4234097633136095 0.2013175832463163 0.43972972140039457
0 0.07001541801487872 0.46500866831217674 0.06171325488352369 0.4090580189233662 0.03593993427178111 0.41527496180065815 0.044242097403136144 0.4712256111894687
0 0.2201797385620916 0.5317708333333333 0.19566993464052293 0.5317708333333333 0.19566993464052293 0.5880208333333333 0.2201797385620916 0.5880208333333333
0 0.09303948355298401 0.6808504098360655 0.08357843137254901 0.6295833333333334 0.05944364084431588 0.6368237704918033 0.06890469302475087 0.6880908469945354
0 0.23887879121686129 0.7746664325842697 0.22815230961298374 0.7154026217228465 0.20109284350444298 0.7233643492509364 0.21181932510832047 0.7826281601123596
0 0.10743464052287591 0.8302083333333332 0.07790295017089416 0.8189124617737001 0.06635635905738452 0.8679854740061163 0.09588804940936627 0.8792813455657492
0 0.24836601307189551 0.9369791666666667 0.2230392156862746 0.9369791666666667 0.2230392156862746 0.9942708333333333 0.24836601307189551 0.9942708333333333
0 0.39003582202111614 0.9422075320512823 0.3815987933634993 0.8884214743589746 0.35693187531422826 0.8947115384615386 0.3653689039718451 0.9484975961538462
0 0.37106472487718123 0.6708754403346545 0.3474565277454003 0.6669278401585206 0.3417554890736568 0.7223526254953766 0.3653636862054378 0.7263002256715104
0 0.3655562623883731 0.5241294677097714 0.34835653850434184 0.4717419753796595 0.32465583257386404 0.48439153819604236 0.34185555645789534 0.5367790305261544
0 0.4968473663975395 0.6107965686274511 0.47158785082660526 0.603639705882353 0.4621587850826607 0.6577389705882355 0.48741830065359487 0.6648958333333336
0 0.516767011092127 0.8645422717842324 0.5049968811867762 0.8082663381742738 0.47555460635153085 0.8182767116182572 0.48732473625688166 0.8745526452282157
0 0.4815320802877363 0.4564910009861933 0.47878524190741373 0.40570882642998024 0.451110917739877 0.408142258382643 0.4538577561201996 0.45892443293885604
0 0.4840901616237549 0.20954056842385516 0.48252926037294575 0.1597868410543131 0.45786284428574414 0.16104482827476035 0.4594237455365533 0.21079855564430244
0 0.6131535947712419 0.2916666666666668 0.5902777777777778 0.2916666666666668 0.5902777777777778 0.34218750000000014 0.6131535947712419 0.34218750000000014
0 0.628671610746083 0.4644032964309321 0.6047564625100978 0.4638488998127342 0.6039713280112664 0.5189064565432916 0.6278864762472516 0.5194608531614895
0 0.6350768777456337 0.6606926229508194 0.6329243008678881 0.6071741803278689 0.6068699774991964 0.6088777322404371 0.609022554376942 0.6623961748633878
0 0.6458333333333334 0.7447916666666666 0.6196895424836601 0.7447916666666666 0.6196895424836601 0.803125 0.6458333333333334 0.803125
0 0.6629217452746865 0.9896903153153154 0.651263027733616 0.9413795045045045 0.6245672142730966 0.9518524774774774 0.6362259318141672 1.0001632882882885
0 0.7622192613063122 0.7290827740492172 0.7551870860200903 0.678275307606264 0.7319767951923499 0.6834976230425056 0.7390089704785718 0.7343050894854587
0 0.7722559162024802 0.8528534764534148 0.74955028025427 0.8500152719598885 0.745880654241895 0.8977387582508255 0.7685862901901053 0.9005769627443516
0 0.7483660130718954 0.47500000000000014 0.7205882352941176 0.47500000000000014 0.7205882352941176 0.5338541666666666 0.7483660130718954 0.5338541666666666
0 0.7303402093014469 0.3547778179190751 0.7237523140277305 0.30018063583815024 0.7003617439268578 0.3047687861271676 0.7069496392005742 0.35936596820809247
0 0.7083441671000172 0.1713102899115965 0.7024607945102117 0.12442716458658352 0.6795187003558573 0.12910735179407182 0.6854020729456628 0.1759904771190848
0 0.6001386001386002 0.12244131150381164 0.5779727691492397 0.11172145703395711 0.5636375912111206 0.15990720287595295 0.5858034222004811 0.17062705734580746
0 0.9125200900032144 0.6676349043715848 0.9037179899282117 0.6199385245901639 0.8809720882888675 0.6267622950819671 0.8897741883638702 0.674458674863388
0 0.9305718954248365 0.8230625000000001 0.907826797385621 0.8013125000000001 0.8894444444444445 0.8325625000000001 0.9121895424836601 0.8543125000000001
0 0.8901143790849673 0.4218750000000001 0.8668300653594772 0.4218750000000001 0.8668300653594772 0.4734375000000001 0.8901143790849673 0.4734375000000001
0 0.8729575163398693 0.2125000000000001 0.8508986928104575 0.2125000000000001 0.8508986928104575 0.26458333333333345 0.8729575163398693 0.26458333333333345
0 0.7606209150326797 0.04791666666666679 0.7324346405228758 0.04791666666666679 0.7324346405228758 0.08697916666666679 0.7606209150326797 0.08697916666666679
0 0.861780297066079 0.0034605770744766005 0.8383117063547196 0.0028100889623682624 0.8373901284651791 0.05686063218390817 0.8608587191765386 0.05751112029601651