0 0.07810236707295531 0.040503941441441454 0.03933713124889595 0.0326998873873874 0.03035793146087264 0.10520692567567567 0.069123167284932 0.11301097972972975
0 0.1204423964155798 0.31126060520361987 0.11925609233135186 0.24017133295625945 0.090057448318694 0.24096342383107092 0.09124375240292194 0.3120526960784314
0 0.1800902504948305 0.4136951052150046 0.147752109382942 0.4111962488563587 0.14464858068875622 0.4764867337602929 0.1769867218006447 0.47898559011893876
0 0.04193334356660751 0.7774559649421374 0.02493720996453951 0.6972767046743817 0.0005010967400348142 0.7056972572044475 0.01749723034210281 0.7858765174722033
0 0.17437832888082405 0.567597472150814 0.14333761782347906 0.5648990467009426 0.1401003074751752 0.6254367502142245 0.17114101853252017 0.6281351756640959
0 0.23176279818187856 0.6130340524534686 0.20023597425433798 0.6101628595600678 0.19675856806343522 0.6722345600676819 0.2282853919909758 0.6751057529610828
0 0.08237955369815486 0.9424607629579981 0.07957669663039478 0.869796693476318 0.04978830450857733 0.8716645721626453 0.05259116157633742 0.9443286416443253
0 0.2139544877232194 0.7325330691615167 0.18898840912728873 0.7266564383535514 0.18126465127899033 0.7799986409933622 0.206230729874921 0.7858752718013274
0 0.28217223028543786 0.8091958454281569 0.25456490651412966 0.8063418450653123 0.2508768746976295 0.8643361453797777 0.27848419846893774 0.8671901457426223
0 0.3105702111940489 0.9396857405803379 0.3019544507567716 0.8880557961599538 0.28046016298824994 0.8938866933737549 0.28907592342552724 0.9455166377941391
0 0.23768044856637757 0.15601351239120329 0.19957039855341513 0.12733726164374462 0.1756956902088455 0.17891657946315867 0.21380574022180796 0.20759283021061728
0 0.28424097949682153 0.3698915525114156 0.26636225266362246 0.30910388127853883 0.24057659593517766 0.3214326484018265 0.2584553227683767 0.38222031963470326
0 0.3265231891843495 0.47402254566210045 0.29388821738741155 0.45841894977168945 0.27995456173336913 0.5057933789954338 0.3125895335303071 0.5213969748858447
0 0.39239536036741296 0.5313485889306404 0.35853694851981815 0.5196996829497417 0.3472705741134719 0.5729333020197276 0.3811289859610667 0.5845822080006263
0 0.4057632162524687 0.7475342328406096 0.369242709688436 0.7387486392803942 0.35996482069394736 0.8014439741606509 0.3964853272579801 0.8102295677208663
0 0.4681372549019609 0.9385416666666667 0.42034313725490197 0.9385416666666667 0.4203431372549021 0.9994791666666667 0.46813725490196095 0.9994791666666667
0 0.40958397871416674 0.039288319120287324 0.37919864235341055 0.03341842459605033 0.37240014198378335 0.09062780520646324 0.40278547834453954 0.09649769973070024
0 0.4438044426320499 0.18989655545927214 0.4092613359613053 0.18806145291738885 0.4072747816630985 0.24885001444251884 0.44181788833384306 0.25068511698440216
0 0.5089043189658937 0.37877644766147 0.4775354091153908 0.37367065701559027 0.471624670655196 0.4327041573867856 0.502993580505699 0.4378099480326653
0 0.5567569197701453 0.537707634228188 0.5280952537614599 0.532293763982103 0.5208837785673555 0.5943575223713647 0.5495454445760408 0.5997713926174498
0 0.6087972251201527 0.7387860959527058 0.5789591302642022 0.7359680536607549 0.5751617268098691 0.801330860618463 0.6049998216658197 0.804148902910414
0 0.6616852372348256 0.9417466581342436 0.6332675277164336 0.9374840017064848 0.6277911619710457 0.9968341154721275 0.6562088714894376 1.0010967718998862
0 0.5981237322515213 0.10858477011494255 0.5629789272030652 0.09066091954022995 0.5472025016903314 0.14094827586206907 0.5823473067387873 0.15887212643678167
0 0.6472182781158441 0.3177938218390805 0.63517692134325 0.2607693965517241 0.6150484561640749 0.2676788793103448 0.6270898129366689 0.32470330459770125
0 0.6792829311211663 0.45915464743589757 0.667687908496732 0.4049479166666667 0.6470871040723981 0.41211137820512816 0.6586821266968326 0.46631810897435905
0 0.7207757554409102 0.5316133396563268 0.6920250972515763 0.522590056163059 0.6807195559172862 0.581149227293015 0.70947021410662 0.590172510786283
0 0.7993847670043789 0.8078472904387689 0.7738364664791918 0.8004440897184022 0.7638286978183547 0.8565876719056976 0.7893769983435418 0.8639908726260643
0 0.8297959956612944 0.927818548079854 0.8060412445990285 0.927444630702022 0.8054717022946537 0.9862641121863255 0.8292264533569196 0.9866380295641574
0 0.823988721504862 0.1440205792682928 0.7939462776980711 0.129908536585366 0.780534632552208 0.1763224085365855 0.8105770763589989 0.1904344512195123
0 0.8657237733331696 0.28854362346065543 0.8357109019771549 0.2649084872677937 0.8178987050883806 0.301677950845335 0.8479115764443954 0.3253130870381967
0 0.8970588235294118 0.43177083333333344 0.8717320261437909 0.43177083333333344 0.8717320261437909 0.48489583333333347 0.8970588235294118 0.48489583333333347
0 0.9575185967573034 0.6567161602209947 0.9262370003249918 0.6546170004604053 0.9239101487740582 0.710984979281768 0.9551917452063698 0.7130841390423572
0 0.9252450980392157 0.009895833333333475 0.8970588235294118 0.009895833333333473 0.8970588235294118 0.06875000000000014 0.9252450980392157 0.06875000000000014
0 0.9673202614379085 0.14479166666666685 0.940359477124183 0.14479166666666682 0.940359477124183 0.1963541666666668 0.9673202614379085 0.19635416666666686