0 0.051492658294490026 0.03632172969875573 0.020560467146911152 0.011490054027504918 -0.003131139489194495 0.059465557465618865 0.02780105165838438 0.08429723313686968
0 0.16683006535947717 0.13739583333333336 0.13823529411764704 0.1165625 0.11666666666666668 0.16468750000000001 0.14526143790849677 0.18552083333333336
0 0.053662764311671614 0.4358905114884271 0.028667029406795674 0.38323645252576455 -0.00023872110087485335 0.40554332446359187 0.024757013804001086 0.45819738342625443
0 0.04667568176695967 0.20648706896551725 0.020965742618886653 0.1773491379310345 -0.0038483209375704116 0.21294181034482756 0.021861618210502604 0.24207974137931038
0 0.2084414648212226 0.23987438725490198 0.17930603613994614 0.2175857843137255 0.15894127258746632 0.2608609068627451 0.1880767012687428 0.2831495098039216
0 0.1719605635046812 0.35846706081081087 0.14409998233527646 0.33309403153153155 0.12033540893835014 0.3755137950450452 0.1481959901077549 0.40088682432432443
0 0.174983660130719 0.5335833333333334 0.1515522875816994 0.4937500000000001 0.12390522875816995 0.5201875000000001 0.14733660130718956 0.5600208333333334
0 0.05399363880389065 0.6067259306414454 0.02395553225534184 0.580005987025585 -0.0021011799893960294 0.6276246286528434 0.027936926559152784 0.6543445722687038
0 0.17337833081950726 0.6627701923076923 0.14671845148315735 0.6299509615384616 0.114192559074912 0.6729025641025641 0.1408524384112619 0.705721794871795
0 0.03635620915032687 0.7645833333333333 0.007352941176470662 0.7645833333333333 0.007352941176470665 0.8270833333333333 0.036356209150326876 0.8270833333333333
0 0.16259578544061307 0.8038613505747125 0.13083164300202849 0.7876616379310344 0.11189993238674793 0.8480064655172412 0.1436640748253325 0.8642061781609195
0 0.051136456976566845 0.9643132854578096 0.02991281491651119 0.9113205041891083 0.0026338871874302732 0.9290808273488927 0.023857529247485926 0.9820736086175942
0 0.32774375336169387 0.8282990440565254 0.29810431030267476 0.7941078293848712 0.2693424730657018 0.8346393131753949 0.2989819161247209 0.8688305278470492
0 0.3270225937806066 0.6651417364391013 0.2987417809545459 0.6408025619006728 0.2732495853644163 0.6889544869042509 0.301530398190477 0.7132936614426794
0 0.337554058091327 0.4878924300611966 0.31128323378808254 0.457041494941926 0.2840865957973049 0.49468941238915964 0.31035742010054934 0.5255403475084303
0 0.3354718321067619 0.269687444856185 0.306105047453956 0.2537743184224458 0.2873340928042295 0.3100871823716253 0.31670087745703546 0.3260003088053645
0 0.33155546547358095 0.100270386676876 0.30313585362680034 0.07885879275140381 0.2792753906054509 0.1303423302705462 0.3076950024522315 0.15175392419601838
0 0.4759481647330213 0.1163530853517878 0.4458833706492978 0.09590902537485582 0.4242966506094941 0.14751477797001156 0.45436144469321754 0.16795883794694352
0 0.4823959989401166 0.42131897522522527 0.4550377583465819 0.39640343468468475 0.4287614820703056 0.4433065878378379 0.45611972266384027 0.4682221283783784
0 0.47742448330683634 0.6093693693693695 0.44869060236707303 0.5827252252252253 0.4236950185479598 0.6265456081081083 0.45242889948772314 0.6531897522522525
0 0.4705224571110739 0.7708315208794685 0.4664949972396424 0.7133193939154274 0.4313164631032208 0.7173240931139933 0.4353439229746523 0.7748362200780343
0 0.4738580829885471 0.9337753249235473 0.445892921388739 0.9145761659021407 0.42594216585716865 0.9618167048929663 0.4539073274569766 0.9810158639143732
0 0.627859477124183 0.8020833333333334 0.5976307189542484 0.8020833333333334 0.5976307189542484 0.8578125 0.627859477124183 0.8578125
0 0.5982873809364474 0.8910605091012517 0.5725960037029602 0.8495689348691697 0.5449806486872338 0.8773659698521049 0.5706720259207211 0.9188575440841869
0 0.6381005162149787 0.6260615711252655 0.6094224844927356 0.6061173036093419 0.5885813454893636 0.654833466029724 0.6172593772116065 0.6747777335456476
0 0.6444664964677904 0.4441736028537456 0.6173643654846005 0.4112638723741578 0.5915139539763586 0.4458711107808166 0.6186160849595487 0.4787808412604043
0 0.6332573277825447 0.2955708063209076 0.6292134087562633 0.23541751080497028 0.6020553278037309 0.23838550108049703 0.6060992468300124 0.2985387965964344
0 0.647671568627451 0.1278645833333334 0.6233660130718954 0.09687500000000011 0.5982434640522877 0.1289062500000001 0.6225490196078431 0.1598958333333334
0 0.779369687789279 0.13758717811158813 0.7524299419338553 0.1164498390557941 0.7298065864400124 0.16332260371959956 0.7567463322954362 0.1844599427753936
0 0.7725447675972495 0.32367371437422576 0.7436432441625969 0.2953279894671625 0.7193612265228272 0.33557543370508064 0.7482627499574798 0.36392115861214397
0 0.7755690034125745 0.5004655235988201 0.7487022094973683 0.4704922566371683 0.717273266238649 0.5162887168141594 0.7441400601538551 0.5462619837758113
0 0.7676645941319131 0.6968032117353814 0.7378091630076985 0.6746720055241175 0.7148704368570387 0.7249766319725143 0.7447258679812534 0.747107838183778
0 0.755242672032423 0.9058565320232898 0.7223310357621943 0.9002615538573508 0.7150280417843994 0.9700964337700148 0.7479396780546281 0.9756914119359535
0 0.9172385620915033 0.8261458333333335 0.8829820261437908 0.8199062500000002 0.8749101307189542 0.8919479166666667 0.9091666666666666 0.8981875000000001
0 0.923905764491589 0.598924180327869 0.893810939676417 0.5669484289617486 0.8652161684345869 0.6106984289617486 0.8953109932497589 0.642674180327869
0 0.9260299430799651 0.45567394164310404 0.9047779102215814 0.40277155984919893 0.8765771977971205 0.42118800070688045 0.8978292306555042 0.4740903825007855
0 0.9261092630214928 0.2993370463133844 0.8990599513379477 0.2774505119079006 0.8746936005265976 0.32640472581070396 0.9017429122101427 0.3482912602161878
0 0.9340532440618524 0.13126514227642286 0.9063275147457356 0.09064989837398384 0.8765857643870557 0.12365497967479684 0.9043114937031723 0.16427022357723586