0 0.05143707278684871 0.09258318904279879 0.037963862511795704 0.04227518424791333 0.0172180175568718 0.051307216746581424 0.030691227831924812 0.10161522154146688
0 0.05325885932466293 0.21173871703853958 0.039258441713399345 0.15478701825557808 0.012949512123984142 0.16530077332657198 0.02694992973524772 0.22225247210953347
0 0.0518790849673203 0.32395833333333335 0.024101307189542516 0.32395833333333335 0.02410130718954252 0.3807291666666667 0.0518790849673203 0.3807291666666667
0 0.06340941353917132 0.5024132730015084 0.048474329399934936 0.44909502262443446 0.021302827314938048 0.4614677601809955 0.03623791145417443 0.5147860105580694
0 0.06396295215998825 0.6624412726984559 0.04519923941138292 0.6007026049449803 0.017021233616844825 0.6146243009328444 0.035784946365450154 0.67636296868632
0 0.05887102629087795 0.8405355897768803 0.04039250100886672 0.7788305142815927 0.013620997062029289 0.7918633691575303 0.03209952234404052 0.8535684446528179
0 0.060976097937318945 0.9750289996288047 0.046022752085243875 0.9205560968819598 0.019857126220941174 0.932232507423905 0.03481047207301625 0.9867054101707499
0 0.2213912211548428 0.031095513644806443 0.19398534524539918 0.013217959708529807 0.17418945003347816 0.06255023039005572 0.20159532594292182 0.08042778432633237
0 0.2207296380090498 0.22277644230769234 0.21139705882352947 0.16328125000000002 0.18405920060331826 0.1702524038461539 0.1933917797888386 0.22974759615384616
0 0.2307368837429391 0.32378275829562597 0.19997208913731407 0.30520244155354453 0.1812986129595126 0.35546521493212674 0.21206340756513767 0.3740455316742082
0 0.22730817441131707 0.49016723744292245 0.20288432267884324 0.47027197488584477 0.18382061957202972 0.5083164954337901 0.20824447130450358 0.5282117579908676
0 0.21924962292609357 0.5980288461538462 0.194211915535445 0.5940384615384616 0.18888888888888894 0.6483333333333334 0.21392659627953747 0.652323717948718
0 0.22875816993464052 0.7770833333333333 0.20644796380090497 0.7344150641025641 0.17986425339366513 0.757011217948718 0.20217445952740068 0.7996794871794871
0 0.2309833418323985 0.9564388386027538 0.2093138504764476 0.8982733618052013 0.17953379294944222 0.9163089091449941 0.2012032843053931 0.9744743859425464
0 0.3768484015023807 0.11649462669683258 0.3614974270251086 0.061691647812971366 0.32876223641794566 0.07659785067873306 0.34411321089521774 0.13140082956259427
0 0.39244464639788507 0.3217983380149813 0.3644075420430345 0.27852528089887646 0.3387759785562165 0.30552200374531846 0.366813082911067 0.3487950608614233
0 0.387711291413117 0.5569827586206898 0.383719292314627 0.4959051724137932 0.3549160468785215 0.49896551724137944 0.3589080459770115 0.560043103448276
0 0.3843954248366014 0.6942708333333333 0.3578431372549021 0.6942708333333333 0.3578431372549021 0.7604166666666666 0.3843954248366014 0.7604166666666666
0 0.39908808417393943 0.9390570809248555 0.3793614700215347 0.8900779744701348 0.3537893384714194 0.9068208092485548 0.3735159526238242 0.9557999157032755
0 0.5623593699774991 0.04854849726775967 0.5329877852780456 0.017341188524590243 0.5096498982106503 0.053048155737705 0.5390214829101039 0.08425546448087443
0 0.5739560769310116 0.3329103897656623 0.5524622330998398 0.27311842419894783 0.5253291416997216 0.28897432448589183 0.5468229855308935 0.3487662900526063
0 0.5696899321466795 0.5191573926868045 0.5539280630111079 0.47293571144674096 0.5269218180117834 0.4879065646528883 0.5426836871473548 0.5341282458929518
0 0.5314247140338286 0.5933859109052567 0.5293296223444943 0.530611726163579 0.501879675653964 0.5321010317818949 0.5039747673432983 0.5948752165235727
0 0.5431251248679967 0.7601159934497816 0.5133066472586123 0.7343176855895197 0.48992743385563836 0.7782459970887918 0.5197459114650227 0.8040443049490539
0 0.5415992659094672 0.9472350103123159 0.5158326785831204 0.9072793901001769 0.49249456461036567 0.9317455129149482 0.5182611519367125 0.9717011331270873
0 0.7050653594771242 0.8161458333333335 0.6764705882352942 0.7979166666666668 0.6559640522875817 0.8502083333333333 0.6845588235294118 0.8684375000000001
0 0.6697022036776674 0.9247313511950656 0.644502648142269 0.8907659502698535 0.6201122121940525 0.9201827936263172 0.645311767729451 0.9541481945515292
0 0.701441007967608 0.6402100191318529 0.6874687900502064 0.5856528744824991 0.66281938694434 0.5959150749592274 0.6767916048617415 0.6504722196085811
0 0.6699754901960784 0.3941145833333334 0.6388480392156862 0.38088541666666664 0.6254493464052288 0.4321354166666667 0.6565767973856209 0.4453645833333334
0 0.6604902117596877 0.22353696817018562 0.6324776071657069 0.2131677863083814 0.62027327725716 0.26676513515674993 0.6482858818511409 0.2771343170185541
0 0.6590724811937353 0.08959217767295602 0.6315706313972129 0.0656004323899372 0.6095372425699839 0.1066588050314466 0.6370390923665062 0.13065055031446543
0 0.7997321086233491 0.12588712198726693 0.7745075747443131 0.0885800363801728 0.748156191762744 0.117543840950432 0.7733807256417798 0.1548509265575261
0 0.7896241830065359 0.2447916666666668 0.7651143790849673 0.2447916666666668 0.7651143790849673 0.30833333333333346 0.7896241830065359 0.30833333333333346
0 0.7959309740156227 0.42137957317073177 0.7710226366969554 0.38168191056910583 0.7488043998087042 0.40434451219512213 0.7737127371273714 0.44404217479674807
0 0.8418581913639775 0.5262721994535521 0.8141339869281048 0.48385416666666653 0.7893027429551056 0.5102373633879781 0.8170269473909785 0.5526553961748635
0 0.8078073906014622 0.5713540040079118 0.7797504776426498 0.5373264431084741 0.7548682808538781 0.5706781568811162 0.7829251938126905 0.6047057177805539
0 0.8406190339469962 0.7545051228645966 0.8139781579550949 0.7197660260456115 0.7923982687411412 0.7466689545990071 0.8190391447330425 0.7814080514179922
0 0.9810038812859958 0.3463235124005184 0.9464631123595098 0.3161250115676477 0.923523786712538 0.3587778201924858 0.958064555639024 0.38897632102535645
0 0.8021769847947849 0.7628051853055917 0.7760594354777021 0.7369807921543128 0.7521836779792107 0.7762344224100562 0.7783012272962936 0.8020588155613352
0 0.8004292344217044 0.9287153537563821 0.775333501380129 0.8816608543034283 0.749489602551451 0.9040675145878923 0.7745853355930264 0.9511220140408461
0 0.9712072219122986 0.1435151036178432 0.94426709918249 0.0958086362838074 0.9175576974730884 0.12032786705303818 0.9444978202028969 0.168034334387074
0 0.9949543610547666 0.6114691091954024 0.967292089249493 0.5801185344827589 0.9404947036285779 0.6185560344827589 0.9681569754338516 0.6499066091954024
0 0.9915158371040725 0.8823717948717952 0.9687154348919056 0.8314983974358976 0.939152840623429 0.8530368589743592 0.9619532428355959 0.9039102564102567