0 0.15601993585538304 0.07334262701363074 0.13410689554632263 0.03702176270136307 0.10459338630123673 0.06596770446096654 0.12650642661029715 0.10228856877323421
0 0.14727232087803674 0.22011497641509437 0.11990226908373414 0.1962382075471698 0.09510343445554323 0.24244988207547172 0.12247348624984586 0.26632665094339625
0 0.14133986928104578 0.34114583333333337 0.1151960784313726 0.30781250000000004 0.08741830065359482 0.3432291666666668 0.113562091503268 0.3765625000000001
0 0.14371261831484816 0.47167602418558746 0.11888101736252249 0.43857662882527154 0.09138108188323041 0.4721145936163212 0.11621268283555608 0.5052139889766372
0 0.13640730274774818 0.6273050719847216 0.10946254144378482 0.5994500146907595 0.08515257505969924 0.637677436829734 0.11209733636366258 0.6655324941236962
0 0.13581207847450233 0.7632274768582163 0.10876503474637036 0.7339902105673173 0.0827281696291384 0.7731456500320777 0.10977521335727036 0.8023829163229768
0 0.12793177743073636 0.9428880899705017 0.10131080455781137 0.9040975294985252 0.07372100757707217 0.9348773967551623 0.10034198044999716 0.9736679572271388
0 0.37410130718954254 0.06333333333333331 0.34871788649453184 0.012090552805280493 0.32142221575098684 0.03407075082508252 0.34680563644599754 0.08531353135313534
0 0.3576747023010117 0.3259724600456621 0.35608436296893187 0.2712250285388128 0.3273323484645 0.2725827625570777 0.32892268779657985 0.32733019406392694
0 0.35923374915285394 0.41731107205623913 0.33647997863468765 0.372678676039836 0.31027588246780846 0.3943953207381371 0.33302965298597476 0.4390277167545403
0 0.3586141838106069 0.5623297451669597 0.3340404849696177 0.5141274897480962 0.30747742858127436 0.5361416227299357 0.3320511274222636 0.5843438781487992
0 0.35908748114630473 0.6973076923076924 0.33580945198592266 0.6453685897435899 0.3081385118149825 0.6655288461538462 0.33141654097536455 0.7174679487179488
0 0.3589017614119034 0.8367677939876217 0.3298974098923389 0.8113436671087533 0.3035325757181741 0.8602384504862953 0.3325369272377386 0.8856625773651636
0 0.3109311523598772 0.94782454847464 0.28214738543742407 0.9208397669848402 0.25453199715222047 0.9687248502713831 0.2833157640746736 0.995709631761183
0 0.5546874502157053 0.06615852832845845 0.526430946660974 0.04187943478496372 0.5016803195116201 0.08870602453688663 0.5299368230663514 0.11298511808038135
0 0.547390134691077 0.22436982044198908 0.5201517531506156 0.1857821132596686 0.49225661719568103 0.21779178176795588 0.5194949987361426 0.25637948895027635
0 0.5412581699346405 0.34270833333333345 0.514501633986928 0.3085937500000001 0.48794934640522875 0.3424479166666668 0.5147058823529411 0.37656250000000013
0 0.5396241830065359 0.48229166666666673 0.5132761437908496 0.44869791666666675 0.48754084967320255 0.4815104166666667 0.5138888888888888 0.5151041666666667
0 0.5359477124183007 0.64375 0.5151960784313726 0.5908333333333334 0.4870915032679739 0.60875 0.5078431372549019 0.6616666666666667
0 0.5236147475805357 0.8229596315529181 0.5212098291344234 0.7601010756676558 0.4956052054847656 0.7616935583580613 0.498010123930878 0.8245521142433235
0 0.5355296406428522 0.9359222030029183 0.5093094801697391 0.9204450249458723 0.49086886943424657 0.9712304669114187 0.5170890299073597 0.9867076449684646
0 0.7136054183861416 0.18325592053111397 0.6867835521049481 0.14734814704716623 0.6595692180954822 0.18039412405866048 0.6863910843766756 0.21630189754260823
0 0.7024561388833122 0.34845971985210483 0.6771621048874612 0.30760985494880555 0.650712290035468 0.33423368174061446 0.676006324031319 0.3750835466439137
0 0.7080744092508798 0.47426602564102577 0.6795242584213174 0.4416963141025643 0.6552400703871293 0.47630128205128225 0.6837902212166918 0.5088709935897437
0 0.707984616610872 0.6449568089430893 0.6824784791965566 0.6189405487804878 0.6563346883468834 0.6606072154471544 0.6818408257611986 0.6866234756097559
0 0.7025124509176672 0.767897272872681 0.6773126717097588 0.7502259277031352 0.6554232057506304 0.8009696896992964 0.6806229849585389 0.8186410348688421
0 0.7060457516339871 0.917604166666667 0.678822142064373 0.8938551493710694 0.6537327352324579 0.9406082940251573 0.6809563448020719 0.964357311320755
0 0.9749002645298153 0.039230179588261055 0.9457821236247453 0.00015056942619366963 0.9184917506205283 0.03320603372755168 0.947609891525598 0.07228564388961907
0 0.969792238083696 0.14778586532205593 0.9467275876952388 0.11165673796356532 0.9190367184609693 0.14039406446540875 0.9421013688494267 0.17652319182389936
0 0.9186758055717114 0.21165114585728523 0.8951772400536824 0.17681315628113736 0.871300516834311 0.20299398329117804 0.89479908235234 0.2378319728673259
0 0.958745363010069 0.2965478603603605 0.9322412118000352 0.2642911036036037 0.9059123829712064 0.2994588963963965 0.93241653418124 0.3317156531531534
0 0.9156158126199674 0.5088832094175962 0.8914856525013969 0.46888746902106576 0.8595636829700901 0.5001955545229244 0.8836938430886605 0.5401912949194548
0 0.9052287581699346 0.6739583333333334 0.8786764705882353 0.6401041666666668 0.8482434640522876 0.6789062500000003 0.8747957516339869 0.7127604166666669
0 0.8953767781622454 0.8429840686274512 0.8660755478662054 0.8401102941176473 0.8618079584775088 0.9108455882352943 0.8911091887735486 0.9137193627450982
0 0.7920521522218354 0.5290537475345167 0.7759937347720152 0.4943091715976331 0.7329492980624202 0.526650147928994 0.7490077155122403 0.5613947238658776