0 0.07468577174459529 0.2629967948717949 0.04869281045751636 0.20500000000000002 0.010463800904977375 0.2328525641025641 0.03645676219205631 0.29084935897435904
0 0.04311969839773804 0.41113189208294065 0.010225893687666753 0.39760298853283066 -0.009709978870593132 0.4763995248193528 0.02318382583947816 0.48992842836946277
0 0.21552287581699353 0.42302083333333335 0.19542483660130722 0.3717708333333334 0.165359477124183 0.39093750000000005 0.18545751633986932 0.44218750000000007
0 0.2655544722493049 0.37784875690607733 0.2393068645506085 0.3477296270718232 0.2087779402737154 0.3909789364640884 0.23502554797241182 0.4210980662983425
0 0.22606808040502863 0.6030218590444931 0.19890572932309333 0.5794721006564553 0.17111275582443053 0.6315839259664481 0.19827510690636585 0.6551336843544859
0 0.1681607417438246 0.7835438892008235 0.14488170338320622 0.7347142288976231 0.10523871255408403 0.7654375467901926 0.1285177509147024 0.8142672070933931
0 0.19228120080148844 0.8744468521897809 0.17340239015314154 0.8228672445255474 0.13496046228710462 0.8457401916058395 0.1538392729354515 0.897319799270073
0 0.423965673616477 0.8563947246547662 0.3997723205145986 0.8278616888402383 0.36638730938653674 0.8738788663410803 0.3905806624884152 0.9024119021556082
0 0.45510306686777274 0.7091987179487179 0.43197586726998494 0.6575961538461539 0.39515460030165916 0.684423076923077 0.41828179989944697 0.736025641025641
0 0.4784634071463847 0.46840112321307015 0.4665755682804094 0.4123202433628318 0.43542081003038835 0.42305600465169046 0.4473086488963636 0.4791368845019288
0 0.5027489684468042 0.32525032402685705 0.47744237717184435 0.28471111146523875 0.4440290734685851 0.3186187956824749 0.4693356647435449 0.35915800824409316
0 0.5240476752334777 0.14807850109409199 0.49637135123925574 0.12408312819110151 0.46719556714005805 0.1787877233770971 0.49487189113428015 0.2027830962800876
0 0.44392884554117074 0.13993914635647473 0.4180496423089177 0.10938730920728708 0.3855494130197623 0.154140124938454 0.4114286162520154 0.18469196208764163
0 0.2824754901960784 0.18828125 0.27865484429065746 0.12495404411764707 0.24473039215686276 0.12828125 0.2485510380622837 0.19160845588235292
0 0.2589869281045752 3.6835079505603987e-17 0.21160130718954248 3.3135625633179686e-17 0.21160130718954248 0.048437500000000036 0.2589869281045752 0.04843750000000004
0 0.0959967320261438 1.1066469773545092e-17 0.0457516339869281 7.143772995026227e-18 0.04575163398692811 0.06510416666666667 0.0959967320261438 0.06510416666666669
0 0.6376922892276882 0.2938854275970621 0.6097634576740805 0.2655299055613852 0.579093197264915 0.3146379853095489 0.6070220288185229 0.34299350734522577
0 0.6503451567893074 0.1981917134831462 0.6248889256076962 0.14508075842696636 0.5924533671146361 0.1703534644194757 0.6179095982962474 0.2234644194756555
0 0.6098039215686274 0.4695833333333334 0.5959087481146305 0.40462339743589754 0.5611362493715434 0.4167147435897437 0.5750314228255403 0.48167467948717957
0 0.6051711916382138 0.5872133574716517 0.5737792703249484 0.5501905102728192 0.543545421424436 0.5918641938924443 0.5749373427377014 0.6288870410912767
0 0.5987302802963549 0.7092339090718186 0.5705258198757592 0.6743006702365952 0.5416805634475544 0.712160069298614 0.56988502386815 0.7470933081338375
0 0.555409714930191 0.902545830416521 0.5351746856133656 0.8531579052910981 0.5035951143962427 0.8741913137323535 0.523830143713068 0.9235792388577764
0 0.6069509259792718 0.9146532198824683 0.5910235543776767 0.8592694049951031 0.5537547291198556 0.8766925808031343 0.5696821007214508 0.9320763956904997
0 0.7281087864699143 0.8726943728522338 0.6995578128158478 0.8427158505154642 0.6663525032005928 0.8941247852233679 0.6949034768546594 0.9241033075601376
0 0.7522561459999955 0.646539454592011 0.7211272724635546 0.6258679370092183 0.6963476012915693 0.6865285720382384 0.7274764748280101 0.7072000896210311
0 0.7809502745871525 0.47596924309664707 0.7638018718335461 0.42287043885601583 0.7266141663766099 0.4423939842209073 0.7437625691302163 0.49549278846153855
0 0.8082442858800325 0.26294834812623286 0.7802410372432997 0.24190840729783045 0.7531271029121708 0.30057310157790945 0.7811303515489035 0.3216130424063118
0 0.773566035609646 0.20847701149425302 0.7463178949740815 0.16939295977011498 0.7131028848320936 0.2070366379310345 0.7403510254676583 0.24612068965517253
0 0.8334857258965763 0.04646750863557874 0.8075535913847406 0.027180483592400804 0.7816701378306073 0.08375431778929202 0.8076022723424431 0.10304134283246995
0 0.6663518618456556 0.08303707951070347 0.6388982580799902 0.06418912461773706 0.6184884121844456 0.11251672400611623 0.6459420159501109 0.13136467889908265
0 0.9949181706281097 0.30594192086648986 0.9836796345417034 0.23787853669319187 0.9499781123766924 0.2469247347480106 0.9612166484630987 0.3149881189213087
0 0.9666669424118087 0.528648093458695 0.9583490901985996 0.4604714119254259 0.9232418095814346 0.46743435591449695 0.9315596617946438 0.5356110374477662
0 0.9468137254901962 0.6971875 0.9241013071895424 0.6392708333333333 0.8891339869281045 0.6615625000000002 0.9118464052287582 0.7194791666666667
0 0.9186440459141194 0.8636287900687354 0.9063490736437184 0.7990801856491296 0.8763986821040484 0.8083541104580203 0.8886936543744496 0.8729027148776259
0 0.9063439882492832 0.9917013476020612 0.8910444498845913 0.9280472156163299 0.8562554887194672 0.9416401605231869 0.8715550270841591 1.005294292508918