0 0.07967211780977952 0.07115102005532505 0.04753478154747377 0.060224325726141094 0.037290158110270394 0.10920643153526971 0.06942749437257614 0.12013312586445367
0 0.050242095858431576 0.13038160419728892 0.008271608496411807 0.1256249489629267 0.005029253249560497 0.1721324820349502 0.04699974061158027 0.17688913726931246
0 0.1152220284619936 0.35519427166049056 0.09355418539393877 0.2901907424563261 0.0629850493223582 0.30675539306511385 0.08465289239041301 0.3717589222692783
0 0.11218041138023842 0.518765318627451 0.0743031526336025 0.4880330882352941 0.05389994232987314 0.5289123774509804 0.09177720107650907 0.5596446078431373
0 0.14061114973094857 0.6861839945601201 0.10740360672500113 0.6688138951416247 0.09099569296861504 0.7198066146126433 0.12420323597456248 0.7371767140311388
0 0.20251977525268394 0.7956293356456778 0.1746879381421726 0.7675365750622554 0.151420190986391 0.8050098941657775 0.17925202809690233 0.8331026547491998
0 0.07514705882352943 0.9503750000000001 0.0700653594771242 0.9050208333333334 0.029289215686274517 0.9124479166666667 0.03437091503267976 0.9578020833333335
0 0.20833333333333343 0.946875 0.15931372549019618 0.946875 0.15931372549019618 0.9994791666666667 0.20833333333333343 0.9994791666666667
0 0.427652836010904 0.8740219213126323 0.39792280709037314 0.8282190955069395 0.3700331755849834 0.8576474653022818 0.3997632045055142 0.9034502911079746
0 0.37168446145581524 0.6020084189497719 0.34019943593875906 0.5837614155251143 0.32213884412212374 0.6344213755707763 0.35362386963917986 0.652668378995434
0 0.30417147251057286 0.6817463235294118 0.30027153018069974 0.6171047794117648 0.2681276432141484 0.6202573529411766 0.2720275855440215 0.6848988970588236
0 0.2853349673202615 0.4627604166666668 0.2561274509803922 0.42552083333333346 0.2312091503267974 0.45729166666666676 0.2604166666666667 0.49453125000000014
0 0.24333168098700153 0.0073216292134831865 0.21156862745098037 0.003875000000000032 0.20745905852977894 0.0654414794007491 0.2392221120658001 0.06888810861423225
0 0.3023561614426793 0.3707230839416059 0.26968834979247175 0.3555770985401461 0.2546962215543152 0.40814324817518255 0.28736403320452275 0.42328923357664244
0 0.2761231275908548 0.1931298638132296 0.24298561837186233 0.19048921854734113 0.239867055771725 0.2541078955901427 0.27300456499071746 0.25674854085603116
0 0.49162195353130744 0.16521844787725945 0.460856431685747 0.15359591740226994 0.44741364389387533 0.2114419136191678 0.47817916573943575 0.2230644440941573
0 0.5090888899279904 0.06128858638049826 0.4835211509086942 0.048446608373079056 0.46812166838118396 0.09828762586115536 0.4936894074004802 0.11112960386857455
0 0.5352562702883678 0.4185377227171492 0.5180866704514026 0.3559913233110616 0.4902106351077922 0.3684310040831477 0.5073802349447575 0.43097740348923536
0 0.568426164686925 0.5710456836409582 0.5359364026867612 0.5593217836739179 0.5231503472626141 0.6169229633597012 0.5556401092627777 0.6286468633267414
0 0.6120490924607637 0.7754130175159236 0.5777249594105158 0.7625414676220806 0.5657822842512801 0.8143129644373676 0.600106417301528 0.8271845143312103
0 0.7866259711431743 0.7764642295597485 0.7499306326304108 0.7504716981132078 0.7316446232581083 0.7924380896226417 0.7683399617708718 0.8184306210691824
0 0.817936203590727 0.9305273516936844 0.7865536575445937 0.8865917872290977 0.7621666091339216 0.9149090697809541 0.793549155180055 0.9588446342455408
0 0.989912299728151 0.8789477323008852 0.956571569517301 0.8545274208645338 0.9355413568876609 0.9012028094508738 0.968882087098511 0.9256231208872252
0 0.9428745474033221 0.6321403000871623 0.8993305048329878 0.628337652533931 0.8962999687485502 0.6847510817457354 0.9398440113188845 0.6885537292989666
0 0.8044482545125494 0.6873711869552797 0.7703264331879345 0.6651126500214318 0.7531615160709234 0.707888403700529 0.7872833373955384 0.7301469406343767
0 0.7261402703726364 0.5581770059435365 0.6964741815497868 0.5384426077265975 0.6787236935388321 0.5818203628033681 0.7083897823616817 0.6015547610203071
0 0.904353274871462 0.4568174795588518 0.8776700259871963 0.41649612568929484 0.8509073148179217 0.44528694856436607 0.8775905637021874 0.48560830243392306
0 0.7614241571215945 0.4703836633663368 0.7312237106063547 0.4460643564356437 0.7091794473565003 0.49056621287128727 0.7393798938717401 0.5148855198019804
0 0.6948418834825272 0.3894024921915671 0.6685273363206119 0.37219682673954557 0.6507542197861272 0.4163852377234081 0.6770687669480425 0.4335909031754296
0 0.7133332355798585 0.2732838625556068 0.682325081436164 0.2567341616812396 0.6672402163810761 0.3026801464948613 0.6982483705247707 0.3192298473692286
0 0.8939950980392157 0.1950520833333335 0.8588235294117645 0.18010416666666673 0.8450980392156862 0.23260416666666675 0.8802696078431373 0.24755208333333348
0 0.6278971035976842 0.05831613843952909 0.5925976723912851 0.05667952844723239 0.5908245079697996 0.11885110597556957 0.6261239391761987 0.12048771596786627