0 0.04468109082713548 0.3507543103448276 0.017614660806851524 0.3359644396551725 0.003373619562767683 0.3783315373563219 0.030440049583051635 0.39312140804597706
0 0.10627842159307621 0.7008377493765585 0.07463775202516591 0.6988206566916042 0.07275622218962403 0.7467996674979218 0.10439689175753435 0.7488167601828761
0 0.29646353700539696 0.6794454529737206 0.2647414775038647 0.6560295643153528 0.24712187779676195 0.6948327282157675 0.27884393729829426 0.7182486168741355
0 0.12347787833081957 0.6349326923076922 0.09368149824032182 0.6328221153846152 0.09160256410256415 0.6805336538461538 0.12139894419306191 0.6826442307692308
0 0.16544117647058834 0.9244791666666666 0.1352124183006537 0.9244791666666666 0.1352124183006537 0.978125 0.16544117647058834 0.978125
0 0.330885170160018 0.8802693965517242 0.3281031665539779 0.8199694683908044 0.3000859251746676 0.8220707614942527 0.3028679287807077 0.8823706896551724
0 0.24656862745098035 0.5735416666666667 0.23780276816608997 0.5232475490196078 0.21384083044982696 0.5300367647058822 0.2226066897347174 0.5803308823529412
0 0.19771241830065364 0.3859375 0.17320261437908502 0.3859375 0.17320261437908502 0.43802083333333336 0.19771241830065364 0.43802083333333336
0 0.16589122961756791 0.31315924163783165 0.1589288339326503 0.26088325403690893 0.13890415451070856 0.2652187860438293 0.1458665501956261 0.31749477364475204
0 0.12073847410165453 0.191476735947095 0.09706110045970838 0.16395178908833258 0.07900813057076084 0.18919682923948988 0.102685504212707 0.2167217760982523
0 0.07893937724902696 0.08820950374531834 0.07544301241095688 0.035829588014981276 0.048719247998825 0.038729400749063676 0.052215612836895055 0.09110931647940075
0 0.21162608602077454 0.0846584344309648 0.18588442020366783 0.083290908434431 0.18406565399123254 0.13894515453495088 0.20980731980833928 0.1403126805314847
0 0.25417651814710646 0.27031726437976444 0.22497180438356915 0.2687974272349273 0.22320227467286294 0.32407311157311164 0.25240698843640025 0.3255929487179488
0 0.3228254901960785 0.5257175 0.30956209150326797 0.4677375 0.2909267973856209 0.47466749999999996 0.30419019607843134 0.5326474999999999
0 0.37746552959083174 0.7165824771689498 0.3731030083266183 0.6637414383561642 0.35079684841973313 0.6667351598173514 0.35515936968394657 0.719576198630137
0 0.4347210914354207 0.7512993800461362 0.4075588857226859 0.7407592632641292 0.3979910158988625 0.780841803633218 0.42515322161159735 0.7913819204152248
0 0.45769227658059913 0.9115588902640265 0.4493148579563838 0.864256394389439 0.4269595709570957 0.870692553630363 0.435336989581311 0.9179950495049505
0 0.6166307986609278 0.8970782520325203 0.6139360997682376 0.857567229518449 0.5892929404407167 0.8602994058786743 0.5919876393334069 0.8998104283927456
0 0.5622211138284635 0.8147998723559445 0.5553133178873298 0.7685608132749818 0.533538743725061 0.7738489241429615 0.5404465396661945 0.8200879832239242
0 0.5113642451516127 0.6343835382513663 0.5074333011893283 0.5792520491803279 0.48408202078645657 0.581958674863388 0.488012964748741 0.6370901639344263
0 0.46405228758169936 0.4218750000000001 0.4383169934640523 0.4218750000000001 0.4383169934640523 0.4739583333333334 0.46405228758169936 0.4739583333333334
0 0.4285133888052247 0.19081854473752266 0.40113872029287534 0.18284078419963798 0.3931120288818915 0.2276146722265322 0.4204866973942408 0.23559243276441688
0 0.3697430696416497 0.0002227011494253454 0.34722785665990535 -0.002169540229885003 0.34436837953572236 0.04158045977011499 0.3668835925174667 0.043972701149425336
0 0.5171977124183006 0.06057291666666667 0.5034722222222222 0.008072916666666667 0.4814133986928105 0.017447916666666636 0.49513888888888896 0.06994791666666664
0 0.565359477124183 0.20260416666666672 0.5383986928104575 0.20260416666666672 0.5383986928104575 0.25572916666666673 0.565359477124183 0.25572916666666673
0 0.605443450703529 0.3847343040847201 0.5953577220096309 0.33115387039838634 0.5692318531043279 0.339148386283409 0.579317581798226 0.3927288199697428
0 0.645936856477751 0.532730450913242 0.6443616259289104 0.47850313926940635 0.6158815695227863 0.4798480308219178 0.6174568000716268 0.5340753424657534
0 0.6948740089918529 0.6959791527126592 0.6870904088360058 0.642105520205403 0.6610248698720389 0.6482274921857557 0.668808470027886 0.7021011246930119
0 0.7262248255877987 0.8357450246949448 0.7153371178027671 0.7852656522370716 0.6894363836954499 0.7943470971334496 0.7003240914804814 0.844826469591323
0 0.7600893204370679 0.9516584692898272 0.7392250950284145 0.9131315978886756 0.7171483948665838 0.9325669785668586 0.7380126202752373 0.9710938499680102
0 0.8789102564102564 0.8373429487179488 0.852394419306184 0.8354647435897438 0.8503343388637508 0.8827435897435898 0.8768501759678232 0.8846217948717948
0 0.9402228651023253 0.9059784836065574 0.910950391085396 0.8896499316939893 0.8964936247723133 0.931781079234973 0.9257660987892427 0.9481096311475412
0 0.8468137254901961 0.7270833333333335 0.8406862745098039 0.7270833333333335 0.8406862745098039 0.7416666666666669 0.8468137254901961 0.7416666666666669
0 0.8858351395399634 0.7206726649528706 0.8568581245694507 0.7110941516709511 0.8472027949997479 0.7585776831619538 0.8761798099702607 0.7681561964438733
0 0.8360861329669872 0.7185874469214439 0.8277040442177196 0.7129766862649028 0.8168769794378634 0.7392709864445534 0.825259068187131 0.7448817471010944
0 0.884858599730424 0.8487196011673154 0.8588314768190028 0.8346412937743192 0.8460495028102034 0.8730556906614787 0.8720766257216246 0.8871339980544749
0 0.8513636906802996 0.6365775702172761 0.8482606741689785 0.5871232445680974 0.8230462296206239 0.5896951179120296 0.826149246131945 0.6391494435612083
0 0.8108415032679736 0.46844791666666674 0.7849346405228758 0.46372916666666675 0.7797140522875816 0.5103229166666667 0.8056209150326795 0.5150416666666667
0 0.7698736458053543 0.43727525684931534 0.7446363819500404 0.4226491152968039 0.732409459217477 0.456945633561644 0.7576467230727909 0.47157177511415543
0 0.7297699849170437 0.2730128205128206 0.6991515837104072 0.26813301282051294 0.6938348416289593 0.3223637820512822 0.7244532428355958 0.3272435897435899
0 0.6754998077662437 0.13505514705882357 0.6664648212226066 0.08321691176470584 0.6417675893886966 0.09021446078431368 0.6508025759323337 0.1420526960784314
0 0.8563773548635139 0.10137867647058822 0.844963475586313 0.043167892156862744 0.8198769703960014 0.051164215686274515 0.8312908496732025 0.109375
0 0.9100950894218404 0.30609047498309677 0.9035574845218681 0.24496386916835708 0.8774352371103951 0.24950557809330637 0.8839728420103673 0.31063218390804603
0 0.9791778583579551 0.5102811073059361 0.9625581967946997 0.4537742579908676 0.9401300474527711 0.4644977168949772 0.9567497090160265 0.5210045662100458
0 0.9995915032679739 0.04791666666666682 0.9746732026143791 0.047916666666666816 0.9746732026143791 0.09895833333333348 0.9995915032679739 0.09895833333333348