0 0.0495336852689794 0.5269439102564103 0.016649698340874826 0.506891826923077 -0.0014140271493212403 0.5550480769230769 0.031469959778783335 0.5751001602564102
0 0.08929066539531842 0.7073113360062081 0.054879306438906046 0.693731138989481 0.040327059432153686 0.7536752026211417 0.07473841838856606 0.7672553996378687
0 0.13158465581495463 0.9124678653957251 0.10198372243178042 0.8915897602541885 0.07928404753004617 0.9439081455805893 0.10888498091322038 0.964786250722126
0 0.2514395486149432 0.41644592323327084 0.22108134373198943 0.40717811913696067 0.20949206918539778 0.468891006097561 0.23985027406835155 0.47815881019387124
0 0.28730288604581977 0.592854929088565 0.2567904529658735 0.5824343883268868 0.24411806029562477 0.6427549774372707 0.27463049337557105 0.6531755181989488
0 0.30964052287581706 0.7505208333333333 0.275326797385621 0.7505208333333333 0.275326797385621 0.8130208333333333 0.30964052287581706 0.8130208333333333
0 0.3508986928104576 0.9333333333333333 0.31944444444444453 0.9333333333333333 0.31944444444444453 0.9994791666666667 0.3508986928104576 0.9994791666666667
0 0.3884490954353286 0.721219255442053 0.3538426710827831 0.6972392603064576 0.33468088074339547 0.7421928204426609 0.36928730509594093 0.7661728155782563
0 0.430114726536411 0.9063967439456587 0.39699765759818406 0.8918101803996852 0.38189425701369356 0.9475536522937589 0.41501132595192053 0.9621402158397324
0 0.5433006535947713 0.9026041666666668 0.5103919487115441 0.8902634023354565 0.5000754548103743 0.9349854033970277 0.5329841596936015 0.9473261677282381
0 0.5024639898422214 0.7145269373673038 0.4719659360559511 0.7030901671974523 0.4594898734440698 0.7571738986199577 0.4899879272303401 0.768610668789809
0 0.45083692013390736 0.5616463414634147 0.44097919655667156 0.502992886178862 0.39782201498485575 0.5147840447154473 0.40767973856209155 0.5734375
0 0.4595328307701737 0.31693318821165445 0.4306665035963035 0.29157893084393843 0.4091565376988036 0.33138971450100474 0.4380228648726738 0.3567439718687207
0 0.41533402978677814 0.3104764344262295 0.38363200471445413 0.2767930327868852 0.36032760098574956 0.31244877049180336 0.39202962605807357 0.3461321721311476
0 0.21628340826776574 0.21845309182590236 0.1899652907872279 0.20858379777070066 0.17812018650347616 0.2599323248407644 0.204438303984014 0.26980161889596604
0 0.16575801052128167 0.025198170731707336 0.13663318986131037 0.017240853658536597 0.12778574844571972 0.06988313008130081 0.15691056910569104 0.07784044715447157
0 0.2655729819364802 0.03812809339358731 0.23641517614147015 0.019008903593716417 0.21993395486018807 0.05986859802022814 0.24909176065519814 0.07898778782009903
0 0.3631535947712418 0.04270833333333339 0.3342320261437909 0.024270833333333373 0.31723856209150325 0.0676041666666667 0.34616013071895424 0.08604166666666672
0 0.4108660130718954 0.09604166666666672 0.3824346405228758 0.0779166666666667 0.36462418300653593 0.12333333333333339 0.39305555555555555 0.1414583333333334
0 0.5678921568627452 0.09239583333333332 0.5466503267973857 0.038229166666666654 0.5131535947712418 0.05958333333333335 0.5343954248366013 0.11375000000000002
0 0.6150781277558569 0.31724231399383185 0.5839637159155618 0.27971581052428685 0.5585492035416069 0.3139709425597533 0.5896636153819019 0.3514974460292983
0 0.48695239357004066 0.5023733108108108 0.45712771595124535 0.4906728603603604 0.4428811164105281 0.5497072072072072 0.47270579402932345 0.5614076576576577
0 0.6440512886377259 0.46521788573508016 0.6153405685418273 0.46033706331877744 0.609022247909353 0.5207560043668124 0.6377329680052516 0.5256368267831151
0 0.7076434787398105 0.6762927200374533 0.6737713887052947 0.6571772003745319 0.6556162333847396 0.7094741338951311 0.6894883234192554 0.7285896535580526
0 0.5813028535191178 0.8332151869437976 0.5369704547291054 0.8032404400346416 0.4861777178171035 0.9253606917816402 0.5305101166071159 0.9553354386907962
0 0.763699516711945 0.9156881147969862 0.7293876721192174 0.9045879770126971 0.7183533016248217 0.960035688747035 0.7526651462175493 0.9711358265313241
0 0.5746576615059769 0.8411928799149841 0.5299409437880714 0.8215329436769394 0.4993622936244991 0.9345975026567482 0.5440790113424046 0.9542574388947929
0 0.5711674237530648 0.8405563673397095 0.5360562397116126 0.8251195536663123 0.5228723441200781 0.8738670076160114 0.5579835281615303 0.8893038212894084
0 0.8841511690586887 0.5839347079037803 0.854368809379422 0.5693298969072167 0.8390922949935988 0.6199715420962201 0.8688746546728656 0.6345763530927837
0 0.8672619834892922 0.3904089376053964 0.8345443573719539 0.37589938167509845 0.8207009335493612 0.42664418212478933 0.8534185596666997 0.44115373805508723
0 0.8235249424350337 0.37405862509117455 0.7935469136597016 0.34806767414296164 0.7724552530713233 0.387614537746171 0.8024332818466554 0.4136054886943839
0 0.8383835902586722 0.2277723645137343 0.8075429967829745 0.2088396668522644 0.7882231029011456 0.2600002319970306 0.8190636963768432 0.2789329296585005
0 0.7823580021979293 0.14104904129793513 0.7539974839493319 0.12625645280235992 0.7389857712996702 0.17304295722713872 0.7673462895482676 0.18783554572271394
0 0.793224358974359 0.008157211538461577 0.7641662895927602 -0.006522596153846176 0.7489362745098039 0.04248541666666673 0.7779943438914028 0.05716522435897448
0 0.9696078431372549 0.09468750000000009 0.9452614379084967 0.07916666666666673 0.9195261437908496 0.14479166666666674 0.9438725490196078 0.1603125000000001
0 0.9995915032679739 0.27239583333333345 0.9669117647058824 0.27239583333333345 0.9669117647058824 0.33802083333333344 0.9995915032679739 0.33802083333333344
0 0.9545445099078317 0.7447593733439324 0.9242806820661493 0.7416724629040807 0.9207204609453745 0.7984134870164282 0.9509842887870568 0.8015003974562799
0 0.9158198391716237 0.7333245552434458 0.8873283395755306 0.7249414794007493 0.8769942902254535 0.7820371020599254 0.9054857898215466 0.7904201779026219
0 0.9845737197723033 0.8644211509311392 0.954107541674097 0.8561563898513066 0.9450742618398593 0.910288319257976 0.9755404399380656 0.9185530803378086
0 0.968724239663326 0.9483783190160096 0.9394321847572817 0.9436441453533777 0.9340804149982262 0.9974740295132112 0.9633724699042705 1.002208203175843