0 0.30718954248366015 0.1958333333333334 0.2806372549019608 0.1958333333333334 0.2806372549019608 0.25260416666666674 0.30718954248366015 0.25260416666666674
0 0.3216369366432242 0.3406507323832146 0.29106090773601606 0.3228103968725257 0.27062112849890557 0.3797578929136976 0.3011971574061137 0.3975982284243864
0 0.3205288920725884 0.4981994687201528 0.2977045760997809 0.446713079035339 0.26844146206715735 0.4678016057784145 0.29126577803996484 0.5192879954632282
0 0.3158496732026144 0.6127083333333335 0.2868055555555556 0.6003645833333334 0.2713643790849674 0.6594270833333333 0.3004084967320262 0.6717708333333333
0 0.31883940683191514 0.8348614386792453 0.29502327660624006 0.7802034198113208 0.2658196140091257 0.8008893474842769 0.2896357442348008 0.8555473663522013
0 0.17407100305173334 0.6161438917365643 0.146246017823097 0.6083833294501398 0.13531711224409002 0.672083236253495 0.16314209747272634 0.6798437985399193
0 0.16643228329583207 0.40953722677595633 0.13519902496517738 0.40591700819672133 0.13040421086467377 0.4731642759562842 0.16163746919532848 0.4767844945355192
0 0.17822521927596602 0.244230354058722 0.15409053551007224 0.1812881958283513 0.12238115985068132 0.2010537066560383 0.1465158436165751 0.263995864886409
0 0.31209150326797386 0.07031250000000004 0.28137254901960784 0.0507291666666667 0.2610294117647059 0.10260416666666669 0.2917483660130719 0.12218750000000005
0 0.17136690403970925 0.7831090252255264 0.13815924521050213 0.7692671789731598 0.12204525701582565 0.832111732932398 0.15525291584503276 0.8459535791847645
0 0.1767582309548994 0.9383512707468878 0.1464235348357878 0.91288122406639 0.12273089387899005 0.9587528094744121 0.15306558999810166 0.9842228561549101
0 0.05437997220004144 0.7773095776772248 0.039298124981516004 0.7089385369532429 0.011758421317244873 0.7188141025641027 0.026840268535770304 0.7871851432880845
0 0.057653395332183895 0.9228240629505046 0.02788299365878019 0.9043083253243633 0.007440490211782326 0.957739918708954 0.03721089188518603 0.9762556563350953
0 0.09528787004998075 0.5700214460784314 0.07092224144559783 0.5182444852941176 0.041606593617839256 0.5406709558823529 0.06597222222222218 0.5924479166666666
0 0.05293071895424836 0.5075733333333333 0.03938366013071896 0.44835333333333327 0.01128954248366014 0.45880083333333327 0.024836601307189548 0.5180208333333333
0 0.03758169934640523 0.006770833333333338 0.009803921568627453 0.006770833333333336 0.009803921568627456 0.071875 0.037581699346405234 0.071875
0 0.046568627450980414 0.2598958333333333 0.01756535947712421 0.2598958333333333 0.01756535947712421 0.32135416666666666 0.04656862745098042 0.32135416666666666
0 0.43030134085107585 0.4159446530758227 0.42589483575976894 0.35227065450643785 0.39910656680411793 0.35528433476394855 0.40351307189542485 0.4189583333333334
0 0.4237203477536438 0.6450151253832678 0.4225662505475253 0.5876276418090233 0.3958848651155601 0.588499917871222 0.3970389623216786 0.6458874014454666
0 0.4409879336349924 0.864423076923077 0.41317873303167424 0.8407852564102565 0.3914341377576673 0.8823717948717948 0.41924333836098543 0.9060096153846153
0 0.5649516600872184 0.8264541735995564 0.5378889215142519 0.819265633666112 0.5287708122627864 0.8750684622850805 0.555833550835753 0.8822570022185249
0 0.5514705882352942 0.5489583333333333 0.5224673202614379 0.5489583333333333 0.5224673202614379 0.6067708333333334 0.5514705882352942 0.6067708333333334
0 0.5581275070829477 0.436793633762518 0.533945552469915 0.41782010014306165 0.5137626581390783 0.45963653433476404 0.5379446127521109 0.47861006795422045
0 0.5649579932115909 0.2929542203147355 0.5393401638194619 0.272854077253219 0.5178949619905187 0.31728585479256094 0.5435127913826476 0.33738599785407747
0 0.548202614379085 0.09270833333333342 0.5212418300653595 0.09270833333333342 0.5212418300653595 0.14791666666666672 0.548202614379085 0.14791666666666672
0 0.46736431046122573 0.14441094400302695 0.4434503275392639 0.12489713393870613 0.42456210634083374 0.16252601210745374 0.44847608926279553 0.18203982217177456
0 0.42962829836149835 0.11676186680835988 0.4113340695824912 0.06888394438540561 0.3849990536420023 0.08524204082536313 0.4032932824210094 0.1331199632483174
0 0.6705627872966173 0.21948003942828992 0.6459382257913845 0.21808464760966004 0.6438182304300069 0.27890201453918195 0.6684427919352397 0.2802974063578118
0 0.6750061659884079 0.059610849056603736 0.648418423973363 0.02262971698113218 0.625 0.05000000000000012 0.651587742015045 0.08698113207547167
0 0.6687091503267973 0.4062500000000001 0.6454248366013072 0.4062500000000001 0.6454248366013072 0.45677083333333346 0.6687091503267973 0.45677083333333346
0 0.670788958561428 0.5866037436548223 0.6674919544806078 0.5277522208121826 0.6419453568229322 0.5300787859560067 0.6452423609037524 0.5889303087986463
0 0.6775747928037194 0.7268395618556701 0.6440359477124183 0.7248958333333334 0.6415748601846238 0.7939293384879726 0.6751137052759248 0.7958730670103094
0 0.8176118306649878 0.7489822247706424 0.7897197487557714 0.7298332377675842 0.7695853570786112 0.7775086009174313 0.7974774389878275 0.7966575879204895
0 0.8055555555555556 0.5463541666666669 0.7802287581699346 0.5463541666666669 0.7802287581699346 0.6036458333333335 0.8055555555555556 0.6036458333333335
0 0.8155266654183273 0.3278514381537063 0.7840033125574014 0.32487423260573 0.7806127339521529 0.3832345668485677 0.812136086813079 0.38621177239654403
0 0.8116633417905685 0.19477441817457627 0.7868243974498869 0.18563894104927753 0.7760548113634892 0.23324051155115524 0.8008937557041709 0.24237598867645402
0 0.8093180785605232 0.0711687323570926 0.7842789874124196 0.05418743383909679 0.7655045698589951 0.09918971271465545 0.7905436610070987 0.11617101123265125
0 0.940359477124183 0.2359375000000001 0.9113562091503268 0.2359375000000001 0.9113562091503268 0.29270833333333346 0.940359477124183 0.29270833333333346
0 0.9429065743944638 0.03128063725490205 0.9163401519777463 0.013215470011534098 0.8963139177239524 0.061090686274509844 0.92288034014067 0.0791558535178778
0 0.9407679738562091 0.4010416666666668 0.9125816993464052 0.4010416666666668 0.9125816993464052 0.45989583333333345 0.9407679738562091 0.45989583333333345
0 0.94165313068028 0.6473539201183431 0.9385272846811309 0.589564842209073 0.9116520671384922 0.5919280078895464 0.9147779131376413 0.6497170857988165
0 0.9412939585863845 0.7852530420353983 0.916296127595581 0.78312822640118 0.9134239979177511 0.8380577064896755 0.9384218289085546 0.8401825221238938