0 0.053667205713900684 0.10953178694158075 0.05198015632369787 0.06221005154639175 0.027576477326325722 0.06362435567010309 0.029263526716528536 0.11094609106529209
0 0.052809338242908226 0.2536684043957751 0.04276500130962606 0.20127805607331475 0.023294783119833837 0.2073462740758 0.033339120053116 0.25973662239826034
0 0.05273819149652988 0.4180895618556701 0.03383784785391819 0.3638692010309278 0.007117108011589516 0.3790109536082474 0.026017451654201215 0.43323131443298973
0 0.0510454558897466 0.5682739441930618 0.024547696152367477 0.5522706919306183 0.006323381539644541 0.601324472096531 0.03282114127702366 0.6173277243589744
0 0.03812513769552764 0.802066947565543 0.03354079459499156 0.7406940543071162 0.006591025923478014 0.7439665262172286 0.011175369024014092 0.8053394194756555
0 0.15113141873823563 0.7994467875487071 0.13277120536489484 0.751396176496635 0.10787526133372234 0.7668603878852287 0.12623547470706314 0.8149109989373008
0 0.25881971959768374 0.775080958549223 0.23752920857462162 0.7285459844559586 0.21380676622980796 0.7461895509499138 0.2350972772528701 0.7927245250431781
0 0.2491830065359478 0.9604166666666667 0.2201797385620916 0.9604166666666667 0.2201797385620916 0.9994791666666667 0.2491830065359478 0.9994791666666667
0 0.28471624422126574 0.9385772357723577 0.2667862266857963 0.9032469512195124 0.24408974972102662 0.9219715447154473 0.262019767256496 0.9573018292682927
0 0.2527164490906884 0.5904495468611848 0.24017527435377334 0.5293968280282935 0.21053986581369943 0.5392929376657825 0.22308104055061456 0.6003456564986737
0 0.2473856209150327 0.33062500000000006 0.2204248366013072 0.31343750000000004 0.2013888888888889 0.36197916666666674 0.22834967320261437 0.3791666666666667
0 0.1420500251382604 0.31056891025641015 0.1395299145299145 0.2527323717948718 0.1085118149824032 0.25492948717948716 0.11103192559074912 0.31276602564102557
0 0.1495726495726496 0.04519230769230772 0.12327174459527401 0.02283653846153848 0.10259552538964303 0.06237980769230769 0.12889643036701862 0.08473557692307693
0 0.25150910968878054 0.1371033031088084 0.2227831115174913 0.11573834196891196 0.2024556368315893 0.16016839378238348 0.23118163500287855 0.1815333549222799
0 0.389791744723367 0.20410695329087056 0.3640798676158361 0.14400544055201706 0.3365752882894134 0.16313362526539282 0.36228716539694433 0.2232351380042463
0 0.34354575163398693 0.27447916666666666 0.31576797385620914 0.27447916666666666 0.31576797385620914 0.3260416666666667 0.34354575163398693 0.3260416666666667
0 0.3798915928469527 0.5149190989847715 0.3763727149066056 0.45210712774957695 0.3469941276002787 0.4547826776649746 0.35051300554062575 0.5175946489001692
0 0.38194444444444453 0.6390625 0.35212418300653603 0.6390625 0.35212418300653603 0.7067708333333333 0.38194444444444453 0.7067708333333333
0 0.48627325289089995 0.7492836538461538 0.48544859225741577 0.6893514423076924 0.4654742332830567 0.6897982371794872 0.4662988939165409 0.7497304487179487
0 0.4840295590570416 0.4913513802369611 0.46563657831521527 0.4890964715402468 0.4612050848188305 0.5478580753023086 0.47959806556065687 0.5501129839990229
0 0.48080065359477125 0.2885416666666668 0.4550653594771242 0.2885416666666668 0.4550653594771242 0.3437500000000001 0.48080065359477125 0.3437500000000001
0 0.481697128323426 0.14523708521870288 0.47664729541892176 0.09211915535444945 0.4519556087895189 0.09593514328808446 0.4570054416940231 0.14905307315233784
0 0.6041377465440454 0.19378226401179952 0.5791128029382844 0.19165514380530982 0.5762388657527907 0.2466191924778762 0.6012638093585516 0.2487463126843659
0 0.6165643849656401 0.37198211225364197 0.5905182552884051 0.35244751499571564 0.5690748021573668 0.3989261996572409 0.5951209318346019 0.41846079691516724
0 0.611409203320968 0.5949887387387388 0.6033165518459637 0.5330799549549551 0.5790054760642996 0.5382460585585586 0.5870981275393041 0.6001548423423425
0 0.4929426182237602 0.9130238970588238 0.468357843137255 0.9097812500000002 0.4639576124567475 0.9640140931372551 0.4885423875432527 0.9672567401960787
0 0.3807189542483661 0.8994791666666667 0.3537581699346406 0.8994791666666667 0.3537581699346406 0.9625 0.3807189542483661 0.9625
0 0.7406791183626734 0.9207040754257908 0.7250310099708983 0.8658378953771291 0.6995133819951337 0.877668795620438 0.7151614903869089 0.9325349756690999
0 0.7542784070496299 0.7214318737908272 0.7325983739347566 0.6683591527256174 0.7038326170345229 0.6874614131671788 0.7255126501493963 0.7405341342323887
0 0.7431467934043329 0.5041005710659899 0.7162357751899406 0.5016497461928935 0.7130134202581202 0.5591687817258885 0.7399244384725124 0.5616196065989848
0 0.7384210761930343 0.33193778538812796 0.7133858223654759 0.33075556506849324 0.7118363327065987 0.3840967465753426 0.7368715865341571 0.3852789668949773
0 0.7424903883121876 0.18061764705882363 0.7182747020376777 0.16761764705882368 0.7018348712033833 0.2173995098039217 0.726050557477893 0.23039950980392165
0 0.7336601307189542 0.01510416666666678 0.7103758169934641 0.015104166666666778 0.7103758169934641 0.07552083333333345 0.7336601307189542 0.07552083333333345
0 0.6029411764705882 9.223121206078504e-17 0.5759803921568627 9.012635037475053e-17 0.5759803921568627 0.04010416666666675 0.6029411764705882 0.04010416666666675
0 0.8646145713187238 0.03047181372549035 0.8407799884659747 0.02813419117647072 0.8369641484044599 0.09138174019607857 0.8607987312572088 0.09371936274509819
0 0.8606176182116396 0.25361562105926877 0.8359100050276522 0.2502403846153848 0.8305011580083905 0.3146056641445988 0.855208771192378 0.3179809005884827
0 0.8738404189117684 0.45293584901178263 0.8505286236501441 0.4077058984226529 0.8251699197352829 0.42895286963131884 0.8484817149969072 0.47418282022044855
0 0.8635765290177054 0.6193206427581429 0.8620584668378786 0.5593192351004852 0.8377715951245364 0.5603181306306307 0.8392896573043632 0.6203195382882885
0 0.8774674389791144 0.7596326645750772 0.858666066602775 0.7102790620871864 0.8338297890710666 0.7256598139586087 0.852631161447406 0.7750134164464993
0 0.8756607386371158 0.9452437471865854 0.8611152484851695 0.895463721021832 0.8335086200809381 0.908576869513842 0.8480541102328845 0.9583568956785953
0 0.9874734969948659 0.8066940348525468 0.9673914471955003 0.7485017314566577 0.9364940904869544 0.7658351485701519 0.95657614028632 0.824027451966041
0 0.9876007763511498 0.274659475465313 0.9740314272917291 0.2070286061759728 0.9443932268338809 0.21669548434856167 0.9579625758933017 0.2843263536379019
0 0.9852941176470589 1.5139058217584596e-16 0.9538398692810458 1.489349102088057e-16 0.9538398692810458 0.054166666666666814 0.9852941176470589 0.054166666666666814