0 0.026552287581699353 0.034895833333333334 0.004084967320261443 0.034895833333333334 0.004084967320261446 0.09635416666666667 0.02655228758169936 0.09635416666666667
0 0.05804738562091503 0.24807291666666667 0.05479863514033065 0.1942248774509804 0.032151095732410616 0.19644607843137254 0.035399846212995 0.25029411764705883
0 0.19213514848100866 0.2188874556406425 0.18833248185340629 0.14810081636782468 0.16784706504940414 0.14988978256132487 0.17164973167700648 0.22067642183414268
0 0.27585485413677663 0.0007113821138211869 0.24725011956001913 -0.003340955284552812 0.2422634704288219 0.053880843495935 0.27086820500557945 0.057933180894308996
0 0.2847222222222222 0.3109375 0.2565359477124183 0.3109375 0.2565359477124183 0.3807291666666667 0.2847222222222222 0.3807291666666667
0 0.4070916677633022 0.19799881152125287 0.3818073650041673 0.19230984340044752 0.37306032592007726 0.2555072007829978 0.39834462867921216 0.2611961689038032
0 0.4298900199117926 0.5053371823262681 0.40584182634352917 0.5025995531477381 0.4011307385972422 0.5698738861647158 0.4251789321655057 0.5726115153432457
0 0.2965686274509805 0.5630208333333333 0.26838235294117657 0.5630208333333333 0.26838235294117657 0.6317708333333333 0.2965686274509805 0.6317708333333333
0 0.2286199095022625 0.5868269230769232 0.20126948215183518 0.5824679487179487 0.19407365510306696 0.6558653846153847 0.22142408245349432 0.660224358974359
0 0.18545751633986932 0.5119791666666667 0.16053921568627455 0.5119791666666667 0.16053921568627455 0.5703125 0.18545751633986932 0.5703125
0 0.04829347999362346 0.5870406504065041 0.04684760082894947 0.5280487804878048 0.02086959987246931 0.5290838414634146 0.022315479037143312 0.5880757113821139
0 0.07819465081723626 0.38770276126795444 0.05824447163709468 0.33894951089648345 0.03301782575338209 0.3557307144626053 0.05296800493352367 0.40448396483407634
0 0.031045751633986957 0.27708333333333335 0.009395424836601335 0.27708333333333335 0.009395424836601338 0.33229166666666665 0.031045751633986964 0.33229166666666665
0 0.08782679738562099 0.7166666666666667 0.061274509803921635 0.7166666666666667 0.061274509803921635 0.7677083333333333 0.08782679738562099 0.7677083333333333
0 0.06773936515086376 0.7930422612832115 0.04399792751536176 0.7523665013342616 0.021015614158414322 0.7741729754031792 0.04475705179391633 0.8148487353521291
0 0.20138888888888892 0.32447916666666665 0.1785130718954249 0.32447916666666665 0.1785130718954249 0.39375 0.20138888888888892 0.39375
0 0.23545520607557516 0.8174737574978578 0.21308260665020087 0.8155288667523565 0.20940865635028658 0.8842317373607542 0.23178125577566083 0.8861766281062555
0 0.3159239304116378 0.7995157959365929 0.28940091888508035 0.7932863780977897 0.2807650298342155 0.8530590673141326 0.307288041360773 0.8592884851529359
0 0.10282998801098354 0.8932014299802762 0.0728538210155858 0.8774639423076924 0.056923657036779304 0.9267905571992112 0.08689982403217704 0.9425280448717949
0 0.4558180036111702 0.8961985633298846 0.4275104269160674 0.8277479145111228 0.3921357299602028 0.8515293585100882 0.42044330665530566 0.9199800073288499
0 0.3439542483660132 0.8802083333333334 0.31658496732026153 0.8802083333333334 0.31658496732026153 0.9395833333333333 0.3439542483660132 0.9395833333333333
0 0.5500155445659088 0.7445681231563422 0.5464655995141419 0.676675424041298 0.5185667187228873 0.6790468289085545 0.5221166637746544 0.7469395280235989
0 0.5372627953391043 0.5273723995063472 0.511233660130719 0.5210937500000001 0.5027984042700298 0.5779413493182888 0.528827539478415 0.5842199988246357
0 0.5227107232934668 0.363820020746888 0.49925521384210675 0.357662949515906 0.48984860195807234 0.4159167531120333 0.5133041114094324 0.42207382434301527
0 0.5076484358028303 0.13280595721015448 0.48064980593999784 0.12716280096833293 0.47218052797320614 0.19303261035505545 0.4991791578360385 0.19867576659687697
0 0.6274509803921569 0.24062500000000012 0.6041666666666666 0.24062500000000012 0.6041666666666666 0.31145833333333345 0.6274509803921569 0.31145833333333345
0 0.7377450980392157 0.37864583333333346 0.7111928104575164 0.37864583333333346 0.7111928104575164 0.4463541666666668 0.7377450980392157 0.4463541666666668
0 0.7286543477248382 0.19706799287410937 0.6984614906928726 0.195740548297704 0.6965897800133514 0.2649470506730009 0.726782637045317 0.2662744952494063
0 0.7152777777777778 1.0973983426734487e-16 0.6842320261437909 1.0731605414403238e-16 0.6842320261437909 0.0609375000000001 0.7152777777777778 0.06093750000000011
0 0.6458333333333334 0.5104166666666667 0.6200980392156863 0.5104166666666667 0.6200980392156863 0.5760416666666667 0.6458333333333334 0.5760416666666667
0 0.7448965634519269 0.6393971530920061 0.7422792269245557 0.569317967571644 0.7185041626001835 0.5707614536199095 0.7211214991275545 0.6408406391402717
0 0.654983660130719 0.8009375000000001 0.6314542483660132 0.7909375 0.6165032679738562 0.848125 0.6400326797385621 0.8581249999999999
0 0.5465195364380275 0.8899600176013596 0.5231269249627505 0.8883478241077932 0.5205200434143069 0.9498376426317068 0.543912654889584 0.9514498361252731
0 0.753582202111614 0.8004407051282052 0.7320638511814983 0.7970112179487181 0.7255216189039719 0.8637419871794874 0.7470399698340876 0.8671714743589745
0 0.8814668174962291 0.7926842948717947 0.8792269984917042 0.7412804487179485 0.8564441930618402 0.7428942307692307 0.8586840120663649 0.7942980769230769
0 0.8854840950551508 0.8814669978434999 0.8647526971355396 0.8809586799137402 0.8638807340557915 0.9387698321010477 0.8846121319754028 0.9392781500308074
0 0.995294117647059 0.9409583333333337 0.9685866013071897 0.9360937500000003 0.9617892156862747 0.996760416666667 0.9884967320261441 1.0016250000000002
0 0.9758986928104575 0.5031250000000002 0.9481209150326797 0.5031250000000002 0.9481209150326797 0.5682291666666669 0.9758986928104575 0.5682291666666669
0 0.8514198594055413 0.549683355684697 0.8267825942774667 0.542171667784235 0.8163755145926647 0.5976603244672927 0.8410127797207394 0.6051720123677545
0 0.8762551733496168 0.4337298154555941 0.8490116923355272 0.4231581603229528 0.8354168080150169 0.4801110149942331 0.8626602890291064 0.4906826701268744
0 0.8401709401709401 0.3068189102564104 0.8138763197586727 0.30262820512820526 0.8088109602815485 0.35429487179487196 0.8351055806938159 0.3584855769230771
0 0.8572904652056901 0.11436887254901973 0.8309928873510187 0.10691789215686283 0.8214773164167627 0.16151348039215696 0.8477748942714342 0.16896446078431385
0 0.9549911603985857 0.15831147540983606 0.9523055287688845 0.09153995901639345 0.9249975891996141 0.09332547814207649 0.9276832208293152 0.1600969945355191
0 0.9739330712306717 0.3923946603705049 0.9664566759019869 0.32158251604310445 0.9372057577117298 0.3266029861363361 0.9446821530404146 0.39741513046373655
0 0.3149841485935423 0.49330932577949216 0.2932529102930147 0.4929245017679203 0.2927410485248423 0.5399134120861461 0.3144722868253699 0.5402982360977179