0 0.04683020077275847 0.11060744705340701 0.02727990828007078 0.0666891114180479 0.0025791716318203117 0.0845637661141805 0.022129464124508 0.1284821017495396
0 0.03999369089645984 0.40499028380332613 0.01610327789828877 0.3889585592913955 -0.0009100350190690648 0.43017330983369484 0.02298037797910201 0.4462050343456255
0 0.043398064353946705 0.5684415064102564 0.017860734037204624 0.5431169871794872 -0.006378833584715948 0.5828525641025643 0.019158496732026135 0.6081770833333334
0 0.03558006535947718 0.7571354166666668 0.012785947712418352 0.7474479166666669 0.0006944444444445094 0.7936979166666668 0.023488562091503337 0.8033854166666667
0 0.04785419069588619 0.9296415441176471 0.027309207996924267 0.885983455882353 0.0009972126105344317 0.9061121323529412 0.021542195309496352 0.9497702205882352
0 0.1848437525467377 0.10289056005818788 0.1618884773360716 0.07054174459684125 0.13600343503985135 0.10040198981712388 0.15895871025051747 0.13275080527847052
0 0.1818899664446591 0.31800296204263906 0.15813307460696754 0.28944378421204264 0.13360738273990092 0.3226092084413714 0.1573642745775925 0.3511683862719678
0 0.15081596450502963 0.5804381821998322 0.13049361222238692 0.5553369017632243 0.10928800151462774 0.5832462216624686 0.12961035379727043 0.6083475020990766
0 0.1854355040807342 0.7265441493955095 0.15959311185614142 0.7050005397236614 0.13960174743472514 0.7439837003454229 0.16544413965931792 0.765527310017271
0 0.18549373357590462 0.49596327319587635 0.1650613166228691 0.474509235395189 0.13947341823327275 0.5141247852233677 0.1599058351863083 0.535578823024055
0 0.15685860169815655 0.820744202427395 0.13487967141776525 0.799011974425661 0.11119366038569746 0.8379536465106199 0.13317259066608877 0.8596858745123538
0 0.18300653594771252 0.8453125 0.1519607843137256 0.8453125 0.1519607843137256 0.8911458333333333 0.18300653594771252 0.8911458333333333
0 0.319408043745551 0.04484839108910895 0.2972754854670987 0.01049481150038088 0.2723786518923385 0.03656979880680386 0.29451121017079074 0.07092337839553192
0 0.319911483701761 0.24401705148619957 0.2978635881104034 0.21784467887473458 0.27514440489571623 0.24895733811040338 0.2971923004870738 0.27512971072186837
0 0.28778594771241833 0.29921875000000003 0.26531862745098045 0.2705729166666667 0.24325980392156868 0.29869791666666673 0.2657271241830066 0.32734375000000004
0 0.31680696416497633 0.46806178160919554 0.2923529411764706 0.44908333333333333 0.2729006085192698 0.4898290229885058 0.2973546315077755 0.5088074712643679
0 0.31372864596482375 0.6547331008583692 0.31015421189935205 0.6030825286123034 0.2821379982608208 0.6062343526466382 0.28571243232629245 0.657884924892704
0 0.31991578682755145 0.7410256410256412 0.29333207642031184 0.7184294871794873 0.2742269984917045 0.7549679487179488 0.3008107088989441 0.7775641025641026
0 0.29169309787714653 0.8011171380601834 0.26880604366246047 0.7797651911403849 0.24745848875518175 0.8169633055663179 0.2703455429698678 0.8383152524861165
0 0.4433209863446432 0.14709385332131047 0.41878318805730896 0.11154192966636613 0.39461963023862995 0.13865344153892398 0.41915742852596405 0.17420536519386834
0 0.4505495120422598 0.31537528538812787 0.4289114961052914 0.28975742009132427 0.4074659772584833 0.31920376712328774 0.4291039931954516 0.34482163242009134
0 0.4479133545310016 0.46637950450450466 0.4246444974386151 0.4448029279279281 0.40489533651298365 0.4794256756756758 0.4281641936053701 0.5010022522522524
0 0.44553256861098756 0.6037422596557515 0.4224838865017039 0.5884609834172964 0.404713249699544 0.6320332178841309 0.42776193180882766 0.647314494122586
0 0.44668958233699985 0.7710287093495933 0.4227733939104098 0.7423836382113822 0.39962717200701425 0.7737990345528456 0.4235433604336043 0.8024441056910568
0 0.574343862717978 0.12140711445366538 0.548402625227131 0.10225838520055335 0.5286947766658531 0.14566044260027672 0.5546360141567002 0.16480917185338875
0 0.5747427683944865 0.3159911303630364 0.5484270853555944 0.28853908828382846 0.5264956642723095 0.3227155528052806 0.5528113473112016 0.3501675948844885
0 0.5733539128860514 0.4801014579800265 0.5461241072649148 0.4613349703222161 0.5265328903372166 0.5075457532504241 0.5537626959583533 0.5263122409082345
0 0.5702633247294299 0.718840213625866 0.5484705429515917 0.6794770015396459 0.5211257905779709 0.7040872786759046 0.5429185723558092 0.7434504907621248
0 0.5593730300919015 0.9249127538071066 0.5566628512657179 0.8765360617597292 0.5322774625924821 0.8787568739424703 0.5349876414186656 0.9271335659898478
0 0.44758274869580844 0.9314975152905199 0.42471292798464944 0.9005160550458717 0.4000569646818973 0.9301032110091744 0.4229267853930562 0.9610846712538226
0 0.7081607936281447 0.017232508338387003 0.6855907918048965 -0.0029724454214674623 0.6626806650495248 0.038630262027491466 0.6852506668727729 0.058835215787345935
0 0.7800300984272559 0.06633916279469977 0.754410372822335 0.05359178712786103 0.7398639244030085 0.10111776157287915 0.7654836500079294 0.11386513723971789
0 0.7148871193309929 0.2128502547307134 0.6879256214858577 0.1895237445414848 0.665691982761081 0.23129958151382823 0.6926534806062162 0.25462609170305683
0 0.7839560148383677 0.27778434684684683 0.7660903550609433 0.23475788288288288 0.74281708178767 0.25046734234234236 0.7606827415650945 0.2934938063063063
0 0.7128563781834573 0.42727550287356325 0.6898016677935541 0.40240301724137945 0.6635381451431147 0.4419773706896553 0.6865928555330177 0.4668498563218391
0 0.7849358103518543 0.43708718244803707 0.7597629775543782 0.41986528098537346 0.7400830578574771 0.46662745381062365 0.7652558906549533 0.48384935527328726
0 0.7150474124075862 0.6114600409836068 0.6895250723240116 0.5972233606557379 0.6737276331297547 0.643261612021858 0.6992499732133293 0.657498292349727
0 0.6731370009143555 0.786973769430052 0.6452237630803617 0.7662132987910192 0.6214145416370348 0.8182534542314337 0.6493277794710285 0.8390139248704666
0 0.8015365246561004 0.8872628993274485 0.7804870950061402 0.8726936869482976 0.7633835480388035 0.9128645176544767 0.7844329776887636 0.9274337300336277
0 0.7861040680640073 0.6637984913793105 0.7595954473743521 0.6618103448275863 0.7569444444444444 0.7192708333333334 0.7834530651340997 0.7212589798850576
0 0.9344199103973935 0.05784959198813067 0.9093040282383973 0.03983679525222564 0.8914671457109056 0.08026706231454023 0.9165830278699016 0.09827985905044526
0 0.8991249284859831 0.03233090185676393 0.8793931277196996 0.012352453580901942 0.8600082782892113 0.04347590627763047 0.8797400790554949 0.06345435455349246
0 0.9413398692810457 0.26291666666666674 0.9212418300653594 0.2116666666666666 0.8923202614379083 0.23010416666666664 0.9124183006535947 0.2813541666666668
0 0.9072113198450658 0.34233549874266556 0.8800156413501415 0.32824898714724793 0.864707457445118 0.3762931335568595 0.8919031359400422 0.39037964515227724
0 0.9163177817637628 0.4682009483619204 0.8905387797191661 0.4428650229149653 0.8667047248157818 0.4822878380524551 0.8924837268603784 0.5076237634994102
0 0.9155384130982368 0.653126967884131 0.8926054888790108 0.6379224391267843 0.8764400281523187 0.6775589053316542 0.8993729523715447 0.6927634340890009
0 0.9564470396001534 0.7994944852941177 0.930976066897347 0.7800091911764706 0.9121251441753172 0.8200674019607843 0.9375961168781237 0.8395526960784314
0 0.924776269482152 0.9023012820512822 0.9037506284565109 0.8928397435897437 0.8911789844142786 0.9382548076923078 0.9122046254399196 0.9477163461538463
0 0.9541457547512913 0.9515509075251725 0.9340404418259088 0.9404055710121887 0.9201814271018421 0.981047131690514 0.9402867400272246 0.9921924682034978
0 0.7716463467583669 0.9659566910245057 0.7497633685892428 0.9282906148509008 0.7258093228433978 0.950913880277532 0.7476923010125219 0.9885799564511368
0 0.18423202614379094 0.9619791666666667 0.14705882352941185 0.9619791666666667 0.14705882352941185 0.9994791666666667 0.18423202614379094 0.9994791666666667