0 0.06322667674236701 0.1209833502366464 0.032364872926858385 0.11561760480054091 0.02606341725331107 0.17453621534820823 0.05692522106881969 0.17990196078431372
0 0.10084289477454837 0.2663970278246206 0.0846077329189124 0.20688501264755482 0.05311008608052553 0.2208535342889264 0.06934524793616152 0.2803655494659922
0 0.06547785384937828 0.39343947941409346 0.039512598388524084 0.362540825415677 0.013797680592427038 0.3976692399049881 0.03976293605328124 0.4285678939034046
0 0.10726082725164611 0.551104887245305 0.07664143352939756 0.5214636130447394 0.04915254478268726 0.5676248323181786 0.0797719385049358 0.5972661065187441
0 0.05932372073709154 0.7583211636912577 0.03996425734028626 0.7098360790233659 0.014058121717226358 0.7266515161459702 0.03341758511403163 0.775136600813862
0 0.09530146510505765 0.8443169742729305 0.07388855989823219 0.7939142897091721 0.04608226959687672 0.8131180089485458 0.06749517480370218 0.8635206935123042
0 0.22332853630748936 0.12258983180428133 0.1955507585297116 0.089256498470948 0.17120585237152963 0.1222362385321101 0.19898363014930745 0.15556957186544343
0 0.22126520461376764 0.46524055422783656 0.1963704737613721 0.4042982531011722 0.16886326056540746 0.42256476186411746 0.193757991417803 0.48350706299078183
0 0.24069674500365737 0.7166469238868834 0.2106788714282344 0.708326752406739 0.2000645926240533 0.7705794975932613 0.23008246619947623 0.7788996690734057
0 0.3629169426214703 0.26145300238826347 0.33652730112857154 0.2571114807233027 0.3309262548417525 0.3124568193449335 0.3573158963346512 0.31679834100989435
0 0.3869011549534149 0.5818714758186945 0.35810173668252815 0.5367592441986554 0.3298394504190746 0.566089581977879 0.35863886868996137 0.611201813597918
0 0.39237349540117716 0.8002795060331828 0.36181294916156514 0.7830625471342384 0.341380349273948 0.8420213518099549 0.37194089551356 0.8592383107088992
0 0.5178918966737439 0.22337612791932068 0.48934005661712665 0.2126691878980892 0.47575819074976056 0.271546576433121 0.5043100308063778 0.28225351645435254
0 0.48914970825343806 0.35886073869610946 0.46306777179851966 0.31653686908517364 0.43465340920805756 0.345001971608833 0.460735345662976 0.3873258412197688
0 0.519528136457835 0.5149771341463415 0.49262713215367443 0.4721036585365855 0.46467997768212976 0.500609756097561 0.4915809819862904 0.543483231707317
0 0.4852938346239189 0.7075395737105467 0.4546670515781371 0.6957628464203233 0.4418149707920121 0.7500967090069285 0.4724417538377939 0.7618734362971517
0 0.5063177595469445 0.923932059841741 0.473696204495646 0.9005362883283878 0.44881184422334713 0.956940838278932 0.4814333992746456 0.980336609792285
0 0.6694533580593848 0.13264572573703473 0.6415231521918 0.11433149074671836 0.6200434499170876 0.16758325263610943 0.6479736557846725 0.1858974876264258
0 0.6661324227199776 0.35328903469750894 0.6347646709929522 0.33233985765124563 0.6131528679087292 0.3849449510676157 0.6445206196357546 0.4058941281138791
0 0.6697001153402536 0.6478039215686275 0.6298077662437523 0.6064779411764707 0.5936966551326412 0.6631446078431373 0.6335890042291427 0.7044705882352942
0 0.6541796190020724 0.9248361280487807 0.6235692651044159 0.9104573170731709 0.6054778415431216 0.9730665650406505 0.6360881954407781 0.9874453760162603
0 0.7875470972702805 0.09255269607843146 0.7611216839677046 0.07836642156862753 0.7441820453671664 0.12966176470588248 0.7706074586697422 0.1438480392156864
0 0.7853758169934641 0.35687499999999994 0.7662581699346406 0.30812500000000004 0.7370098039215686 0.3267708333333334 0.7561274509803921 0.37552083333333336
0 0.7722630718954249 0.5815104166666668 0.747140522875817 0.5494791666666667 0.7203839869281046 0.5835937500000002 0.7455065359477124 0.6156250000000002
0 0.8067714340638215 0.7444301470588235 0.7794934640522875 0.7038541666666668 0.7509996155324874 0.7349938725490198 0.7782775855440214 0.7755698529411765
0 0.7719204152249135 0.8347524509803924 0.7426701268742791 0.8044509803921571 0.7129315647827758 0.8511176470588236 0.7421818531334102 0.8814191176470592
0 0.8886991229984309 0.22472476152623214 0.86105811694047 0.1952195945945947 0.8336476615023328 0.23696343402225775 0.8612886675602939 0.2664686009538952
0 0.8850238813474107 0.40296474358974377 0.8547637003519355 0.37724358974359 0.8287456008044243 0.42700320512820533 0.8590057817998994 0.45272435897435914
0 0.884210897002479 0.575479525862069 0.854197656073924 0.5302550287356323 0.8216573698444896 0.5653609913793105 0.8516706107730448 0.6105854885057472
0 0.8841601782778254 0.82976437976438 0.8521870286576169 0.7915464743589744 0.8239956585544821 0.8298867376992379 0.8559688081746905 0.8681046431046434
0 0.9500198728139904 0.21608952702702725 0.9225070658894188 0.19103322072072107 0.8983836777954426 0.23409346846846876 0.9258964847200142 0.25914977477477497