0 0.24488177623990773 0.08223039215686273 0.23344386774317571 0.023897058823529407 0.20422433679354093 0.03321078431372548 0.21566224529027295 0.0915441176470588
0 0.27716503267973863 0.21953125000000007 0.2493872549019608 0.18411458333333336 0.22732843137254902 0.2122395833333334 0.25510620915032683 0.24765625000000008
0 0.10941427853192562 0.22876602564102566 0.08457767722473608 0.22480769230769232 0.07943690296631477 0.27724358974358976 0.10427350427350429 0.2812019230769231
0 0.11172071392659633 0.36048878205128204 0.08070638511814984 0.3378926282051282 0.06310960281548517 0.37715544871794876 0.09412393162393164 0.39975160256410264
0 0.1778464135231081 0.4923686019458545 0.15098412461431274 0.4528500423011845 0.12554120633024782 0.4809644670050762 0.1524034952390432 0.5204830266497462
0 0.17111928104575164 0.6444270833333334 0.16506535947712417 0.5903958333333333 0.1301797385620915 0.59675 0.13623366013071894 0.6507812500000001
0 0.2131902186161821 0.6743103448275863 0.20964334009465851 0.620043103448276 0.17779749830966868 0.6234267241379311 0.18134437683119223 0.6776939655172415
0 0.11110652750276136 0.8029797829536439 0.08182477059734701 0.7995229088745325 0.07781272431901474 0.8547687861271677 0.1070944812244291 0.8582256602062792
0 0.2785439737207492 0.8995169473229708 0.2563645060787701 0.8510389680483593 0.23421678688746655 0.8675113341968913 0.25639625452944564 0.9159893134715028
0 0.35416666666666674 0.5260416666666666 0.32434640522875824 0.5260416666666666 0.32434640522875824 0.5822916666666667 0.35416666666666674 0.5822916666666667
0 0.3100191296030608 0.41215701219512196 0.30477343376374944 0.3519626524390244 0.2785897895743663 0.35567200203252036 0.28383548541367765 0.4158663617886179
0 0.4001880977736075 0.7581212811748322 0.3899194394177471 0.6961499279972148 0.3689793663382557 0.7017904758513734 0.37924802469411606 0.763761829028991
0 0.44348174513966954 0.8479233014861997 0.41380198576245797 0.8367933917197452 0.403583062736772 0.8810924230360937 0.43326282211398365 0.892222332802548
0 0.4701797385620916 0.95625 0.4452614379084968 0.95625 0.4452614379084969 0.9994791666666667 0.47017973856209166 0.9994791666666667
0 0.6455352754319048 0.9366642065465094 0.6158411935314835 0.9338247099647816 0.6124884229639651 0.990821809612596 0.6421825048643863 0.9936613061943238
0 0.6227796037230556 0.7248791189111748 0.5969576942524861 0.6666308500477555 0.5710327827406033 0.685313693887297 0.5968546922111729 0.7435619627507164
0 0.6542690014149989 0.8981190936426114 0.6497928037194258 0.8391451890034365 0.6242962906812208 0.8422911297250859 0.6287724883767939 0.901265034364261
0 0.567087732528909 0.5099759615384616 0.5382038712921067 0.4455288461538462 0.5137443438914028 0.46334935897435897 0.5426282051282052 0.5277964743589744
0 0.5020424836601307 0.25312500000000004 0.4738562091503268 0.25312500000000004 0.4738562091503268 0.31875000000000014 0.5020424836601307 0.31875000000000014
0 0.457140629735842 0.10796391944114148 0.45582260847263995 0.03906435790725327 0.423301702765926 0.04007567875544986 0.42461972402912807 0.10897524028933807
0 0.6365386337183273 0.1050299657534248 0.6197678843226787 0.04800941780821928 0.5921467902229385 0.06121575342465757 0.6089175396185871 0.11823630136986309
0 0.687656853717546 0.34182061464088404 0.6849384320947532 0.2759668508287293 0.65704442458383 0.27783868554327806 0.6597628462066226 0.3436924493554328
0 0.7367499013028029 0.5353152964205816 0.7286369917094354 0.46549356823266225 0.7025809317015397 0.47041526845637593 0.7106938412949072 0.5402369966442954
0 0.798006759781538 0.7359660388127854 0.7780128032948338 0.667986586757991 0.7500783418390187 0.6813427511415527 0.7700722983257229 0.7493222031963472
0 0.8513457613528683 0.9415326827757122 0.8351954102582793 0.8821801425030978 0.8089137327793571 0.8938057620817844 0.825064083873946 0.9531583023543988
0 0.9774974645030426 0.7294091235632185 0.9444035947712419 0.7269270833333334 0.9412201374802796 0.7959285201149425 0.9743140072120803 0.7984105603448275
0 0.9803372930680786 0.6165784671532849 0.953715233051858 0.6126619525547448 0.9485896426697199 0.6692997262773723 0.9752117026859405 0.6732162408759125
0 0.87544002500329 0.4162000139821028 0.8662282866166603 0.34964520413870237 0.8388699719261308 0.35580082494407156 0.8480817103127605 0.42235563478747196
0 0.835429059264155 0.21303721910112353 0.8069536241462876 0.15362710674157304 0.7834076889182638 0.17197331460674162 0.8118831240361312 0.23138342696629213
0 0.9917483660130719 0.15135416666666662 0.9712418300653596 0.0990624999999999 0.9472222222222223 0.1143749999999999 0.9677287581699346 0.1666666666666666
0 0.08491600449027491 0.983219112254554 0.056731179578526456 0.9511337088951975 0.037734197061838656 0.9782613999290278 0.06591902197358711 1.0103468032883842