0 0.050228996708172324 0.0758029197080292 0.04860991841992272 -0.000577098540145986 0.014244012690234247 0.0006071319951338208 0.015863090978483853 0.07698715024330902
0 0.16380782748636502 0.11658695557869168 0.13142260634949798 0.09541200329689399 0.10934549509548744 0.1503012211521777 0.14173071623235448 0.1714761734339754
0 0.18058439508331595 0.24342656564483672 0.15210204107963055 0.23839833468803226 0.14450064357683007 0.30839453669298655 0.17298299758051547 0.313422767649791
0 0.1804696931851297 0.4672472133757962 0.15010433578951754 0.4558602043524417 0.1341872736355689 0.5248606687898091 0.16455263103118106 0.5362476778131636
0 0.03676470588235299 0.4921875 0.005718954248366062 0.4921875 0.005718954248366066 0.5682291666666667 0.03676470588235299 0.5682291666666667
0 0.04026810921607305 0.28444958086785016 0.007827184128089137 0.281597016765286 0.003681304869087698 0.35824395956607485 0.036122229957071615 0.36109652366863904
0 0.04931978878719738 0.7781128256635014 0.030363630721341375 0.7076196128560993 -0.00027810003962627837 0.7210144265887508 0.018678058026229728 0.7915076393961529
0 0.1850859876378908 0.7602846907993966 0.15341177949309442 0.7458616138763198 0.13526971874722743 0.8106287707390647 0.1669439268920238 0.8250518476621417
0 0.2924461060221462 0.8991889462163853 0.2881434781542386 0.8361016651031895 0.26020398778648424 0.8391993042526579 0.2645066156543919 0.9022865853658537
0 0.30640253043113275 0.619490634556575 0.2722237212927985 0.6064172400611622 0.25678704203393904 0.6720231269113148 0.29096585117227325 0.6850965214067277
0 0.3057174247754224 0.42344968798751953 0.27839402791797946 0.41787571502860116 0.27022409327745656 0.48297988169526784 0.29754749013489956 0.4885538546541862
0 0.3157412164283472 0.23384961790393016 0.2865221052030711 0.22888236899563325 0.2786946656391815 0.3037322598253276 0.30791377686445753 0.3086995087336245
0 0.3828273370940845 0.08348043322163716 0.37475986884302154 0.025621559358544755 0.3516785324310034 0.030853328945268866 0.3597460006820664 0.08871220280836127
0 0.3872292748132294 0.31483754182350493 0.3545351850485071 0.2979382319113343 0.3350688037657556 0.3591600010455877 0.36776289353047786 0.3760593109577583
0 0.49842626137434975 0.4919857509454348 0.4847602249976165 0.4196083198271205 0.4510463342549338 0.429956611291194 0.46471237063166704 0.5023340424095083
0 0.36032907458011737 0.871230643846781 0.3291474902919604 0.865267165851671 0.32137506591878817 0.931332773023635 0.35255665020694515 0.937296251018745
0 0.47673186436290693 0.9814562706270629 0.47082281757587524 0.9061159240924093 0.4330874263896978 0.9109271864686469 0.43899647317672946 0.9862675330033004
0 0.495252986251972 0.6991918103448275 0.47449008338967774 0.6330100574712645 0.44181034482758624 0.6496767241379312 0.4625732476898805 0.7158584770114942
0 0.5985294117647058 0.7638541666666666 0.5810866013071896 0.6971354166666667 0.5484885620915032 0.7109895833333333 0.5659313725490196 0.7777083333333332
0 0.608297459425582 0.5026032025175862 0.5814215202309483 0.4828045939775392 0.5585242272893362 0.5333327548438851 0.5854001664839699 0.5531313633839319
0 0.6198348697482916 0.34744708438463706 0.5968113205472824 0.29564409868236624 0.5665914950224552 0.3174779226240539 0.5896150442234646 0.36928090832632476
0 0.5030088256109237 0.2480400743099788 0.5007868115399027 0.16871417197452232 0.4658756921027434 0.17030387473460723 0.46809770617376456 0.2496297770700637
0 0.6256812822046518 0.12863217945662545 0.5963602512819554 0.10135173379408968 0.5686132373190775 0.14983193319034008 0.597934268241774 0.17711237885287584
0 0.7462516339869281 0.28279583333333347 0.7159836601307189 0.2757791666666668 0.7065522875816993 0.3419166666666668 0.7368202614379085 0.34893333333333343
0 0.7312091503267973 0.45677083333333346 0.7022058823529411 0.45677083333333346 0.7022058823529411 0.5213541666666668 0.7312091503267973 0.5213541666666668
0 0.7597763204380853 0.8421382319819822 0.7359013425189898 0.7995213963963967 0.7117889948772302 0.8214808558558562 0.7356639727963258 0.8640976914414417
0 0.7248389135528427 0.9149321933962266 0.7050739562878854 0.8660139241654572 0.6765479595321439 0.8847503174891146 0.6963129167971012 0.9336685867198841
0 0.8798680606405773 0.6798495850622409 0.8485443278279501 0.6691995159059476 0.8351130908795055 0.7334176175656986 0.8664368236921327 0.7440676867219919
0 0.8975894648288357 0.41635932343234333 0.8662375428719341 0.39844007838283846 0.8437338219116028 0.46244585396039617 0.8750857438685045 0.48036509900990104
0 0.8757337172906959 0.8369012615601127 0.8507346042558561 0.825096124849216 0.8338329903734716 0.8832799306393245 0.8588321034083114 0.8950850673502212
0 1.0010430529677934 0.7199069098793365 0.9727636190222696 0.7039750659879338 0.9537217564250436 0.7589208616138766 0.9820011903705674 0.7748527055052793
0 0.9160609646157313 0.11052442528735634 0.8859167230110435 0.09515086206896554 0.8659989858012169 0.1586386494252875 0.8961432274059048 0.1740122126436783
0 0.7634877429977989 0.12347365038560418 0.7506678764050607 0.06042737789203088 0.7209820303442713 0.07024019922879182 0.7338018969370095 0.13328647172236513
0 0.9995915032679739 0.47500000000000014 0.9754901960784313 0.47500000000000014 0.9754901960784313 0.5390625000000002 0.9995915032679739 0.5390625000000002
0 0.9995915032679739 0.9328125000000003 0.9660947712418301 0.9328125000000003 0.9660947712418301 0.9994791666666669 0.9995915032679739 0.9994791666666669