0 0.05642775128069247 0.10875563063063064 0.027948904787140086 0.08281953828828831 0.0028042748630984064 0.12770270270270273 0.03128312135665078 0.15363879504504505
0 0.04789348171701117 0.3491976351351351 0.021346714361420275 0.32502111486486485 -0.001534622858152253 0.3658643018018018 0.025012144497438642 0.390040822072072
0 0.045276269287130466 0.509067106283941 0.01920077249932819 0.48819154868114817 -0.0017114713741716106 0.5306550216576158 0.024364025413630665 0.5515305792604086
0 0.050428618382625245 0.7023435133292943 0.022159555531795643 0.6802763367161468 -0.0005831071194508362 0.7276379316873675 0.027685955731378768 0.7497051083005152
0 0.049224684802927264 0.9269887804259634 0.024806854790597858 0.8860246577079107 -0.0029924664253800906 0.9129621999661934 0.021425363586949315 0.9539263226842462
0 0.15633633178357254 0.038203393470790395 0.1288533454618961 0.02472615979381446 0.1133767940165757 0.07603092783505157 0.14085978033825214 0.0895081615120275
0 0.15523954864964856 0.2034414308176101 0.129453385127636 0.17330385220125788 0.10442563817980023 0.20811517295597487 0.1302118017018128 0.2382527515723271
0 0.14921303614216005 0.3488148792386436 0.12002159309021117 0.33800933701215613 0.10770788641752288 0.3920870321497121 0.13689932946947175 0.4028925743761996
0 0.15062569743344495 0.5185340447154471 0.12432249322493223 0.4917047764227641 0.09921488920771561 0.5317200203252032 0.12551809341622833 0.5585492886178861
0 0.15441176470588244 0.7072916666666667 0.12630718954248374 0.689375 0.10563725490196084 0.7420833333333333 0.13374183006535956 0.76
0 0.1521611178068938 0.9253535332672397 0.1256159849928075 0.9080856535029743 0.10555226166254124 0.9582248981053095 0.13209739447662752 0.9754927778695749
0 0.29660843304307877 0.06272713658146964 0.29493725072563637 0.009458200212992545 0.2672854152310551 0.010868443823216186 0.26895659754849754 0.06413738019169328
0 0.2945940550863502 0.2466008081444165 0.2685727103603826 0.23612379303106637 0.25722535025765136 0.2819387594458439 0.283246694983619 0.292415774559194
0 0.30139517345399697 0.3881891025641026 0.278673143465531 0.3604256221719457 0.253488303315293 0.39393240950226244 0.2762103333037589 0.4216958898944193
0 0.3037747481839775 0.5491759228558799 0.27769434475823934 0.5274895004420868 0.2558663164646938 0.5701632957559684 0.2819467198904319 0.5918497181697614
0 0.3033977316416764 0.7209742647058824 0.27485101883890817 0.7128860294117648 0.265585351787774 0.7660477941176471 0.2941320645905422 0.7741360294117647
0 0.27360664107435984 0.8310354180399913 0.24850226840901155 0.8131485525159305 0.22864076415008977 0.8584641424961547 0.25374513681543803 0.8763510080202153
0 0.4178237060590001 0.15239864864864872 0.39263601837131246 0.12904279279279285 0.3689476240946829 0.17057150900900903 0.39413531178237055 0.1939273648648649
0 0.42478243599465565 0.33827117863720085 0.39964070342685876 0.3094210405156538 0.3745350810674178 0.3449873388581952 0.3996768136352147 0.37383747697974223
0 0.4121732026143792 0.4921875000000001 0.38521241830065367 0.4921875000000001 0.38521241830065367 0.5515625 0.4121732026143792 0.5515625
0 0.4255813743545301 0.6930421270718232 0.40222258332430577 0.6662379143646409 0.37924972014588526 0.6987828038674032 0.4026085111761095 0.7255870165745857
0 0.41479405293470534 0.8900216584158417 0.3878979809745682 0.8865924092409242 0.38318611272892006 0.9466687293729374 0.4100821846890572 0.9500979785478549
0 0.5244023474117561 0.15814813284864518 0.5003172396960546 0.148188615333774 0.4865509268258966 0.20230743280458255 0.5106360345415981 0.21226695031945372
0 0.5338608671221128 0.3511877828054299 0.5078723419986395 0.3147388763197588 0.4810335521840712 0.34584747360482665 0.5070220773075444 0.3822963800904978
0 0.5348501221574892 0.525089856230032 0.511342636095972 0.49262014110756136 0.48652091294451755 0.5218333998935039 0.5100283990060347 0.5543031150159745
0 0.5280397791300427 0.7071336206896552 0.5243858462925399 0.6512284482758621 0.49527834122154596 0.6543211206896552 0.4989322740590488 0.7102262931034483
0 0.5228758169934641 0.8546875 0.49468954248366015 0.8546875 0.49468954248366015 0.9135416666666667 0.5228758169934641 0.9135416666666667
0 0.8833064323290293 0.05072535569105684 0.8548850231149371 0.027277693089430836 0.8319793161166907 0.07241234756097553 0.8604007253307828 0.09586001016260154
0 0.8847396636557245 0.27101474719101126 0.8629837702871411 0.22663272471910118 0.835004039068811 0.2489290730337079 0.8567599324373945 0.29331109550561796
0 0.8800653594771242 0.4631250000000002 0.8509803921568628 0.4445833333333335 0.8308006535947713 0.4960416666666668 0.8598856209150328 0.5145833333333336
0 0.8845959538406606 0.6176540504326489 0.8561347630877222 0.5911018419863102 0.8307228160539688 0.6353821596926256 0.8591840068069071 0.6619343681389643
0 0.8845379592435663 0.8129594441845963 0.8665201581100166 0.7599455293108826 0.8367828188338009 0.7763754092609916 0.8548006199673507 0.8293893241347055
0 0.9797794117647061 0.8434895833333336 0.9595588235294119 0.8177083333333336 0.9344362745098042 0.8497395833333335 0.9546568627450982 0.8755208333333335
0 0.9748078961314255 0.9407179054054055 0.9508677795442503 0.9313260135135137 0.9387674439145028 0.9814667792792794 0.9627075605016782 0.9908586711711713
0 0.9741935764115127 0.521834616378674 0.949824221521425 0.5036467563875353 0.931002603374831 0.5446425934130854 0.9553719582649188 0.5628304534042241
0 0.9702777347025512 0.23808902680140595 0.9635335900616837 0.1975519002636204 0.9364425031875667 0.20487880785002935 0.9431866478284342 0.2454159343878149
0 0.986703880818831 0.05077742970660151 0.9633067061380379 0.0104173033822331 0.9354994646595393 0.03662260594947035 0.9588966393403324 0.07698273227383877
0 0.9995915032679739 0.14531250000000018 0.9701797385620915 0.14531250000000018 0.9701797385620915 0.1880208333333335 0.9995915032679739 0.1880208333333335