0 0.036684824963371714 0.2942418521462639 0.005511783409707318 0.2910622019077901 0.0022814769787088416 0.3425452106518282 0.03345451853237324 0.345724860890302
0 0.07608676580251787 0.4636758948545861 0.06893450892661314 0.4021217841163311 0.041827323770671575 0.40724203020134225 0.04897958064657631 0.46879614093959726
0 0.14441028839088357 0.5654082034213322 0.10262536777721255 0.5295681374222425 0.08741123516619519 0.5584030306478531 0.1291961557798662 0.5942430966469429
0 0.21253400204012246 0.6975734585741812 0.17429941629831128 0.6618241209055876 0.15746840643771956 0.6910871266859346 0.19570299217953074 0.7268364643545281
0 0.26123225152129814 0.8577909482758622 0.2573135001126887 0.7978340517241379 0.229963939598828 0.8007399425287357 0.23388269100743742 0.8606968390804599
0 0.3161967017224874 0.9874352388479101 0.3082540445050518 0.9252272128556375 0.2792961889708465 0.9312376514752372 0.28723884618828216 0.9934456774675097
0 0.07727231744585542 0.8467368505969667 0.07242136932217225 0.7807639561148758 0.041304437231491506 0.7844834019038399 0.04615538535517466 0.8504562963859308
0 0.1345924544453956 0.963116120928621 0.11196037666625899 0.8989919005544006 0.08488579076814366 0.9145259442134442 0.10751786854728028 0.9786501645876646
0 0.08494723025822351 0.12836407103825137 0.04577172399014251 0.08674009562841531 0.02685363762991535 0.11568476775956286 0.06602914389799636 0.15730874316939894
0 0.13323514022851354 0.27864017346856634 0.10371851388869163 0.22057675279723105 0.07861801244686882 0.24131952829429296 0.10813463878669073 0.2993829489656283
0 0.1777924653007271 0.3656367041198502 0.13776896526400828 0.3337429775280899 0.1189505764852758 0.37213249063670417 0.1589740765219946 0.40402621722846443
0 0.255931101722457 0.5761107274401474 0.24867364427000443 0.5126598137129904 0.21705776800024446 0.518538390706899 0.22431522545269705 0.5819893044340559
0 0.3417232277526395 0.7566105769230769 0.30590120663650067 0.7261618589743589 0.28547637003519355 0.7652243589743589 0.32129839115133235 0.7956730769230769
0 0.45547385620915043 0.940625 0.4244281045751634 0.940625 0.4244281045751635 0.9963541666666667 0.4554738562091505 0.9963541666666667
0 0.5390354671280276 0.9613204656862745 0.5010092272203 0.9322303921568628 0.4851138985005767 0.9660079656862747 0.5231401384083044 0.9950980392156864
0 0.15134898282426504 0.05451009729805404 0.11494799515774387 0.009424874002519953 0.09634586720030303 0.03384016694666107 0.1327468548668242 0.07892539024219515
0 0.19916265796163993 0.16066364210410725 0.1625854676009067 0.12209932553627648 0.14357336755626185 0.1514133309539498 0.18015055791699508 0.18997764752178056
0 0.2507933705553014 0.2626734936872957 0.2108095943822236 0.2305343605568707 0.19518531964696595 0.2621331092886935 0.23516909582004372 0.29427224241911853
0 0.30635016563703105 0.41902111872146125 0.2747957516339869 0.3693229166666667 0.2531028964097054 0.39171304223744297 0.2846573104127496 0.4414112442922375
0 0.26100969123281503 0.4342816091954023 0.22731716249718278 0.43175466954022995 0.22487181654270905 0.4847575431034483 0.25856434527834127 0.4872844827586207
0 0.3617238562091504 0.5585937500000001 0.32741013071895425 0.51484375 0.309640522875817 0.5375 0.34395424836601307 0.5812500000000002
0 0.424617628211169 0.7019022682366763 0.38790658578928744 0.6562658536259747 0.36805490112311084 0.682225748958667 0.40476594354499246 0.727862163569369
0 0.4682109949997192 0.8445051337153774 0.45533573983557135 0.7854077125119389 0.4309172331778939 0.7940559336198664 0.4437924883420417 0.8531533548233049
0 0.3057737073759812 0.10515473055105347 0.30175660215463823 0.04540029038357645 0.27333562409296513 0.04850629727174501 0.2773527293143081 0.10826073743922202
0 0.37343626847223044 0.22278720188108844 0.3383338163392106 0.17181551617959917 0.3195094855767859 0.19288958403314302 0.3546119377098057 0.2438612697346323
0 0.41564928188728995 0.3539272621602289 0.4047897556733709 0.29476752503576537 0.37824027321944514 0.3026900035765379 0.3890997994333642 0.36184974070100145
0 0.4763190182856167 0.47086246363876766 0.44207140412690277 0.4284096919211952 0.4235715739422836 0.45267089779188147 0.45781918810099753 0.4951236695094539
0 0.5291237634367038 0.5858785885904385 0.49423091480719106 0.5451764518646295 0.4745878390784603 0.5725511335633316 0.509480687707973 0.6132532702891407
0 0.5753528192721374 0.6441037482065998 0.5739218499451432 0.5902814143950263 0.5441496469462964 0.5915681791009088 0.5455806162732907 0.6453905129124821
0 0.5849464370120452 0.7226445604738154 0.5505364448356235 0.682950176641729 0.5291876517855689 0.7130351205320034 0.5635976439619905 0.7527295043640898
0 0.632664557265449 0.8766070700896494 0.6251767822043243 0.8129609820700896 0.593316034645317 0.8190543500407497 0.6008038097064418 0.8827004380603095
0 0.5203598443122567 0.15501591760299627 0.5166725416758463 0.0997755149812734 0.48542722332378635 0.10316596441947565 0.4891145259601968 0.1584063670411985
0 0.5995106325553645 0.29282052443049184 0.5650942156625991 0.24796446108025436 0.5439437326085548 0.2743450907590759 0.5783601495013202 0.3192011541093134
0 0.652148765110764 0.39536320058997065 0.6168210278211579 0.3923603429203541 0.6138042975302215 0.45005530973451335 0.6491320348198276 0.4530581674041299
0 0.7058823529411765 0.6427083333333333 0.6785130718954249 0.6427083333333333 0.6785130718954249 0.6911458333333333 0.7058823529411765 0.6911458333333333
0 0.7031157548738214 0.5777966459157552 0.6879866406263072 0.5287688600574045 0.6673538005691766 0.5391191044139323 0.6824829148166909 0.5881468902722828
0 0.7896241830065359 0.8286458333333335 0.7602124183006536 0.8286458333333335 0.7602124183006536 0.8822916666666669 0.7896241830065359 0.8822916666666669
0 0.7843318455786987 0.7156720168612195 0.747179306223138 0.6881671530479899 0.7312259988301418 0.7231979571984439 0.7683785381857026 0.7507028210116735
0 0.8596153846153847 0.9048397435897436 0.8306906737053796 0.8574238782051282 0.810045877325289 0.8778966346153846 0.838970588235294 0.9253125
0 0.9658390640755008 0.986573367554569 0.9644263273196813 0.9325361866444691 0.9371282271695212 0.9336963559008509 0.9385409639253408 0.9877335368109507
0 0.6174580123109534 0.09591757623007623 0.6157968488850841 0.04402698371448373 0.5840370347723288 0.045679790367290384 0.5856981981981981 0.09757038288288289
0 0.6642233238904627 0.14750767233238912 0.6327577348219742 0.14655246694995286 0.6317454035438538 0.20076280689329568 0.6632109926123424 0.20171801227573194
0 0.7238562091503268 0.29062500000000013 0.6977124183006536 0.29062500000000013 0.6977124183006536 0.34583333333333344 0.7238562091503268 0.34583333333333344
0 0.7561274509803921 0.45468750000000013 0.7299836601307189 0.45468750000000013 0.7299836601307189 0.5083333333333334 0.7561274509803921 0.5083333333333334
0 0.8018005279034692 0.6026241987179489 0.7927978883861238 0.5452323717948718 0.7661670437405732 0.5520232371794872 0.7751696832579187 0.6094150641025642
0 0.8846720757268424 0.6737880747126437 0.8559155961235068 0.6514705459770116 0.839728983547442 0.6853757183908049 0.8684854631507776 0.707693247126437
0 0.7791688747571098 0.13980855855855853 0.7481876673053143 0.09767411642411646 0.7298842960607664 0.11955236486486497 0.7608655035125621 0.16168680699930704
0 0.8357843137254902 0.2666666666666668 0.8088235294117647 0.2666666666666668 0.8088235294117647 0.3213541666666668 0.8357843137254902 0.3213541666666668
0 0.8318458117446688 0.3781845287681883 0.8173217859841925 0.33096329001443975 0.7976408462974214 0.34080375985782524 0.8121648720578977 0.3880249986115738
0 0.9221671928249388 0.16671744214672574 0.9205126905513558 0.11187069177744953 0.8890421505874629 0.11341395864106353 0.8906966528610459 0.16826070901033974
0 0.9016346170001848 0.5320951156812339 0.8985334022212143 0.47410239931448156 0.8715033099786615 0.476452174378749 0.8746045247576322 0.5344448907455013
0 0.9488435316655397 0.5052460488505748 0.9462925400045076 0.4499533045977012 0.9190415821501015 0.45199712643678164 0.9215925738111336 0.5072898706896553
0 0.9982390478714008 0.6826224662162164 0.967436186186186 0.6730222409909911 0.9581770538286765 0.721317033628456 0.9889799155138913 0.7309172588536813
0 0.9730392156862745 0.8645833333333336 0.9452614379084967 0.8645833333333336 0.9452614379084967 0.9093750000000003 0.9730392156862745 0.9093750000000003
0 0.8803104575163399 0.7416666666666669 0.8517156862745098 0.7416666666666669 0.8517156862745098 0.7880208333333336 0.8803104575163399 0.7880208333333336
0 0.920751633986928 0.030208333333333472 0.8958333333333334 0.030208333333333472 0.8958333333333334 0.07968750000000015 0.920751633986928 0.07968750000000015