0 0.07316507684154744 0.07987049549549549 0.04381955484896663 0.07363457207207208 0.035417770711888376 0.13790822072072076 0.06476329270446918 0.14414414414414417
0 0.12787303718167767 0.33079400069156295 0.11467232121064193 0.2676780774550484 0.08464526889594011 0.277887275242047 0.09784598486697584 0.34100319847856153
0 0.1776827248977848 0.5046333271421497 0.14650890073711506 0.4838959571570085 0.12882396643650032 0.5271135153541358 0.15999779059717006 0.5478508853392771
0 0.09529091705410689 0.7995768900343644 0.06600043797587764 0.7542289518900345 0.043549120679199554 0.7778028350515463 0.0728395997574288 0.8231507731958765
0 0.22699589084098712 0.7032170474858165 0.19264940179849052 0.6978272907437632 0.18650966448598563 0.7614311319654932 0.22085615352848223 0.7668208887075465
0 0.2840704633913492 0.8957045880149814 0.2538141661158847 0.8715941011235956 0.23065836821620045 0.9188319288389515 0.260914665491665 0.9429424157303373
0 0.25080797836375934 0.6560079022988508 0.22913905792201938 0.6106192528735632 0.2086764705882353 0.6265 0.23034539102997523 0.6718886494252875
0 0.44931688612184545 0.8202467305352799 0.4167868303038978 0.7873521137469587 0.39576713897237736 0.8211435523114355 0.42829719479032496 0.8540381690997568
0 0.3978037293348712 0.6915134803921568 0.3870098039215686 0.6295833333333333 0.3617070357554787 0.6367524509803921 0.37250096116878123 0.6986825980392156
0 0.3489159247139994 0.43419779538594216 0.3183891171820173 0.38382856295817164 0.2920793910492183 0.4097496226821906 0.3226061985812005 0.46011885510996114
0 0.29364451796375746 0.2066073084054389 0.26056082713266604 0.19907486093943144 0.25235554666860566 0.25766056345282246 0.2854392374996971 0.2651930109188299
0 0.24402618717103358 0.016853337020649006 0.21677800913875878 0.014537241887905639 0.21371789866389035 0.07306185471976405 0.24096607669616518 0.0753779498525074
0 0.363766339869281 0.0877604166666667 0.3349673202614379 0.05104166666666673 0.3161764705882353 0.07500000000000002 0.3449754901960784 0.11171875
0 0.4441830065359478 0.1429791666666668 0.4156209150326798 0.11566666666666678 0.3973366013071895 0.14675000000000013 0.4258986928104575 0.17406250000000018
0 0.41482948965423816 0.30640112262521596 0.38515103796268074 0.2964432210708118 0.37432481628229874 0.34889626511226257 0.40400326797385616 0.35885416666666675
0 0.5054894857985194 0.25352082020859595 0.47638576640231906 0.2529830340893183 0.4755999120213674 0.322118573253535 0.5047036314175678 0.3226563593728126
0 0.44689542483660133 0.018229166666666734 0.42116013071895425 0.018229166666666734 0.42116013071895425 0.07864583333333339 0.44689542483660133 0.07864583333333339
0 0.5597580356343451 0.45324628995433797 0.5318817709732294 0.41497003424657536 0.5096640254275225 0.44127425799086756 0.5375402900886382 0.47955051369863017
0 0.5845916836766251 0.6201408057308097 0.578711650275252 0.5576654508412199 0.5539860002886537 0.5614484752891694 0.5598660336900269 0.6239238301787592
0 0.6430587911732351 0.7702712458745876 0.611754190124895 0.7662799092409242 0.60680369507539 0.8293987211221122 0.6381082961237301 0.8333900577557756
0 0.8153484366719661 0.8259572072072072 0.8068362480127186 0.760838963963964 0.7772919978802334 0.7671171171171172 0.7858041865394809 0.8322353603603605
0 0.7648920969422088 0.5877281676069583 0.7365877098371082 0.5230184826046076 0.7095455718723783 0.5422470028208746 0.737849958977479 0.6069566878232254
0 0.6952482938496114 0.2971520110410096 0.6590333189006412 0.28768040220820196 0.6489881651924703 0.35011731072555213 0.6852031401414405 0.35958891955835975
0 0.6396991116888745 0.054002647329649926 0.6019188061965118 0.010649746777163809 0.5740913768822448 0.05007193830570902 0.6118716823746074 0.09342483885819514
0 0.7892156862745098 1.2071062850970656e-16 0.7516339869281046 1.1777657888674935e-16 0.7516339869281046 0.06093750000000012 0.7892156862745098 0.06093750000000012
0 0.8583892442918813 0.2366766136162689 0.819138884554706 0.2022712201591513 0.7977204365388949 0.2419927055702919 0.8369707962760701 0.2763980990274095
0 0.9195018547959725 0.3286683558558561 0.8884296060766647 0.27419481981981986 0.86207604663487 0.2986317567567568 0.8931482953541776 0.35310529279279296
0 0.9549819597478901 0.5201834530888668 0.9291968687045352 0.4588149364056821 0.9048700583636166 0.4754310166831845 0.9306551494069716 0.5367995333663693
0 0.9935283334992203 0.6478109137055839 0.9640626555190605 0.6451274323181051 0.96033434524402 0.7116777707275806 0.9898000232241798 0.7143612521150594
0 0.9993538857793268 0.8074796154997009 0.9643220274345525 0.7997490275284261 0.9556054258926789 0.8639613255535609 0.9906372842374532 0.8716919135248357
0 1.0035692633010973 0.06527856334841632 0.9766748735693372 0.013424868024132763 0.9570276964481117 0.029990290346907974 0.9839220861798716 0.08184398567119153