0 0.06971069307587671 0.08485670473773269 0.04945547592979663 0.02257191201353638 0.018611276998108887 0.03887796108291032 0.038866494144188975 0.10116275380710664
0 0.10815200063765346 0.20530995934959353 0.07646162123385943 0.17916539634146345 0.04897477283596366 0.23332698170731708 0.08066515223975769 0.2594715447154472
0 0.06527284649585775 0.4496992251223491 0.036849337342332256 0.4113274877650897 0.005074555651515668 0.44958962071778136 0.03349806480504116 0.4879613580750408
0 0.06869896499713946 0.249867374005305 0.03938255231358683 0.22416970601237843 0.01400699537109276 0.2712298297966401 0.04332340805464538 0.2969274977895668
0 0.2470185720328125 0.34364666981577713 0.216828598861998 0.301429400881751 0.18027267591023183 0.34392566131317914 0.21046264908104634 0.38614293024720525
0 0.2952687270695143 0.23388708178438664 0.26785844449303886 0.1884545384138786 0.23771320795976386 0.21802005885997525 0.26512349053623924 0.2634526022304833
0 0.2534844705034904 0.11188377903835763 0.2234741951886103 0.06644634656942196 0.1910195601741507 0.10129237574284171 0.22102983548903085 0.14672980821177742
0 0.29105392156862747 0.38359375 0.26348039215686275 0.3484375 0.23386437908496732 0.38619791666666664 0.26143790849673204 0.42135416666666664
0 0.2963750111916913 0.033959760273972635 0.2665424388933655 -0.0013598744292237324 0.23873892022562443 0.03681649543378998 0.2685714925239502 0.07213613013698635
0 0.09697172894314962 0.5541126179245285 0.0738878098409175 0.5011350235849057 0.04260312615612284 0.5232950078616352 0.06568704525835496 0.5762726022012579
0 0.2338074574091932 0.5947745901639344 0.20431533269045324 0.5634392076502732 0.17749517839922854 0.6044740437158471 0.20698730311796848 0.6358094262295083
0 0.48856209150326796 0.3593750000000001 0.45731209150326796 0.3195312500000001 0.4258578431372549 0.35963541666666676 0.4571078431372549 0.3994791666666668
0 0.48959165114009395 0.19014187405731528 0.45877879809540706 0.14692684766214184 0.42817851122349393 0.18239536199095027 0.4589913642681809 0.22561038838612374
0 0.440686274509804 0.09770833333333337 0.4179738562091504 0.039791666666666684 0.3883986928104575 0.058645833333333376 0.41111111111111115 0.11656250000000007
0 0.46998227115241087 0.5839117414568893 0.4454478769496368 0.5263540526571812 0.4122056915919719 0.5493887191414326 0.43674008579474605 0.6069464079411407
0 0.28144685476000364 0.6399062028657617 0.25198518321355695 0.6057574472096531 0.2235567681069411 0.6456282993966819 0.25301843965338777 0.6797770550527904
0 0.27582908407408263 0.767877131328908 0.2527085837588973 0.7159947286216323 0.22138592844400548 0.7386858567616817 0.2445064287591908 0.7905682594689575
0 0.09809109204714078 0.8565174386295545 0.06850143169280866 0.8214227251860443 0.040047603075249696 0.8604222540349861 0.06963726342958182 0.8955169674784963
0 0.05339472051126207 0.7760042917581971 0.03349244465502419 0.7301648563989912 0.007417251743264999 0.7485688206817998 0.027319527599502878 0.7944082560410057
0 0.056278795671274064 0.9502476092896174 0.030161791492553446 0.9224982923497268 0.002638487088824706 0.9646089480874319 0.02875549126754532 0.9923582650273225
0 0.280317481442049 0.8903327677224736 0.2528132670866236 0.8517581070889896 0.22355491970543884 0.8856711915535447 0.2510591340608642 0.9242458521870288
0 0.4655210398766248 0.7722670880149813 0.4376606447822575 0.715431882022472 0.40615590805610635 0.7405372191011238 0.4340163031504737 0.797372425093633
0 0.4669327597114155 0.9189823571614922 0.42960246756324927 0.8902450756587528 0.4040316165600078 0.9442435211757542 0.44136190870817404 0.9729808026784936
0 0.6184214745645314 0.7856572085332172 0.5947628688050302 0.7305738025149003 0.5624095000698345 0.753163386756796 0.5860681058293356 0.8082467927751128
0 0.6415710203781109 0.3556871930964762 0.6090371229369853 0.31059945479491635 0.5761432244763879 0.34918399768919706 0.6086771219175133 0.3942717359907569
0 0.6368795313731158 0.14679843343451862 0.6126637884121559 0.09616331490315128 0.5852751985442919 0.11745627348944788 0.609490941505252 0.16809139202081524
0 0.7613185354570782 0.00865030160857921 0.7262885717289597 -0.008718722073279572 0.7083727592913841 0.05001954870420023 0.7434027230195026 0.06738857238605901
0 0.7611856823266219 0.18272511185682336 0.7353544326007808 0.13567533557046982 0.7037439136728517 0.1638877237136465 0.7295751633986928 0.2109375
0 0.7636060834590245 0.29350961538461556 0.7318376068376068 0.26650641025641053 0.7062594268476622 0.31542467948717967 0.7380279034690799 0.3424278846153848
0 0.7549019607843137 0.49374999999999986 0.7377169258508001 0.43897270114942527 0.7064457967094885 0.4549209770114943 0.723630831643002 0.509698275862069
0 0.7591801160897572 0.6293622141997595 0.7272200396404049 0.6031663658243082 0.7033296170453741 0.6505490373044527 0.7352896934947265 0.676744885679904
0 0.7562542258282625 0.8235811781609196 0.7371534820824882 0.7626975574712644 0.7054597701149424 0.7788613505747127 0.7245605138607166 0.8397449712643679
0 0.6159895584249961 0.9701031504065043 0.5901177666188429 0.914169461382114 0.560368842659015 0.9365383638211383 0.5862406344651683 0.9924720528455285
0 0.9259890885652459 0.8075444060353077 0.8986380316105916 0.7497866662318462 0.8644426028520806 0.7761106944082091 0.891793659806735 0.8338684342116707
0 0.7535559305689489 0.9579405737704918 0.725563859423551 0.9151127049180328 0.6950270545376621 0.9475580601092896 0.7230191256830601 0.9903859289617486
0 0.9207794430836886 0.556965328266138 0.8963519864874789 0.4959211142322098 0.8629737806116057 0.5176339777484028 0.8874012372078155 0.5786781917823309
0 0.924356643414304 0.3633502417998319 0.8997269359103326 0.30793339991589586 0.8686104102420332 0.33041508971124206 0.8932401177460049 0.3858319315951781
0 0.9316540417769081 0.15710046980899578 0.9003298176941759 0.10592941312384466 0.867588464837568 0.13851105206407877 0.8989126889203004 0.1896821087492299