0 0.05363327814815806 0.04496318369746624 0.032045239200216576 0.004048015285996061 0.00805930398255494 0.024621406084054016 0.029647342930496427 0.0655365744955242
0 0.057413262803431044 0.16198761832319136 0.03120898460804201 0.13659567275185938 0.008987342401463655 0.17387540145368494 0.03519162059685269 0.19926734702501694
0 0.06221729524846609 0.33699511243621694 0.03923968127656902 0.2899115195205886 0.013063315393797242 0.31067810312092087 0.03604092936569431 0.3577616960365492
0 0.05862077190973716 0.43560675182481745 0.030544821334860018 0.4225897201946472 0.015111397356996362 0.4767031630170316 0.0431873479318735 0.48972019464720185
0 0.050245098039215744 0.6161458333333333 0.020833333333333395 0.6161458333333333 0.020833333333333398 0.6869791666666667 0.05024509803921575 0.6869791666666667
0 0.050826258338386915 0.8258859536082475 0.033206151876558225 0.7753382731958763 0.005992689171888734 0.790759235395189 0.023612795633717425 0.8413069158075601
0 0.0419307538305214 0.9467603578758337 0.031067549304654298 0.8872028390627673 0.003254979091003616 0.895449589533094 0.01411818361687072 0.9550071083461604
0 0.2362460444207849 0.17444617269984922 0.21005789193505453 0.14409172322775265 0.18218399727915296 0.18318486048265462 0.20837214976488333 0.21353930995475115
0 0.2320464392933663 0.34681106916707266 0.20226219242364915 0.3314402703360936 0.1841856648488264 0.3883813321967853 0.21396991171854357 0.40375213102776436
0 0.2356303418803419 0.5047315705128206 0.2081982151835093 0.4775280448717949 0.18369469582704875 0.5176963141025641 0.21112682252388137 0.5448998397435898
0 0.23548177731329417 0.7635059750423011 0.20770607312298872 0.7328138219120137 0.18291944527387946 0.7692787648054148 0.2106951494641849 0.7999709179357023
0 0.22962140831175248 0.8716686320754718 0.19973177950425458 0.8607802672955975 0.18735355777531149 0.9160180817610063 0.21724318658280933 0.9269064465408806
0 0.23530827347440628 0.6322117367986799 0.20821401993140495 0.6039475041254126 0.18393475376949464 0.6417826938943895 0.21102900731249594 0.6700469265676567
0 0.3872329044985968 0.05251732010706978 0.3599143719840322 0.020759526058888332 0.3338757444404309 0.057171606833569505 0.36119427695499556 0.08892940088175096
0 0.3712754709727028 0.22267156862745097 0.36034217608612074 0.16691176470588232 0.3336216839677047 0.1754289215686274 0.34455497885428676 0.23118872549019606
0 0.37303141752446445 0.3847813771735111 0.35406420244753467 0.34286383185349617 0.3288969953501193 0.3613762486126527 0.34786421042704907 0.40329379393266757
0 0.3769438278456036 0.5648722484276729 0.35818781600690586 0.5113506289308176 0.3299683993094092 0.5274266902515723 0.348724411148107 0.5809483097484277
0 0.3756535947712418 0.7704166666666665 0.35416666666666674 0.7156250000000001 0.32638888888888895 0.7333333333333335 0.34787581699346404 0.7881249999999999
0 0.3819292748045284 0.9362497236958447 0.35049778089838945 0.9086980548187448 0.32527717099218123 0.9554708222811672 0.3567086648983202 0.9830224911582672
0 0.49653720462544 0.1771794871794872 0.4909062342885872 0.11974358974358972 0.4674773755656108 0.12347756410256408 0.4731083459024636 0.18091346153846155
0 0.49789050189738293 0.27752763908701866 0.47020945801049857 0.2707404600570615 0.461952113227602 0.32548665596766535 0.48963315711448635 0.3322738349976226
0 0.5048334054967939 0.46486034437434287 0.4767205830807613 0.4479340825446899 0.4578369518154266 0.4989198869610937 0.4859497742314592 0.5158461487907466
0 0.49893415474297836 0.6396224662162163 0.47320504327857266 0.6292210022522523 0.4585912382971206 0.6879853603603603 0.48432034976152627 0.6983868243243243
0 0.5036764705882353 0.8083333333333333 0.47261581031439337 0.7939324817518248 0.4530079671771385 0.8626824817518248 0.4840686274509804 0.8770833333333333
0 0.6443474041727316 0.52771788573508 0.6383394697034563 0.4702670123726345 0.6119566458315494 0.47475209243085875 0.6179645803008248 0.5322029657933043
0 0.65245661482984 0.3076221264367817 0.6245931935992789 0.29805747126436793 0.6134787018255579 0.3506925287356323 0.6413421230561189 0.36025718390804606
0 0.6570935162818363 0.1899544487606364 0.636534932137857 0.14451997780244188 0.60965847678324 0.16428967813540532 0.6302170609272194 0.20972414909359985
0 0.6535575497264409 0.7399907961343766 0.6356540008241371 0.6854595701027766 0.608129818118381 0.7001498025003836 0.6260333670206847 0.7546810285319836
0 0.6923210918765699 0.11704254396579548 0.6653871979575954 0.08858880888996458 0.640329699966466 0.12714711398838344 0.6672635938854405 0.15560084906421434
0 0.6475708610472353 0.9549377364438841 0.6334810721262023 0.8943076134930642 0.6064152016418168 0.9045324978982765 0.6205049905628498 0.9651626208490963
0 0.8071173858086398 0.7689419778203289 0.7803050213223953 0.76286450853678 0.7711065118563781 0.8288350686133718 0.7979188763426227 0.8349125378969205
0 0.8110816993464053 0.5927583333333336 0.7817843137254902 0.5859666666666669 0.7729542483660131 0.6478875 0.8022516339869282 0.6546791666666667
0 0.8200116177651114 0.4644208634367475 0.8072015213508551 0.40045044446805494 0.7788227169320768 0.40968865101289137 0.7916328133463331 0.47365906998158386
0 0.8229412819647227 0.30118625956480155 0.8063699116662447 0.2443018442132951 0.7804520540880149 0.25657580105212824 0.797023424386493 0.3134602164036347
0 0.8298026459654496 0.09152919764560093 0.8057134873776031 0.04598822800495661 0.7765837220885877 0.07103643897149942 0.8006728806764343 0.11657740861214373
0 0.9823403720462547 0.13377403846153857 0.9608974358974361 0.0859294871794873 0.9348541980894922 0.10490384615384626 0.9562971342383108 0.15274839743589752
0 0.9772058823529411 0.2684375000000001 0.9589869281045751 0.22197916666666676 0.9330065359477124 0.23854166666666668 0.9512254901960786 0.28500000000000003
0 0.9778080967986817 0.4076472497639283 0.9593944990649707 0.35775790840415483 0.9320888648188262 0.37414128895184134 0.9505024625525375 0.4240306303116148
0 0.9679548383090372 0.5713281868566907 0.9395065825221618 0.5700774445764056 0.9377003671619084 0.6368622575217737 0.9661486229487838 0.6381129998020588
0 0.9689778878086381 0.8046420612304547 0.9529173937586142 0.7470501333479469 0.9256541320313015 0.7594094786643285 0.9417146260813255 0.8170014065468363
0 0.9668319990718182 0.9324642504930966 0.9493923308968558 0.8790988658777119 0.9243314189581159 0.8924124753451677 0.9417710871330782 0.9457778599605523