0 0.059099540717187767 0.08127815315315316 0.03591459106164988 0.06016328828828829 0.011459989401165875 0.10381475225225227 0.03464493905670376 0.12492961711711713
0 0.1963249754178958 0.14799317846607674 0.18548860547168722 0.09503042035398232 0.15643761929550581 0.10469303097345135 0.16727398924171438 0.15765578908554578
0 0.0585961760269719 0.2952300150829563 0.030079037648241807 0.27800716440422324 0.01004144116168339 0.33194169494720965 0.03855857954041349 0.3491645456259427
0 0.20111489717838357 0.3083142784552846 0.17215454818575335 0.2892154276110069 0.15293297587953256 0.3365966033458411 0.18189332487216278 0.35569545419011883
0 0.20080970183881533 0.5332340263691683 0.17599166103222905 0.5103807471264368 0.15172297789974684 0.5532243069641649 0.17654101870633312 0.5760775862068965
0 0.06069990236758611 0.5406120331950208 0.030153330350120747 0.5180638399031813 0.0058867599598623034 0.5715054460580914 0.03643333197732766 0.594053639349931
0 0.19787581699346413 0.7547916666666669 0.16928104575163408 0.7365625 0.14926470588235297 0.7876041666666668 0.17785947712418304 0.8058333333333335
0 0.05889796265577817 0.8095071854663772 0.02776803056725232 0.788617362617498 0.004569669516396681 0.844815392263196 0.03569960160492253 0.8657052151120752
0 0.33418980975289747 0.720351223667906 0.3068676045387176 0.6935544454770757 0.28077848239667613 0.7367971654275093 0.308100687610856 0.7635939436183397
0 0.31944648183462915 0.9667186201163757 0.3171055205124444 0.9070241064006648 0.29259571659087574 0.9085866064006648 0.2949366779130605 0.9682811201163756
0 0.33221597462514413 0.5122702205882352 0.3074058054594387 0.49329044117647064 0.2856353325643984 0.5395526960784314 0.31044550173010377 0.558532475490196
0 0.3307179579148733 0.36021976626016267 0.30933165949306557 0.35719004065040655 0.30493782879005266 0.4076092479674797 0.3263241272118604 0.4106389735772359
0 0.3375142798284547 0.25523221107927413 0.31270366312714193 0.2490598137535817 0.30488674457366516 0.30013849092645656 0.32969736127497795 0.306310888252149
0 0.338517247490615 0.12612640372500697 0.3124308542918674 0.10895987400712141 0.2932311722278613 0.15638908860586148 0.31931756542660894 0.17355561832374702
0 0.4837275223118011 0.4092758565989849 0.4583001559337779 0.3811786167512692 0.4343087488802627 0.41647366751269044 0.459736115258286 0.44457090736040616
0 0.47857136300212966 0.20231683052434465 0.45628625982228094 0.17884480337078662 0.4342838914592055 0.2128037219101124 0.4565689946390542 0.23627574906367046
0 0.47181372549019607 7.19798912936348e-17 0.4415849673202614 6.961989485777792e-17 0.4415849673202614 0.051562500000000074 0.47181372549019607 0.051562500000000074
0 0.48188744303862324 0.6164826780173118 0.4541873216704614 0.5979409092764986 0.43345366073916086 0.6482940858239427 0.4611537821073227 0.6668358545647559
0 0.21080519534757458 0.7829572683706071 0.20916142015911796 0.7305619342385515 0.1989653156257178 0.7310819355697549 0.2006090908141744 0.7834772697018104
0 0.6135243841126196 0.08319711538461536 0.5902306435394672 0.04501201923076916 0.5616390145801912 0.07336538461538454 0.5849327551533435 0.11155048076923073
0 0.6108668196944975 0.23094293606017882 0.5845144592863003 0.2080343500235074 0.5629862781972216 0.24829204866008472 0.5893386386054187 0.27120063469675615
0 0.6104146576663454 0.39049692622950816 0.5873781206471661 0.3552510245901639 0.5615021965070182 0.38274419398907106 0.5845387335261975 0.4179900956284153
0 0.609313725490196 0.5988541666666668 0.5861274509803921 0.5594375 0.5586764705882353 0.5856875 0.5818627450980393 0.6251041666666667
0 0.6078431372549019 0.8145833333333335 0.5816993464052287 0.7812500000000001 0.5531045751633986 0.8177083333333335 0.579248366013072 0.8510416666666669
0 0.4798755286428297 0.8706035539215686 0.45846549404075354 0.8251072303921567 0.4292699923106497 0.8474417892156862 0.45068002691272585 0.892938112745098
0 0.6027369281045752 0.9695312500000001 0.5786356209150327 0.9388020833333335 0.5502450980392157 0.9750000000000001 0.5743464052287582 1.0057291666666668
0 0.7237984030090023 0.782159001572327 0.7061675299050437 0.741696147798742 0.6725590393390061 0.7655021619496855 0.6901899124429647 0.8059650157232705
0 0.7572669769375938 0.7508513458401305 0.7318495505869558 0.7202445282762372 0.7063374969346085 0.754685800706906 0.7317549232852465 0.7852926182707994
0 0.7558736438737932 0.5970304568527921 0.7260102518164626 0.5744670050761423 0.7061502604425866 0.6171970177664977 0.736013652499917 0.6397604695431475
0 0.7213172975055379 0.5155034070114611 0.6953746272659116 0.49499572618703663 0.6757703249844674 0.535311025233555 0.7017129952240937 0.5558187060579795
0 0.7661928104575163 0.2882708333333334 0.7388725490196077 0.26214583333333336 0.7161274509803921 0.30081250000000004 0.7434477124183007 0.32693750000000005
0 0.764771015280751 0.15165276574234554 0.7398169623135213 0.1170697032062393 0.7124275042194808 0.14919753755054893 0.7373815571867104 0.18378060008665517
0 0.7267587575170651 0.09296036810950797 0.69902178407434 0.07255769052904189 0.6790820656786577 0.11662446818349986 0.7068190391213827 0.13702714576396596
0 0.7637530064000653 0.43681674462924464 0.7399871591048063 0.40840913028413023 0.7138340263340264 0.4439773908523908 0.7375998736292854 0.4723850051975052
0 0.7555154029757523 0.8905023464163826 0.7271053614847532 0.8619053967576795 0.7028883367909168 0.9010158916382255 0.7312983782819158 0.9296128412969284
0 0.9052386770697707 0.12063124587049898 0.879665324173938 0.110773610422861 0.8666391771442639 0.16570888049223667 0.8922125300400965 0.17556651593987463
0 0.9082831144690292 0.33763379204892985 0.879903834622534 0.3181503249235475 0.8598350272830843 0.3656703937308869 0.8882143071295796 0.3851538608562693
0 0.907074271802262 0.5548469979584262 0.8893510633652124 0.5079145786933928 0.8599843333770033 0.5259424879361545 0.877707541814053 0.5728749072011878
0 0.8969157701991302 0.6977099546044099 0.8668554970626383 0.6953145265888456 0.8637750820172428 0.7581549935149159 0.8938353551537347 0.76055042153048
0 0.8913398692810458 0.8796875000000003 0.8660130718954249 0.8796875000000003 0.8660130718954249 0.9359375000000002 0.8913398692810458 0.9359375000000002