0 0.14332192443052172 0.07481508875739644 0.12392437251034535 0.015458579881656798 0.09700709672429131 0.02975838264299801 0.11640464864446766 0.08911489151873765
0 0.1445889531149647 0.19984344894026976 0.12424321848199782 0.1493271315028902 0.10368591559938042 0.16278660886319848 0.12403165023234729 0.21330292630057804
0 0.2091812232507216 0.27335474830795264 0.19643073388407817 0.20980515016920476 0.1657938936996118 0.21979774746192896 0.17854438306625525 0.2833473456006768
0 0.061077104427592864 0.42151557568584613 0.02273389933783662 0.3776421006312212 -0.001924665229043784 0.41267487557659627 0.03641853986071246 0.45654835063122123
0 0.1044056105660302 0.5743914937227774 0.06628134215510442 0.5276526069689983 0.040259692142293795 0.5621573148859852 0.07838396055321957 0.6088962016397643
0 0.15457629028622952 0.7785244252873563 0.11996224926752319 0.7516609195402298 0.09860096912328156 0.7964051724137932 0.1332150101419879 0.8232686781609196
0 0.19362745098039225 0.90625 0.16217320261437917 0.90625 0.16217320261437917 0.9713541666666666 0.19362745098039225 0.9713541666666666
0 0.2754943704975908 0.5837385948905109 0.24130587758217648 0.5787089416058394 0.2359548685654311 0.6378375912408759 0.27014336148084545 0.6428672445255474
0 0.21930296508847447 0.39514735772357734 0.18602144109676394 0.38605436991869924 0.17660608959030769 0.4420757113821138 0.2098876135820182 0.4511686991869919
0 0.27496732026143794 0.4464375000000001 0.2439133986928105 0.44078125000000007 0.2373937908496733 0.4989687500000001 0.26844771241830073 0.5046250000000001
0 0.34950574152312874 0.6680265883977902 0.31210775286173414 0.6548728130755065 0.2980500487487814 0.7198457642725599 0.335448037410176 0.7329995395948435
0 0.33009678230266476 0.7800080128205129 0.2993275515334339 0.7661618589743591 0.2863109602815485 0.813184294871795 0.3170801910507794 0.8270304487179488
0 0.4029199617231792 0.8856180939226519 0.37193853139782623 0.8835390768876612 0.3693927617087351 0.9452103476058933 0.40037419203408803 0.947289364640884
0 0.48286344924710217 0.5489295580110497 0.45302738959303795 0.514692679558011 0.43184198172823457 0.5447053406998158 0.46167804138229873 0.5789422191528544
0 0.41517685505574775 0.438327205882353 0.38413110342176093 0.4284313725490197 0.37495194156093814 0.4752450980392157 0.40599769319492496 0.48514093137254904
0 0.33762254901960786 0.08255208333333336 0.3047385620915033 0.040625 0.2828839869281045 0.06848958333333337 0.31576797385620914 0.11041666666666673
0 0.3856833910034601 0.23906862745098045 0.3560697808535178 0.19501838235294133 0.33326124567474047 0.21994485294117663 0.3628748558246827 0.2639950980392157
0 0.4209057836971266 0.33629127358490574 0.38653810580836107 0.32377161949685546 0.375423911703046 0.3733687106918239 0.40979158959181156 0.38588836477987426
0 0.4570008480352529 0.3562554735920237 0.428877812914441 0.3354084562786311 0.4123290720222339 0.37169984505524123 0.4404521071430459 0.39254686236863384
0 0.4841901801370956 0.49516768292682933 0.47580902279611037 0.44529979674796744 0.4498923959827834 0.45238058943089426 0.45827355332376857 0.5022484756097562
0 0.52266131315181 0.6779864571355565 0.4882658570007791 0.6593250926280823 0.47237065261776096 0.7069510987607001 0.5067661087687918 0.7256124632681744
0 0.5657679738562091 0.7203125 0.5355392156862745 0.7203125 0.5355392156862745 0.7739583333333333 0.5657679738562091 0.7739583333333333
0 0.5604575163398693 0.8333333333333334 0.5290032679738562 0.8333333333333334 0.5290032679738562 0.890625 0.5604575163398693 0.890625
0 0.6339480288136474 0.9107113450486296 0.5984225741578683 0.8976602564102566 0.5861767739810336 0.9518479221927497 0.6217022286368128 0.964899010831123
0 0.6482068402073473 0.49803340517241385 0.6294864210051837 0.44234015804597704 0.6062161933739012 0.45505567528735635 0.6249366125760649 0.5107489224137931
0 0.495983285250925 0.023780392768079882 0.4639147637442342 0.021736024522028333 0.4614546150962463 0.0844698150457191 0.4935231366029371 0.08651418329177064
0 0.537390577482064 0.14625241002570705 0.5032107423089203 0.13495407562125117 0.4924674882806594 0.18778786418166246 0.5266473234538032 0.19908619858611834
0 0.5893799323244134 0.34493256626332464 0.5880365182661943 0.2866955668395275 0.5589622841357805 0.287785850619418 0.5603056981939997 0.34602285004321515
0 0.6796730153379403 0.6704050262655206 0.6497134670487106 0.659794352913085 0.6386583047736764 0.7105375477554918 0.6686178530629062 0.7211482211079274
0 0.724538205840276 0.7496937589413449 0.7149920053858452 0.6985738555078684 0.6946320373643019 0.7047545600858369 0.7041782378187326 0.7558744635193135
0 0.7591649288962262 0.8524326070901035 0.7339696710786728 0.8511970704086658 0.7324792915689172 0.9006031511570656 0.7576745493864706 0.9018386878385033
0 0.7275326797385621 0.12083333333333345 0.6964869281045751 0.12083333333333345 0.6964869281045751 0.1822916666666668 0.7275326797385621 0.1822916666666668
0 0.789487894646888 0.37245125112714156 0.7861584068553782 0.3059447324917343 0.7569612042292121 0.3083208878118426 0.7602906920207217 0.3748274064472498
0 0.8544934640522877 0.5513541666666666 0.830718954248366 0.4907291666666666 0.8044117647058825 0.5075 0.828186274509804 0.5681250000000001
0 0.9087312904363543 0.7181180614109051 0.8848621306307793 0.6552228253232152 0.8574212076623788 0.6721521044125912 0.8812903674679539 0.7350473405002812
0 0.9645924143251315 0.9250331885107409 0.9450165173479481 0.868458846246681 0.9185964513732117 0.8833201333574704 0.938172348350395 0.9398944756215303
0 0.9621058558558557 0.6106827139639641 0.9284379968203498 0.6039048423423424 0.9215653153153154 0.6594017454954956 0.9552331743508213 0.6661796171171173
0 0.9742647058823529 0.4098958333333335 0.9381535947712416 0.38687500000000014 0.9205882352941174 0.43166666666666675 0.9566993464052288 0.45468750000000013
0 0.9641975765957097 0.24718382661628902 0.9359795072521033 0.24661274664147792 0.9351849450947468 0.3104359519311505 0.9634030144383532 0.3110070319059615
0 0.9203607340372045 0.09803365384615399 0.8872385620915033 0.09568750000000015 0.8844645550527904 0.15935096153846165 0.9175867269984916 0.1616971153846155