0 0.19141285956006768 0.06973879018612525 0.1594215520387512 0.06682529610829106 0.15591096844829302 0.12948921319796955 0.1879022759696095 0.13240270727580375
0 0.2369013150338003 0.2103735801543078 0.20383899380583778 0.1967544470638663 0.19103385567686137 0.2472890100371482 0.2240961769048239 0.26090814312758964
0 0.27054303350164705 0.3553741954524873 0.2394392536107528 0.3419606903745391 0.22583567031832466 0.3932402847855619 0.2569394502092189 0.40665378986351
0 0.11279319870889191 0.4468090949033392 0.08010570660601678 0.4223467706502636 0.06353251318101934 0.4583474297012302 0.09622000528389446 0.4828097539543058
0 0.04569077071544504 0.36825223713646527 0.017318616484625196 0.3486577181208053 -0.0026258937579506066 0.39560402684563756 0.02574626047286924 0.41519854586129756
0 0.05362946548482409 0.23452768264840182 0.0221371653684305 0.23030108447488581 0.01764258214701408 0.2847417237442923 0.049134882263407675 0.28896832191780825
0 0.3082264957264958 0.5163060897435898 0.27845336852689795 0.5087139423076923 0.2694350175967823 0.5662059294871795 0.29920814479638014 0.573798076923077
0 0.3372490703769262 0.637422367039888 0.3050841691936864 0.632005919057616 0.2992481544752262 0.6883443040004666 0.33141305565846596 0.6937607519827386
0 0.17786233840697116 0.7011481001360081 0.14551289744051318 0.6973290689108012 0.14121402839725947 0.7565244956364049 0.17356346936371744 0.7603435268616117
0 0.22387276982865226 0.8811162725225226 0.19322557851969627 0.8749465090090089 0.18620385090973335 0.9316469594594594 0.21685104221868934 0.937816722972973
0 0.3925215555881539 0.7594503325020782 0.3599233126334491 0.7573721945137156 0.35726553713754833 0.8251454696591854 0.3898637800922531 0.8272236076475479
0 0.48931539390472567 0.5475793490005402 0.45468460344699746 0.5205595792814695 0.43289272624230685 0.5659637527012426 0.46752351670003506 0.5929835224203134
0 0.40992394143398453 0.460079151031895 0.3773098076003386 0.4535563242651658 0.3703054298642535 0.5104887820512822 0.4029195636978995 0.5170116088180114
0 0.42769607843137253 0.3255208333333333 0.39705882352941174 0.28645833333333337 0.37030228758169936 0.3205729166666667 0.40093954248366015 0.35963541666666665
0 0.3618464052287582 0.24197916666666677 0.3293709150326798 0.2281770833333334 0.3145833333333333 0.2847395833333334 0.3470588235294118 0.2985416666666667
0 0.36905243748875693 0.10857702599388383 0.33490136115608315 0.10100439602446487 0.3277837740600827 0.15318520642201838 0.36193485039275647 0.16075783639143734
0 0.30129668953660954 0.03966400164769325 0.2685877027064071 0.021566057519472746 0.25350098097956975 0.06589150189734373 0.2862099678097722 0.08398944602556423
0 0.49926685116059555 0.009597693289569756 0.459818402196765 -0.004616611962071371 0.4422113885670973 0.07481810722100664 0.48165983753092784 0.08903241247264777
0 0.538747807429681 0.31008636182108623 0.5366283227881141 0.24252778887113952 0.5063825983002359 0.2440703208200213 0.5085020829418028 0.311628893769968
0 0.6007833040740467 0.45310923707440115 0.5698735463079726 0.44888674337957135 0.5646532362419537 0.5110084331651955 0.5955629940080278 0.5152309268600254
0 0.47749393712005056 0.6535704381586246 0.445945211140474 0.6451903078202996 0.4371125738148837 0.6992460482529118 0.4686612997944603 0.7076261785912369
0 0.547071392659628 0.8848157051282051 0.5398629964806436 0.8112900641025641 0.5066302161890397 0.8165865384615384 0.5138386123680241 0.8901121794871795
0 0.6522373470290816 0.6965160238623753 0.6506468847250332 0.6356808407325194 0.6235120019150835 0.6368340732519423 0.625102464219132 0.6976692563817981
0 0.7283416477265431 0.7812950229207598 0.7041588819548774 0.7323249222331368 0.6841477586450426 0.7483894073346431 0.7083305244167084 0.797359508022266
0 0.733704122674711 0.9770112179487179 0.7267596782302665 0.9061778846153847 0.6982528908999497 0.9107211538461539 0.7051973353443941 0.9815544871794871
0 0.902607819283431 0.8981219586374695 0.8966574829445159 0.8323707420924573 0.8730278851199845 0.8358470194647201 0.8789782214588998 0.9015982360097322
0 0.8656045751633987 0.6916666666666669 0.8386437908496732 0.6916666666666669 0.8386437908496732 0.7593750000000002 0.8656045751633987 0.7593750000000002
0 0.8183584379764783 0.5905231550272413 0.8175375598481096 0.5298192174343733 0.7911903097048626 0.5303984026745913 0.7920111878332313 0.5911023402674592
0 0.7824976022562266 0.38834231229690447 0.7522065949690976 0.3793606764152557 0.7424123146778807 0.43305781811185234 0.7727033219650096 0.44203945399350103
0 0.8107931089452881 0.4353200343425848 0.8084483583172545 0.3777710611157836 0.7809305205121015 0.3795936711522288 0.7832752711401352 0.43714264437903
0 0.7617257460516829 0.22778395610913416 0.7317673807363989 0.21584741992882572 0.7203992510408671 0.2622293890865956 0.7503576163561511 0.27416592526690403
0 0.7045465301737398 0.13549247224233657 0.6745058993908932 0.1185946174269854 0.6596021283241755 0.1616665158097998 0.689642759107022 0.178564370625151
0 0.8453012955361465 0.019020423455272193 0.8109223964203982 0.01748242007377818 0.8087974097313892 0.09469912388564412 0.8431763088471375 0.09623712726713815
0 0.7090558743822732 0.08833384146341464 0.7078558903236091 0.0393744918699187 0.6851809341622828 0.04027794715447155 0.6863809182209469 0.08923729674796749
0 0.9262238056734721 0.25890141752577345 0.8862037598544571 0.2168803694158078 0.8616299440738492 0.25492590206185584 0.9016499898928642 0.2969469501718215
0 0.96400607754414 0.4043622737556563 0.9332828719723184 0.40249693627450994 0.9308023171561236 0.4689137914781299 0.9615255227279451 0.47077912895927626
0 0.9995915032679739 0.5473958333333335 0.9726307189542484 0.5473958333333335 0.9726307189542484 0.6098958333333335 0.9995915032679739 0.6098958333333335
0 0.9635758724129361 0.9120755066887952 0.9321460303091262 0.8996892916415209 0.9202331858110372 0.9488297751961378 0.9516630279148471 0.961215990243412