0 0.055047314048328244 0.1550195130475303 0.023185330360786755 0.13035492388940667 0.0006886957951866727 0.17759785647716683 0.03255067948272816 0.2022624456352905
0 0.054181373844806244 0.15232784826856996 0.03534711531982607 0.13711918450964847 0.026040775813365277 0.15585431535818134 0.04487503433834546 0.17106297911710283
0 0.09583813917723955 0.3683578431372549 0.059898116109188784 0.33112622549019605 0.0360073048827374 0.3686164215686275 0.07194732795078816 0.40584803921568635
0 0.12225397706252308 0.6054437893081761 0.09255302750030826 0.5767158018867924 0.0713438771735109 0.6123616352201258 0.10104482673572572 0.6410896226415094
0 0.13928537101114963 0.7423866421568627 0.11033016147635531 0.7202359068627451 0.09075836216839685 0.7618259803921568 0.11971357170319115 0.7839767156862744
0 0.15302287581699348 0.8650000000000001 0.12263071895424843 0.8456250000000001 0.10457516339869286 0.8916666666666668 0.1349673202614379 0.9110416666666669
0 0.30377952023802146 0.8073695995785037 0.2768010874880335 0.7826033983140148 0.2561524170609586 0.8191687521952934 0.28313084981094655 0.8439349534597823
0 0.3279667293510766 0.9778297444512318 0.2998782744618922 0.947793219303604 0.28040767824132296 0.9773922699042963 0.3084961331305074 1.0074287950519243
0 0.2895363165042167 0.6641373180173357 0.26135262023685174 0.6273864186232433 0.23828766337806684 0.6561407315071951 0.26647135964543184 0.6928916309012875
0 0.2681094078749625 0.49868124436429234 0.2393090990529064 0.45695352419597246 0.21605719985619737 0.48304215509468 0.24485750867825345 0.5247698752629998
0 0.2193527817631118 0.39623983739837404 0.1861250597800096 0.3623475609756098 0.1672744300972422 0.3923907520325204 0.2005021520803444 0.4262830284552846
0 0.23210639104410083 0.2645389967259121 0.199720739558686 0.2298834580604927 0.17817221213399612 0.262618880573745 0.21055786361941098 0.2972744192391643
0 0.20460907633493655 0.07151533018867927 0.1775650511777038 0.03990762578616351 0.15321556295474165 0.07377555031446542 0.18025958811197437 0.10538325471698116
0 0.33648654269430023 0.1912941041958586 0.30796503756414606 0.14605969270590063 0.2814635974271384 0.17322366884633347 0.30998510255729256 0.21845808033629144
0 0.35708699185501563 0.3703618403968006 0.3382037244107158 0.3065600005193725 0.3062241204781486 0.32194641373221144 0.3251073879224485 0.3857482536096395
0 0.46590091284421037 0.15410294591113977 0.44288831651999705 0.13301405881090364 0.42188926976671753 0.17026454174715605 0.44490186609093085 0.19135342884739218
0 0.49433454263729226 0.39034691907320357 0.4715640733571244 0.3424435443250504 0.44617856656878113 0.3620596177524065 0.468949035848949 0.4099629925005596
0 0.3820093758027228 0.5234415938864629 0.3495786597026001 0.5032478165938865 0.33067988840368756 0.5525871088064047 0.3631106045038103 0.572780886098981
0 0.3035130718954248 4.429777093790816e-17 0.2638888888888889 4.1204262096311987e-17 0.2638888888888889 0.03020833333333338 0.3035130718954248 0.03020833333333338
0 0.40488364886184364 0.7121677442528737 0.3712812711291414 0.6759159482758622 0.3473729434302457 0.7119414511494253 0.380975321162948 0.7481932471264369
0 0.44080713666775584 0.9068128421073817 0.41189255223944216 0.8829181508089835 0.385334839079317 0.9351609665539726 0.4142494235076306 0.9590556578523708
0 0.5677504946932901 0.9327312691131499 0.5396148138154344 0.9134150420489298 0.5228908076992265 0.9530150993883791 0.5510264885770821 0.9723313264525993
0 0.5366842699279024 0.7621708548109967 0.5071798564786739 0.758530390893471 0.5031875379017586 0.81112918814433 0.5326919513509872 0.8147696520618557
0 0.5134097548753053 0.5797146886895052 0.4872523030419347 0.5787618100870039 0.4860734601072621 0.6313676760467647 0.5122309119406327 0.632320554649266
0 0.6561699388681734 0.6158183753773179 0.6251516669626022 0.585258327943079 0.6028000786342997 0.622138448684778 0.6338183505398709 0.6526984961190169
0 0.6398908178362082 0.787723853868195 0.607249119800738 0.7642005432187203 0.593090435792273 0.7961392669531998 0.6257321338277432 0.8196625776026745
0 0.6838633827514745 0.8410823170731708 0.6561653116531166 0.8128302845528456 0.6323728678463256 0.8507494918699188 0.6600709389446835 0.8790015243902439
0 0.6288308360433047 0.3959842255656639 0.5997929787730347 0.3675997200839749 0.5765509726167116 0.40625218684394687 0.6055888298869817 0.43463669232563584
0 0.6000862331614111 0.17516359137994827 0.5689307632042827 0.15224634665186831 0.5508204391634567 0.19227016278209402 0.5819759091205849 0.21518740751017398
0 0.5717335676408929 0.019329795597484416 0.5453739671969416 0.0006584119496856999 0.5282055432235788 0.04005994496855359 0.55456514366753 0.05873132861635231
0 0.7491830065359477 0.14895833333333333 0.7209967320261438 0.11302083333333345 0.6995506535947712 0.14036458333333346 0.7277369281045751 0.17630208333333333
0 0.7732163637812848 0.2941786077235774 0.7451345050215208 0.2560642784552847 0.7218430176948828 0.28396112804878065 0.7499248764546468 0.3220754573170733
0 0.7958916011413025 0.4613036696277496 0.767021042765668 0.41883063663282577 0.7412359825486877 0.44732312817258896 0.7701065409243224 0.48979616116751273
0 0.8176388226539587 0.5990690356597348 0.7843014864270228 0.5638209008929623 0.7600877238452659 0.6010495608624137 0.7934250600722018 0.636297695629186
0 0.8315372870459661 0.7367520491803282 0.8020612343297977 0.7134870218579238 0.7819598467802423 0.7548881489071041 0.8114358994964107 0.7781531762295085
0 0.8518611734121726 0.8911706564124783 0.8222327709246612 0.8564165402946273 0.8009505867627237 0.8859108716060079 0.8305789892502352 0.9206649877238589
0 1.007101558572147 0.8953525641025643 0.9741515837104074 0.871346153846154 0.9545688788335849 0.9150400641025644 0.9875188536953244 0.9390464743589746
0 0.9836437908496732 0.7623541666666668 0.9610408496732025 0.7207270833333335 0.9332990196078431 0.7452145833333336 0.9559019607843138 0.7868416666666669
0 0.9351533735765046 0.6597218431586611 0.9041004866284211 0.6294452783842798 0.8812585623769158 0.6675297943959246 0.9123114493249991 0.697806359170306
0 0.9161623388093975 0.5233918918918918 0.8868892421833598 0.4877652027027028 0.8639546899841016 0.5183992117117119 0.8932277866101394 0.554025900900901
0 0.8894726575751408 0.3389039071510958 0.8582417396024156 0.3176668829296425 0.8411216274283647 0.3585946510957326 0.8723525454010902 0.3798316753171858
0 0.8620154882754023 0.18061100007202532 0.8338470435711018 0.1467485054739268 0.8103816072669344 0.17848017502160765 0.8385500519712351 0.2123426696197062
0 0.9763928839669527 0.1376049307253465 0.9473614506927465 0.11159433577832126 0.9275166994263069 0.14760111043194796 0.9565481327005129 0.1736117053789732
0 0.8522010765090349 0.05908700980392171 0.8210495963091117 0.025042892156862707 0.7957324106113032 0.06270220588235281 0.8268838908112264 0.09674632352941183