0 0.044852941176470595 0.05385416666666668 0.020343137254901965 0.038229166666666675 0.001552287581699351 0.08614583333333335 0.02606209150326798 0.10177083333333335
0 0.04980984387932761 0.2171920487627366 0.024185147130176696 0.19220796943231447 0.0008910223478037758 0.23104644286754009 0.026515719096954687 0.25603052219796224
0 0.05413826005885267 0.36626733531451217 0.025561091202206513 0.3472573055968302 0.007468267148365085 0.39147164437840515 0.03604543600501124 0.4104816740960872
0 0.061478758169934714 0.5773437500000002 0.03778594771241837 0.5471354166666668 0.012867647058823576 0.5789062500000001 0.03656045751633991 0.6091145833333335
0 0.0736018375455248 0.7682589704502815 0.044263648236029914 0.7489109404315197 0.025059320163337426 0.7962496091307066 0.05439750947283231 0.8155976391494684
0 0.07574854266030735 0.9835444819819821 0.05630375850964084 0.928450926888427 0.027768435856671148 0.9448230682605683 0.04721322000733766 0.9999166233541233
0 0.17339391040969235 0.682715955284553 0.1456639566395665 0.6751397357723579 0.13822732344970518 0.7193877032520326 0.16595727721983103 0.7269639227642277
0 0.17747230898259012 0.563637075958702 0.1563747180288045 0.5177498156342184 0.13033359361443703 0.5372133112094397 0.15143118456822263 0.5831005715339234
0 0.17615635997988938 0.3792467948717949 0.14985545500251382 0.35689102564102565 0.1269796380090498 0.40064102564102555 0.15328054298642535 0.4229967948717948
0 0.16874937743757137 0.21364974110980856 0.1434599337976691 0.18841527452129742 0.12260792359147643 0.22238667448221966 0.1478973672313787 0.2476211410707308
0 0.15994111481070414 0.053814858490566074 0.13618972746331237 0.026055424528301903 0.11073806881243063 0.06145636792452831 0.13448945615982244 0.08921580188679248
0 0.22835934176431916 0.10346708579881661 0.20565635031132767 0.09154801528599608 0.18975156630699616 0.1407960428994083 0.21245455775998764 0.15271511341222882
0 0.24569447054647206 0.27474041533546334 0.2253940101067051 0.2277674054845581 0.19883558854851846 0.24642605165069226 0.21913604898828543 0.2933990615015975
0 0.2502810796166481 0.42503400259067364 0.2203664194520641 0.4000955310880829 0.19471875105828168 0.4501084844559585 0.22463341122286565 0.47504695595854923
0 0.2477885228512919 0.6315065079737338 0.2225640412512722 0.6044910881801127 0.19267633570000858 0.6498563555347092 0.21790081730002822 0.6768717753283302
0 0.24112341616956015 0.844086800818554 0.21831547762351866 0.7953072419281493 0.1882059804367404 0.8181933549340611 0.21101391898278185 0.8669729138244657
0 0.19481226056554718 0.9463815151319195 0.1722256457333753 0.8917647439213658 0.14214523971340565 0.9119869805138818 0.16473185454557757 0.9666037517244354
0 0.35296979197770484 0.7060316201353639 0.32687162005242026 0.6922625846023689 0.30916484190969107 0.7468215947546533 0.3352630138349757 0.7605906302876482
0 0.3919472028748976 0.5711919939429465 0.3636076822288118 0.5540441822977726 0.34403317012619816 0.6066332063305979 0.37237269077228397 0.6237810179757718
0 0.35358610422848286 0.47402739859594395 0.3292078349800658 0.4517292316692668 0.3046192632019006 0.4954298296931877 0.32899753245031765 0.5177279966198649
0 0.4049616039173922 0.22856779153354637 0.3822966913069807 0.1761237020766774 0.3523681064545094 0.1971500599041534 0.3750330190649209 0.24959414936102237
0 0.4064348671342016 0.026169023722627808 0.37412039024855687 0.00694190997566914 0.35517896331281906 0.05869259428223847 0.3874934401984638 0.07791970802919714
0 0.49178433973058727 0.5697300508399648 0.46674013106568885 0.544372789566755 0.440842955219223 0.5859521441202477 0.4658871638841213 0.6113094053934574
0 0.5278774111270522 0.6740599593495935 0.504499910916064 0.6349391738402679 0.47741077540533183 0.6612543340506936 0.50078827561632 0.7003751195600192
0 0.3984913600143254 0.8772474315068494 0.3782903572387859 0.8205836187214612 0.3457896857373086 0.8394192351598175 0.36599068851284805 0.8960830479452057
0 0.5321443621879419 0.8726841806158296 0.5154919789779934 0.8106220293449058 0.4698375940580821 0.8305357511882618 0.4864899772680306 0.8925979024591857
0 0.5328537360890303 0.31147691441441455 0.5035214626391097 0.2920850225225226 0.4828899487723017 0.3428164414414415 0.5122222222222222 0.36220833333333347
0 0.5400117567352144 0.17590574186991867 0.5185088872947554 0.13353531504065044 0.4877331420373027 0.15892530487804885 0.5092360114777618 0.20129573170731707
0 0.6740002928953279 0.06401104151964236 0.6490719023436239 0.02560573982592332 0.6192343439375279 0.05708950835097634 0.644162734489232 0.09549481004469537
0 0.668806841091349 0.26189546839299327 0.6407216796340267 0.2324812769738513 0.6161704971402118 0.27058898197512066 0.644255658597534 0.30000317339426263
0 0.6693571106603561 0.4801903735632184 0.641389170610773 0.4380477729885059 0.614214277665089 0.4673653017241381 0.642182217714672 0.5095079022988507
0 0.6704626972740316 0.6409552845528456 0.635423641001116 0.6313821138211383 0.6245137892555397 0.6962957317073172 0.6595528455284554 0.7058689024390243
0 0.6719724355548053 0.8996555176948828 0.6508654035502294 0.8409395923003349 0.6194562832306525 0.8592942969870876 0.6405633152352286 0.9180102223816355
0 0.8723502914679384 0.7099380630630632 0.8463058646882176 0.6862190315315317 0.823424527468645 0.7270622184684686 0.8494689542483659 0.7507812500000001
0 0.8708521870286574 0.8381410256410258 0.8471907993966816 0.8180288461538462 0.8251948215183509 0.8600961538461538 0.8488562091503266 0.8802083333333334
0 0.8420102845059592 0.9409712009803924 0.8209006151480198 0.8986764705882354 0.7918252595155708 0.9222671568627452 0.8129349288735102 0.9645618872549022
0 0.8663435119270637 0.5904425424628452 0.8457365430248532 0.542273752653928 0.8180888597477207 0.5615014596602973 0.8386958286499313 0.6096702494692146
0 0.8317248617395675 0.38897099358974346 0.8166664152840624 0.3405150641025641 0.7890472599296129 0.3544679487179487 0.8041057063851181 0.40292387820512804
0 0.8798131163905303 0.11537281680265184 0.8477231046251578 0.1008099343447222 0.8310693115423969 0.16046620028046923 0.8631593233077695 0.17502908273839887
0 0.8966115616643552 0.3756812332139663 0.8726693378037575 0.3510253469113701 0.8545064101438843 0.3796968255744558 0.8784486340044819 0.4043527118770519
0 0.9862238409560636 0.49850222432905505 0.9635587072246246 0.46035680425904335 0.9348204616346734 0.4881153369311554 0.9574855953661122 0.526260757001167
0 0.9905823188147749 0.71827350548619 0.9592611448665731 0.6927154275444573 0.9372125221636137 0.7366404180855092 0.9685336961118155 0.7621984960272419