0 0.045751633986928136 0.38958333333333334 0.014705882352941214 0.38958333333333334 0.014705882352941218 0.4473958333333333 0.04575163398692814 0.4473958333333333
0 0.0979049153908139 0.5974600456621005 0.0827625570776256 0.5459760273972604 0.05603679828095623 0.5587542808219179 0.07117915659414453 0.6102382990867582
0 0.13685033975818847 0.7141690273843248 0.10873048936288396 0.6686635387157696 0.08755138032550132 0.6899389164305949 0.1156712307208058 0.7354444050991501
0 0.17648485655581764 0.8562122682190599 0.15279468837987972 0.8171234907287623 0.12993789581378043 0.8396426261319533 0.15362806398971834 0.8787314036222509
0 0.19076797385620925 0.9432291666666667 0.15890522875817004 0.9432291666666667 0.15890522875817004 0.9994791666666667 0.19076797385620925 0.9994791666666667
0 0.2649794980885436 0.4981279481132076 0.23008231594524609 0.4676847484276731 0.20647582932544092 0.5116745283018869 0.24137301146873846 0.5421177279874214
0 0.20769068126683135 0.3072047625804011 0.17112999191352665 0.27737124006810443 0.1506615699628319 0.3181481744230042 0.18722225931613656 0.3479816969353008
0 0.2050249142561315 0.21823432343234325 0.20050313854914906 0.16058168316831684 0.1675807286611014 0.1647792904290429 0.17210250436808386 0.2224319306930693
0 0.3341189039718452 0.6694711538461539 0.30835218702865763 0.6201923076923078 0.28092006033182504 0.6435096153846155 0.3066867772750126 0.6927884615384615
0 0.3059858137050721 0.7464752548503782 0.3032524722044907 0.6985563616683109 0.2760567451797117 0.701078147265154 0.27879008668029304 0.7489970404472215
0 0.3658088235294118 0.7877604166666669 0.33762254901960786 0.7518229166666669 0.31821895424836605 0.7765625000000003 0.34640522875817 0.8125000000000002
0 0.3627450980392158 0.9421875 0.33169934640522886 0.9421875 0.33169934640522886 0.9994791666666667 0.3627450980392158 0.9994791666666667
0 0.5418709150326798 0.8664062500000004 0.514501633986928 0.8315104166666668 0.49244281045751626 0.8596354166666668 0.519812091503268 0.8945312500000003
0 0.49623133657132584 0.6409126529051987 0.4496207351442106 0.5849799311926606 0.4295211968579481 0.6122085244648318 0.4761317982850633 0.66814124617737
0 0.42420272706783857 0.37780172413793106 0.3948360378634212 0.3356788793103449 0.36988674780256925 0.36395474137931044 0.3992534370069866 0.40607758620689666
0 0.3426566705113418 0.1290134803921569 0.31132256824298354 0.1190257352941177 0.3022154940407536 0.16547181372549027 0.33354959630911185 0.17545955882352945
0 0.4227941176470588 0.16562500000000002 0.39011437908496727 0.12395833333333336 0.37009803921568624 0.1494791666666667 0.40277777777777773 0.19114583333333338
0 0.5965484824066613 0.2570476598173516 0.5635799982093292 0.211779394977169 0.5419733190079684 0.23736015981735165 0.5749418032053003 0.2826284246575343
0 0.6349706101680047 0.42669043624161085 0.6053318419090232 0.42109200223713655 0.5986796508312497 0.47834242170022384 0.6283184190902312 0.4839408557046981
0 0.4777980063327386 0.3935489094592049 0.4644303029295382 0.34110638072357263 0.4413568187780106 0.3506674557188619 0.4547245221812109 0.40310998445449414
0 0.6945686736562664 0.679881774850043 0.6563057613791019 0.6239572622107971 0.6306506964396728 0.6524916988003429 0.6689136087168374 0.7084162114395888
0 0.7236577560666713 0.837219218569781 0.6887554560463172 0.8360481545559402 0.687440068299523 0.8997786908881201 0.7223423683198771 0.9009497549019609
0 0.9076797385620915 0.8479166666666669 0.8782679738562091 0.8479166666666669 0.8782679738562091 0.9067708333333335 0.9076797385620915 0.9067708333333335
0 0.8796920563097033 0.6902339743589746 0.8524974861739567 0.6883076923076925 0.8501533433886376 0.7421057692307694 0.8773479135243841 0.7440320512820514
0 0.8420485146848439 0.5672947961373391 0.8135315857387303 0.5640866416309013 0.8100392016606356 0.6145515915593706 0.8385561306067492 0.6177597460658083
0 0.8145333722088589 0.4474848977695169 0.7850198629637729 0.44257667286245367 0.7798377250528464 0.4932320709417598 0.8093512342979324 0.498140295848823
0 0.7773423214335952 0.3135693149210905 0.750884392494444 0.29810796269727413 0.7372686161982728 0.33598457675753235 0.7637265451374239 0.35144592898134874
0 0.7286449337938975 0.1617430375647669 0.7194643401402011 0.11726306131260798 0.6943301500220121 0.1256962435233161 0.7035107436757085 0.170176219775475
0 0.7886005382545176 0.24188725490196075 0.7620242214532874 0.21284313725490206 0.7445501730103808 0.23883578431372562 0.771126489811611 0.2678799019607843
0 0.7415374933757286 0.05635557432432433 0.7125176647235472 0.02992680180180187 0.6958465818759937 0.05968468468468486 0.7248664105281752 0.08611345720720731
0 0.9301470588235294 0.09375000000000015 0.9007352941176471 0.09375000000000015 0.9007352941176471 0.1484375000000001 0.9301470588235294 0.1484375000000001
0 0.9474240676662821 0.2761335784313727 0.9278618800461358 0.23693933823529414 0.898310745866974 0.2609160539215686 0.9178729334871204 0.3001102941176471
0 0.9942648462777929 0.29277201751487125 0.9623478329423858 0.2795739011896894 0.9499908742964026 0.32815219486671077 0.9819078876318097 0.3413503111918927
0 0.9882555565946568 0.40954474695283527 0.9579482163824723 0.39274393879173297 0.9444528871431984 0.4323189917859036 0.9747602273553829 0.4491197999470059