0 0.13888888888888898 0.928125 0.11192810457516349 0.928125 0.11192810457516349 0.9802083333333333 0.13888888888888898 0.9802083333333333
0 0.1114491773720983 0.8193067528735632 0.07964981969799419 0.8019306752873564 0.06568345729096244 0.8434806034482758 0.09748281496506654 0.8608566810344827
0 0.05431045751633993 0.6084708333333333 0.023071895424836644 0.6012291666666666 0.01637254901960788 0.6482083333333334 0.047611111111111167 0.6554500000000001
0 0.16804927099044745 0.019751602564102598 0.13835470085470084 -0.005488782051282027 0.11899824032176971 0.031530448717948724 0.1486928104575163 0.05677083333333335
0 0.04351577022246207 0.02853019877675842 0.015709510103735686 0.0035818042813455684 -0.005068357618276669 0.041228019877675846 0.02273790250044972 0.06617641437308869
0 0.08528092878251863 0.16571744886778675 0.054816740428823105 0.15240024653031412 0.044038871940302794 0.19248044497199904 0.0745030602939983 0.20579764730947167
0 0.12601038561283603 0.2679941800576844 0.09134320188726502 0.2601012051915946 0.08420839493605438 0.3110437268232386 0.11887557866162538 0.3189367016893285
0 0.17130471102298594 0.42732619382022474 0.14051599104061102 0.4182672050561798 0.13131104501725782 0.46912453183520597 0.16209976499963283 0.47818352059925096
0 0.2164480657127717 0.6056306306306306 0.18504901960784317 0.5989583333333334 0.1786565977742449 0.6478603603603603 0.2100556438791734 0.6545326576576577
0 0.2716817496229261 0.8372996794871796 0.2435583207642032 0.8301282051282054 0.23620537958773263 0.8770032051282051 0.2643288084464556 0.8841746794871795
0 0.34375704304710397 0.920941091954023 0.313542370971377 0.9055316091954023 0.3015691908947487 0.943696120689655 0.33178386297047563 0.9591056034482759
0 0.22264943142339047 0.19502214779602423 0.1897218409115303 0.19378736315182948 0.18854789827195645 0.2446777765773553 0.22147548878381662 0.24591256122155006
0 0.27504007343238174 0.3684141181710213 0.24642298526694922 0.367155953087886 0.24497626643689938 0.42064838182897873 0.27359335460233186 0.42190654691211404
0 0.3271082488867249 0.5516010303500605 0.29709176954106364 0.5314217699172272 0.27953665946461365 0.5738718421279532 0.3095531388102749 0.5940511025607864
0 0.35127483336568954 0.661045792079208 0.32384690674949856 0.6324334777227724 0.30257069824629534 0.6655889026402642 0.3299986248624863 0.6942012169966998
0 0.39613392526822055 0.8270440251572329 0.3676470588235295 0.8166666666666668 0.3566561844863733 0.8657134433962265 0.3851430509310644 0.8760908018867926
0 0.375240508188294 0.08167602996254689 0.34883050598516563 0.07846910112359555 0.34523389880296684 0.12661867977528093 0.3716439010060953 0.12982560861423226
0 0.4150326797385621 0.22031250000000005 0.3852124183006536 0.22031250000000005 0.3852124183006536 0.2729166666666668 0.4150326797385621 0.2729166666666668
0 0.47170584258043985 0.3424287947937797 0.4422486709355817 0.3296431288032455 0.4283945829853239 0.38153101757944563 0.4578517546301821 0.39431668356997984
0 0.5071801704888106 0.47174018079800495 0.4758302365002526 0.45419186408977563 0.4604569051228139 0.49883858063175407 0.4918068391113719 0.5163868973399834
0 0.524586291496319 0.5894655074817879 0.49971697184485153 0.5785117025989369 0.4856450677337288 0.6304481381669622 0.5105143873851964 0.6414019430498131
0 0.5767228808218962 0.7368272493908807 0.544967058641533 0.7307157515373014 0.5388178533973051 0.7826573195846387 0.5705736755776682 0.788768817438218
0 0.6457904540402585 0.9921455854910194 0.640242588171261 0.9385888660485188 0.608320097924871 0.9439644929437835 0.6138679637938684 0.9975212123862841
0 0.528921568627451 0.058125000000000045 0.4963235294117647 0.04427083333333339 0.4850490196078432 0.0873958333333334 0.5176470588235295 0.10125000000000005
0 0.5943594042325729 0.22944237918215618 0.5619777619845956 0.20159793215613384 0.5436532667589961 0.23624070631970262 0.5760349090069734 0.26408515334572497
0 0.6318554043913738 0.3579407584581254 0.6033082118038563 0.35035791042706604 0.5946590921449 0.4032905227398781 0.6232062847324175 0.4108733707709374
0 0.6693368404272277 0.5264735772357725 0.6405864878784535 0.5232860381488431 0.6372158150314536 0.5727085287679802 0.6659661675802279 0.5758960678549094
0 0.7248325833065467 0.6786936475409837 0.6941631843994429 0.6694928278688526 0.6854468016714883 0.7167247267759563 0.716116200578592 0.7259255464480875
0 0.7721867677888767 0.8681230345911951 0.7454363978295723 0.8666401336477989 0.7436775496362068 0.9182183569182392 0.7704279195955113 0.9197012578616355
0 0.6444064119900833 0.044053520114942596 0.6192458305161144 0.016909123563218446 0.6021396777101644 0.04268498563218396 0.6273002591841333 0.06982938218390812
0 0.6887294357536963 0.09233036864133944 0.6689887588433098 0.05731212438291481 0.6477101035735178 0.07681201706374766 0.6674507804839042 0.11183026132217228
0 0.7671328335255672 0.42279411764705893 0.7400134563629374 0.41511029411764716 0.7322183775470973 0.4598345588235295 0.7593377547097271 0.46751838235294135
0 0.8035130718954249 0.5661458333333336 0.7749183006535948 0.5661458333333336 0.7749183006535948 0.6192708333333335 0.8035130718954249 0.6192708333333335
0 0.8452918170878462 0.7533656738868834 0.8363476557891509 0.7009081678700362 0.811214046388712 0.7078745487364622 0.8201582076874071 0.7603320547533093
0 0.8964979557376894 0.15887533260764408 0.8634447005701169 0.14538960449927443 0.8514210231746304 0.19329644412191593 0.8844742783422029 0.20678217223028558
0 0.9846859935527754 0.382275169683258 0.9594035578032118 0.3707626319758674 0.9474351580752964 0.4134898190045251 0.9727175938248601 0.4250023567119157
0 0.9406411990083389 0.36420617816091955 0.9192303358124859 0.33349497126436795 0.8980842911877394 0.3574604885057473 0.9194951543835924 0.3881716954022989
0 0.984360438024231 0.5163756698508855 0.9576092319500027 0.5080382106244177 0.9481888709196012 0.557173957362535 0.9749400769938296 0.5655114165890028