0 0.3551517779193507 0.2235973225030085 0.3293397984946085 0.21644291516245495 0.31887667822845145 0.27780911552346577 0.3446886576531937 0.2849635228640193
0 0.31293703798841227 0.03516875909752553 0.28287738676256524 0.021994177583697268 0.2665557125324656 0.08253275109170308 0.2966153637583126 0.09570733260553134
0 0.23155841642307023 0.2882101628091673 0.21995977878330814 0.23349358974358975 0.19617186561486405 0.24169077603812117 0.2077705032546261 0.29640734910369865
0 0.272671568627451 0.3106770833333334 0.24979575163398698 0.2815104166666667 0.22732843137254902 0.31015625000000013 0.25020424836601307 0.3393229166666668
0 0.08039463677545218 0.1296523679033165 0.05515532519921967 0.1184592818999438 0.041907080426324565 0.1670223791455874 0.06714639200255708 0.17821546514896008
0 0.05434577677224739 0.2228165064102564 0.027243589743589768 0.21590544871794873 0.018523755656108625 0.271494391025641 0.04562594268476624 0.27840544871794864
0 0.08026960784313733 0.42994791666666676 0.054125816993464054 0.3966145833333333 0.030841503267973858 0.42630208333333336 0.05698529411764713 0.4596354166666668
0 0.11356383535271106 0.5697066213091427 0.09306662899951876 0.5490172536463892 0.07490138531399758 0.5782728566346497 0.09539859166718988 0.5989622242974032
0 0.09217827465558724 0.6374990319083024 0.06491757173749307 0.6329654584882279 0.05942564448332003 0.6866490473977696 0.08668634740141419 0.691182620817844
0 0.10812908496732035 0.7942187500000002 0.08239379084967324 0.7832812500000002 0.06956699346405236 0.83234375 0.09530228758169947 0.8432812500000001
0 0.27335832372164554 0.6786017156862746 0.2496174548250673 0.6413468137254904 0.22710303729334874 0.664670343137255 0.2508439061899269 0.7019252450980392
0 0.7710006406296473 0.31001008848697004 0.7651453619176181 0.2558853558926489 0.7364347625475705 0.26093446129910547 0.7422900412595997 0.3150591938934267
0 0.46854575163398693 0.09531250000000006 0.4452614379084967 0.09531250000000006 0.4452614379084967 0.1552083333333334 0.46854575163398693 0.1552083333333334
0 0.48462795374560075 0.3288301282051282 0.4724296128707893 0.2718028846153846 0.4495820764203116 0.27974759615384615 0.4617804172951231 0.33677483974358974
0 0.6140522875816994 0.20541666666666666 0.5963235294117648 0.1602083333333334 0.5734477124183006 0.17479166666666676 0.5911764705882353 0.22000000000000003
0 0.648726617083615 0.2729130747126438 0.6244633198106828 0.24673670977011508 0.6018875366238449 0.2807543103448277 0.6261508338967772 0.30693067528735635
0 0.6234840017913053 0.35134007678676915 0.5996295298981968 0.33654385705847617 0.5854057364233349 0.37382204912384337 0.6092602083164433 0.38861826885213635
0 0.4962551010251817 0.4491381133671743 0.46946020370923336 0.4466978637901862 0.4662150393152186 0.5046240482233503 0.493009936631167 0.5070642978003385
0 0.24542952000333043 0.4438953025477707 0.2245207318596229 0.4429432059447983 0.22293774197577124 0.4994559447983015 0.24384653011947882 0.500408041401274
0 0.3619934640522877 0.6203750000000002 0.3362418300653595 0.5957500000000002 0.3130065359477125 0.6352500000000002 0.33875816993464064 0.6598750000000002
0 0.32958256032157296 0.655399078983143 0.2955767067566559 0.6541602943175638 0.2945328076853363 0.7007442903752039 0.3285386612502533 0.7019830750407831
0 0.2909333062613606 0.8525357495069034 0.26689581157906955 0.8170488165680474 0.2426683296592798 0.8437265779092703 0.26670582434157086 0.8792135108481264
0 0.3574693344942928 0.9027296671519859 0.3338147865309677 0.8928412905443663 0.319279003763602 0.9493673157809593 0.3429335517269272 0.9592556923885789
0 0.5092952591995703 0.5982398687214613 0.48021085146387327 0.5968664383561645 0.4786311442385174 0.6512478595890413 0.5077155519742145 0.6526212899543381
0 0.6586957665049001 0.5072454217536073 0.6378379505705353 0.46114964853866086 0.6117041341138748 0.48037308083610814 0.6325619500482397 0.5264688540510546
0 0.6896403147246161 0.5767157643312104 0.6665605095541403 0.5756648089171976 0.6649619083302112 0.632734872611465 0.688041713500687 0.6337858280254778
0 0.7900326797385621 0.5765625000000002 0.7647058823529411 0.5765625000000002 0.7647058823529411 0.6270833333333335 0.7900326797385621 0.6270833333333335
0 0.7823554750204077 0.40747590108968995 0.7562457540993485 0.3934201679938531 0.7408985353012397 0.4397647300223527 0.767008256222299 0.4538204631181896
0 0.76119791144025 0.16038894575230292 0.7545532542597387 0.09473142698737633 0.7270489226055484 0.09925633316274311 0.7336935797860596 0.1649138519276697
0 0.9065023068050749 0.09555759803921574 0.8932862360630528 0.02815563725490196 0.8713715878508264 0.035140931372549096 0.8845876585928487 0.10254289215686287
0 0.8065852278997901 0.7639388875859913 0.7827732406283339 0.7277956926203878 0.756839829427706 0.7555703760162603 0.7806518166991623 0.7917135709818638
0 0.7092111775553929 0.8071008385200553 0.6873582973991811 0.7647912344398341 0.6626249220296696 0.785558220954357 0.6844778021858813 0.8278678250345782
0 0.5255521247644966 0.851163997627521 0.49998982392482505 0.8409790183867142 0.4875895494615404 0.8915721381969158 0.5131518503012119 0.9017571174377227
0 0.7111928104575165 0.9348958333333334 0.6821895424836603 0.9348958333333334 0.6821895424836604 0.9895833333333334 0.7111928104575165 0.9895833333333334
0 0.813769766467693 0.9256062480364436 0.7863065427239071 0.9143108898837576 0.7739900389939199 0.9629918708765318 0.8014532627377058 0.9742872290292178
0 0.9640125224130949 0.832531342182891 0.9405799930591705 0.7983867994100294 0.9152170455202727 0.8266823377581122 0.9386495748741973 0.8608268805309737
0 0.9459210106806952 0.6807977642276425 0.9445978798023275 0.6310315040650407 0.9263887716731839 0.6318185078909614 0.9277119025515517 0.681584768053563
0 0.9427353812152292 0.5002293286137333 0.9198786168178172 0.49479600453451794 0.9114430799156605 0.5524835739404036 0.9342998443130724 0.5579168980196189
0 0.9329025182384452 0.36095101977750327 0.9087259749388014 0.35544653893695943 0.9008817268151597 0.4114544705397612 0.9250582701148035 0.41695895138030514
0 0.923342066711742 0.2722934626436782 0.920668526031102 0.2143444683908046 0.8943275298625198 0.21632004310344827 0.8970010705431598 0.27426903735632185
0 0.9688599798893915 0.9592948717948718 0.9440673705379586 0.9382211538461538 0.9223856209150325 0.9796875 0.9471782302664653 1.000761217948718