0 0.05319424517774591 0.09324186991869919 0.028166347839948994 0.05335365853658538 0.0006675434401402861 0.08140243902439025 0.025695440777937194 0.12129065040650407
0 0.05814764919956384 0.4695584378198568 0.029977262996635043 0.4418508508188333 0.00380357704323628 0.485110137325145 0.031973963246165076 0.5128177243261687
0 0.09679080485061856 0.04251155964256027 0.06967416018776587 0.004298498545303412 0.04253765097061268 0.03560240024937657 0.06965429563346535 0.07381546134663343
0 0.10191993464052292 0.43671875000000004 0.07250816993464054 0.39921875 0.047181372549019635 0.43151041666666673 0.07659313725490201 0.46901041666666676
0 0.056345270153420515 0.6564543084138317 0.029245689596012037 0.6228895422091559 0.0010829195180802398 0.6598531779364413 0.02818250007548872 0.6934179441411172
0 0.058638113745869545 0.276255799925761 0.02953968149991996 0.2380310412026726 0.003073460267551725 0.27078298997772826 0.03217189251350131 0.3090077487008166
0 0.09416387735283788 0.7984325605900948 0.06885085435649498 0.7536074157007374 0.037998374622065165 0.7819299920969439 0.06331139761840808 0.8267551369863014
0 0.05551288178797401 0.8816662826027585 0.025898960567430598 0.8542919141745188 0.0004590358606914333 0.89903109210706 0.030072957081234853 0.9264054605352997
0 0.28475711783200564 0.2140405321231537 0.25843710415292653 0.1744900115678947 0.2277625545680098 0.20767429702794096 0.25408256824708886 0.24722481758319995
0 0.24426563078061414 0.3370479559748428 0.21557528671846096 0.30351611635220127 0.18710537674189176 0.3431151729559749 0.2157957208040449 0.3766470125786164
0 0.3814897027993588 0.16218553459119495 0.3557659699099766 0.1031495676100629 0.32659699099765693 0.12381092767295601 0.3523207238870391 0.18284689465408807
0 0.28562113174182135 0.4798764920424404 0.2633809226608415 0.42856515251989385 0.2340068653456077 0.44926226790450935 0.25624707442658756 0.5005736074270557
0 0.2911591118356504 0.6819825346420324 0.26350209059759394 0.6320270400307929 0.23296578061555648 0.6595097190146266 0.260622801853613 0.7094652136258662
0 0.28923373882130765 0.8760124527856469 0.25723976559462314 0.843873052407932 0.23079278453591065 0.8866713881019829 0.2627867577625952 0.9188107884796978
0 0.4188018901254196 0.45637387387387396 0.4037603780250839 0.3940456081081081 0.37066331036919276 0.40702984234234235 0.38570482246952836 0.4693581081081082
0 0.38089189447068367 0.6388876216545012 0.3632639187061686 0.5770795316301703 0.3273490052955489 0.593730991484185 0.3449769810600639 0.6555390815085159
0 0.4163342695015909 0.8286568175161101 0.3901040410305892 0.771678932337434 0.3588035712234513 0.795103251318102 0.38503379969445306 0.8520811364967781
0 0.5491323603347824 0.10259002639517355 0.5178934507437968 0.08372336915535454 0.4956599532724101 0.14356853318250387 0.5268988628633957 0.16243519042232285
0 0.5532938259820493 0.3412956389452334 0.5225450423577139 0.3208022734956053 0.4992375280064697 0.3776523411088574 0.5299863116308051 0.3981457065584856
0 0.5536934321246896 0.5097676432597464 0.5233468641879799 0.48751981564114616 0.4975392341060426 0.5447454301706592 0.5278858020427523 0.5669932577892596
0 0.5474129944073848 0.7374865764604812 0.5296728657098577 0.6786780498281787 0.500821204770568 0.6928264604810997 0.5185613334680952 0.7516349871134022
0 0.5479785314896671 0.8510497952793835 0.5178546129434434 0.831326770231214 0.49441776228795964 0.889518003371869 0.5245416808341835 0.9092410284200386
0 0.711302474009738 0.07666037472035807 0.6810353335965257 0.049646951901566067 0.6533425450717198 0.10008738814317676 0.6836096854849322 0.12710081096196876
0 0.709959855346538 0.23888324873096461 0.6810594373113036 0.21704737732656526 0.6552341494973624 0.27261209813874804 0.6841345675325968 0.29444796954314734
0 0.7070783777992071 0.4579132513661204 0.6755913157612773 0.4330609631147542 0.6482729293903353 0.4893263319672132 0.6797599914282653 0.5141786202185794
0 0.7023902220334585 0.6422269855595669 0.6703682074514523 0.6159803700361012 0.6436640239730067 0.6689436672683515 0.6756860385550129 0.6951902827918173
0 0.7005901692767819 0.8288831935383663 0.666137867076001 0.8022134203168688 0.6385930809105251 0.8600574712643679 0.673045383111306 0.8867272444858654
0 0.8491373510188388 0.1803890931372549 0.8158857170319107 0.15340992647058832 0.7883001730103806 0.2086795343137256 0.8215518069973087 0.23565870098039218
0 0.8491083147577161 0.41775860846380763 0.8176147461480621 0.3819961850465169 0.7835616354551804 0.43074590140685276 0.8150552040648344 0.4665083248241435
0 0.8582738907242137 0.6042365185806092 0.8280192804978934 0.5879494534087736 0.8069371853239758 0.651611832914222 0.8371917955502962 0.6678988980860576
0 0.85789680835838 0.8495513990267641 0.8277217212919232 0.8355611313868614 0.8093423500787177 0.900003801703163 0.8395174371451745 0.9139940693430657
0 0.9857266495390905 0.11703672229089429 0.9525941814715174 0.08556087762669981 0.9246645176405954 0.13335367737948106 0.9577969857081687 0.16482952204367554
0 0.9988950828768495 0.3305821199407698 0.9625747633703038 0.2821687849621585 0.9295655659433897 0.32242565399802564 0.9658858854499353 0.3708389889766369
0 0.9947712418300655 0.6028125 0.9678104575163398 0.5340624999999999 0.9341503267973857 0.5555208333333332 0.9611111111111111 0.6242708333333333
0 1.0055396927627498 0.8254149939172751 0.9760525499737608 0.7678459549878347 0.9422556175754974 0.795987074209246 0.9717427603644864 0.8535561131386864