0 0.04632407528713045 0.16140079806978472 0.045585596896516596 0.09831628155159614 0.028176539732448293 0.09864757331106162 0.028915018123062148 0.16173208982925016
0 0.036526243323048345 0.04574344331641287 0.01539120301250788 0.022389223773265653 -0.0051227978501045095 0.052568475042301194 0.016012242460435956 0.0759226945854484
0 0.07992607236529156 0.30907430076415154 0.05429287970103097 0.30809870910304915 0.052547972226950006 0.3826280695897321 0.0781811648912106 0.38360366125083456
0 0.11560457516339877 0.5359375 0.08453368526897945 0.5309855769230769 0.07783433886375069 0.5993189102564103 0.10890522875816999 0.6042708333333333
0 0.17860069946561757 0.9512079120407084 0.16639244582316143 0.8818705805577586 0.13593935459460021 0.890587001057362 0.1481476082370564 0.959924332540312
0 0.14796640515104187 0.742139504062624 0.11871153039099121 0.7412297488109394 0.1174491249135406 0.8072219951446691 0.14670399967359127 0.8081317503963537
0 0.3690114379084968 0.70240625 0.33784313725490206 0.6967291666666667 0.3299509803921569 0.7671666666666668 0.3611192810457517 0.7728437500000002
0 0.3953321878579611 0.9385362972508593 0.366042551041035 0.9241731099656358 0.3494605316353346 0.9791425042955327 0.37875016845226067 0.9935056915807562
0 0.32951062415278753 0.4547631825187143 0.29635709413664196 0.4401309995596654 0.27910147986979916 0.5036891787758697 0.31225500988594473 0.5183213617349185
0 0.2892422638107509 0.24914877466926919 0.2640029065193634 0.24584824333116465 0.25903715964807095 0.30757868412491873 0.2842765169394585 0.3108792154630233
0 0.25935615096681597 0.11564014589515333 0.2569323228796959 0.05228733926805145 0.23285841042648514 0.05378461918892188 0.23528223851360522 0.11713742581602377
0 0.45130060865210525 0.13075474787164373 0.4388771716938249 0.06105926653569089 0.4161891508404278 0.06763363621480027 0.42861258779870814 0.13732911755075314
0 0.47933895163688867 0.29288926655567893 0.4512927720107652 0.2916973039215687 0.44950100832045736 0.3602322650758418 0.47754718794658085 0.36142422770995203
0 0.5132509286365082 0.48547222985977456 0.48575540334363054 0.44412318990010075 0.46057349481814536 0.4713442855833562 0.48806902011102304 0.51269332554303
0 0.5236758539893944 0.6418985849056604 0.5147552102602047 0.5812382075471697 0.4942348008385744 0.5861438679245282 0.5031554445677643 0.6468042452830188
0 0.5509546241991368 0.8849798967588023 0.5498224874023319 0.8200235480421192 0.5245898499248334 0.8207384727706483 0.5257219867216383 0.8856948214873314
0 0.7438845050215209 0.8436788617886181 0.7289315319623786 0.8395934959349595 0.7206878686433924 0.888643292682927 0.7356408417025347 0.8927286585365856
0 0.7268791388231848 0.685765147769721 0.7244366407296823 0.6286717548341024 0.707982327736632 0.6298160775104373 0.7104248258301343 0.6869094704460558
0 0.7091913548534408 0.5115902474526929 0.7035330507748951 0.45748271470160107 0.6822341381967633 0.4611035298398835 0.6878924422753089 0.5152110625909754
0 0.6965120663650075 0.33828525641025636 0.6735042735042733 0.30056891025641025 0.6504273504273502 0.3234535256410257 0.6734351432880843 0.3611698717948718
0 0.7986111111111112 0.036979166666666785 0.7675653594771242 0.036979166666666785 0.7675653594771242 0.10312500000000012 0.7986111111111112 0.10312500000000012
0 0.8398572342252362 0.25055574173369094 0.8099865951742626 0.23379831322609487 0.7895672344004626 0.292968051831993 0.8194378734514359 0.309725480339589
0 0.8542555787815773 0.5121610679252266 0.845521891432864 0.45243455603368504 0.826238169245118 0.4570185255876365 0.8349718565938312 0.5167450374791781
0 0.8974345212537571 0.7187347931873482 0.8618147989122658 0.7022201946472021 0.8435546968179001 0.7662446776155721 0.8791744191593914 0.7827592761557179
0 1.0012371461133993 0.19099873403786877 0.994582049023925 0.12629871202113602 0.9699665863703472 0.13041474020255392 0.9766216834598215 0.19511476221928667
0 0.9060457516339869 0.9994791666666668 0.9028897539407921 0.9605814950980391 0.8884789504036908 0.9624822303921569 0.8916349480968859 1.0013799019607845