0 0.31384567260993396 0.12857551427371963 0.29694028744999257 0.12514641057934514 0.2894970036713258 0.18479901343408903 0.3064023888312672 0.18822811712846352
0 0.4559547913912953 0.2698670298411335 0.4458913717913099 0.2037387514312294 0.4210897970179914 0.2098743648919422 0.4311532166179768 0.27600264330184626
0 0.5625025599616152 0.3196140144732916 0.5570150993850241 0.25384679946284694 0.5334928920837209 0.257037311623396 0.538980352660312 0.3228045266338407
0 0.7208924949290061 0.4093426724137931 0.7169061302681993 0.3483512931034483 0.6892861167455487 0.3512859195402299 0.6932724814063556 0.41227729885057474
0 0.5620698739554375 0.4690541352990381 0.538956544558434 0.46718305625261397 0.5354351694672013 0.5378966698034297 0.5585484988642049 0.5397677488498538
0 0.457352400874493 0.40001758469660065 0.43205475135871735 0.39514898045016833 0.42396500890645156 0.46348202372665054 0.44926265842222723 0.4683506279730828
0 0.3121278507556129 0.32170898249663404 0.27998634729906585 0.31994638391998464 0.27752433537369553 0.3929296499326795 0.3096658388302426 0.3946922485093288
0 0.1520547125431914 0.17753217887473466 0.1327544128054619 0.1731153795116773 0.12388821239748554 0.23609706740976646 0.14318851213521502 0.2405138667728238
0 0.14505014649537976 0.49166307471264376 0.14032567049808428 0.419378591954023 0.10878408834798285 0.4227298850574713 0.11350856434527833 0.495014367816092
0 0.28996853938308803 0.4961041898663697 0.270684127400032 0.445037583518931 0.24315972677118355 0.4619345072383074 0.2624441387542396 0.5130011135857461
0 0.3186439101187921 0.6436193734793189 0.2938664662945471 0.595245285888078 0.26517735317971475 0.6191333637469588 0.28995479700395976 0.6675074513381996
0 0.46409165825092585 0.6313910313615504 0.4345199111431076 0.6134816420193779 0.41260898801131873 0.6722951725310218 0.4421807351191369 0.6902045618731942
0 0.42197712418300654 0.7296875 0.3925653594771243 0.7296875 0.3925653594771243 0.7942708333333334 0.42197712418300654 0.7942708333333334
0 0.27201397077019385 0.6892482136228657 0.25195941962531127 0.6888665785077952 0.2511426081197142 0.7586427013734226 0.27119715926459675 0.759024336488493
0 0.024656679151061248 0.6745962078651686 0.012450375611800199 0.6743132435558494 0.011737598762792251 0.7242967200925315 0.023943902302053302 0.7245796844018507
0 0.043907198456446715 0.45541753739551255 0.012265864697543535 0.44855069474996334 0.002548207287021024 0.5213420222906584 0.034189541045924206 0.5282088649362077
0 0.0439996330744241 0.24104880677039534 0.015967618474359214 0.23116304843005328 0.0009317435973548578 0.30047264858424444 0.028963758197419743 0.3103584069245865
0 0.7165076747373981 0.6690119846546245 0.693995671943305 0.6180876557534705 0.663817540312663 0.6397747585298544 0.6863295431067562 0.6906990874310085
0 0.5618801249204278 0.6737734048537448 0.5413736677570418 0.6693544077467054 0.5327023496637485 0.7347686636129863 0.5532088068271347 0.7391876607200258
0 0.5617095514499422 0.9422401474127557 0.5555511314032231 0.8696092809867629 0.5304841792312592 0.873064455475331 0.5366425992779782 0.9456953219013238
0 0.45051482245692576 0.9371206772691241 0.4494469507977587 0.8812976862861672 0.42474261305790645 0.8820659309353943 0.4258104847170735 0.9378889219183512
0 0.4357867308659164 0.968236563116371 0.41035744672622504 0.9402354536489153 0.38640261824650973 0.9756003451676529 0.4118319023862011 1.0036014546351086
0 0.04683620581990766 0.9051349522292995 0.02264757920153206 0.8375230891719745 -0.011819137421422873 0.8575682059447982 0.01236948919695273 0.9251800690021231
0 0.1801547617672094 0.9004201654881162 0.1528362720063473 0.8970220118837163 0.14670472883712518 0.9771536166764878 0.17402321859798728 0.9805517702808878
0 0.2961715108773933 0.8832382623007625 0.28134027692851227 0.882466432778933 0.27980752245458135 0.9303458506583507 0.2946387564034624 0.9311176801801804
0 0.29379512407420366 0.00019322235434011682 0.269508997614107 -0.0005620169441141132 0.2686186593146969 0.04598041765755058 0.2929047857747935 0.04673565695600481
0 0.05375432525951558 0.057957107843137255 0.03266243752402923 -0.0059117647058823585 0.0039177239523260285 0.009519607843137257 0.025009611687812388 0.07338848039215687
0 0.5624163217766923 0.09386245674740487 0.5611139380781148 0.030761966551326417 0.5371689621638737 0.03156538350634372 0.5384713458624512 0.09466587370242217
0 0.4573856209150326 0.08529166666666668 0.45003267973856204 0.019666666666666676 0.4219526143790849 0.024781250000000022 0.4293055555555555 0.09040625000000002
0 0.7172453406398951 0.14915393013100448 0.6918525415988812 0.14483715429403213 0.6852844849730285 0.2076441957787483 0.7106772840140424 0.21196097161572064
0 0.8183046566209514 0.14146628028060956 0.7978764617762044 0.13957202948591485 0.7944714715876485 0.1992657637290366 0.8148996664323954 0.20116001452373133
0 0.8300265050321757 0.3546553663239075 0.8058107347480552 0.3021676842330764 0.7728915687954703 0.32685705869751513 0.7971073390795907 0.37934474078834624
0 0.826282679738562 0.47959375000000015 0.8003758169934639 0.4748750000000001 0.7932679738562091 0.5383125000000001 0.8191748366013072 0.5430312500000001
0 0.8321854223123446 0.606971486328333 0.8059327598472094 0.5956035881476753 0.7902904512161284 0.6543274218001917 0.8165431136812636 0.6656953199808491
0 0.8280210919884693 0.8075350254730712 0.8212068670262865 0.7423739992721979 0.7968040928161657 0.7465224708879185 0.8036183177783485 0.8116834970887918
0 0.683893514142369 0.7181871909765143 0.6559505198865703 0.7076742119901113 0.6427679415400277 0.7646339359291306 0.6707109357958264 0.7751469149155336
0 0.6956699346405228 0.9046875 0.6813725490196079 0.9046875 0.6813725490196079 0.9619791666666667 0.6956699346405228 0.9619791666666667
0 0.8311387849937663 0.977406069364162 0.8159186217839736 0.9170327552986512 0.7909271222940041 0.9272748073217727 0.8061472855037968 0.9876481213872833
0 0.9319267151135576 0.8472131209996955 0.9028513594811084 0.8364288072742052 0.8871838103320167 0.9050967375292089 0.9162591659644659 0.915881051254699
0 0.9659491684462563 0.7653310643564356 0.9598823852973533 0.6879795792079209 0.9320965184753769 0.6915222772277229 0.9381633016242799 0.7688737623762376
0 0.9546568627450981 0.4375000000000001 0.934640522875817 0.4375000000000001 0.934640522875817 0.5072916666666668 0.9546568627450981 0.5072916666666668
0 0.9290752233615158 0.2570766437308868 0.9139983210409546 0.19299980886850154 0.8869775739041793 0.20333524464831812 0.9020544762247406 0.26741207951070334