0 0.046339869281045755 0.04691666666666668 0.018431372549019606 0.020229166666666673 -0.003872549019607839 0.05814583333333334 0.02403594771241831 0.08483333333333334
0 0.05208333333333334 0.19609375000000004 0.024918300653594776 0.16145833333333337 0.0016339869281045867 0.19114583333333338 0.02879901960784315 0.22578125000000002
0 0.05764112609208661 0.35185408215010144 0.03227082753317689 0.3092920681203516 0.0034979086293070198 0.3371730265382015 0.02886820718821674 0.37973504056795143
0 0.05239607937998623 0.5593515662796325 0.02043639782957213 0.5383598663522012 -0.0020650132331596787 0.5940508587324626 0.02989466831725442 0.6150425586598937
0 0.060264970853206146 0.8368395270270271 0.031944002826355775 0.8023716216216218 0.004965995407171921 0.8384065315315316 0.03328696343402229 0.872874436936937
0 0.18497099214217524 0.06640332397003747 0.16456910479547623 0.02478347378277155 0.1373604685319821 0.04646535580524346 0.15776235587868107 0.0880852059925094
0 0.19281045751633985 0.22812500000000002 0.17054738562091504 0.1997395833333334 0.14665032679738563 0.2302083333333334 0.16891339869281044 0.25859375
0 0.19056372549019612 0.4158854166666668 0.16646241830065364 0.38515625000000014 0.1427696078431373 0.4153645833333334 0.16687091503267978 0.4460937500000001
0 0.19944814403748926 0.6100668238993713 0.17152161178936987 0.5857045990566039 0.15053027500308305 0.6248211477987423 0.17845680725120242 0.6491833726415095
0 0.2048611111111111 0.81171875 0.17994281045751642 0.7799479166666667 0.1564542483660132 0.8098958333333335 0.1813725490196079 0.8416666666666667
0 0.31842320261437906 0.13463541666666667 0.29554738562091504 0.10546875000000003 0.27205882352941174 0.1354166666666667 0.2949346405228758 0.16458333333333333
0 0.32043081460226364 0.283714430894309 0.29457596046548695 0.2573424796747968 0.27317471704128804 0.2914507113821138 0.2990295711780647 0.317822662601626
0 0.32211193367751834 0.4994297834242839 0.2969241812231941 0.4717449693042292 0.272737608003638 0.5075169110959526 0.2979253604579622 0.5352017252160074
0 0.32300653594771245 0.7067916666666669 0.29882918552036203 0.6723389423076924 0.2723447712418301 0.7025520833333334 0.29652212166918057 0.7370048076923079
0 0.3157933288257832 0.9254920977011494 0.28960446247464505 0.8879274425287356 0.2627281947261663 0.9183872126436782 0.28891706107730447 0.955951867816092
0 0.4625 0.03770833333333338 0.4363574725422815 0.007275021477663243 0.41461070682568557 0.03764282646048113 0.4407532342834041 0.06807613831615127
0 0.4676319784167892 0.2170812204192022 0.44382813639316443 0.17264029749830972 0.41836926115950107 0.19480814739688987 0.44217310318312586 0.23924907031778234
0 0.4695225031612425 0.42591538656702654 0.4435094131757326 0.3919590137466557 0.4186855201532593 0.42287342005720097 0.44469861013876916 0.4568297928775718
0 0.4689181666357395 0.5989221871713987 0.44046772231500386 0.5704209384858046 0.4159166821302654 0.6102605809674029 0.44436712645100096 0.6387618296529971
0 0.47120098039215685 0.78984375 0.44444444444444453 0.7557291666666668 0.4187091503267974 0.7885416666666669 0.44546568627450983 0.8226562500000001
0 0.6044722937836936 0.15712629257907557 0.5725827131339153 0.1381519920924575 0.5540378560183197 0.18881919099756692 0.585927436668098 0.20779349148418502
0 0.6316101763096797 0.36535939331770234 0.6037433242151882 0.33755312133645965 0.5786760874728946 0.3783918278624464 0.6065429395673861 0.40619809984368904
0 0.625 0.6890625000000002 0.5990604575163399 0.6559895833333336 0.5759803921568627 0.6854166666666669 0.6019199346405228 0.7184895833333336
0 0.6277222545098962 0.8542912697012469 0.6017136682948878 0.8268477270054106 0.57960814295137 0.8609040519877676 0.6056167291663783 0.8883475946836039
0 0.7347563029058832 0.1053633381423469 0.7080056603570253 0.0775723928277 0.6865051942733673 0.11121573577906028 0.7132558368222253 0.1390066810937072
0 0.7770378162102431 0.16992229834339678 0.7479463220494887 0.14185293776126345 0.7263933286582941 0.17816588287660645 0.7554848228190485 0.20623524345873978
0 0.7359190072425367 0.3214695945945947 0.7090796679031973 0.30335304054054063 0.6910649620208444 0.3467384572072073 0.7179043013601838 0.36485501126126135
0 0.7805380713726419 0.47020307500888736 0.7565391424966716 0.44040966791089 0.7322368543341025 0.47223252903187585 0.7562357832100727 0.5020259361298732
0 0.7784064679155429 0.7063545539033459 0.7518465874577837 0.6623315520446098 0.7282555215394708 0.6854689436183397 0.7548154019972301 0.7294919454770757
0 0.7746543489190549 0.8855048076923077 0.7510884127406618 0.8400685331825037 0.7260366574985953 0.8611907993966817 0.7496025936769882 0.9066270739064858
0 0.8599049836225332 0.08594133494400993 0.8364599406260433 0.06470197691363715 0.8152842821435983 0.10270051963491339 0.8387293251400884 0.12393987766528619
0 0.8958333333333334 0.1588541666666668 0.8719362745098039 0.12838541666666678 0.8482434640522876 0.15859375000000012 0.872140522875817 0.1890625000000001
0 1.0063692368839428 0.21538992117117123 0.977784402049108 0.1960951576576577 0.9592231937820171 0.24079673423423434 0.9878080286168521 0.26009149774774787
0 0.8931133005610176 0.36675150495750725 0.8663816447258789 0.35448167492917865 0.8526339360106647 0.40317147662889524 0.8793655918458034 0.41544130665722384
0 0.8646829585559074 0.36876869222403486 0.8415085990894453 0.3408629010331703 0.8220347002313704 0.36715266449157163 0.8452090596978323 0.3950584556824362
0 0.9995915032679739 0.3723958333333334 0.9763071895424836 0.3723958333333334 0.9763071895424836 0.43125000000000013 0.9995915032679739 0.43125000000000013
0 0.8942854794075158 0.5479478754475224 0.86714965805429 0.5292461607311101 0.8474937836449824 0.5756094544940645 0.8746296049982081 0.5943111692104769
0 0.8958333333333335 0.7223958333333335 0.8704513336866279 0.6988597972972974 0.8475931814167108 0.7389329954954956 0.8729751810634164 0.7624690315315317
0 0.8584338322252367 0.8226460867545196 0.8334855102710115 0.8033932040885287 0.812651762850773 0.8472799459368137 0.8376000848049981 0.8665328286028047