0 0.04358739685543989 0.11272226926333616 0.014445426773588366 0.107258149872989 0.0069845677475054505 0.17194379762912787 0.03612653782935698 0.17740791701947506
0 0.04940275750011777 0.34776091706698686 0.020880429834063383 0.3346072691486522 0.003435918669576238 0.3960991710034694 0.03195824633563063 0.40925281892180404
0 0.05468264997182513 0.6538525937652218 0.022625306820244006 0.6373087148887806 0.003006321054156437 0.6991085200519565 0.03506366420573756 0.7156523989283976
0 0.05778073983431913 0.8864892892521052 0.027709796152240018 0.8664855745418526 0.0053195621983315585 0.9212017087667163 0.03539050588041067 0.9412054234769689
0 0.19320889894419302 0.8028942307692308 0.19036953242835591 0.7377307692307692 0.16127450980392155 0.7397916666666666 0.16411387631975866 0.8049551282051282
0 0.20525552174892944 0.9405801005747126 0.17385057471264379 0.9234195402298851 0.15483434753211645 0.9799928160919541 0.1862392945684021 0.9971533764367817
0 0.1985490105373369 0.5519720212133229 0.1715404440919906 0.5442415080623845 0.16016959255285523 0.6088227762357917 0.18717815899820153 0.61655328938673
0 0.20024592627299534 0.41200933804006756 0.17965840089354596 0.3525113896934589 0.15209182272957458 0.36801758991069283 0.17267934810902397 0.4275155382573015
0 0.20639287650236454 0.2507283722592946 0.17937718462027327 0.22559282650142995 0.15388546982186585 0.2701325170797585 0.1809011617039571 0.2952680628376232
0 0.19735198000768936 0.0846200980392157 0.16876201460976548 0.07651960784313726 0.15814109957708575 0.13745710784313728 0.1867310649750096 0.1455575980392157
0 0.39475187955721786 0.18947495183044316 0.3871628131021195 0.126580563583815 0.35594469001473417 0.1327041184971098 0.36353375646983255 0.19559850674373797
0 0.40008169934640525 0.3396875000000001 0.372140522875817 0.3218750000000001 0.34967320261437906 0.3791666666666667 0.37761437908496737 0.39697916666666677
0 0.39115661716866335 0.5356899601496423 0.36170937145189896 0.5309114752765127 0.3548974160256166 0.5991526716005207 0.3843446617423809 0.60393115647365
0 0.3997147896463038 0.7792230746089052 0.37101678818338407 0.7557009626955477 0.34690073381940023 0.8035311371841156 0.3755987352823199 0.827053249097473
0 0.5295925577865862 0.3559006907096911 0.5030326456217834 0.3289635070652748 0.47854028778019697 0.3682212577770748 0.5051001999449997 0.39515844142149115
0 0.5162754779571602 0.5125646310788151 0.4905545691352748 0.5086605645612075 0.4849819795628332 0.5683429988820571 0.5107028883847187 0.5722470653996647
0 0.5287952719314026 0.7025014334862386 0.499709555075853 0.6825329701834862 0.4759286742219824 0.7388426987767586 0.505014391077532 0.7588111620795108
0 0.5175321440051429 0.9272991803278686 0.515100985749491 0.866854508196721 0.48629915354119785 0.8687377049180326 0.4887303117968498 0.9291823770491802
0 0.3989055281386102 0.9622358164577309 0.36801576947075854 0.9432226374156223 0.34966768771153606 0.9916812319189973 0.38055744637938765 1.0106944109611058
0 0.6467564763131531 0.7762576034063261 0.6193901769953724 0.772231599756691 0.6138495300796718 0.8334557481751826 0.6412158293974525 0.8374817518248177
0 0.6409313725490197 0.6098958333333333 0.6121974916092563 0.598623310810811 0.5993464052287582 0.6518750000000001 0.6280802861685215 0.6631475225225226
0 0.5149788839737627 0.18829057557445547 0.48922219589118854 0.18479698224410632 0.48479346229688547 0.23787535437182944 0.5105501503794596 0.2413689477021786
0 0.5178444315019738 0.09887066831683168 0.5133388338833883 0.04142429867986799 0.48668543324920716 0.04482260726072609 0.4911910308677926 0.1022689768976898
0 0.633448405887554 0.11067086648983203 0.6227126350097953 0.04565235411140582 0.5969166623324837 0.05257653625110521 0.6076524332102425 0.11759504862953142
0 0.6382592315057658 0.3151871019108281 0.6094094750426711 0.2951234076433122 0.5881624411972857 0.34478834925690033 0.6170121976603805 0.36485204352441625
0 0.8065359477124182 0.4605208333333334 0.7766339869281045 0.4414583333333334 0.7544934640522875 0.49791666666666673 0.7843954248366012 0.5169791666666668
0 0.8059209654111814 0.2778957488167682 0.775946585530764 0.24885057471264377 0.7473882724151187 0.29676090263691696 0.7773626522955361 0.32580607674104134
0 0.8064704763183813 0.02160031392694073 0.7793865834004835 0.00590396689497723 0.7566254812427254 0.06974885844748861 0.7837093741606233 0.08544520547945211
0 0.9513934446145248 0.21827369888475853 0.9274272906188498 0.19476843246592324 0.904269018635955 0.23315326827757132 0.9282351726316302 0.25665853469640665
0 0.9909860956961402 0.127333922955975 0.963132784560365 0.10303557389937137 0.9385844432112467 0.14878046383647828 0.9664377543470217 0.1730788128930819
0 0.9870325725918784 0.35676400273224057 0.9564957677059894 0.33973019125683074 0.9377544733740488 0.3943476775956285 0.9682912782599379 0.4113814890710384
0 0.9868108134342848 0.5098287953795382 0.9546973079660909 0.5057343234323434 0.9497993917038765 0.5681827557755778 0.9819128971720703 0.5722772277227725
0 0.9826069287818754 0.7364777633851467 0.9792602187679907 0.6703384067357513 0.9500491042703784 0.6727412564766839 0.9533958142842629 0.7388806131260794
0 0.8075836216839677 0.6361764705882353 0.7781632064590541 0.6203823529411765 0.7608775470972702 0.6727254901960785 0.7902979623221837 0.6885196078431374
0 0.8126267510939171 0.8037020446880271 0.7816202647444589 0.7899513420460934 0.7644317142258816 0.8529581225407534 0.7954382005753398 0.8667088251826871
0 0.9972520091580228 0.9277975627277825 0.9837369171105504 0.8654981865012614 0.9545422843934322 0.8757939532520322 0.9680573764409045 0.9380933294785533
0 0.6515522875816995 0.95625 0.6196895424836603 0.95625 0.6196895424836604 0.9994791666666667 0.6515522875816996 0.9994791666666667