0 0.03712794237725239 0.11107499528924063 0.008272232013212304 0.09911791030714151 -0.004648180168996178 0.14980568117580556 0.024207530195043916 0.16176276615790466
0 0.06614007889718622 0.2744954064587974 0.03909850502933174 0.24103145879732743 0.02006983565512326 0.26602821083890127 0.04711140952297774 0.2994921585003712
0 0.08088235294117652 0.3890625 0.05514705882352946 0.3890625 0.05514705882352946 0.4375 0.08088235294117652 0.4375
0 0.05831141399649291 0.5070223577235773 0.04982863063924756 0.4565497967479676 0.03666108719910729 0.4601473577235773 0.045143870556352626 0.510619918699187
0 0.09331240487062406 0.7128003710045662 0.0918323036977348 0.6618478881278539 0.07093685647775091 0.6628346175799087 0.07241695765064017 0.713787100456621
0 0.1515682905464592 0.7694072164948454 0.12365659322148113 0.7659632731958763 0.11988789502055128 0.8156158719931272 0.14779959234552936 0.8190598152920963
0 0.1394066510059607 0.91653652200489 0.12596081627435005 0.8638816727791362 0.10483084839477766 0.872653066422168 0.11827668312638831 0.9253079156479218
0 0.29493464052287593 0.8098958333333334 0.272467320261438 0.8098958333333334 0.272467320261438 0.859375 0.29493464052287593 0.859375
0 0.2563743757590418 0.5610619859933179 0.22757488371858647 0.5600420039835519 0.22619569544600163 0.6233467456951941 0.254995187486457 0.6243667277049602
0 0.2239840236163766 0.3567269793832295 0.2075749391925863 0.30157007969507976 0.1794366481866482 0.31517833939708945 0.19584573261043853 0.3703352390852392
0 0.18100091662681328 0.06792301829268294 0.1591692571337478 0.02490472560975611 0.13516857962697276 0.04470528455284552 0.15700023912003827 0.08772357723577234
0 0.3036332179930797 0.10407475490196076 0.2956314878892734 0.04852941176470587 0.27312318628767646 0.053800488517324746 0.28112491639148274 0.10934583165457964
0 0.32313682003111743 0.23040419130934783 0.32117708262868155 0.1741842245769673 0.2961901287539824 0.17560015196320028 0.29814986615641825 0.23182011869558078
0 0.3644462473170689 0.36544169755778455 0.34238973973075193 0.31408839402529437 0.3190076219468743 0.3304141226922518 0.3410641295331913 0.38176742622474197
0 0.3790849673202615 0.4578125 0.3508986928104575 0.4578125 0.35089869281045755 0.5125 0.37908496732026153 0.5125
0 0.41473988439306353 0.6309067919075145 0.3911368015414258 0.5884212427745666 0.3665079904794288 0.6106641377649326 0.39011107333106654 0.6531496868978806
0 0.42697140402197337 0.7177729566715906 0.4044274529112482 0.7166674359921222 0.402847167916896 0.7690538835548991 0.42539111902762106 0.7701594042343675
0 0.45298930074312843 0.8532391552511416 0.4278029590831768 0.8520498002283106 0.42639224639627554 0.900613584474886 0.4515785880562272 0.9018029394977171
0 0.32323084609853886 0.9928410503418272 0.3203731461509402 0.9442601512326496 0.2977369941139911 0.9464247332711829 0.30059469406158984 0.9950056323803605
0 0.6540302347507869 0.9231458842705786 0.6461619285040829 0.8562652811735941 0.6147406395320965 0.8622746026894866 0.6226089457788005 0.929155205786471
0 0.6609477124183006 0.7567708333333333 0.6326797385620916 0.73875 0.6175653594771242 0.7772916666666668 0.6458333333333334 0.7953125000000001
0 0.61039846631722 0.6327887788778879 0.5778513880799845 0.616980198019802 0.5626439849867341 0.6678774752475248 0.5951910632239694 0.6836860561056106
0 0.6283515503210766 0.5590108725382933 0.6040535926259635 0.5134522018599563 0.5770923613792709 0.5368275893508389 0.6013903190743839 0.5823862600291758
0 0.5647707612456747 0.4115962009803923 0.5412341407151096 0.36158088235294117 0.5176254325259515 0.3796415441176471 0.5411620530565168 0.4296568627450982
0 0.5110294117647058 0.12135416666666675 0.4832516339869281 0.12135416666666675 0.4832516339869281 0.17916666666666672 0.5110294117647058 0.17916666666666672
0 0.6837455405487118 0.10691144519203818 0.670923759186882 0.052963800112139095 0.6515591588471666 0.06044557751612004 0.6643809402089964 0.11439322259601914
0 0.7173581579170182 0.21870821145006278 0.6904852012542027 0.21622538393230264 0.6872422356601088 0.2732853635603846 0.7141151923229243 0.27576819107814465
0 0.7515027504214354 0.36411434766214185 0.7230891225268387 0.3511759992458522 0.7106955904533757 0.39542090874811464 0.7391092183479726 0.4083592571644043
0 0.724046090613447 0.4288421799027554 0.6954534379932416 0.4131162209616424 0.6813540110803911 0.4547896407347381 0.7099466637005966 0.4705155996758511
0 0.7679738562091504 0.5432291666666668 0.7434640522875817 0.5432291666666667 0.7434640522875817 0.6026041666666668 0.7679738562091504 0.6026041666666669
0 0.8096461187214611 0.7513698630136986 0.7802326752618856 0.7210109874429224 0.7630427970274868 0.7480850456621005 0.7924562404870623 0.7784439212328766
0 0.8300718288823825 0.923610718325792 0.8281069780853519 0.8710018382352942 0.8088540280365542 0.8721707673453998 0.8108188788335848 0.9247796474358976
0 0.9700977326515349 0.6829922998749219 0.9453457430501908 0.6729508677298313 0.9347984034138985 0.7152155644152598 0.9595503930152425 0.7252569965603504
0 0.998268966886939 0.797649056169429 0.9719085147871305 0.7674004373848986 0.9545011374715634 0.7920608885819521 0.9808615895713719 0.8223095073664825
0 0.946443637430762 0.5455683600198087 0.9171314008160765 0.5283767332452955 0.9013027930441463 0.5722495047870585 0.9306150296588318 0.5894411315615716
0 0.9263379666935267 0.37019049657534264 0.8977823663712061 0.368842037671233 0.8959877786731131 0.43062071917808237 0.9245433789954338 0.431969178082192
0 0.8865349770271145 0.20240820957095707 0.8634167998247788 0.14692458428535157 0.8409068565227562 0.1621715536938309 0.864025033725092 0.21765517897943637
0 0.7803904816395536 0.005920577024185174 0.7528781623059317 0.0017111921661410179 0.7475161594606297 0.05868247239747645 0.7750284787942515 0.0628918572555206