0 0.10249316771208904 0.04119463685978171 0.07363848142111588 0.003218146515533175 0.04351056123540936 0.04043083543240976 0.07236524752638253 0.07840732577665828
0 0.049086229627759555 0.07316925965665239 0.03600381497377206 0.06290459585121604 0.026606636932312275 0.08237437410586554 0.03968905158629977 0.09263903791130187
0 0.09991878100252023 0.19226073820022868 0.06891225786411251 0.17150574677445699 0.04672434056098352 0.22539068879634166 0.07773086369939125 0.24614568022211333
0 0.09819369503569585 0.42139490714687683 0.06846469595153767 0.4058443537797787 0.049695454996855286 0.4641756354342526 0.07942445408101345 0.4797261888013507
0 0.055946644384550825 0.4279340889672113 0.03030336346863858 0.396056285378618 0.0026569957257708645 0.4322092278115989 0.028300276641683112 0.4640870314001922
0 0.05660229979094929 0.6507023016705481 0.0305991868589675 0.6077423672908853 0.001313040713771469 0.6365590727574585 0.027316153645753252 0.6795190071371214
0 0.09763071895424841 0.7119791666666668 0.0700571895424837 0.6768229166666668 0.04125816993464057 0.7135416666666667 0.06883169934640528 0.7486979166666667
0 0.05875855873553766 0.8812601101022752 0.028363025443949252 0.8573236276351494 0.006087036150298191 0.9033076341056147 0.0364825694418866 0.9272441165727405
0 0.09464555052790356 0.7997596153846154 0.06942873303167428 0.7933293269230769 0.0611802413273002 0.8459134615384615 0.08639705882352948 0.8523437499999998
0 0.23378788629432687 0.8997368051656375 0.20237607021097795 0.8702882275874978 0.17607378905146198 0.9158963831180986 0.2074856051348109 0.9453449606962382
0 0.2371061264972916 0.7676941472114138 0.20873388265812168 0.7357753728923477 0.17926489662012668 0.7783580577172504 0.20763714045929663 0.8102768320363166
0 0.2426292440573255 0.5999202374915485 0.21270665128796618 0.5709252450980393 0.18580925439817583 0.6160491675118325 0.21573184716753507 0.6450441599053415
0 0.24090572968846913 0.3725402980535281 0.2113195338962836 0.35493651155717765 0.18987345546491105 0.41353026155717765 0.21945965125709657 0.4311340480535281
0 0.23904441746117405 0.13029386467889914 0.20653294957126583 0.10112385321100922 0.17988771961383943 0.14940080275229362 0.21239918750374767 0.17857081422018353
0 0.39713816162303067 0.15423831888246625 0.3682477615323586 0.12814667630057802 0.3447089047565076 0.1705166184971098 0.3735993048471797 0.19660826107899804
0 0.3997987406344652 0.35748221544715447 0.37284791965566716 0.3299923780487805 0.3468635421648334 0.37140497967479674 0.3738143631436314 0.3988948170731707
0 0.40256717672931575 0.5249469839773799 0.37200076386193814 0.512375314169023 0.35760905053193126 0.5692585611058749 0.3881754633993089 0.5818302309142319
0 0.3748176117293765 0.6493755630630632 0.34730303833245013 0.6158890765765767 0.32185523759053175 0.6498800675675676 0.3493698109874581 0.6833665540540541
0 0.4091381850809174 0.8099336167086484 0.3840282922572892 0.776885757766583 0.3576935266129962 0.8094133081444166 0.38280341943662444 0.8424611670864821
0 0.3713235294117648 0.8781250000000003 0.3417075163398694 0.8403645833333335 0.31474673202614384 0.8747395833333336 0.34436274509803927 0.9125000000000002
0 0.5375963599142757 0.041800061174551456 0.5108474874452227 0.00958996057640024 0.4824579641535787 0.04791581702011965 0.5092068366226317 0.08012591761827087
0 0.5384883628248048 0.2223831300813008 0.510840108401084 0.19418191056910566 0.4859317710824167 0.23387957317073169 0.5135800255061375 0.26208079268292683
0 0.5367812945821306 0.37998360829103217 0.5096432185395309 0.3499960342639594 0.4811230964467005 0.3919535215736041 0.5082611724893003 0.4219410956006769
0 0.5293078126192111 0.5945460440985733 0.5108434424353399 0.5363103923476006 0.48105083797461906 0.5516662613488976 0.4995152081584903 0.6099019130998703
0 0.5294117647058824 0.7630208333333336 0.5 0.7255208333333336 0.4714052287581699 0.7619791666666669 0.5008169934640523 0.7994791666666669
0 0.5283057485932168 0.954552322922112 0.5030704519131229 0.9076687467328804 0.472228841876531 0.9346551555148982 0.4974641385566249 0.9815387317041299
0 0.6537129950019223 0.667292892156863 0.6249115724721261 0.6220968137254904 0.5930315263360247 0.6551225490196081 0.6218329488658207 0.7003186274509806
0 0.6593361202348959 0.44633724619289344 0.6352095152781925 0.3944273477157362 0.6052901363591122 0.41703310067681904 0.6294167413158156 0.46894299915397636
0 0.6613430922827847 0.1166977255351683 0.6319650566648677 0.09652857415902151 0.6118044312526233 0.14426605504587162 0.6411824668705403 0.16443520642201842
0 0.6623282693625137 0.3036753423040606 0.6412577070488252 0.24658728753541084 0.612968440445111 0.2635608474976394 0.6340390027587994 0.3206489022662892
0 0.6485702506681553 0.8713952236576149 0.6150918272221445 0.8443066723789436 0.5876014941524548 0.8995372506371384 0.6210799175984656 0.9266258019158097
0 0.7902289722293575 0.6747832969432317 0.7605160259154607 0.636184497816594 0.7280731797813739 0.6767831149927221 0.7577861260952707 0.7153819141193598
0 0.7892156862745098 0.8229166666666669 0.7589869281045752 0.7843750000000004 0.7291666666666667 0.8223958333333337 0.7593954248366013 0.8609375000000002
0 0.7767057049063968 0.9951310331825037 0.7608002099784105 0.9383484162895928 0.7293330228018808 0.9526772247360483 0.7452385177298672 1.0094598416289593
0 0.7968514827847496 0.5030238110993471 0.7737315192531927 0.43366392050467634 0.735135173709505 0.45457831524616216 0.7582551372410619 0.523938205840833
0 0.7948628775834661 0.2679969031531532 0.7690558205264089 0.2219313063063063 0.7406156156156157 0.24783220720720725 0.7664226726726728 0.29389780405405413
0 0.7930571201558615 0.096243581737441 0.7920336674775379 0.03230337565917291 0.7645841156334862 0.03301762420205384 0.7656075683118099 0.09695783028032194
0 0.9270472895040368 0.2013786764705884 0.8869088811995386 0.1416727941176473 0.854075355632449 0.1775551470588237 0.8942137639369472 0.2372610294117648
0 0.9035070225540717 0.4342495592622729 0.8738040917479005 0.39178786954163275 0.8471663821481942 0.42207926498508275 0.8768693129543653 0.4645409547057228
0 0.9093137254901961 0.7437500000000001 0.8878592532903572 0.6708047945205479 0.8441221237353389 0.6917166095890411 0.8655765959351778 0.7646618150684933
0 0.94406090215921 0.9194260613353084 0.9181279385751585 0.8621989926570408 0.8866581125847846 0.8853817644699497 0.912591076168836 0.9426088331482172
0 0.9537461773700306 0.74560875382263 0.9411539845295918 0.6920919342507647 0.9135710859267255 0.702642392966361 0.9261632787671644 0.7561592125382265
0 0.955375981095451 0.589808255619321 0.9286929980026443 0.5742153873744621 0.9104290329235472 0.6250224175035869 0.937112016016354 0.6406152857484458
0 0.9655457490818792 0.4305445057269298 0.9368970645657717 0.4097904871144086 0.9154553725694367 0.45790564395418476 0.9441040570855441 0.478659662566706
0 0.9632669349049829 0.3293768063583815 0.9382267936076163 0.2843045520231215 0.9107871472288337 0.30908598265895965 0.9358272885262003 0.3541582369942196