0 0.19218295540336094 0.2541103409265225 0.16102929897223503 0.23748298243595647 0.14309529610279456 0.2921069661757939 0.17424895253392045 0.3087343246663599
0 0.1858156692013711 0.4300830961152043 0.17674310179530617 0.3672879688546551 0.15111424118653935 0.3733073788792141 0.16018680859260426 0.4361025061397633
0 0.1773435685610962 0.6046451988155667 0.1738143226833881 0.5416481598984771 0.14739681828738263 0.5440540397631134 0.15092606416509075 0.6070510786802029
0 0.1794185027963075 0.7928318298969071 0.15807560137457044 0.731604381443299 0.1291944612896705 0.7479703608247423 0.15053736271140758 0.8091978092783505
0 0.05471181121964324 0.7380780849760554 0.022875407541343797 0.7138959655863684 -0.00487288968377191 0.7732822767011918 0.026963513994527535 0.7974643960908788
0 0.05333356091730198 0.6094219948526445 0.03162872940859836 0.5428002203606515 0.00033840746633740325 0.5593720562508412 0.022043238975041027 0.6259938307428342
0 0.09814277260659562 0.4334753942359978 0.07945201462858117 0.3682544861337683 0.04846597148919383 0.3826898110386079 0.06715672946720828 0.4479107191408373
0 0.33063725490196083 0.3475000000000001 0.3014002732240438 0.32442366803278694 0.2801410318225651 0.36820952868852463 0.30937801350048216 0.3912858606557378
0 0.3613624937154349 0.5515224358974359 0.3319080413974975 0.5196011731978714 0.30329370500014224 0.5625226777939043 0.3327481573180796 0.5944439404934688
0 0.3505477209888137 0.7563874833713417 0.3205998334339437 0.7312954318700113 0.29726125531930747 0.7765773470163436 0.3272091428741774 0.8016693985176739
0 0.31415032679738564 0.85975 0.29116013071895425 0.8206666666666667 0.2641013071895425 0.8465416666666667 0.28709150326797395 0.885625
0 0.04121319781735334 0.9199827981651378 0.016815824189002904 0.9106508027522937 0.0009069376986269357 0.9782635703363916 0.025304311326977368 0.9875955657492356
0 0.4601090926566705 0.6680667892156864 0.43422241445597837 0.6162009803921568 0.4034554017685505 0.6411642156862745 0.42934207996924256 0.693030024509804
0 0.43709150326797386 0.840625 0.4068627450980393 0.840625 0.4068627450980393 0.9119791666666667 0.43709150326797386 0.9119791666666667
0 0.20272792648503069 0.11091432363100678 0.18591693509670457 0.03723490043685868 0.15647865109672843 0.04815382759321347 0.17328964248505457 0.12183325078736157
0 0.05261186525892408 0.08452564102564102 0.0493690296631473 0.010102564102564101 0.021156359979889388 0.01210096153846154 0.024399195575666166 0.08652403846153846
0 0.06461291413116971 0.2219109195402299 0.042173766058147405 0.15515445402298852 0.013233885508226274 0.1709680316091954 0.03567303358124859 0.23772449712643678
0 0.33385579182557107 0.10418099214145385 0.32215866045173797 0.03856008513425017 0.29427976167546255 0.046638629666011795 0.3059768930492957 0.11225953667321548
0 0.5067829664154153 0.13035617109272973 0.47988086905056604 0.11554473225946894 0.4610195950387121 0.17123512552604853 0.4879216924035613 0.1860465643593093
0 0.45905011346187835 0.3755154192654192 0.4426550419197479 0.32040562196812206 0.4186297439973911 0.3320247531185032 0.4350248155395214 0.3871345504158004
0 0.4969881303125741 0.5756341753022454 0.47285295810897776 0.5228815846286703 0.44384757357174315 0.5444543393782385 0.4679827457753395 0.5972069300518136
0 0.5712441230823584 0.5704031314968816 0.5426970805647277 0.5031229426541927 0.5146083017406547 0.5224972929660429 0.5431553442582855 0.5897774818087318
0 0.6093998643917693 0.709060000588097 0.5808915779908764 0.6789788432133617 0.5560531316737468 0.7172455745706894 0.5845614180746398 0.7473267319454246
0 0.578921568627451 0.3680208333333334 0.55 0.3495833333333334 0.5283496732026144 0.40479166666666677 0.5572712418300654 0.4232291666666667
0 0.612395420519595 0.2945453544693967 0.5979955059963219 0.24150566930867454 0.5697525707773202 0.25397058014090707 0.5841524853005932 0.3070102653016292
0 0.6131535947712419 9.3953371622086e-17 0.5878267973856209 9.197607731096267e-17 0.5878267973856209 0.04843750000000009 0.6131535947712419 0.04843750000000009
0 0.7166552708350866 0.15693602467811152 0.705113046649275 0.09405713519313302 0.6799149345002664 0.10157635908440632 0.6914571586860782 0.16445524856938482
0 0.7213707954726605 0.31098821138211385 0.6931448270365056 0.29156605691056914 0.6701719273075083 0.3458395325203253 0.6983978957436633 0.36526168699187
0 0.7154955704651444 0.4892296640141469 0.6918959449385412 0.44546308576481003 0.6601697265997468 0.47327309902740955 0.68376935212635 0.5170396772767465
0 0.7076030208831501 0.6441196646341465 0.6745317232584092 0.6285848577235773 0.6568727084329666 0.6896976626016261 0.6899440060577077 0.7052324695121953
0 0.562684527834122 0.8316038074712643 0.5596574261888664 0.7659913793103449 0.5288624070317782 0.7683010057471265 0.5318895086770341 0.8339134339080458
0 0.700461915535445 0.8392427884615385 0.6752450980392157 0.8328125 0.6642313976872801 0.9030248397435898 0.6894482151835094 0.9094551282051283
0 0.5959967320261439 0.94375 0.5522875816993466 0.94375 0.5522875816993466 0.9994791666666667 0.595996732026144 0.9994791666666667
0 0.7998476417594068 0.6686655405405407 0.7692435082140966 0.6621621621621624 0.7601572160395691 0.7316722972972974 0.7907613495848793 0.7381756756756758
0 0.797977989691522 0.4999721644893113 0.7697970518373621 0.498733174980206 0.7679631828978624 0.5665404790182106 0.7961441207520223 0.567779468527316
0 0.8312908496732027 0.3640625000000001 0.8014705882352942 0.3640625000000001 0.8014705882352942 0.4265625000000001 0.8312908496732027 0.4265625000000001
0 0.8153072256669479 0.29670104619028825 0.7974372272925487 0.2372088432688511 0.7685889397211706 0.2512954007106198 0.7864589380955697 0.3107876036320569
0 0.608679716178709 0.5389091038812787 0.5920740442295639 0.492330194063927 0.5661596830513028 0.5073487442922374 0.5827653550004478 0.5539276541095891
0 0.9577280835881752 0.6771382836391436 0.9322420099538286 0.6167909021406729 0.9008177429993405 0.638364870030581 0.9263038166336871 0.6987122515290519
0 0.831963858150521 0.831601691419142 0.8048696046075198 0.8184416254125414 0.7874166828447552 0.8768543729372938 0.8145109363877564 0.8900144389438946
0 0.7910053484712446 0.9785981351550961 0.788980363194022 0.9114698732151649 0.7667658643959799 0.9125592380600689 0.7687908496732027 0.9796875
0 0.9441463522345876 0.957615427927928 0.9344086733792616 0.8831221846846847 0.9066529765059178 0.8890202702702702 0.9163906553612435 0.9635135135135134
0 0.9493006400347138 0.3644947268326419 0.9252457760420905 0.35818032503457825 0.9144628183223498 0.4249576417704012 0.938517682314973 0.4312720435684649
0 0.9658702467827558 0.14312935192283113 0.9452121176821313 0.08123243260508493 0.9151068949363316 0.09756611728631662 0.9357650240369562 0.15946303660406283