0 0.11345049188060102 0.013807452749140903 0.0864602284212654 0.0005718427835051646 0.06801470588235294 0.06171875000000002 0.09500496934168855 0.07495435996563575
0 0.1012429018426237 0.13861331218372155 0.07908778878337752 0.1313944378452505 0.06442356561738537 0.20455615994514623 0.08657867867663153 0.21177503428361727
0 0.28068411487620815 0.26317409600997504 0.27836454615096246 0.20402509351620948 0.2523878212964321 0.2056811097256858 0.25470739002167775 0.26483011221945135
0 0.2754748551531238 0.47823871906841336 0.26830743214316294 0.4097002365356623 0.23804478123126976 0.41484488719068413 0.24521220424123066 0.48338336972343515
0 0.26954445571331986 0.6033135775862071 0.24568261212530992 0.5902747844827587 0.2257789610096913 0.6494881465517242 0.24964080459770122 0.6625269396551725
0 0.6138771376130362 0.2795954623287671 0.6120058868296178 0.21517765410958903 0.584764750649118 0.2164640410958904 0.5866360014325365 0.28088184931506854
0 0.29044117647058826 0.050520833333333376 0.26143790849673204 0.050520833333333376 0.26143790849673204 0.1135416666666667 0.29044117647058826 0.11354166666666671
0 0.45918976786116744 0.10304238505747133 0.4330572458868605 0.10026580459770121 0.4286764705882352 0.16729166666666673 0.4548089925625422 0.17006824712643684
0 0.4434918821171932 0.3462098467610541 0.442185215847112 0.28206886622843985 0.423735732564839 0.28267985560986575 0.4250423988349202 0.34682083614248
0 0.08188961305529033 0.4025714537755822 0.07720934174657866 0.33931758703834386 0.05219763746477184 0.34232607033639145 0.05687790877348351 0.4055799370736297
0 0.06617647058823534 0.5317708333333333 0.05228758169934645 0.5317708333333333 0.05228758169934645 0.5854166666666667 0.06617647058823534 0.5854166666666667
0 0.0797334706146356 0.7339115695326025 0.05331860576506047 0.7188446696480092 0.03366739078782123 0.7748506323331412 0.060082255637396345 0.7899175322177343
0 0.07369281045751638 0.9233333333333335 0.0409722222222223 0.9094270833333334 0.02544934640522883 0.9688020833333333 0.05816993464052291 0.9827083333333333
0 0.2545768479212992 0.8304735824742268 0.23048817465130392 0.8290775343642611 0.22807930732430437 0.896646262886598 0.2521679805942996 0.8980423109965636
0 0.42954966186860105 0.821351156069364 0.42155445993426277 0.7550909200385356 0.395032868638785 0.7602932321772641 0.40302807057312334 0.8265534682080925
0 0.5955621353686888 0.7463808724832215 0.5937114532613941 0.6744124720357941 0.5604982015177435 0.675800894854586 0.5623488836250383 0.7477692953020134
0 0.6060790097750015 0.509780604719764 0.580972728324368 0.5076465707964603 0.5772384174908901 0.5790652654867258 0.6023446989415235 0.5811992994100296
0 0.5106325448328797 0.6617141162514828 0.4954774614472122 0.5998813760379597 0.4663099225455305 0.6115028173190983 0.48146500593119795 0.6733355575326214
0 0.43952287581699356 0.5303458333333333 0.42370588235294115 0.5266791666666667 0.41454248366013075 0.5909375 0.4303594771241831 0.5946041666666667
0 0.6257026451799694 0.012587378259503653 0.6006264899927926 0.0022737983034873286 0.5868469442442387 0.05673745287464662 0.6119230994314157 0.06705103283066295
0 0.5272533562974739 0.2907305743243244 0.4984624047124047 0.27680667446292456 0.4823662746456864 0.33091162075537084 0.5111572262307557 0.3448355206167707
0 0.7728641353887207 0.4389098933128025 0.7639113535133955 0.371847961577944 0.7334356641908854 0.3784618345798504 0.7423884460662106 0.44552376631470897
0 0.7848275048851155 0.24566151202749148 0.7560600700761404 0.2293599656357389 0.7366712148777036 0.28498174398625437 0.7654386496866787 0.30128329037800694
0 0.9877414057926651 0.17901302725280743 0.9731352140965946 0.12066129142700621 0.9473572913142251 0.1311507121336619 0.9619634830102956 0.1895024479594631
0 0.9879133025759324 0.37169117647058825 0.9759707804690503 0.31078431372549015 0.9420415224913494 0.32159926470588235 0.9539840445982313 0.38250612745098045
0 0.7799957694147077 0.0965437382739213 0.7526134593925125 0.08543523295809893 0.7362452329274424 0.1510250547217012 0.7636275429496376 0.16213356003752358
0 0.76515522875817 0.6050520833333335 0.7408905228758169 0.5947395833333334 0.7247140522875817 0.6566145833333334 0.7489787581699348 0.6669270833333336
0 0.5885507668413901 0.9118347772277228 0.5840087685239113 0.8539242986798681 0.5570318061217886 0.8573638613861387 0.5615738044392674 0.9152743399339934
0 0.7642009593536987 0.8020878040057228 0.7363723386350249 0.7802530400572248 0.711799419338551 0.8311650572246069 0.7396280400572247 0.8529998211731048
0 0.743814447733871 0.9908871261852664 0.7351940046624046 0.9331840353756384 0.7084450665751346 0.9396802060539753 0.7170655096466011 0.9973832968636034
0 0.956065234784958 0.927189487281399 0.9372254174589816 0.8677094925808163 0.9067303895591093 0.8834114997350293 0.9255702068850857 0.942891494435612
0 0.9624986086005425 0.7112950064790822 0.9396681633285179 0.6609143604220663 0.9103693742090195 0.6824978017400968 0.9331998194810441 0.7328784477971126
0 0.9686459489456158 0.5538325471698112 0.9573621901590823 0.5034787735849057 0.9299004192872112 0.5134827044025158 0.9411841780737449 0.5638364779874213
0 0.4199002602549315 0.9814413650075413 0.40601950433265316 0.9185152714932127 0.379579969242599 0.9279963235294117 0.39346072516487746 0.9909224170437405