0 0.0765266447211488 0.13358196472019462 0.07503876246362293 0.06339111922141119 0.04166577214827537 0.06454113442822385 0.04315365440580125 0.13473197992700728
0 0.11624549244985351 0.16735811781609194 0.09682781158440389 0.10959051724137932 0.0669512057696642 0.12591594827586208 0.08636888663511381 0.1836835488505747
0 0.10467782873936857 0.36635913449407015 0.09727633798914467 0.29841344940701486 0.07071446418587622 0.303117114559677 0.0781159549361001 0.3710627996467323
0 0.11228854286812769 0.5101715686274509 0.08309304113802388 0.4878370098039216 0.061683006535947736 0.5333333333333333 0.09087850826605155 0.5556678921568629
0 0.07276768550557482 0.5481035539215687 0.04699634755863132 0.5271936274509804 0.02667723952326031 0.567904411764706 0.05244857747020381 0.588814338235294
0 0.0660324341682724 0.6967666184971097 0.038160206279043464 0.691299373795761 0.030845045147153312 0.7519237716763006 0.058717273036382245 0.7573910163776494
0 0.06974610356963298 0.9428605769230768 0.06683886375062845 0.876139423076923 0.03878456510809451 0.8781266025641025 0.041691804927099035 0.9448477564102563
0 0.2770527817493958 0.21524106886785688 0.27304733465767467 0.14578661629741163 0.24780893213383443 0.14815271653402165 0.2518143792255556 0.2176071691044669
0 0.2731925863004649 0.3876703519855596 0.24695795285623276 0.38405422683513835 0.24130447606238642 0.4507299187725632 0.2675391095066185 0.4543460439229844
0 0.27121365787694396 0.5785560344827586 0.24430873221266317 0.5777193569163693 0.24299629681440557 0.6463269173602855 0.26990122247868636 0.6471635949266746
0 0.26950120018508883 0.756727046460177 0.24070760310023723 0.7542795907079646 0.23717211810978084 0.8218957411504424 0.26596571519463247 0.8243431969026548
0 0.27124183006535957 0.9494791666666667 0.23937908496732035 0.9494791666666667 0.23937908496732035 0.9994791666666667 0.27124183006535957 0.9994791666666667
0 0.4818946414182112 0.030047802511415606 0.450982070910556 0.02858804223744299 0.4489888306920941 0.09720533675799091 0.4799014011997493 0.09866509703196354
0 0.4889705882352941 0.2963541666666668 0.4554738562091503 0.2963541666666668 0.4554738562091503 0.37864583333333346 0.4889705882352941 0.37864583333333346
0 0.5021373916063505 0.6020315149802149 0.4694299426949977 0.5884783658375732 0.45159232903638175 0.6584566963444509 0.48429977794773466 0.6720098454870927
0 0.47217823026646566 0.7864903846153848 0.4510369532428356 0.7393189102564103 0.4202425842131724 0.7617548076923077 0.44138386123680245 0.8089262820512821
0 0.503539931954517 0.9311586757990867 0.4714471976005014 0.8980343892694065 0.44642817172531113 0.9374393550228309 0.47852090607932674 0.9705636415525113
0 0.7292359783865411 0.1967809867629363 0.704668660484651 0.14805580625752104 0.6777049267360372 0.17015643802647412 0.7022722446379273 0.21888161853188937
0 0.7595536549803052 0.2845114224935256 0.7311565580727298 0.2636231733259341 0.7115976801375379 0.3068482935627081 0.7399947770451134 0.3277365427302996
0 0.7218452120537194 0.3771361561866127 0.6915849673202614 0.3718750000000001 0.6853332272733299 0.43032876943881015 0.7155934720067879 0.43558992562542276
0 0.7345890475650763 0.9279588150289018 0.7087888189958065 0.9223425457610791 0.7008120348332012 0.9819120303468211 0.726612263402471 0.9875282996146438
0 0.7312941807624337 0.5763154953505009 0.7018403391399477 0.567374150572246 0.6907425523857611 0.6268027986409156 0.7201963940082471 0.6357441434191704
0 0.735426603073662 0.7629926801801802 0.7071520049461226 0.7519003378378379 0.6922959724430313 0.8134600225225225 0.7205705705705706 0.8245523648648649
0 0.860314561590149 0.007011274165887293 0.8332763959965028 -0.006617847676956501 0.8186242028772844 0.040635475132522754 0.8456623684709307 0.05426459697536655
0 0.8905228758169934 0.08177083333333349 0.8586601307189542 0.08177083333333349 0.8586601307189542 0.14687500000000012 0.8905228758169934 0.14687500000000012
0 0.8983367811956586 0.35768826452599395 0.8834510103735684 0.2944237385321102 0.8520454818012833 0.30643635321100926 0.8669312526233736 0.36970087920489303
0 0.9027680779093432 0.5234582996042454 0.8734854978148842 0.5012589382083109 0.8513940474552836 0.5486300368771363 0.8806766275497425 0.5708293982730708
0 0.8710307131702238 0.6920584439528025 0.8493442362195616 0.6604581489675517 0.8272203424142518 0.6851401179941005 0.8489068193649141 0.7167404129793512
0 0.9049765263000559 0.7001938236313238 0.8788361325126032 0.6851957726957727 0.8605225700813937 0.7370841995841996 0.8866629638688462 0.7520822505197506
0 0.8721648118706943 0.8781475225225226 0.8476329270446917 0.8553997747747747 0.8272478360713653 0.8911373873873873 0.8517797208973678 0.9138851351351353
0 0.9098479135243843 0.8606570512820515 0.8860294117647058 0.8151041666666665 0.8583144796380091 0.8386618589743589 0.8821329813976875 0.8842147435897438