0 0.048494082317611736 0.14662443693693697 0.01747703585938881 0.1178631756756757 -0.007659865748101034 0.1619313063063063 0.023357180710121894 0.19069256756756758
0 0.08899586538114324 0.4022790055248618 0.05877613476329757 0.36760186464088396 0.02859251435380781 0.4103619935543278 0.058812244971653466 0.4450391344383057
0 0.042175079225988 0.35054761332692613 0.02297710690875742 0.3003689131827647 -0.008024673909288205 0.319650508569598 0.01117329840794238 0.3698292087137594
0 0.04799836601307197 0.55546875 0.019812091503268042 0.5195312500000001 -0.00939542483660126 0.5567708333333334 0.018790849673202662 0.5927083333333335
0 0.04782898297323181 0.7625988588110403 0.01785937304858251 0.7360171178343948 -0.009050414220889981 0.785337712314225 0.020919195703759313 0.8119194532908706
0 0.22172803602359004 0.9730655357619428 0.1992443628105098 0.9119099446223644 0.16323123858563973 0.9334334133973845 0.18571491179872 0.9945890045369628
0 0.20917849898580126 0.7141522988505749 0.17667104419132826 0.7054266136162689 0.16538483209375718 0.773778735632184 0.19789228688823018 0.7825044208664899
0 0.2182465342825028 0.515369559447983 0.18344365346988048 0.49116573779193207 0.15568669081220599 0.5560476380042462 0.1904895716248283 0.5802514596602972
0 0.21814642117009414 0.26768851626016266 0.18704527339391042 0.24430284552845533 0.15976187629523356 0.30328836382113816 0.19086302407141723 0.32667403455284555
0 0.2107512482227292 0.0469962057335582 0.18037851734285618 0.033526559865092766 0.16245150392928387 0.09924026840921868 0.1928242348091569 0.11270991427768412
0 0.3648861014994233 0.12152879901960788 0.33594290657439446 0.09804534313725495 0.3125456555171088 0.14492340686274516 0.3414888504421376 0.1684068627450981
0 0.36763282076316 0.3127243257261412 0.33689827244867515 0.27805930152143854 0.3096710330051799 0.31730204011065016 0.34040558131966475 0.3519670643153528
0 0.36494051911120373 0.4875087690149166 0.339053735509859 0.4590872378526068 0.3115948639092323 0.49974408322256697 0.337481647510577 0.5281656143848767
0 0.3628782037159433 0.639624297752809 0.3351922229565984 0.6175620318352061 0.31024638319747383 0.6684515449438204 0.33793236395681875 0.6905138108614234
0 0.3651844206912041 0.8362393224616581 0.33296908843133455 0.8214946126965639 0.3158088949033312 0.8824439429237042 0.3480242271632008 0.8971886526887984
0 0.531448652520369 0.11126569634703207 0.5029182335034471 0.09473102168949778 0.4815840719849584 0.1545733447488585 0.5101144910018802 0.1711080194063928
0 0.5338078502372585 0.3335137547777108 0.502150709408688 0.3122111370951519 0.4784260968519372 0.36952480637698654 0.5100832376805077 0.3908274240595454
0 0.5311280168256256 0.5002136609838395 0.5033687378343273 0.48812821878884743 0.485849298874229 0.5535445524773575 0.5136085778655273 0.5656299946723495
0 0.5385312456861491 0.7098779237214176 0.50776885345399 0.6991321565718277 0.4917527012550526 0.7736673248676327 0.5225150934872117 0.7844130920172224
0 0.5414414414414415 0.898589527027027 0.5135687157745982 0.8876548423423423 0.496566419360537 0.9581081081081083 0.5244391450273803 0.969042792792793
0 0.7197644769160317 0.07673765923566886 0.6900462095666291 0.050378848195329104 0.6649265226260355 0.09641852441613595 0.6946447899754381 0.1227773354564757
0 0.7162473024321139 0.2559222372270989 0.6907128088687645 0.24103927526446106 0.6712550144973586 0.29530827987846053 0.6967895080607078 0.3101912418410984
0 0.7239270981867849 0.43804790736851335 0.6960921587502595 0.4199805012251686 0.6755015211650426 0.4715490176774308 0.703336460601568 0.4896164238207755
0 0.7252140522875817 0.5815270833333334 0.6988316993464052 0.5582395833333335 0.6742875816993464 0.6034416666666668 0.7006699346405229 0.6267291666666668
0 0.7298937032699758 0.7100062212863707 0.6996081434105036 0.6850679555895866 0.6765076219359618 0.7306728560490047 0.706793181795434 0.7556111217457888
0 0.7693768235898831 0.873885047224364 0.7463764418643326 0.8428838184271398 0.7154659634349757 0.8801643616679519 0.7384663451605262 0.9111655904651761
0 0.7268561883352067 0.9888700902335457 0.7066707256150867 0.9416865711252653 0.6737854377419757 0.9645567940552017 0.6939709004620958 1.011740313163482
0 0.9169824236000708 0.9050844594594596 0.8913255166931637 0.8877660472972975 0.8700814785373607 0.9389287725225228 0.8957383854442676 0.956247184684685
0 0.8842137153342595 0.8682604413572119 0.855346971551328 0.8354558971995435 0.8271433760054808 0.8758007966815907 0.8560101197884125 0.9086053408392591
0 0.885825163398693 0.6851562500000002 0.8562091503267973 0.6473958333333335 0.8278186274509803 0.6835937500000002 0.8574346405228758 0.7213541666666671
0 0.8774918300653596 0.4514062500000001 0.8489379084967321 0.4392708333333335 0.8320261437908497 0.5039583333333335 0.8605800653594773 0.5160937500000001
0 0.8699149695027396 0.2789277606912714 0.8414971656500913 0.27124203646748696 0.830946247860597 0.334660588752197 0.8593640517132454 0.34234631297598145
0 0.8751422070534699 0.10210466439135384 0.8474012358071785 0.07889327360637093 0.8215605411675478 0.12909805176336758 0.8493015124138393 0.1523094425483505