0 0.024537456008044245 0.17511378205128203 0.022264957264957263 0.12295993589743588 -0.0014228255404726017 0.1246378205128205 0.0008496732026143798 0.17679166666666665
0 0.15558339003319518 0.12852490799158783 0.12980170511948208 0.12178200578338595 0.1216451722644894 0.17247995531019983 0.1474268571782025 0.17922285751840172
0 0.06717599147609447 0.3390082512764406 0.04068359291200072 0.29474767505470456 0.018224674990346277 0.3166007932166302 0.04471707355444003 0.36086136943836616
0 0.16247210266220313 0.39084095528455287 0.1531912561772677 0.38952616869918705 0.15261836441893836 0.39610010162601633 0.1618992109038738 0.39741488821138216
0 0.14950980392156868 0.37552083333333336 0.1348039215686275 0.37552083333333336 0.1348039215686275 0.42135416666666664 0.14950980392156868 0.42135416666666664
0 0.10900708920584017 0.5557889466762315 0.08148484166502566 0.5097321855571496 0.05803877026659544 0.532508369201339 0.08556101780740995 0.5785651303204208
0 0.1387795145103342 0.7666856828938473 0.13278132415914304 0.7106026031102097 0.10886479338185578 0.7147608181203517 0.11486298373304697 0.7708438979039893
0 0.020016339869281127 0.8182291666666667 7.866654786189595e-17 0.8182291666666667 8.13179482031872e-17 0.8734375 0.020016339869281127 0.8734375
0 0.14174836601307197 0.9473958333333333 0.11642156862745107 0.9473958333333333 0.11642156862745107 0.9994791666666667 0.14174836601307197 0.9994791666666667
0 0.27231842549753993 0.7244962546816481 0.2464057795402806 0.7216844569288391 0.2427970551516487 0.7757476591760301 0.2687097011089081 0.7785594569288391
0 0.24699107285190502 0.5680767276422765 0.21914355172963496 0.539672256097561 0.1999342419894787 0.570287093495935 0.2277817631117488 0.5986915650406505
0 0.3324937164153233 0.43071413481539267 0.3070060057304253 0.38583755850234003 0.28627941686294905 0.4049739177067082 0.311767127547847 0.4498504940197608
0 0.2861700694023314 0.2925128865979381 0.28148793881813894 0.2308258161512027 0.25626558183410825 0.23393792955326456 0.26094771241830067 0.29562499999999997
0 0.36184877046918484 0.5834501909931645 0.3424185667431428 0.5295313756533978 0.3178235156145289 0.5439394224969845 0.3372537193405709 0.5978582378367512
0 0.3935038211000486 0.6924569946101078 0.36299952922510176 0.6546752502449951 0.34216911250010285 0.682015172196556 0.3726734043750497 0.7197969165616688
0 0.42113568054959205 0.8230284367396595 0.39376341777586943 0.7861899330900244 0.3733570678879825 0.8108386557177616 0.4007293306617051 0.8476771593673967
0 0.3148284313725491 0.9484895833333333 0.28777777777777785 0.9435625 0.28171568627450994 0.9976666666666666 0.30876633986928115 1.00259375
0 0.4338235294117648 0.9572916666666667 0.4064542483660132 0.9572916666666667 0.4064542483660132 0.9994791666666667 0.4338235294117649 0.9994791666666667
0 0.5259552538964303 0.7873397435897436 0.4936211664152842 0.7598557692307694 0.4757101558572147 0.794110576923077 0.508044243338361 0.8215945512820514
0 0.49989842546275765 0.6596020586652316 0.4712570442601152 0.627847483853606 0.4498164622863857 0.6592847371725872 0.47845784348902815 0.6910393119842124
0 0.45988562091503277 0.39041666666666663 0.4363562091503268 0.33041666666666664 0.4110294117647059 0.34656250000000005 0.43455882352941183 0.40656249999999994
0 0.4004648411088574 0.11924209770114949 0.37196585530764037 0.11621408045977019 0.36807809330628816 0.17569683908045983 0.39657707910750517 0.17872485632183915
0 0.25245098039215685 0.06614583333333338 0.22834967320261437 0.06614583333333338 0.22834967320261437 0.1229166666666667 0.25245098039215685 0.1229166666666667
0 0.5304214655638867 0.13249904183092423 0.5292354293885756 0.07352339301357863 0.5068352078019119 0.07425570795006571 0.508021243977223 0.1332313567674113
0 0.5720055812587208 0.32612944756554313 0.5705442433383611 0.2627804487179487 0.5450832810796459 0.2637352348026505 0.5465446190000056 0.32708423365024497
0 0.6140907343329489 0.4724877450980393 0.58760092272203 0.469889705882353 0.5839244521337947 0.530827205882353 0.6104142637447136 0.5334252450980393
0 0.6487330987366654 0.6973175188628403 0.6216289938233446 0.6881698834545945 0.6101686295644639 0.7433706379682027 0.6372727344777848 0.7525182733764485
0 0.5604163849447826 0.9447456896551727 0.5306572571557359 0.9228997844827589 0.5096050259184134 0.9695193965517243 0.53936415370746 0.991365301724138
0 0.6728248995537782 0.8973099622285177 0.6471430687478014 0.8965303352219077 0.6460557499675981 0.9547562559017942 0.6717375807735749 0.9555358829084042
0 0.752365465038013 0.633208474019884 0.7216861420989332 0.6171608281748268 0.7035274623824396 0.6735945999812419 0.7342067853215194 0.6896422458262992
0 0.7695841649572175 0.8416821296732644 0.7486393709227329 0.789544553094565 0.7230195801223411 0.8062755262331135 0.7439643741568257 0.8584131028118129
0 0.7935044302555511 0.9842222382602002 0.7675681897085238 0.9373749037721324 0.74700750200003 0.9558795227097767 0.7729437425470573 1.0027268571978445
0 0.6940864090734333 0.4284405637254902 0.690633410226836 0.37120710784313726 0.6681108227604767 0.3734160539215686 0.6715638216070742 0.4306495098039216
0 0.6710678699414389 0.24786481550272413 0.6519626052501238 0.2011763249133234 0.6292069700589499 0.21631376919266962 0.6483122347502648 0.26300225978207037
0 0.6432493636399793 0.11415705290736985 0.6358230919142506 0.055452374915483396 0.6093917790239829 0.06088784651791747 0.6168180507497116 0.11959252450980393
0 0.7869396968630549 0.03603715148436629 0.7571732468808722 0.02744419516875505 0.7480150627809539 0.07901621938142012 0.7777815127631365 0.08760917569703136
0 0.8419117647058824 0.13072916666666679 0.8133169934640523 0.13072916666666679 0.8133169934640523 0.1968750000000001 0.8419117647058824 0.1968750000000001
0 0.8206504160253408 0.22062180034129703 0.7912988801891633 0.20710786405005702 0.7766398425126593 0.2588655432309444 0.8059913783488368 0.27237947952218444
0 0.8427287581699346 0.36927083333333344 0.8137254901960784 0.36927083333333344 0.8137254901960784 0.4348958333333334 0.8427287581699346 0.4348958333333334
0 0.9588832120254531 0.26973387274328486 0.9373526821560858 0.2132162318361956 0.9128185950734323 0.22840984147952462 0.9343491249427995 0.28492748238661386
0 0.9235638238103261 0.023095451289398352 0.8962769443976253 0.016307008118433716 0.8872165102908403 0.07551128223495711 0.9145033897035411 0.08229972540592174
0 0.8752883307508634 0.6266387825817129 0.8709474825649471 0.5588401599779341 0.843204520809841 0.5617276927320369 0.8475453689957574 0.6295263153358158
0 0.9901960784313726 0.4119791666666668 0.9648692810457516 0.4119791666666668 0.9648692810457516 0.47031250000000013 0.9901960784313726 0.47031250000000013
0 0.913906183926465 0.7967629705826713 0.8861601678128687 0.7889974697313659 0.8763179931450448 0.8461641009269769 0.9040640092586412 0.8539296017782825