0 0.10294117647058823 0.07395833333333335 0.07434640522875817 0.07395833333333333 0.07434640522875818 0.13072916666666667 0.10294117647058824 0.13072916666666667
0 0.07735990571091826 0.18393101092896175 0.07229387656702026 0.11287995218579235 0.04135527161684346 0.11646601775956283 0.04642130076074147 0.18751707650273228
0 0.10532233121023354 0.33590844382117974 0.0853141154473008 0.2661297913479517 0.059641189469158376 0.2780966874893762 0.07964940523209113 0.34787533996260417
0 0.13124156839485496 0.5623989842823249 0.10776681669108922 0.5052593045670225 0.08219942781383013 0.5223346678529063 0.10567417951759585 0.5794743475682087
0 0.15738642241844847 0.7121153316518816 0.12496390392418352 0.6649892010204674 0.09809115708671139 0.695044246825535 0.13051367558097632 0.7421703774569491
0 0.1842696041967494 0.9353839935118605 0.15893207022456887 0.8696195191751385 0.12543452789000548 0.8905995588478387 0.150772061862186 0.9563640331845608
0 0.3334409089851836 0.6823139086595492 0.3189836136115181 0.6233281435349941 0.3004457120926662 0.6307143386714117 0.31490300746633165 0.6897001037959668
0 0.3064648589965102 0.5084590241531062 0.29485248966027916 0.43308419046157 0.2692444980243658 0.4394976205096715 0.28085686736059684 0.5148724542012078
0 0.2759417210645499 0.2967176846739449 0.2660865900298296 0.22300130453423683 0.24586402825655293 0.22739626469234953 0.25571915929127326 0.3011126448320576
0 0.4160811165729787 0.12048368152738904 0.41507449307858557 0.05631143375982941 0.38477615489751815 0.05708404138344663 0.3857827783919112 0.12125628915100627
0 0.2494181412402359 0.05551067073170731 0.226785429619002 -0.0070121951219512075 0.20145066156543914 0.007896341463414646 0.224083373186673 0.07041920731707316
0 0.45649864094235554 0.028794675122867937 0.4287977441627127 0.007258916955767554 0.4098520696222981 0.0468743224197745 0.4375529664019409 0.06841008058687488
0 0.4761906244292806 0.2663231195314706 0.4429795979921745 0.2600960520745132 0.435629423940053 0.3238220611064071 0.46884045037715905 0.33004912856336444
0 0.5014563068882953 0.6102215986684877 0.4887390742116808 0.5540114302378514 0.4614126093136697 0.5640617887219757 0.4741298419902842 0.620271957152612
0 0.4704472313460071 0.6568580795262267 0.4668433363192993 0.5925285532994924 0.44393848910122424 0.5946145304568529 0.447542384127932 0.6589440566835871
0 0.5269361897007938 0.9712042243367935 0.525370332677477 0.8953384515570935 0.504701811520456 0.8960319348327567 0.5062676685437728 0.9718977076124568
0 0.739505016443945 0.8804000796178345 0.7094313309187795 0.8790306528662423 0.7073914491486617 0.9518544320594482 0.7374651346738271 0.9532238588110405
0 0.7172623415270475 0.79175718988219 0.7118596537714186 0.7238569819819818 0.6880976281711575 0.7269305483367982 0.6935003159267865 0.7948307562370063
0 0.6976524881694682 0.5711922581284696 0.6701688539544817 0.5651851209357655 0.6619509752090105 0.6263055941052076 0.6894346094239969 0.6323127312979118
0 0.6670792079207921 0.3905734323432345 0.6403853620656185 0.3871699669966998 0.6358514527923381 0.44497731023102316 0.6625452986475118 0.44838077557755784
0 0.6479639875752281 0.18674917491749193 0.6151790914385555 0.17082508250825093 0.5967295994305313 0.23257322607260733 0.6295144955672038 0.24849731848184836
0 0.7925554722950753 0.15464702760084925 0.7908017984263771 0.09204087048832273 0.7612526539278132 0.09338641188959661 0.7630063277965113 0.15599256900212313
0 0.8161069821808217 0.2888402907423678 0.7909926874329789 0.2858067482978257 0.7857174002919859 0.35680332107035667 0.8108316950398287 0.3598368635148988
0 0.8457446675376813 0.5183541560292741 0.8331080709026014 0.4481533486511787 0.8098246957705726 0.45496659858735433 0.8224612924056525 0.5251674059654498
0 0.8802517162247363 0.7107477656281206 0.8582347458655921 0.6396329513680846 0.8313929126673637 0.6531421634711403 0.853409883026508 0.7242569777311764
0 0.9068627450980392 0.8963541666666669 0.8815359477124183 0.8963541666666669 0.8815359477124183 0.9765625000000002 0.9068627450980392 0.9765625000000002
0 0.9992483999836939 0.28050935550935546 0.974300375035669 0.20982328482328488 0.9463935088935088 0.22583484927234937 0.9713415338415337 0.29652091995841995
0 0.9689689955404542 0.03324684115523458 0.9471888936079844 -0.00995036101083026 0.9243130766145204 0.008799638989169741 0.9460931785469902 0.051996841155234584
0 0.3627157195296748 0.8674130197614148 0.33543602192001126 0.7916069369807152 0.30876509933952995 0.8072094266902966 0.33604479694919354 0.8830155094709963