0 0.07278359841790794 0.14681866952789704 0.049670748127577206 0.09934102288984263 0.022002019691996975 0.12123748211731046 0.04511486998232771 0.16871512875536482
0 0.07034179792135432 0.3228312841530055 0.04636772741883638 0.286150956284153 0.01940694310511088 0.3147967896174863 0.043381013607628825 0.3514771174863388
0 0.07131920193127618 0.5058361846782795 0.045460618184944325 0.4737341139353004 0.023705153942131435 0.5022220123829838 0.04956373768846329 0.5343240831259628
0 0.04599673202614382 0.6702083333333334 0.016421568627451023 0.6513541666666668 -0.0008169934640521947 0.6953124999999999 0.028758169934640608 0.7141666666666666
0 0.07259740203638192 0.9122469844679446 0.040853993062305395 0.8732195968274952 0.013094574688214183 0.9099237166776823 0.04483798366229071 0.9489511043181319
0 0.11785130718954258 0.9539062500000003 0.08782679738562096 0.9156250000000001 0.0625 0.9479166666666669 0.09252450980392161 0.9861979166666669
0 0.23322335344394168 0.9317988782051283 0.207444067370538 0.8895392628205129 0.18408433886375064 0.912704326923077 0.20986362493715432 0.9549639423076923
0 0.2728937174120586 0.8344844335205994 0.2407698097965778 0.8006495786516855 0.2152093889990453 0.8401000702247193 0.24733329661452608 0.8739349250936332
0 0.21940795953084435 0.6335148401826485 0.19247000626734714 0.6115716324200914 0.17420941892738834 0.6480134132420091 0.20114737219088552 0.6699566210045662
0 0.11227375565610859 0.47956730769230765 0.0912833081950729 0.43942307692307686 0.06460532931121168 0.46209935897435894 0.08559577677224736 0.5022435897435897
0 0.14928296923208442 0.2785244500594531 0.12205309194625134 0.24207045184304404 0.09567518049629682 0.27410077288941737 0.12290505778212993 0.3105547711058264
0 0.22358265720081139 0.4241749281609196 0.20285158891142663 0.37826652298850577 0.17577924273157539 0.39814008620689656 0.19651031102096012 0.4440484913793104
0 0.24808113254977854 0.5406858520803097 0.23058899418499862 0.49739280962747945 0.20437168578123072 0.5146128144654089 0.22186382414601064 0.557905856918239
0 0.2549019607843137 0.3114583333333334 0.2269607843137255 0.29364583333333344 0.2090686274509804 0.33927083333333335 0.23700980392156865 0.3570833333333334
0 0.25428921568627455 0.11276041666666672 0.22549019607843138 0.0760416666666667 0.20016339869281047 0.10833333333333338 0.22896241830065364 0.1450520833333334
0 0.3808527721433401 0.4637661637931034 0.3637381676808655 0.4128502155172414 0.3345024791525806 0.4288254310344828 0.3516170836150552 0.4797413793103448
0 0.3825542005420054 0.5812677845528457 0.35945121951219516 0.5357444105691056 0.3308943089430894 0.5593038617886178 0.35399728997289975 0.6048272357723579
0 0.39460784313725494 0.7640625000000002 0.36417483660130723 0.7252604166666669 0.33884803921568635 0.7575520833333335 0.36928104575163406 0.7963541666666668
0 0.3936451157039393 0.9899268018018018 0.3726097420950363 0.9392666103603603 0.3459956279809221 0.9572311373873874 0.3670310015898251 1.007891328828829
0 0.3828303107363537 0.3352776592718999 0.35984714135938795 0.29062464448236636 0.3320080193624663 0.3139181598407282 0.3549911887394321 0.3585711746302617
0 0.38110403935084614 0.22661973781388473 0.36119160367248815 0.18037666174298375 0.3392873693051814 0.19570962580009849 0.35919980498353943 0.2419527018709995
0 0.3858605004862382 0.07957666522491351 0.35413557002962653 0.041201701268742855 0.32996302327159227 0.0736876441753173 0.36168795372820395 0.11206260813148795
0 0.5127822241497134 0.08294166108132266 0.4852376071071859 0.04061829758713138 0.4565363857786188 0.07098357908847186 0.4840810028211463 0.11330694258266313
0 0.5133366035940851 0.30220652554233735 0.48695840594226963 0.25833843596920925 0.45892392412995053 0.2857421419407512 0.485302121781766 0.32961023151387914
0 0.5142349096501345 0.49011029411764695 0.4850682429834679 0.458235294117647 0.46047193387158775 0.4948223039215686 0.48963860053825436 0.5266973039215685
0 0.5286476355247981 0.7262071078431375 0.49865916955017303 0.6815992647058825 0.47016532103037295 0.7127389705882354 0.500153787004998 0.7573468137254904
0 0.5327136936883218 0.9377753315593852 0.5085132126849727 0.886796492228417 0.4784745204045464 0.9099776672579829 0.5026750014078956 0.960956506588951
0 0.6643203012912483 0.6154662093495935 0.6248654949784792 0.6098767784552845 0.61931591742388 0.673558180894309 0.6587707237366492 0.6791476117886179
0 0.6764705882352942 0.8921875000000001 0.6497140522875818 0.8580729166666667 0.6229575163398693 0.8921875000000002 0.6497140522875817 0.9263020833333335
0 0.7000307520011749 0.5626773174157305 0.6716439010060954 0.5327785580524347 0.6492752625394728 0.5673027855805245 0.6776621135345524 0.5972015449438203
0 0.6602154546635711 0.37033995966580247 0.6332209525988443 0.33788871182656294 0.6108215974375921 0.36817874891961977 0.6378160995023191 0.40062999675885924
0 0.6990076518412244 0.32892530487804883 0.670512513948669 0.2998602642276422 0.6501474573569265 0.33231707317073167 0.678642595249482 0.3613821138211383
0 0.855986142926433 0.3806269899583642 0.8305398880100654 0.33033882867989234 0.8023566149457575 0.3535218436198875 0.8278028698621253 0.4038100048983593
0 0.8210924616433979 0.5072854744605901 0.789683541844743 0.4878343791281374 0.7690061603681542 0.5421125055041831 0.8004150801668091 0.5615636008366358
0 0.8293647817956267 0.742275731822474 0.8006853024495919 0.6958646128423042 0.7755193578847971 0.7211449480642116 0.8041988372308319 0.7675560670443814
0 0.805494779212498 0.9040307418699189 0.7789548461661089 0.8722431402439027 0.7535230352303525 0.9067606707317075 0.7800629682767416 0.9385482723577238
0 0.9830885859350895 0.9127481223175968 0.9580387949171087 0.8608480865522176 0.9267230497349155 0.8854189020028616 0.9517728407528964 0.9373189377682408
0 0.984983660130719 0.6810833333333335 0.9541339869281045 0.6515833333333333 0.9288888888888889 0.6945 0.9597385620915034 0.7240000000000002
0 0.9754901960784313 0.5114583333333335 0.9540849673202614 0.45687500000000014 0.9264705882352942 0.47447916666666673 0.9478758169934641 0.5290625
0 0.9763488367147292 0.31973630694143185 0.9556581670990881 0.2696131597975417 0.9295790622829029 0.287113611713666 0.9502697318985438 0.33723675885755616
0 0.8190940967134185 0.27788775207591937 0.7974982846044705 0.22532158214709366 0.7718545751633986 0.24244791666666668 0.7934503872723465 0.2950140865954924
0 0.9781633252551956 0.16244264981273424 0.9543429169420576 0.112744616104869 0.9307474113240801 0.1311294475655431 0.954567819637218 0.18082748127340836