0 0.04834614025790496 0.09484797297297297 0.039833951598657484 0.029729729729729735 0.016251545663310368 0.034740990990991 0.024763734322557848 0.09985923423423422
0 0.15006905960309794 0.06851456712762895 0.14847602826783263 -0.000543341256122153 0.12680840126312695 0.0002691947565543057 0.1284014325983923 0.0693271031403054
0 0.264461207078778 0.06465003773178095 0.25779869407875267 -0.0016086540534713182 0.23845640024013057 0.001553067054764982 0.24511891324015592 0.06781175884001725
0 0.17034313725490197 0.17864583333333334 0.14665032679738563 0.17864583333333334 0.14665032679738566 0.24791666666666667 0.170343137254902 0.24791666666666667
0 0.06592833369187474 0.2600963897065382 0.05234923333350824 0.19625340067790562 0.030963112209472142 0.203647923914013 0.044542212567838656 0.2674909129426456
0 0.08025452910470676 0.4413415827740492 0.07216793876387244 0.37174636465324384 0.04683730315392376 0.37653104026845635 0.05492389349475808 0.44612625838926173
0 0.19208422013917195 0.33800447459584304 0.16594193874624524 0.33293230369515014 0.1581982369545201 0.39781346227867587 0.18434051834744677 0.4028856331793687
0 0.27627128346030555 0.2011776804670913 0.2623771907913909 0.14094678874734606 0.2394649473377461 0.1495388800424628 0.2533590400066608 0.20976977176220804
0 0.29013386700245847 0.3301175458715596 0.2767321760508485 0.2731603593272171 0.2591555735444025 0.27988340978593274 0.2725572644960125 0.33684059633027524
0 0.30065359477124187 0.4484375 0.2806372549019608 0.4484375 0.28063725490196084 0.503125 0.3006535947712419 0.503125
0 0.20153564743916969 0.47298462225625315 0.17795181114814485 0.4708744895354773 0.1743755567566486 0.535850561510975 0.19795939304767343 0.537960694231751
0 0.1024086325646803 0.6168877343113284 0.08534964923214598 0.5500835370823146 0.06000227719449635 0.5606056438467807 0.07706126052703068 0.6274098410757946
0 0.22466580900836952 0.678723604826546 0.20729083488599054 0.6166949472096531 0.1816461124419602 0.6283724547511312 0.19902108656433917 0.6904011123680242
0 0.3379084967320261 0.7258333333333333 0.32271241830065356 0.6677083333333332 0.2979575163398692 0.6782291666666665 0.31315359477124177 0.7363541666666666
0 0.11758302420067135 0.7894059684684686 0.0928722840487547 0.7844313063063064 0.08509538950715427 0.8472297297297299 0.10980612965907093 0.852204391891892
0 0.2326955060681509 0.8934326583024588 0.2306692577109434 0.8271236808128439 0.2117585694881972 0.8280630753901426 0.2137848178454047 0.8943720528797575
0 0.34707247404364916 0.9173602452202826 0.32142173161866583 0.9157250103906899 0.31914800417257516 0.9737050602660016 0.3447987465975585 0.9753402950955944
0 0.37497887085868836 0.805145474137931 0.3577163624070318 0.7537895114942528 0.33247408158665764 0.7675826149425287 0.3497365900383142 0.818938577586207
0 0.4395424836601307 0.6265625 0.4252450980392157 0.6265625 0.4252450980392157 0.6765625 0.4395424836601307 0.6765625
0 0.3456966915011898 0.5318652291997881 0.32119662915510666 0.5293662228404875 0.3176247181437493 0.5862935545839959 0.3421247804898324 0.5887925609432964
0 0.4199346405228758 0.3979166666666668 0.3958333333333333 0.3979166666666668 0.3958333333333333 0.4588541666666668 0.4199346405228758 0.4588541666666668
0 0.394311161204141 0.13535013686131395 0.37076803349076853 0.13453885340632607 0.3694238705214446 0.19794974148418498 0.39296699823481707 0.1987610249391728
0 0.5175653594771242 0.08229166666666675 0.49060457516339867 0.08229166666666675 0.49060457516339867 0.14791666666666672 0.5175653594771242 0.14791666666666672
0 0.5363562091503268 0.28489583333333346 0.5106209150326797 0.28489583333333346 0.5106209150326797 0.35052083333333345 0.5363562091503268 0.35052083333333345
0 0.5550747894247033 0.5604517771018306 0.5515214992058426 0.498158157952428 0.534491846722247 0.499737271182725 0.5380451369411078 0.5620308903321276
0 0.581215174584475 0.7123565752541345 0.5534864833507368 0.7054394723865879 0.5441037020179033 0.7665839307388864 0.5718323932516415 0.7735010336064332
0 0.46282679738562094 0.8072916666666666 0.43995098039215685 0.8072916666666666 0.43995098039215685 0.865625 0.46282679738562094 0.865625
0 0.6095352160026896 0.9823302760968229 0.5982844373251066 0.9205375378214826 0.5723562042063421 0.9282118318204741 0.5836069828839251 0.9900045700958143
0 0.7128344407756172 0.6896049896049897 0.6938482600247305 0.635810810810811 0.6691006617477204 0.6500097453222455 0.6880868424986071 0.7038039241164243
0 0.6950066453220911 0.4520141353955377 0.6689349421310107 0.44665261578769455 0.6609949422635857 0.509418314739689 0.6870666454546661 0.5147798343475322
0 0.6749290911333086 0.32385023584905664 0.6619034406215315 0.26572327044025157 0.6393513380194844 0.27393867924528303 0.6523769885312615 0.33206564465408805
0 0.6489698502313183 0.08052664079040237 0.6288627012790531 0.07810809221359688 0.6248007965830416 0.13300473418019296 0.6449079455353066 0.13542328275699847
0 0.7654744333954496 0.19463090482197945 0.7376973427442186 0.18389884707036738 0.726455952439849 0.23119699677600233 0.75423304309108 0.24192905452761437
0 0.8038342069501069 0.2534694719471949 0.7765640166957873 0.24561829620462058 0.7675892221575099 0.2962938325082509 0.7948594124118294 0.3041450082508252
0 0.7886236063052672 0.3799178921568629 0.7626912725874663 0.36599632352941186 0.7475663206459053 0.411796568627451 0.7734986543637062 0.42571813725490215
0 0.8203623136296084 0.4378578341483294 0.7987689166946322 0.4337280969845152 0.7927193697364847 0.4851492461287695 0.8143127666714609 0.4892789832925837
0 0.8307121635437861 0.6513898748064016 0.829780445132794 0.5991204719497504 0.8123262254480178 0.5996262476337979 0.8132579438590098 0.6518956504904491
0 0.8248496732026143 0.7800916666666667 0.8172941176470587 0.7271083333333334 0.7946470588235294 0.7323583333333334 0.8022026143790848 0.7853416666666668
0 0.8370359967543178 0.9496695941336972 0.8335350738749342 0.8894099590723056 0.8056229881675271 0.8920461005002274 0.8091239110469107 0.952305735561619
0 0.7498701763810546 0.8976983447488586 0.7237252663622528 0.861799372146119 0.7017582147014058 0.8878067922374431 0.7279031247202076 0.9237057648401826
0 0.9446749858072403 0.5799935040831479 0.9381768854535131 0.515093726800297 0.9143252252645675 0.5189759651076467 0.9208233256182947 0.5838757423904976
0 0.9309640522875817 0.3317708333333335 0.9011437908496732 0.2937500000000002 0.8782679738562091 0.3229166666666668 0.9080882352941176 0.36093750000000013
0 0.8929738562091504 0.10260416666666682 0.8660130718954249 0.10260416666666682 0.8660130718954249 0.1640625000000001 0.8929738562091504 0.1640625000000001
0 0.9748994469582704 0.8226201923076923 0.9685017596782302 0.757363782051282 0.9416540975364504 0.7616426282051282 0.9480517848164906 0.8268990384615384