0 0.10569509302141855 0.09663304475661551 0.07805316943286081 0.09278830447566157 0.07236170630726428 0.159307279756071 0.10000362989582201 0.16315202003702498
0 0.13539846631722 0.27314872112211225 0.10409386526887986 0.2691573844884489 0.09865398304536338 0.3385158828382839 0.12995858409370353 0.3425072194719473
0 0.16334409104321912 0.42371985721057004 0.13641394761483222 0.42242416163052504 0.13431207001108306 0.4934413511672 0.16124221343946993 0.494737046747245
0 0.20602992861961664 0.6197532255826861 0.17599068391692604 0.6094776059008511 0.16309628734956808 0.6707552950425455 0.19313553205225864 0.6810309147243806
0 0.201554014949082 0.9011577829530389 0.19862775198698557 0.8367982869304306 0.17789959993487314 0.8383303677342824 0.18082586289696956 0.9026898637568908
0 0.24150197409280463 0.8462233691553546 0.2168468858131489 0.8455545343137255 0.21573655103066877 0.9120913461538461 0.24039163931032453 0.9127601809954752
0 0.03815919255820286 0.7062075383058688 0.007889691002159803 0.6968515105521828 -0.0035269600757330457 0.7568959598149755 0.026742541480310012 0.7662519875686615
0 0.07655905613898616 0.9530052751847532 0.0690011516080567 0.8831418951769741 0.03841060928455397 0.8885216112407625 0.045968513815483426 0.9583849912485417
0 0.42844579008073824 0.9282598039215687 0.42721216691804925 0.8543349358974359 0.4002722695413007 0.8550657522624435 0.40150589270398956 0.9289906202865763
0 0.4022013862560395 0.6901669145595769 0.3749866332254271 0.683069430672616 0.3656997628005094 0.7409575896546027 0.39291451583112186 0.7480550735415635
0 0.3896761548617775 0.5779407151819324 0.36102141609466887 0.5631293130489337 0.3446879536005118 0.6144980525930576 0.3733426923676204 0.6293094547260563
0 0.35295654174261515 0.4133882993014509 0.32290997179814085 0.4127602767329393 0.32210834360611534 0.47510690936772354 0.35215491355058964 0.4757349319362351
0 0.276559532407779 0.21263571509777177 0.25465117834309714 0.2105665927694407 0.2512048703064673 0.2698861698499318 0.27311322437114915 0.27195529217826286
0 0.2735997988939165 0.022967948717948765 0.24835093011563603 0.021179487179487217 0.2457051282051282 0.08190064102564107 0.2709539969834087 0.08368910256410261
0 0.4528473542352763 0.1621391860112275 0.4221764453012277 0.1544881277499621 0.4133090726808096 0.2122738393263542 0.4439799816148581 0.21992489758761957
0 0.47727913004282174 0.2991918103448276 0.4505718954248365 0.29635416666666664 0.44657989632634654 0.35743175287356327 0.47328713094433184 0.36026939655172424
0 0.5056173967922353 0.4445095726970035 0.4778704489564972 0.44333032741398454 0.4761516796877835 0.5090732519422864 0.5038986275235215 0.5102524972253053
0 0.5234778463584692 0.6457927596714362 0.519329234078369 0.5796742514573395 0.4920203508006275 0.5824597575516691 0.4961689630807277 0.6485782657657658
0 0.5364114763552481 0.7318964460784315 0.5062355824682815 0.728936887254902 0.5020665128796618 0.7980392156862747 0.5322424067666284 0.8009987745098041
0 0.5610918877354865 0.8692769607843139 0.5325451749327181 0.8611887254901963 0.522520184544406 0.9187071078431372 0.5510668973471743 0.926795343137255
0 0.7628760408272898 0.8974243721461189 0.7428988718775181 0.8295019977168951 0.7171132151490733 0.8418307648401828 0.7370903840988451 0.9097531392694066
0 0.7353602260985467 0.7272377806361086 0.7126181545271678 0.6603236085126287 0.6828120318910227 0.676791491269099 0.7055541034624014 0.7437056633925787
0 0.6939993797330074 0.575125118035883 0.692744264844748 0.5079137157695939 0.6660223296117315 0.5087249173748819 0.6672774444999907 0.575936319641171
0 0.719992050874404 0.401168355855856 0.6911908231761174 0.39537021396396405 0.6835629747394454 0.45696509009009023 0.712364202437732 0.4627632319819821
0 0.6569880824912443 0.2988760310011377 0.6447836500925738 0.22390198378839593 0.6162909333244105 0.23144180176336748 0.628495365723081 0.30641584897610924
0 0.6197427675270287 0.01710902591599652 0.5898298550877009 0.013561215370866934 0.5844644202631902 0.08710120643431643 0.6143773327025182 0.09064901697944602
0 0.809496385241673 0.1868601890573272 0.7732362678474423 0.17825895190799804 0.763276891171175 0.24651180519254237 0.7995370085654057 0.25511304234187154
0 0.8570261437908496 0.2687500000000001 0.8263888888888888 0.2687500000000001 0.8263888888888888 0.3354166666666668 0.8570261437908496 0.3354166666666668
0 0.8992259154541066 0.5410527794060178 0.8766531426951397 0.4804086068776865 0.8485509620026205 0.4974128077373973 0.8711237347615872 0.5580569802657287
0 0.9446516422453458 0.7572568817689531 0.9092911623133009 0.7012426669675093 0.8816593815624927 0.7295989395306861 0.9170198614945375 0.7856131543321301
0 0.9993413110342174 0.8349719362745098 0.9639397347174165 0.8179530637254903 0.9475740099961553 0.8732941176470589 0.9829755863129563 0.8903129901960783
0 0.988562091503268 0.9406250000000003 0.9391339869281046 0.9406250000000003 0.9391339869281046 0.9994791666666669 0.988562091503268 0.9994791666666669
0 0.9611812415182072 0.1288334199117541 0.9497460995069621 0.05684562746908828 0.9251738610379251 0.06319086373197888 0.9366090030491702 0.1351786561746447
0 0.9009450602034227 0.03712116912599329 0.880362388996461 -0.006874290578887473 0.8497782711268388 0.016385735906167417 0.8703609423338006 0.060381195611048176
0 0.9995915032679739 0.25312500000000016 0.9693627450980392 0.25312500000000016 0.9693627450980392 0.32968750000000013 0.9995915032679739 0.32968750000000013