0 0.12759471403441025 0.045545450401167045 0.08297364168132607 0.02946731400437638 0.07461635274095049 0.06717154449307076 0.11923742509403468 0.08324968088986144
0 0.16642558662809384 0.07213114754098363 0.12216885493163218 0.055411937788986995 0.11406691722506575 0.09027558848255572 0.15832364892152742 0.10699479823455235
0 0.2655987911388744 0.05249354719764015 0.23867415697842556 0.022455752212389393 0.21336904968477063 0.059328908554572304 0.24029368384521949 0.08936670353982307
0 0.2327492007783018 0.3298266910089082 0.23019615967373072 0.28642499223119955 0.17663713506948253 0.2915465739589808 0.17919017617405364 0.3349482727366894
0 0.4008452740070387 0.2347155448717949 0.3568533182503771 0.22349759615384623 0.35036450477626946 0.26486378205128214 0.39435646053293105 0.27608173076923076
0 0.5454007582081496 0.17695600371520806 0.4981688926864978 0.16273724419879412 0.49091611643134614 0.20190223597661255 0.538147981952998 0.21612099549302646
0 0.7041308956014838 0.1366903153153153 0.7037541953718423 0.10403040540540541 0.6525349761526232 0.10499076576576577 0.6529116763822647 0.13765067567567565
0 0.8298505358150029 0.03477210236886652 0.7974677349789323 0.01030509729272436 0.7764531701005275 0.055519247038917224 0.8088359709365981 0.07998625211505939
0 0.04761096057104863 0.6721701055662188 0.0463834318116242 0.632260076775432 -0.0010333948038588464 0.634630918106206 0.00019413395556559264 0.674540946896993
0 0.19310106592972764 0.5652614653243848 0.1502692240207045 0.5556243008948546 0.1440800872921876 0.6003408137583893 0.18691192920121075 0.6099779781879194
0 0.36133572825287485 0.5185274664531871 0.3594102249011834 0.47801968969197933 0.3108413462975919 0.4817727394022568 0.31276684964928336 0.5222805161634646
0 0.5488857079160006 0.4437638657792569 0.5425747392689744 0.4051407376594565 0.49096141507074265 0.41885052689961183 0.49727238371776883 0.45747365501941223
0 0.7002180577245648 0.3571495206489677 0.6533767135172655 0.3526421460176993 0.6510457516339871 0.3920208333333335 0.6978870958412865 0.3965282079646019
0 0.8146467840655568 0.2994926869430454 0.773235249801845 0.2899887398295236 0.7681742269424883 0.32583765174996787 0.8095857612062 0.33534159886348974
0 1.0023312292953712 0.21212756849315084 0.9589097054346852 0.20629994292237452 0.9557536484913598 0.24452768264840197 0.9991751723520458 0.2503553082191783
0 0.9998723008966124 0.5005253085455398 0.960075618801392 0.49989104892464725 0.9597165807425921 0.5365129309222517 0.9995132628378124 0.5371471905431444
0 0.9295148537130357 0.49237932012276503 0.8978136757772229 0.47343291299706447 0.8848866675039376 0.5085943755004004 0.9165878454397504 0.527540782626101
0 0.9019175645229651 0.5439579778156998 0.8639719824220929 0.538266140500569 0.8602244083071227 0.5788804749715587 0.898169990407995 0.5845723122866896
0 0.7801030668677729 0.5914262820512822 0.7358754399195575 0.5801482371794874 0.729590874811463 0.6202123397435899 0.7738185017596783 0.6314903846153848
0 0.5907794148992384 0.6592499657440396 0.535640752144468 0.6510480896592675 0.531889500570485 0.6920439104320819 0.5870281633252553 0.700245786516854
0 0.4727945091774728 0.732824980031949 0.4716205704859153 0.6954056842385516 0.425583119296707 0.6977535942492012 0.4267570579882645 0.7351728900425984
0 0.37361238269626923 0.784192607003891 0.3715396988886346 0.7419098573281452 0.3258643600111899 0.7455496108949415 0.3279370438188245 0.7878323605706874
0 0.18053975248885767 0.861324167178385 0.14011199608284633 0.8511991799713438 0.13465002980006874 0.8866523065704637 0.17507778620608008 0.896777293777505
0 0.49848745804628164 0.9853040540540543 0.4943031266560679 0.9532939189189189 0.44515103338632755 0.9637387387387388 0.44933536477654124 0.9957488738738741
0 0.6342221105678376 0.9073612527621961 0.5875964060619999 0.9006058239843617 0.5843696776687898 0.9368097165561787 0.6309953821746275 0.9435651453340133
0 0.7755792635356531 0.8597991268788685 0.7307193876666495 0.8477577917771885 0.7242354501482291 0.8870261383731214 0.7690953260172328 0.8990674734748012
0 0.9228196248987325 0.8125383465361915 0.8740011055680428 0.8074224332090713 0.8718411362681141 0.8409289569742157 0.9206596555988038 0.8460448703013359
0 0.8067710824167065 0.7998856707317076 0.7746546554832062 0.778705440900563 0.7594165011220246 0.8162674914008756 0.7915329280555249 0.8374477212320202