0 0.231300887591272 0.06826561228641176 0.20346228401857083 0.06623737116897209 0.2005758840015529 0.1306401715486846 0.22841448757425403 0.13266841266612425
0 0.2402130371449381 0.2675687363437728 0.21399129571712158 0.2657615622723963 0.21116603354136027 0.33240243384316587 0.23738777496917682 0.3342096079145424
0 0.21380549549383054 0.38009002906063466 0.19262218710921378 0.3273587221174992 0.1653054600728133 0.3451978773955388 0.18648876845743012 0.39792918433867425
0 0.2511719457013574 0.4821663461538462 0.23370387129210657 0.43066282051282057 0.2066003016591252 0.4456064102564103 0.22406837606837604 0.4971099358974359
0 0.2164146318904921 0.5562549135220126 0.19521904673819215 0.5076110455974843 0.16976122209890243 0.5256436713836478 0.1909568072512024 0.5742875393081762
0 0.25228758169934645 0.6813541666666667 0.23251633986928105 0.6309374999999999 0.2060457516339869 0.6478124999999999 0.22581699346405226 0.6982291666666666
0 0.22155498475781868 0.8375789747280872 0.20947414474427006 0.7845239523352528 0.18532618581661714 0.7934625919705696 0.19740702583016576 0.8465176143634038
0 0.25738562091503264 0.9289375 0.2425174189172524 0.8865100235849056 0.22305725120236772 0.8975961084905659 0.23792545320014796 0.9400235849056603
0 0.08485182014593783 0.6822537681912683 0.06876248420366068 0.6366673163548163 0.041670912994442415 0.6522111053361053 0.057760248936719556 0.6977975571725572
0 0.04188292964244527 0.571936274509804 0.017361111111111164 0.5695312500000002 0.013869665513264188 0.6274019607843138 0.038391484044598294 0.6298069852941176
0 0.032546222120495454 0.42355706874189364 0.006987360443528948 0.4215203469520104 0.004283652501208047 0.47667598897535673 0.029842514178174556 0.47871271076523997
0 0.0673617807778849 0.3349385245901639 0.039503642987249545 0.29231557377049183 0.014551858994964093 0.31882684426229513 0.04240999678559945 0.3614497950819672
0 0.061776996934467025 0.1893482669616519 0.03566212620741512 0.15129516961651918 0.010067817687547009 0.17984882005899708 0.03618268841459891 0.21790191740412984
0 0.06086601307189544 0.078125 0.03085863235382299 -0.00820392606583918 0.0013943119971500033 0.008445089044792232 0.03140169271522245 0.09477401511063141
0 0.05303091181827922 0.8171960382513661 0.04917363120111433 0.7630976775956284 0.0237966088074574 0.766039105191257 0.027653889424622297 0.8201374658469945
0 0.05841503267973865 0.9213541666666667 0.03308823529411774 0.9213541666666667 0.03308823529411774 0.9708333333333333 0.05841503267973865 0.9708333333333333
0 0.08238494710599018 0.9900644329896908 0.08117040630685263 0.9559965635738831 0.06540159018934033 0.9569104381443299 0.06661613098847786 0.9909783075601376
0 0.5096279751946285 0.7528327645051196 0.4853858551384148 0.7057337883959044 0.45777872582480095 0.7288331911262799 0.48202084588101457 0.7759321672354951
0 0.4586711025512685 0.7610386607473177 0.42647648219480183 0.7596703893821679 0.4248057713651499 0.8235750786163524 0.45700039172161655 0.8249433499815022
0 0.47108054594386783 0.6175607843137255 0.44983794694348334 0.5576901960784314 0.42371107266435987 0.5727598039215687 0.44495367166474437 0.6326303921568627
0 0.49379698893044677 0.37145953757225436 0.4658926480033246 0.3462584296724472 0.4449790320752578 0.3839029383429674 0.47288337300238 0.4091040462427746
0 0.4497549019607843 0.4369791666666666 0.43740388312187617 0.37398897058823527 0.41606593617839294 0.38079044117647054 0.42841695501730104 0.44378063725490186
0 0.4570917711346833 0.2493579234972678 0.43827547412407575 0.19452185792349733 0.41003160827172386 0.21027663934426233 0.42884790528233135 0.2651127049180328
0 0.4497549019607843 0.039062500000000076 0.42116013071895425 0.03906250000000007 0.42116013071895425 0.10312500000000006 0.4497549019607843 0.10312500000000006
0 0.4979575163398693 0.1369791666666667 0.4728349673202614 0.1049479166666667 0.4446486928104575 0.14088541666666676 0.46977124183006536 0.17291666666666675
0 0.6537535454433345 0.07903105345911948 0.6441808484400049 0.01393671383647798 0.613449562214823 0.021283411949685506 0.6230222592181527 0.08637775157232701
0 0.64647510031716 0.22583919794459342 0.6310661217123132 0.1753197609472744 0.6060700643081183 0.18771363941018768 0.6214790429129651 0.23823307640750674
0 0.676062091503268 0.26145833333333346 0.6531862745098039 0.26145833333333346 0.6531862745098039 0.31614583333333346 0.676062091503268 0.31614583333333346
0 0.6462239261783638 0.34300062972292195 0.6162886271217134 0.33692852644836274 0.6087214566767092 0.397573992443325 0.6386567557333596 0.4036460957178842
0 0.6559607987737869 0.5104788901179942 0.629607337035109 0.5082388458702066 0.6265869917288449 0.5660029498525074 0.6529404534675227 0.568242994100295
0 0.6621732026143791 0.678125 0.639297385620915 0.678125 0.639297385620915 0.7427083333333333 0.6621732026143791 0.7427083333333333
0 0.6666200039228342 0.9023167755727655 0.6624654379338054 0.8458146781219748 0.6309562224373453 0.849581014036786 0.635110788426374 0.9060831114875767
0 0.8546664587531587 0.9108448885263731 0.8533286819349818 0.8511465980152256 0.8170487743765261 0.8524682232191408 0.818386551194703 0.9121665137302882
0 0.8637730365370193 0.6725623292349728 0.8313979963570128 0.6688097677595631 0.8276646040930035 0.7211705942622954 0.8600396442730098 0.7249231557377052
0 0.8578745600804424 0.6154246794871796 0.8429579599562297 0.5621724170437405 0.8187623842900658 0.5731900452488687 0.8336789844142783 0.6264423076923078
0 0.8558030565167242 0.4979564950980394 0.8326784446810396 0.4603391308446458 0.8101983704492355 0.4828040158371042 0.8333229822849199 0.5204213800904979
0 0.8508986928104575 0.3864583333333335 0.8249591503267973 0.35338541666666684 0.8020833333333334 0.3825520833333335 0.8280228758169934 0.4156250000000002
0 0.8419493022434197 0.24424549549549562 0.8155405405405405 0.23388513513513523 0.8024774774774774 0.2880152027027027 0.8288862391803568 0.2983755630630631
0 0.8339395043996141 0.1684985432852386 0.8323227459685316 0.1066575332963374 0.8025219799351483 0.10792406585275621 0.8041387383662306 0.16976507584165743
0 0.9934503030618802 0.10955491585473869 0.9862699508501365 0.04808597209920282 0.9588143753220214 0.05329961064363742 0.9659947275337653 0.11476855439917329
0 1.000540594093525 0.26572385764499123 0.9768628599653103 0.219279071470416 0.9497398256314828 0.24175728617457531 0.9734175597596978 0.2882020723491506
0 1.002450197331329 0.3529416267305646 0.9759879617448685 0.3401753860489885 0.96178741464637 0.38802615814696506 0.9882496502328303 0.4007923988285412
0 0.9995915032679739 0.47031250000000013 0.9763071895424836 0.47031250000000013 0.9763071895424836 0.5265625000000002 0.9995915032679739 0.5265625000000002
0 0.4889705882352941 0.9994791666666667 0.4852494232987313 0.9536158088235295 0.4613057477893119 0.9567738970588235 0.4650269127258747 1.0026372549019607