0 0.2986399183951038 0.3372699903660887 0.26459065321697084 0.32331587186897887 0.25013978616494775 0.3806376445086706 0.28418905134308065 0.3945917630057804
0 0.2591299561380697 0.19505691865605665 0.23271744595274005 0.146073717948718 0.20745782840103325 0.16821535145888597 0.23387033858636294 0.2171985521662246
0 0.1254362436798619 0.219498820754717 0.09501633986928108 0.21781250000000002 0.09293300653594773 0.27890625 0.12335291034652857 0.280592570754717
0 0.17999000348502356 0.4970138564078578 0.16014409349645692 0.4386210827876521 0.13470571421583916 0.4526757873401934 0.1545516242044058 0.5110685609603992
0 0.23586601307189536 0.7420833333333333 0.20995881975140737 0.6954503853564549 0.18747213721712197 0.7157586705202312 0.21337933053761 0.7623916184971098
0 0.1090164287754123 0.7985688891178896 0.0777362882498424 0.7496225783182193 0.054377212550312796 0.7738900625171751 0.08565735307588271 0.8228363733168452
0 0.04080844876176777 0.5097238149847095 0.010455355914627101 0.5079238059902861 0.008024657065560574 0.574555338190322 0.038377749912701244 0.5763553471847455
0 0.28520137691002173 0.8506921571752373 0.27863174948404074 0.7932548431080891 0.24840750509015058 0.7988746635500781 0.2549771325161316 0.8563119776172262
0 0.2732843137254903 0.9161458333333333 0.2418300653594772 0.9161458333333333 0.2418300653594772 0.9828125 0.2732843137254903 0.9828125
0 0.13766339869281055 0.9473958333333333 0.10580065359477134 0.9473958333333333 0.10580065359477134 0.9994791666666667 0.13766339869281055 0.9994791666666667
0 0.2915057620815268 0.153624191753233 0.26311112566007255 0.12097035986856058 0.23835277698104892 0.15596843862624557 0.2667474134025032 0.18862227051091798
0 0.42721257902067933 0.21688524590163935 0.4246265938069217 0.15259118852459017 0.3964933569056037 0.15443066939890707 0.39907934211936136 0.21872472677595625
0 0.39624183006535946 5.94782885523389e-17 0.36560457516339867 5.708640027275422e-17 0.36560457516339867 0.04583333333333339 0.39624183006535946 0.04583333333333339
0 0.48899264245048 0.4108216659951654 0.4590331432062484 0.36276566277195826 0.4325043910929937 0.3896515327021221 0.46246389033722546 0.43770753592532924
0 0.33671941717609855 0.5732579371496336 0.3308601577759176 0.514987602414834 0.30711767242472665 0.5188685855972403 0.3129769318249076 0.5771389203320397
0 0.5222065108094519 0.5590584935897438 0.48889203117144286 0.5260216346153849 0.470679361488185 0.555877403846154 0.503993841126194 0.5889142628205131
0 0.3830427350427351 0.7264317307692308 0.3576879084967321 0.7258645833333334 0.35678733031674215 0.7913141025641026 0.3821421568627452 0.79188125
0 0.5514705882352942 0.7109375 0.5253267973856209 0.7109375 0.5253267973856209 0.778125 0.5514705882352942 0.778125
0 0.5970727721983102 0.9837017276422765 0.5906215128327754 0.9096735264227643 0.5596405228758171 0.9140625000000001 0.5660917822413519 0.9880907012195123
0 0.7403517246314584 0.8134907238442822 0.7142932112017557 0.8125927615571775 0.713138686131387 0.867057481751825 0.7391971995610896 0.8679554440389297
0 0.5702340182648403 0.023860587899543477 0.5396840585549288 0.022417950913242096 0.5378939475333513 0.08404252283105032 0.5684439072432627 0.08548515981735169
0 0.6045268523528554 0.253326899912396 0.6033292752054831 0.19377737625930797 0.5769409767849322 0.19464007063074903 0.5781385539323045 0.2541895942838371
0 0.6499823352764529 0.3545523648648649 0.6189312842254018 0.3167618243243243 0.5967571983748453 0.3463800675675675 0.6278082494258964 0.3841706081081081
0 0.6796547891576258 0.5138171531302878 0.6567092996250953 0.4644484983079527 0.6326797385620914 0.4826041666666667 0.655625228094622 0.5319728214890017
0 0.711553544494721 0.6552628205128206 0.6819607843137255 0.6531666666666668 0.679297385620915 0.7142916666666667 0.7088901458019106 0.7163878205128206
0 0.8548169493022433 0.7238274211711712 0.8469870605900016 0.6606010698198197 0.8189409998233527 0.6662471846846846 0.8267708885355943 0.7294735360360359
0 0.8846025875669333 0.8126080682718987 0.8556563925609882 0.8117079122076895 0.8543692149868272 0.8789951198969483 0.8833154099927724 0.8798952759611575
0 0.7741013071895426 0.9479166666666667 0.7467320261437909 0.9479166666666666 0.746732026143791 0.9994791666666668 0.7741013071895426 0.9994791666666669
0 0.8253283388827231 0.5393297955974845 0.7915140584535701 0.53124606918239 0.782954125046245 0.5894536163522015 0.8167684054753979 0.5975373427672959
0 0.8025342212356642 0.4369202044025159 0.7730222592181528 0.42616941823899385 0.761769330373659 0.47638561320754735 0.7912812923911704 0.48713639937106934
0 0.7748792869207608 0.3074233380149814 0.7422417749871483 0.2973788623595507 0.7320954505397663 0.3509731975655432 0.7647329624733789 0.36101767322097383
0 0.7399964054164647 0.17856206921309603 0.7084989845066879 0.1370180571510627 0.6873679014014182 0.16306211707830756 0.7188653223111952 0.2046061291403409
0 0.7053839869281046 0.022677083333333462 0.6727859477124183 0.01673958333333346 0.6657352941176471 0.0796666666666668 0.6983333333333334 0.08560416666666679
0 0.9016926182237601 0.07763848039215683 0.8805853517877741 0.013723039215686288 0.853904267589389 0.028046568627450932 0.875011534025375 0.09196200980392148
0 0.9503442155203875 0.2869775803722506 0.9248175243024451 0.23205530879864647 0.9007655684947414 0.2502278976311338 0.9262922597126836 0.30515016920473786
0 0.990702614379085 0.46110416666666676 0.9639379084967321 0.41560416666666683 0.9451143790849674 0.4336041666666668 0.9718790849673203 0.4791041666666667