0 0.03439617437188945 0.14617737003058104 0.003665227558913492 0.13442278287461773 -0.007071865443425062 0.18005542813455655 0.0236590813695509 0.19181001529051986
0 0.06264571120544442 0.2741419673539519 0.029555791388720457 0.23939755154639172 0.0037556431507311146 0.2793417096219931 0.03684556296745507 0.31408612542955333
0 0.09135118149824036 0.39567788461538456 0.06012946204122678 0.39346634615384607 0.05762569130216191 0.4509278846153846 0.0888474107591755 0.45313942307692306
0 0.14052287581699352 0.5427083333333333 0.1115196078431373 0.5427083333333333 0.1115196078431373 0.5958333333333333 0.14052287581699352 0.5958333333333333
0 0.18357405751461195 0.7392766165454947 0.18282348189330813 0.6866425011015643 0.15715609057017832 0.6872375179004186 0.15790666619148214 0.739871633344349
0 0.22948659937347723 0.7974498274161737 0.2012660981552385 0.7883117603550296 0.19149234249912991 0.8373790680473374 0.21971284371736866 0.8465171351084814
0 0.25282679738562097 0.8825833333333333 0.22526143790849684 0.8775624999999999 0.21937091503267983 0.9301354166666667 0.24693627450980402 0.93515625
0 0.15318627450980393 0.016145833333333356 0.12745098039215685 0.016145833333333352 0.12745098039215685 0.06250000000000003 0.15318627450980393 0.06250000000000003
0 0.18980164470159652 0.14053193306010936 0.1636022715096968 0.11985314207650279 0.14500696453444767 0.15815232240437163 0.17120633772634739 0.17883111338797822
0 0.22098003344663633 0.13254912629321225 0.19447382157505952 0.12785531794095387 0.18920758437111915 0.17619937547312645 0.21571379624269596 0.18089318382538486
0 0.22001589165585977 0.256577485268719 0.18851644843653204 0.24489405542009557 0.17528120412037623 0.3029016496494972 0.206780647339704 0.31458507949812053
0 0.27209907685702023 0.30033645072992704 0.24354157721482755 0.28334473844282243 0.2286806450073947 0.32394692822384435 0.25723814464958733 0.3409386405109489
0 0.2902185503005954 0.4648511739049741 0.265628866617174 0.46438323589458064 0.26495980537723635 0.5215377923162585 0.28954948906065775 0.522005730326652
0 0.32908150653100376 0.5831781076651538 0.3004063955385483 0.5744035237014624 0.29106968051971177 0.6240048222390319 0.3197447915121673 0.6327794062027233
0 0.3496732026143792 0.66875 0.3231209150326798 0.66875 0.3231209150326798 0.7203125 0.3496732026143792 0.7203125
0 0.41524244833068363 0.7302505630630631 0.38765388691859287 0.717250952875953 0.37565342491813086 0.7586525467775469 0.4032419863302216 0.771652156964657
0 0.39618528788981333 0.7920391382480776 0.3695883401839506 0.7854756979271147 0.36294340537953734 0.8292492059511869 0.3895403530854001 0.8358126462721498
0 0.4432302386884773 0.8320183011049725 0.4162089697757557 0.818483540515654 0.4047295345394144 0.855739525782689 0.431750803452136 0.8692742863720075
0 0.4282679738562093 0.9176041666666669 0.4026552287581701 0.9067187500000002 0.39166666666666683 0.9487500000000002 0.41727941176470595 0.9596354166666667
0 0.46488032149796865 0.9499155405405408 0.4422253135488431 0.9451013513513515 0.4371025437201909 0.9842905405405407 0.4597575516693165 0.98910472972973
0 0.37362081796414937 0.12095709570957096 0.3688765935417071 0.06046823432343233 0.34068627450980393 0.0640625 0.3454304989322462 0.12455136138613862
0 0.41195670074680546 0.20657282024911444 0.38165512176759636 0.20585736630099424 0.3809063277922299 0.25741183150497093 0.41120790677143904 0.25812728545309116
0 0.4501225490196078 0.31630208333333343 0.42034313725490197 0.30364583333333345 0.40874183006535947 0.3480208333333334 0.43852124183006524 0.36067708333333337
0 0.4785612908860649 0.4633899406087602 0.4779186136221379 0.40848923533778764 0.44883646665793264 0.4090426642538975 0.4494791439218597 0.4639433695248701
0 0.517335344394168 0.5738878205128206 0.514967320261438 0.5195416666666666 0.4884288587229765 0.5214214743589742 0.4907968828557065 0.5757676282051282
0 0.5599173378190099 0.6613211294049682 0.5341926632004621 0.6599545060658579 0.5322500028318664 0.7193999133448873 0.5579746774504142 0.7207665366839977
0 0.6004246239348957 0.8227630151843819 0.5741220421646606 0.82206435285611 0.5731951710546838 0.8787888647866956 0.5994977528249189 0.8794875271149675
0 0.5532017442085314 0.13486932938856014 0.550004350852767 0.07575751972386587 0.5195401632053215 0.07843626725838264 0.5227375565610859 0.1375480769230769
0 0.6090183509301156 0.30521634615384613 0.6028657616892911 0.24245993589743592 0.5752639517345399 0.24685897435897441 0.5814165409753643 0.3096153846153846
0 0.6584074643317344 0.47430349366587493 0.6566992493751262 0.41114224564528895 0.6325140111468183 0.41220556215360254 0.6342222261034263 0.47536681017418847
0 0.7049759055180315 0.5707307589761821 0.6787307528770485 0.5694680205000593 0.6768478632121177 0.6330861550539166 0.7030930158531005 0.6343488935300393
0 0.7479709463694153 0.6371418378995434 0.7436934819589937 0.5853310502283104 0.7207068672217746 0.5884160958904109 0.7249843316321963 0.6402268835616438
0 0.749389657823914 0.8164460784313725 0.745999134948097 0.7602481617647059 0.7242574971164937 0.7623805147058824 0.7276480199923107 0.818578431372549
0 0.7960101253616202 0.8205413251366119 0.7865062145076611 0.7690420081967211 0.7640563055823423 0.7757769808743168 0.7735602164363014 0.8272762978142076
0 0.7366337093478358 0.05517685533050212 0.7117956133776607 0.05172210198192324 0.7072243467788945 0.10514878035500394 0.7320624427490695 0.10860353370358283
0 0.8005494259523269 0.13499626800140502 0.7774000581967948 0.11664882990867588 0.7581933941472622 0.1560433680189675 0.7813427619027942 0.17439080611169663
0 0.7737175629327638 0.1992530940594061 0.7482291464440562 0.19787995049504967 0.7465923283504822 0.247270936468647 0.7720807448391898 0.24864408003300345
0 0.8098358187009684 0.3050501935171747 0.7816783583293017 0.2962324625060475 0.7716996547046492 0.3480326257861636 0.7998571150763158 0.3568503567972909
0 0.84531546910564 0.41390275559105444 0.8177288886800725 0.41249583998935047 0.8159408997890955 0.46948798588924395 0.843527480214663 0.4708949014909479
0 0.8769320791379616 0.5107404279279282 0.8481164988517932 0.5046171171171173 0.8417682388270626 0.5531813063063067 0.870583819113231 0.5593046171171174
0 0.9073796361640399 0.5973892172430018 0.8802976289316009 0.594131711656081 0.8768468837782112 0.6407685324041402 0.9039288910106503 0.644026037991061
0 0.9334586995717826 0.6964493534482761 0.9071655961235068 0.6944773706896554 0.9048977349560514 0.7436332614942529 0.9311908384043273 0.7456052442528736
0 0.9662890562729155 0.8386877540650407 0.9615066555077314 0.7838097052845528 0.9307050055794674 0.7881732723577236 0.9354874063446514 0.8430513211382115
0 0.9995915032679739 0.9192708333333336 0.9738562091503268 0.9192708333333336 0.9738562091503268 0.9807291666666669 0.9995915032679739 0.9807291666666669
0 0.928921568627451 0.1322916666666668 0.9031862745098039 0.1322916666666668 0.9031862745098039 0.1822916666666668 0.928921568627451 0.1822916666666668
0 0.968251740320134 0.31065234092552424 0.9674859640168433 0.2637868311641359 0.9420510612053934 0.26446244577006506 0.9428168375086841 0.31132795553145337
0 0.9295818600664308 0.0022814207650274495 0.9048550841101469 -0.005136612021857741 0.8960904853744777 0.04235655737704933 0.9208172613307616 0.04977459016393452