0 0.034323804052589946 0.0005790606527884931 0.0086083521046558 -0.0003316949370341807 0.007254990148205263 0.061787618864045234 0.03297044209613942 0.0626983744538679
0 0.2109471000559291 0.06669789714761612 0.18622807232407854 0.06590997813866337 0.18502733177385053 0.12714774620029154 0.20974635950570109 0.1279356652092443
0 0.34495750568237965 0.12611918173732584 0.34256538369869144 0.067153374839411 0.32147857166386656 0.06854401373653521 0.32387069364755483 0.12750982063445004
0 0.4671787820819384 0.09327235772357725 0.44775027897337794 0.039601117886178906 0.42238960624900357 0.05452489837398377 0.44181810935756405 0.10819613821138212
0 0.6242521367521366 0.18716346153846153 0.6186714429361487 0.13024038461538462 0.59680115635998 0.1337259615384615 0.6023818501759679 0.1906490384615384
0 0.7466138031607146 0.08801157033144719 0.720901955500605 0.07933382174616016 0.7106155652775797 0.12887993465373224 0.7363274129376893 0.13755768323901923
0 0.8660130718954249 0.10052083333333346 0.8415032679738562 0.10052083333333345 0.8415032679738562 0.15833333333333346 0.8660130718954249 0.15833333333333346
0 0.9060290328045727 0.1784127728512962 0.8853996691900954 0.17646444406548448 0.882237581253511 0.2308918826739429 0.9028669448679884 0.23284021145975461
0 0.759510890658718 0.2954151821060966 0.7579938250042694 0.2393216795328583 0.7315012109356808 0.24048644101346006 0.7330182765901294 0.2965799435866983
0 0.4804316245040632 0.2928060954782043 0.47441035078095434 0.23248583550206034 0.4514167953019421 0.23621706245933638 0.45743806902505096 0.2965373224354803
0 0.3822998664185869 0.36469130170316305 0.3764497161394972 0.30004714111922137 0.3485252373455465 0.30415526155717754 0.3543753876246362 0.3687994221411192
0 0.23815359477124182 0.28541666666666665 0.2107843137254902 0.28541666666666665 0.2107843137254902 0.35104166666666664 0.23815359477124182 0.35104166666666664
0 0.06209150326797388 0.16354166666666667 0.03758169934640525 0.16354166666666667 0.037581699346405255 0.2171875 0.06209150326797388 0.2171875
0 0.08754650578179994 0.3267451923076923 0.06148315736551034 0.32489903846153845 0.05875691302161893 0.3874663461538462 0.08482026143790852 0.3893125
0 0.11389033064206075 0.5846011029411764 0.109281045751634 0.5277916666666668 0.09035467128027684 0.5302879901960785 0.09496395617070359 0.5870974264705883
0 0.2668086492878213 0.5289365989875646 0.2650468132669597 0.4671622235061077 0.24088090722147779 0.46828264278639814 0.2426427432423393 0.5300570182678551
0 0.41690055691662664 0.5994135313797052 0.4067801336936664 0.532910673393445 0.3815143740335693 0.5391611206526407 0.3916347972565296 0.6056639786389009
0 0.5184384723005283 0.5517888045793397 0.5164919135918478 0.489742245740149 0.489672080227192 0.4911100572417465 0.4916186389358725 0.553156616080937
0 0.6505445636711495 0.42541604928108884 0.640499740671156 0.3625445889584019 0.6146930235160687 0.3692471668861816 0.6247378465160622 0.43211862720886846
0 0.5408496732026143 0.3958333333333334 0.5131811959017841 0.3902632319819821 0.5064310634163575 0.44477055180180186 0.5340995407171877 0.45034065315315325
0 0.9070886197616301 0.3692769607843138 0.8796664744329105 0.3615073529411766 0.8693819684736639 0.4205147058823531 0.8968041138023836 0.4282843137254903
0 0.7921694318753142 0.5467948717948717 0.7862933634992458 0.4868589743589744 0.7621606334841629 0.49070512820512824 0.7680367018602312 0.5506410256410256
0 0.6825980392156863 0.5942708333333333 0.6552287581699346 0.5942708333333333 0.6552287581699346 0.6572916666666667 0.6825980392156863 0.6572916666666667
0 0.539013090785447 0.7304810934489404 0.5309867203143299 0.6705413053949905 0.5157679738562091 0.6738541666666668 0.5237943443273262 0.7337939547206168
0 0.44378886837664216 0.7914868640038041 0.4351440052958892 0.7341714217784118 0.40729629940421247 0.7409994650499286 0.41594116248496543 0.798314907275321
0 0.2967634489693314 0.6720913461538462 0.26974987430869796 0.6701778846153846 0.2670123177476119 0.7330048076923077 0.29402589240824534 0.7349182692307693
0 0.1355938430599064 0.7718953402366863 0.13230846579262867 0.7111569280078895 0.11226070309780715 0.71291974852071 0.11554608036508489 0.7736581607495069
0 0.277833817040655 0.8772036702767749 0.2691219237394115 0.8261084160649819 0.2483638009957292 0.8318620261732852 0.2570756942969727 0.8829572803850783
0 0.31687740189065616 0.9542256795422033 0.3129432101882241 0.8973766094420602 0.287835914050885 0.9002011802575108 0.291770105753317 0.9570502503576539
0 0.45134122692486933 0.9147417010410528 0.4470786104659896 0.8590346321940678 0.4168782569008746 0.8627912615399723 0.4211408733597544 0.9184983303869573
0 0.5700429082127955 0.8918246190180665 0.5395836206500254 0.8886543666390843 0.5352745463100425 0.9559567214866914 0.5657338338728127 0.9591269738656737
0 0.7170476631871529 0.8326909245455736 0.690228546629846 0.8279037122400943 0.6833272114913705 0.8907551572512098 0.7101463280486774 0.895542369556689
0 0.8349673202614379 0.7838541666666669 0.8084150326797386 0.7838541666666669 0.8084150326797386 0.8416666666666669 0.8349673202614379 0.8416666666666669
0 0.940561004446186 0.48428458055786855 0.9141864350514006 0.4835983034970859 0.9132798172002635 0.5402392537468778 0.9396543865950489 0.5409255308076605
0 0.9283318328221128 0.7135349928812954 0.924626900502148 0.6559047706442428 0.9039924721445797 0.6580612375422672 0.9076974044645445 0.71569145977932
0 0.9805145469342083 0.8256282425421533 0.9554134559141427 0.8236279993514918 0.9525174207166657 0.882707117380026 0.9776185117367313 0.8847073605706876
0 0.15032679738562102 0.8875 0.12581699346405237 0.8875 0.12581699346405237 0.9458333333333333 0.15032679738562102 0.9458333333333333
0 0.02982026143790859 0.9411458333333333 0.0049019607843138165 0.9411458333333333 0.00490196078431382 0.9994791666666667 0.02982026143790859 0.9994791666666667