0 0.03129839920109551 0.08916923985971333 0.028252426313617858 0.02508958523940226 0.002685314748040112 0.027065225678560543 0.005731287635517763 0.09114488029887162
0 0.08454311211664155 0.2126001602564103 0.05720525389643037 0.20562900641025642 0.04850113122171946 0.2611177884615385 0.07583898944193063 0.2680889423076923
0 0.049050540780529006 0.16350338715664442 0.02051945499803486 0.15077139012620638 0.006043750090979241 0.20350431514476613 0.03457483587347339 0.21623631217520417
0 0.09406305992615321 0.4005162088420274 0.07254738743444104 0.34993756936736964 0.048141135847605786 0.36681511283758794 0.06965680833931795 0.4173937523122457
0 0.060255562899317064 0.4521828183520599 0.037919512374238136 0.4055816947565543 0.01227509730483956 0.425562968164794 0.03461114782991849 0.4721640917602997
0 0.06566232814965069 0.5819773706896553 0.04649819697994141 0.5249640804597702 0.01869224701374803 0.5401580459770116 0.03785637818345731 0.5971713362068967
0 0.061274509803921635 0.675 0.03390522875817 0.675 0.03390522875817 0.7458333333333333 0.061274509803921635 0.7458333333333333
0 0.14036400314789568 0.6903544257584323 0.12139165068703192 0.64560338939137 0.09307675397274044 0.6651177100998681 0.11204910643360422 0.7098687464669305
0 0.06617647058823539 0.846875 0.03758169934640531 0.846875 0.03758169934640532 0.9109375 0.06617647058823539 0.9109375
0 0.22992388012115417 0.0006859756097561361 0.2033367208672087 -0.0030805386178861527 0.1988731468197035 0.0481389735772358 0.22546030607364895 0.051905487804878095
0 0.23218954248366017 0.18166666666666667 0.213562091503268 0.13416666666666666 0.1895424836601307 0.14947916666666666 0.20816993464052289 0.19697916666666668
0 0.2333741830065359 0.29901041666666667 0.20359477124183 0.2863541666666667 0.19003267973856205 0.33822916666666664 0.21981209150326794 0.3508854166666666
0 0.23666905786704923 0.4816183943089431 0.22675155428024865 0.4226092479674796 0.19712458153993304 0.4307037601626016 0.2070420851267336 0.489712906504065
0 0.24326797385620919 0.5920000000000001 0.21759131103421758 0.5782156862745098 0.20100538254517492 0.6284399509803921 0.22668204536716652 0.6422242647058823
0 0.21626389997929793 0.7528433729260936 0.18909886729955935 0.7364371229260935 0.17069156093810073 0.7859834558823529 0.19785659361783936 0.802389705882353
0 0.2145025285053193 0.9605307177615571 0.19531063642001814 0.9080957268856447 0.16791601068651307 0.9243955291970801 0.18710790277181427 0.9768305200729925
0 0.3803699330740885 0.06824539394847219 0.3494729927121638 0.05269528909526667 0.33314291364638526 0.10544144447773122 0.36403985400830996 0.12099154933093675
0 0.3848713216675307 0.2102794553327256 0.3650668638771219 0.1645125911577028 0.33925746688830505 0.18266816697052565 0.35906192467871384 0.22843503114554847
0 0.4011668690244478 0.3387017568358337 0.3720959311482866 0.2966274670177679 0.3483128941543636 0.32334091392701353 0.37738383203052484 0.36541520374507935
0 0.40632345826574456 0.5255822145621674 0.3878162440593073 0.47018127116594094 0.35925182845271636 0.485693335752298 0.3777590426591536 0.5410942791485244
0 0.4088144085821186 0.6688294239904988 0.37815823281014693 0.6509423248218528 0.35850963702979205 0.7056854958432304 0.3891658128017637 0.7235725950118765
0 0.40209967320261436 0.9095729166666668 0.3952532679738562 0.8484687500000001 0.3664297385620915 0.8537187500000001 0.37327614379084967 0.9148229166666668
0 0.5348240201298837 0.06886980830670926 0.505472290087494 0.03432507987220449 0.47956863789179144 0.07010449946751862 0.5089203679341812 0.1046492279020234
0 0.5452947961191397 0.22984537197231847 0.512142105977339 0.1998475346020763 0.4905299432345025 0.23867574971164954 0.5236826333763033 0.26867358708189176
0 0.558356225952249 0.4200232969151672 0.5238839323218578 0.3941690766923738 0.5019574239292977 0.4416947836332478 0.5364297175596888 0.4675490038560412
0 0.5356177727501259 0.654667467948718 0.5279348919054803 0.6056891025641026 0.500989819004525 0.6125600961538462 0.5086726998491704 0.6615384615384616
0 0.5926444837724965 0.6306993194842409 0.5647285896211399 0.6208124403056352 0.5535388224057533 0.6721734718242599 0.5814547165571099 0.6820603510028654
0 0.6075521351204444 0.8097694810682896 0.5805033541476089 0.786217249830967 0.556727352874889 0.8306061950642327 0.5837761338477244 0.8541584263015554
0 0.6707572298325724 0.8164740296803655 0.6428227683767572 0.8031178652968037 0.626757095532277 0.8577411529680367 0.6546915569880921 0.8710973173515983
0 0.639058265582656 0.09986026422764234 0.6121074446038578 0.07237042682926832 0.5877172007014189 0.11124237804878051 0.614668021680217 0.13873221544715453
0 0.6667081384161109 0.3090736040609138 0.6404876248299658 0.2800999365482234 0.61208880760426 0.3218789657360407 0.6383093211904051 0.3508526332487311
0 0.6659782399383786 0.4786700245522821 0.6347801338906447 0.45666540294627406 0.6102397458116697 0.5132262781629118 0.6414378518594035 0.5352308997689198
0 0.6721011377640216 0.6565626074714127 0.6411607502600387 0.6339159627289142 0.6171829298308612 0.6871699284240392 0.648123317334844 0.7098165731665378
0 0.7774765019994443 0.11960874922982138 0.7485381706595146 0.10203904805914975 0.7310656856704479 0.1488216266173753 0.7600040170103778 0.16639132778804694
0 0.7882755088218362 0.31759067357512955 0.7642757966744558 0.27079123488773743 0.7368155034034339 0.29368361398963727 0.7608152155508144 0.3404830526770294
0 0.7911860822760476 0.4647365196078432 0.7616301422529795 0.4421262254901961 0.7385981353325644 0.4910692401960785 0.7681540753556324 0.5136795343137256
0 0.7751372542179982 0.6503955847983816 0.7640796289912644 0.5948310180340449 0.7316580863543968 0.6053196290288824 0.7427157115811303 0.660884195793219
0 0.8104218323491349 0.7228746360232948 0.7882093977357998 0.6796480691902386 0.7619738480528097 0.7015637999168054 0.7841862826661448 0.7447903667498618
0 0.8114945318061216 0.8746947194719474 0.795568821588041 0.8213933580858087 0.7668947777130654 0.8353207508250826 0.7828204879311461 0.8886221122112213
0 0.9946330965549331 0.0932746946029841 0.9648536970610813 0.07502049539401234 0.9456498104398461 0.1259492027135277 0.975429209933698 0.14420340192249945
0 0.9912870636059303 0.24685594512195141 0.9639825442372072 0.24298780487804894 0.9586521600510124 0.3041539634146343 0.9859566794197355 0.30802210365853677
0 0.99504046585077 0.38687430089485475 0.9657479602579285 0.3802834871364655 0.9577822739834188 0.43783557046979876 0.9870747795762602 0.4444263842281881
0 0.994208958093041 0.533700980392157 0.9649485774702037 0.5099601715686277 0.9415176855055748 0.5569056372549022 0.9707780661284121 0.5806464460784314
0 0.9952909103517623 0.6501340075154732 0.9653774639829409 0.6421046087533159 0.955998292331964 0.698907217064545 0.9859117387007855 0.7069366158267023
0 1.0049130012365306 0.7938344594594596 0.9790617823706059 0.7702913851351354 0.9583609344638756 0.8072423986486489 0.9842121533298004 0.8307854729729731
0 0.9995915032679739 0.8869791666666669 0.9730392156862745 0.8869791666666669 0.9730392156862745 0.9427083333333336 0.9995915032679739 0.9427083333333336