0 0.18588738059326296 0.006259615384615399 0.15787456008044243 -0.0063461538461538234 0.142701106083459 0.04846794871794875 0.17071392659627954 0.06107371794871797
0 0.14346526564421147 0.13256755363036307 0.11917386591600337 0.1072272070957096 0.0916731379020255 0.15008250825082511 0.11596453763023362 0.17542285478547856
0 0.2256898526826773 0.12867228698306968 0.20012292316315922 0.09471620871495977 0.17709608822713097 0.12290105467665836 0.20266301774664902 0.15685713294476825
0 0.26867679474434886 0.2221704322801862 0.24611192750428598 0.17757661339701203 0.21803100373139694 0.2006754377908401 0.24059587097145982 0.2452692566740143
0 0.2830149876042371 0.40414152298850586 0.25271579896326346 0.3698024425287357 0.22769889565021414 0.4056860632183908 0.2579980842911878 0.44002514367816103
0 0.14866886409736313 0.4655190373563219 0.12131085192697773 0.43600395114942536 0.09850264818571113 0.47037176724137936 0.12586066035609653 0.4998868534482759
0 0.21177662642755798 0.5928403024911032 0.18140307724513294 0.5526245551601423 0.15001831693531506 0.5911580664294187 0.1803918661177401 0.6313738137603796
0 0.15699274997059667 0.7161463688946017 0.12673773879731848 0.6824957155098544 0.09455418199842062 0.7295347311482434 0.12480919317169885 0.7631853845329907
0 0.05530417295123181 0.7082932692307693 0.02579813976872802 0.6832131410256411 0.00003142282554057263 0.7324919871794874 0.029537456008044364 0.7575721153846154
0 0.06014920996953038 0.930637586414187 0.035198126440236434 0.8944868688007214 0.00945067687429643 0.923375507213706 0.03440176040359038 0.9595262248271716
0 0.2574302896701088 0.8303408530571993 0.22753630544920148 0.8146465113412229 0.2088735642185869 0.8724343565088758 0.23876754843949421 0.8881286982248521
0 0.2584025374855825 0.6657095588235296 0.23103806228373705 0.6227683823529413 0.2024644367550942 0.6523688725490197 0.2298289119569397 0.6953100490196079
0 0.42617200416537115 0.6548903011997652 0.39506065451602235 0.6194432209077942 0.3652337098947306 0.6619998793942445 0.3963450595440794 0.6974469596862154
0 0.40513362879398346 0.44858732876712337 0.37670673292147916 0.4349957191780823 0.36159794968215603 0.486365582191781 0.3900248455546603 0.49995719178082204
0 0.42278370271621396 0.2239214471199245 0.3990145160991686 0.18545650377714826 0.37191625469829104 0.21267793909348445 0.3956854413153364 0.2511428824362607
0 0.3820795976383118 0.17038026641883525 0.3590731831766164 0.13224713444857497 0.3317312364846806 0.1590632744733581 0.35473765094637605 0.19719640644361838
0 0.4267639836781859 0.8258575046040516 0.39726645722745835 0.7920090930018416 0.3593236557974941 0.8457613950276244 0.38882118224822165 0.8796098066298342
0 0.46965811965811965 0.4677003205128205 0.45874183006535946 0.4166666666666667 0.41957956259426843 0.4302844551282051 0.43049585218702857 0.481318108974359
0 0.42863286938264067 0.6567945811744387 0.3931228622709878 0.617007232297064 0.36238972704798667 0.6615967724525045 0.3978997341596396 0.7013841213298792
0 0.6116609256315139 0.7783980855855859 0.5798180533474652 0.7488710585585588 0.548586822116234 0.8036233108108112 0.5804296944002827 0.8331503378378381
0 0.6089004229142636 0.9574754901960785 0.5773019992310648 0.9333026960784314 0.5525398885044214 0.9859221813725491 0.58413831218762 1.0100949754901962
0 0.6107864388529979 0.6249563463391138 0.584332143261929 0.5789619460500963 0.5497102742831236 0.6113333935452794 0.5761645698741924 0.6573277938342967
0 0.5961601307189544 0.3915625000000001 0.5644199346405229 0.3780729166666667 0.5482843137254902 0.4397916666666667 0.5800245098039217 0.4532812500000001
0 0.5954656862745098 0.19369791666666678 0.5644607843137255 0.1805208333333334 0.5493872549019607 0.23817708333333343 0.580392156862745 0.2513541666666668
0 0.5427572746138862 0.030372183403748327 0.5110902149831875 0.008948448163795971 0.4928513735686019 0.05277427960134335 0.5245184331993007 0.0741980148412957
0 0.7971370874236687 0.09232917214191846 0.771929457284447 0.061796430135786194 0.7474824577224671 0.09460687691633816 0.7726900878616888 0.12513961892247044
0 0.7619836573856756 0.18238725850483004 0.735898884963477 0.1500794046619068 0.7100577351198073 0.18399591383172337 0.7361425075420058 0.2163037676746466
0 0.7610759862139629 0.32776375692794946 0.7372647990312514 0.29942844418052267 0.7113732864483877 0.33479809976247044 0.7351844736310992 0.36313341250989717
0 0.7200028286150868 0.4272382510410471 0.6951818527331616 0.40721684141384107 0.6727553578441093 0.4524134629684713 0.6975763337260346 0.4724348725956773
0 0.7271382691007436 0.6159303160919541 0.7014480504845616 0.577219827586207 0.6770748816768085 0.6035147270114943 0.7027651002929907 0.6422252155172413
0 0.8384162871394492 0.5952850520494473 0.8152938306096674 0.5572052564519628 0.7883604211582702 0.5837911380394709 0.811482877688052 0.6218709336369553
0 0.7765872044733172 0.7357086012355019 0.7537079884904037 0.6881138111447302 0.72170464882877 0.7131228725416037 0.7445838648116835 0.7607176626323753
0 0.8545863887275246 0.8537596607986263 0.8225591224037919 0.8261961947187637 0.8004860918175771 0.8678896969371694 0.83251335814131 0.895453163017032
0 0.7855410719271048 0.9169232177118047 0.7564048971098084 0.8941791628799355 0.7340037827713132 0.9408294834898517 0.7631399575886095 0.963573538321721
0 0.9605639707415174 0.7699875898999375 0.9281808329961126 0.7486314688868042 0.9095225723184832 0.7946240814571607 0.941905710063888 0.8159802024702941
0 1.0124591503267977 0.8841145833333336 0.9822303921568627 0.8455729166666667 0.9546568627450981 0.8807291666666667 0.9848856209150328 0.9192708333333336
0 0.9496196168998778 0.5580629330254043 0.9203003064197197 0.5380042340261741 0.8970297664870415 0.5932982101616631 0.9263490769671997 0.6133569091608932
0 0.9492636480842654 0.39155996128459003 0.9268436176196806 0.3377518881695861 0.8972153154229449 0.3578204334856563 0.9196353458875299 0.4116285066006602
0 0.8393966941943063 0.3615626586697131 0.810917036273763 0.31735727659304386 0.7799745755118499 0.3497639788017262 0.8084542334323932 0.3939693608783955
0 0.9616380259969154 0.2280957397003747 0.940524711757362 0.1850245786516855 0.9122879488874202 0.20752574906367047 0.9334012631269738 0.2505969101123596
0 0.962530989407257 0.06943247126436786 0.9373112463376154 0.03325790229885068 0.910663173315303 0.06345905172413803 0.9358829163849446 0.09963362068965521