0 0.07048681541582151 0.18730244252873562 0.03815922920892496 0.17081537356321838 0.021678498985801237 0.22334770114942526 0.05400608519269779 0.23983477011494253
0 0.22259027373325566 0.06198432343234323 0.21805636445997542 0.004176980198019805 0.1896233741021161 0.007802186468646865 0.19415728337539637 0.06560952970297029
0 0.30724961553248753 0.18849571078431376 0.28666858900422915 0.14476102941176475 0.2637206843521722 0.16231617647058824 0.2843017108804306 0.2060508578431373
0 0.30017020060284794 0.38507610305581547 0.28299690627732227 0.33454698705955727 0.25889980251533107 0.3478606368880574 0.27607309684085674 0.3983897528843156
0 0.2640161255759134 0.30334699453551917 0.23793930140362157 0.2756403688524591 0.217246598092789 0.3073002049180328 0.24332342226508083 0.3350068306010929
0 0.3332861082776077 0.6061205443159923 0.315677301749216 0.5362722784200387 0.2903948959159771 0.5466335500963393 0.30800370244436875 0.6164818159922929
0 0.34478853114655716 0.7914055027498805 0.3272609737343048 0.7312387912482066 0.3041020808131957 0.742206181252989 0.321629638225448 0.802372892754663
0 0.5320107885334908 0.5069592898134865 0.5058569171331853 0.5006350131516021 0.4955896418825781 0.5696591044954568 0.5217435132828836 0.575983381157341
0 0.556331321608344 0.6994893494055483 0.528608477737198 0.6948537263320124 0.5213317317239534 0.7655973414795245 0.5490545755950994 0.7702329645530603
0 0.38584560541345775 0.9432370514437903 0.37120293870281507 0.8816280312587609 0.3470652138062963 0.890953970423325 0.3617078805169391 0.9525629906083545
0 0.48474096060442534 0.9055800840978594 0.47602236613299753 0.8416618883792049 0.445819092162859 0.8483591360856269 0.45453768663428673 0.9122773318042814
0 0.5805892170888385 0.930763590844063 0.5534711702993073 0.9226714502861232 0.5413523170355411 0.988691657725322 0.5684703638250723 0.9967837982832619
0 0.1418309411564524 0.5671252871362941 0.12189842756908786 0.5241170558958653 0.09601112011930858 0.5436207886676876 0.1159436337066731 0.5866290199081164
0 0.10042010738437489 0.48848028596187165 0.07218108936237697 0.4553559178220681 0.049286865237140466 0.4870843262564991 0.07752588325913838 0.5202086943963027
0 0.108564928151205 0.726794119104241 0.10747957030612484 0.6700570377526754 0.08563300964460298 0.6707364125049545 0.08671836748968315 0.72747349385652
0 0.13970588235294124 0.7057291666666666 0.11723856209150334 0.7057291666666666 0.11723856209150336 0.7625 0.13970588235294126 0.7625
0 0.1207114708021307 0.8523546678754644 0.0934390930144097 0.8437806806120645 0.0803421949592386 0.9115025576390117 0.1076145727469596 0.9200765449024116
0 0.49488825926896873 0.13683918266483838 0.466809955612916 0.13617622271740382 0.46586398529243717 0.2013062792823678 0.4939422889484899 0.2019692392298024
0 0.5270080217807666 0.3882761169513798 0.5012147544081145 0.3536588370565046 0.472271070057458 0.3887168747262374 0.4980643374301101 0.4233341546211126
0 0.7103277585544021 0.1674325980392157 0.6861423490965013 0.1160386029411765 0.6610318146866591 0.13524816176470592 0.6852172241445598 0.1866421568627451
0 0.7655471648118708 0.2935191441441444 0.7325649178590354 0.28057995495495514 0.7193517046458223 0.3353322072072073 0.7523339515986576 0.34827139639639654
0 0.7353002836354667 0.36315251572327056 0.6992169194721914 0.35452633647798754 0.6899540633863609 0.4175137578616353 0.7260374275496363 0.42613993710691833
0 0.7808823529411766 0.506875 0.7587418300653596 0.4504166666666667 0.7319444444444445 0.4675000000000001 0.7540849673202614 0.5239583333333333
0 0.7625515174222557 0.6019108280254779 0.7298379542899963 0.5791600318471339 0.7100115523916574 0.6255042462845012 0.7427251155239167 0.6482550424628452
0 0.8072398356083959 0.7199537648612948 0.7747966689978503 0.7145288419198593 0.7677668557515478 0.7828718075737561 0.8002100223620934 0.7882967305151917
0 0.803513071895425 0.9427083333333336 0.775326797385621 0.9067708333333334 0.7434640522875817 0.9473958333333335 0.7716503267973858 0.9833333333333337
0 0.9749232490328034 0.7603833526889405 0.9651262610338639 0.6763519147162171 0.9364529579922017 0.6817862805967483 0.9462499459911412 0.7658177185694718
0 0.946258825367822 0.4071516015449841 0.9168386179631856 0.4004080933308876 0.9061766384430745 0.47602485120867494 0.935596845847711 0.48276835942277135
0 0.9690339144707658 0.3334198246606334 0.9679452059858635 0.2681789687028658 0.9381123754177385 0.26898826357466066 0.9392010839026408 0.3342291195324283
0 0.9273732049396495 0.2725967239845835 0.9249145947538022 0.21199198290344898 0.9023737620356967 0.21347851195770332 0.904832372221544 0.2740832530388379
0 0.9007711621233859 0.009994918699187135 0.876425553961422 0.009024898373983884 0.8749083373186674 0.07092733739837413 0.8992539454806313 0.07189735772357737
0 0.8350435165430596 0.9573483376511229 0.8033204646279931 0.9337543177892923 0.7761628399200788 0.9931131260794478 0.8078858918351453 1.0167071459412784