0 0.10076696879435215 0.26478283240136696 0.08965418258014607 0.20001116418142278 0.059039389287867984 0.20854982137309722 0.07015217550207407 0.2733214895930414
0 0.22703626624366854 0.20605840692687896 0.21325996781907994 0.14596836840383778 0.19006000786708055 0.15461481501671753 0.20383630629166918 0.21470485353975874
0 0.18804288683042594 0.05730890588431963 0.17860526022511983 -0.00486145937813441 0.15207182003526923 0.0016863089267803444 0.16150944664057534 0.0638566741892344
0 0.12570165321030374 0.404546568627451 0.11518646674356017 0.3442156862745097 0.09291138023836984 0.35052696078431367 0.10342656670511342 0.41085784313725493
0 0.15931372549019612 0.4895833333333333 0.13153594771241836 0.4895833333333333 0.13153594771241836 0.5463541666666667 0.15931372549019612 0.5463541666666667
0 0.0302287581699347 0.5526041666666667 0.0024509803921569165 0.5526041666666667 0.0024509803921569195 0.6088541666666667 0.0302287581699347 0.6088541666666667
0 0.07630745118970995 0.7944659894582332 0.05734129787490121 0.7428780524419536 0.0360327477668409 0.755613240592474 0.05499890108164964 0.8072011776087537
0 0.20398835561265585 0.7536572087883516 0.19588214901145062 0.6890608749349975 0.16930755661599015 0.6944820917836714 0.17741376321719535 0.7590784256370254
0 0.12848283804166163 0.9798466735966738 0.1115938336526572 0.9215796084546084 0.08941203647085999 0.9320315748440748 0.10630104085986442 0.9902986399861402
0 0.26474673202614374 0.9553645833333333 0.2488970588235294 0.8947395833333333 0.22573529411764703 0.9045833333333333 0.24158496732026144 0.9652083333333333
0 0.3224243528350338 0.5969830054132836 0.2967663694667958 0.5961651571934209 0.29568223291815177 0.6514561211742662 0.32134021628638976 0.6522739693941288
0 0.3000384620727498 0.47295153648600785 0.2725311343099054 0.46085779755579176 0.2602718912573886 0.5061863487424726 0.28777921902023296 0.5182800876726887
0 0.26361390859845885 0.395952902075227 0.26086410569415835 0.3398569228274967 0.23878938735027086 0.34161600194552527 0.24153919025457135 0.3977119811932555
0 0.3813083490075838 0.4256618210687692 0.38029059630860673 0.3750540681121332 0.3536510804497008 0.37592497536136665 0.35466883314867786 0.42653272831800265
0 0.4311702583056652 0.5673855165069223 0.3983469585917434 0.5657115282215123 0.39681346446992005 0.6145916533546326 0.4296367641838418 0.6162656416400426
0 0.3699908474743977 0.765077446033081 0.3334168192087601 0.7521792647883375 0.3239102516532265 0.7960008848472105 0.3604842799188641 0.8088990660919539
0 0.388888888888889 0.9171875 0.3676470588235295 0.9171875 0.3676470588235295 0.9713541666666666 0.388888888888889 0.9713541666666666
0 0.5734314039115327 0.6024052303262958 0.5436056540338464 0.5814899232245683 0.5293662890620101 0.6144993602047345 0.5591920389396964 0.635414667306462
0 0.6226220564455858 0.656448154885655 0.5949359993477641 0.6405632796257797 0.581154967184379 0.6796095374220376 0.6088410242822008 0.6954944126819129
0 0.44317177348069864 0.11239717012175059 0.44233179451444943 0.06420337693320172 0.4124264463929698 0.06505069512997695 0.41326642535921904 0.11324448831852583
0 0.3112745098039216 0.03333333333333336 0.28288398692810457 -0.0028645833333333036 0.2608251633986928 0.025260416666666695 0.28921568627450983 0.061458333333333365
0 0.3502859477124183 0.23776041666666672 0.32536764705882354 0.20598958333333334 0.3059640522875817 0.23072916666666668 0.33088235294117646 0.26250000000000007
0 0.4893790849673202 0.17291666666666666 0.47683823529411756 0.12494791666666666 0.45085784313725485 0.13598958333333327 0.4633986928104575 0.1839583333333333
0 0.4863557387126315 0.27642154510556627 0.4765612258979087 0.23340730966090853 0.44969100084051533 0.2433536268394114 0.45948551365523815 0.28636786228406913
0 0.5300333279947529 0.3484539089848308 0.52520191273709 0.3037935141968107 0.4974727541736258 0.30867002139245436 0.5023041694312886 0.35333041618047456
0 0.5147058823529411 0.3807291666666668 0.49060457516339867 0.3807291666666668 0.49060457516339867 0.4296875000000001 0.5147058823529411 0.4296875000000001
0 0.7785362473547204 0.644018624641834 0.749988295222578 0.6339078915950336 0.7406069161188831 0.6769684216809934 0.7691548682510254 0.6870791547277938
0 0.7391339869281045 0.49677083333333366 0.7088725490196078 0.4678333333333337 0.6921078431372549 0.4963333333333336 0.7223692810457516 0.5252708333333336
0 0.6957986390903392 0.36015981735159824 0.6812270570328587 0.3106164383561643 0.6571425373802489 0.32213184931506844 0.6717141194377294 0.37167522831050237
0 0.6345360939447113 0.22344256647211427 0.6051910874596271 0.19042943417639446 0.5867014445207395 0.21714696822308704 0.6160464510058238 0.2501601005188068
0 0.7450980392156863 0.0828125 0.7179330065359477 0.048177083333333336 0.6973039215686274 0.07447916666666679 0.724468954248366 0.10911458333333345
0 0.6472531085604973 0.13683307926829277 0.6156892635102822 0.13236153455284563 0.6117089112067592 0.17803607723577244 0.6432727562569742 0.1825076219512196
0 0.7832045314621501 0.22707785779366452 0.7519370097352087 0.20575413512755855 0.7360935893841696 0.24352002733389433 0.7673611111111109 0.2648437500000003
0 0.9572525153190767 0.3342217058952926 0.9504563373963753 0.28331408564305616 0.9281232657309882 0.2881608373661827 0.9349194436536897 0.33906845761841914
0 0.8222160225836698 0.42152579261954265 0.8209722731781557 0.3723665973665974 0.7953558762382292 0.373420174982675 0.7965996256437434 0.4225793702356203
0 0.8653056751155748 0.5398882113821137 0.8407560178542963 0.5007621951219513 0.8190359477124184 0.5229166666666667 0.843585604973697 0.5620426829268292
0 0.9995915032679739 0.4583333333333334 0.9746732026143791 0.4583333333333334 0.9746732026143791 0.5078125000000001 0.9995915032679739 0.5078125000000001
0 0.8949455318732666 0.7026571020420004 0.8882275877052294 0.64591146739761 0.8596066544729041 0.6514196470008122 0.8663245986409414 0.7081652816452026
0 0.9452743767190132 0.7366327300150831 0.922465102179635 0.704642722473605 0.8981271995977879 0.7328525641025644 0.9209364741371661 0.7648425716440423
0 0.943188177097323 0.8265446632420093 0.9134882263407648 0.809332191780822 0.900701719043782 0.8451983447488586 0.9304016698003402 0.8624108162100458
0 0.8172920970606357 0.807544381546519 0.7872135992412985 0.7939362869685769 0.7750455311514625 0.837658367991374 0.8051240289707996 0.8512664625693163
0 0.4959481540363894 0.8466075450450451 0.48799902844020493 0.7857967342342342 0.46017708885355957 0.7917088963963965 0.46812621444974395 0.8525197072072073
0 0.6785130718954249 0.9119791666666667 0.6544117647058824 0.9119791666666667 0.6544117647058824 0.9661458333333334 0.6785130718954249 0.9661458333333334
0 0.9899593957754778 0.8862325643776826 0.9616065668041182 0.863986498569385 0.9457014923279756 0.8969398247496426 0.9740543212993353 0.9191858905579403
0 0.9766652249134948 0.97249693627451 0.9482242406766629 0.9494209558823531 0.9306468665897732 0.984638480392157 0.9590878508266052 1.0077144607843138
0 0.9168367196048853 0.13763433257918567 0.890681838346198 0.1009521116138765 0.8704510839026407 0.12440139517345414 0.8966059651613282 0.1610836161387633