0 0.17396568832468162 0.06844847867001254 0.17046440491713205 -0.0018616687578419074 0.13856168146890707 0.0007209326641572552 0.14206296487645664 0.0710310800920117
0 0.26543770359720226 0.28657534094934467 0.22991854375473178 0.2403449344668792 0.20332510262340855 0.27355959971661353 0.23884426246587903 0.319790006199079
0 0.0942539737788607 0.3272713264299803 0.05642935181962334 0.3074133999013807 0.03830805004447539 0.363524716469428 0.07613267200371276 0.3833826429980276
0 0.13453001624541921 0.45904082369942206 0.1022989157127206 0.4527185693641619 0.09438399637311577 0.5183134633911368 0.12661509690581438 0.5246357177263969
0 0.31701760156574726 0.4710127691537307 0.27963513898298425 0.43035934109497587 0.25670756952422097 0.46463210440661 0.294090032106984 0.5052855324653647
0 0.1740196078431373 0.6083333333333333 0.14338235294117652 0.6083333333333333 0.14338235294117652 0.6713541666666667 0.1740196078431373 0.6713541666666667
0 0.1652435643330738 0.7354298285198555 0.1378890304617635 0.6811766696750902 0.11263891838323777 0.7018727436823105 0.13999345225454804 0.7561259025270758
0 0.21497541130715014 0.9064733265439548 0.19827228316391937 0.8375729229531282 0.1711474345320506 0.8482625792094147 0.18785056267528136 0.9171629828002413
0 0.38388932269072823 0.6560333702064898 0.34841156226502407 0.6043372050147494 0.32426325987622195 0.6312776548672567 0.3597410203019261 0.6829738200589971
0 0.4236080983369488 0.7704968817787418 0.3931032282761261 0.7696865961677513 0.39209182226759115 0.831584643890094 0.42259669232841374 0.8323949295010845
0 0.4828030846484935 0.95345706300813 0.4502427068388331 0.9092642276422764 0.4266816116690579 0.9374839939024391 0.45924198947871825 0.9816768292682927
0 0.6176310678482543 0.7599347568208777 0.5992123717814528 0.6847864768683274 0.5685562184541668 0.697001037959668 0.5869749145209684 0.7721493179122182
0 0.6683006535947712 0.7692708333333333 0.6409313725490197 0.7692708333333333 0.6409313725490197 0.828125 0.6683006535947712 0.828125
0 0.6809640522875817 0.8994791666666667 0.6478758169934641 0.8994791666666667 0.6478758169934642 0.9671875 0.6809640522875818 0.9671875
0 0.8544861979498958 0.9742428145336226 0.8532566316475975 0.8989933568329718 0.821850056002155 0.8998275939985538 0.8230796223044532 0.9750770516992046
0 0.8052206934275855 0.7489359799713877 0.7920365928918061 0.678335121602289 0.7616070927655753 0.6875726484263234 0.7747911933013547 0.7581735067954222
0 0.7375792221367342 0.48627532946888635 0.7029075155627055 0.48519712395957204 0.7016650249081003 0.5501483229290528 0.7363367314821292 0.5512265284383671
0 0.6840470464915527 0.32782036163522016 0.6498288938216796 0.2802260220125786 0.6232658157602665 0.31127161949685533 0.6574839684301393 0.3588659591194968
0 0.6220140882046922 0.19116457203877119 0.6197020248874974 0.12483725562674554 0.5883007260732452 0.12661666255955317 0.59061278939044 0.19294397897157883
0 0.3845847774626951 0.12573135558302428 0.35556232175606134 0.0726391893283889 0.3303844817696341 0.09501313349814584 0.35940693747626784 0.14810529975278122
0 0.4939794846695829 0.36848235179407174 0.4625560806745996 0.31263439287571493 0.4354867037818768 0.3373940457618304 0.46691010777686015 0.39324200468018716
0 0.5224154091565368 0.5116222535629453 0.5207232041668608 0.44905297406967537 0.48919375747131794 0.4504391825019794 0.490885962460994 0.5130084619952494
0 0.854260157671316 0.14529424398625448 0.8214810322754532 0.14339454467353968 0.8193046290681221 0.2044426546391754 0.8520837544639851 0.20634235395189018
0 0.9251698244841009 0.411492275280899 0.9203211059704781 0.3465800561797753 0.8888025996915621 0.35040730337078657 0.8936513182051848 0.41531952247191023
0 0.9823055056233946 0.602121750965929 0.9701203365083302 0.5355385054443272 0.9433377583558886 0.5435063224446784 0.9555229274709531 0.6100895679662802