0 0.07904249405114458 0.14281266560678327 0.05038180481519583 0.11168397257551671 0.0246377432796118 0.15021611685214625 0.053298432515560545 0.18134480988341284
0 0.08087200673573651 0.38484898107714705 0.061126095270713825 0.3477474526928675 0.03786069012757941 0.36787618267831146 0.05760660159260209 0.40497771106259095
0 0.04948302548904746 0.451530005125952 0.024393859770035782 0.4447445262155829 0.01475757262483206 0.5026654950205038 0.03984673834384374 0.5094509739308729
0 0.05156862745098044 0.24202083333333338 0.023529411764705913 0.21520833333333336 -0.00044117647058819395 0.25595833333333334 0.027598039215686335 0.28277083333333336
0 0.056944444444444485 0.6498958333333333 0.02988562091503276 0.6240208333333332 0.005424836601307271 0.6656041666666667 0.032483660130718996 0.6914791666666666
0 0.061745852187028716 0.7920673076923077 0.03205128205128214 0.766826923076923 0.010495223730517958 0.8080528846153846 0.040189793866264534 0.8332932692307691
0 0.05806790159461581 0.9237494319120806 0.029471915191460935 0.9162917286398942 0.019877001370702082 0.9761000247892909 0.04847298777385696 0.9835577280614773
0 0.16922724374302567 0.23979928861788616 0.1411804559222063 0.21119156504065043 0.11778654551251394 0.2484756097560976 0.14583333333333331 0.27708333333333335
0 0.16806516724336795 0.41505514705882357 0.13986207227989236 0.39217218137254906 0.11996347558631296 0.43204044117647056 0.14816657054978855 0.4549234068627451
0 0.21137254901960786 0.9307708333333335 0.18418300653594777 0.9047708333333335 0.16178104575163407 0.9428541666666668 0.18897058823529417 0.9688541666666668
0 0.19749967924044137 0.8061351279830637 0.19049485652613626 0.7543344640107775 0.16319067080257815 0.7603366772517322 0.17019549351688326 0.8121373412240184
0 0.19933189011645275 0.6138034052453469 0.17124514780531508 0.5827675549915398 0.14756374207889586 0.6176065461082911 0.17565048439003356 0.6486423963620982
0 0.1972794117647059 0.4887604166666667 0.1746040723981901 0.4628926282051282 0.15227501256913023 0.4947115384615385 0.17495035193564606 0.520579326923077
0 0.1946015585721468 0.16454326923076926 0.1692433383609854 0.14298878205128204 0.14906988436400198 0.18157051282051284 0.17442810457516336 0.203125
0 0.18259803921568626 2.710806716862631e-17 0.1568627450980392 2.5098881013775178e-17 0.1568627450980392 0.053645833333333365 0.18259803921568626 0.053645833333333365
0 0.2754211758604647 0.16154949436017113 0.26911783772240905 0.1032830124465189 0.24292304436360304 0.10788968300272271 0.24922638250165874 0.16615616491637494
0 0.2845179738562092 0.3252604166666667 0.26102941176470595 0.29531250000000003 0.23958333333333337 0.32265625000000003 0.26307189542483667 0.3526041666666667
0 0.2864387507580352 0.4443986254295533 0.26639293174314405 0.4133634020618557 0.24537345866181529 0.4354338487972509 0.2654192776767065 0.4664690721649485
0 0.2838905610119572 0.5920640709156194 0.27726624012860684 0.5363204106822262 0.2493373845648373 0.5417157577797727 0.2559617054481877 0.5974594180131658
0 0.28536407488000254 0.8284114741257328 0.27720528781555076 0.7689688826561552 0.24845940498697963 0.7753828077622801 0.25661819205143144 0.8348253992318576
0 0.4318767159899894 0.052497676579925774 0.4042189056539591 0.025371747211896018 0.38025578880870803 0.0650906133828997 0.40791359914473835 0.09221654275092946
0 0.42920230046984315 0.17937003774567237 0.4034030441540146 0.16068023558505798 0.3832094923092236 0.20599456592476903 0.40900874862505204 0.22468436808538342
0 0.43323390677025525 0.31781151729559753 0.4049320199778025 0.2977643474842768 0.38263811814033794 0.34892885220125797 0.4109400049327907 0.3689760220125787
0 0.431781045751634 0.4744791666666667 0.4053104575163399 0.45760416666666676 0.38709150326797387 0.5040625000000001 0.41356209150326795 0.5209375
0 0.43550681766959654 0.630181393678161 0.4192796371422132 0.5819055316091954 0.3900932499436557 0.5978538074712644 0.406320430471039 0.6461296695402299
0 0.4398692810457517 0.7533333333333336 0.41629084967320257 0.7132500000000002 0.38406862745098036 0.7440625000000001 0.4076470588235295 0.7841458333333335
0 0.40664278531925585 0.8501602564102565 0.37779663147310205 0.8256410256410258 0.35756033182503777 0.8643429487179487 0.38640648567119157 0.8888621794871793
0 0.4409620319566727 0.9443736442516268 0.4133508428678773 0.9258450831525668 0.39835786085945574 0.962165582067968 0.4259690499482511 0.9806941431670281
0 0.5523472850678732 0.16597355769230795 0.5251414027149319 0.13899439102564118 0.501935646053293 0.1770352564102566 0.5291415284062342 0.20401442307692336
0 0.5515220892559508 0.35736777698185307 0.5282490121167857 0.33056620105062084 0.5051634455119202 0.36315395176695325 0.5284365226510853 0.3899555276981854
0 0.5553670186023126 0.4876602564102564 0.5338738059326295 0.44655448717948715 0.5074786324786325 0.46899038461538456 0.5289718451483157 0.5100961538461538
0 0.5481467112813798 0.5977818425391592 0.5248607137276454 0.5613445486397363 0.5007287608640598 0.5864149663369057 0.5240147584177942 0.6228522602363287
0 0.5507475732547468 0.7003886508459679 0.5229240179921671 0.6805643677213798 0.5041522871508524 0.7233935536145902 0.5319758424134321 0.7432178367391783
0 0.5589228214396142 0.8445350734094617 0.5342730757338281 0.814852671288744 0.5083192058770217 0.8498903955954323 0.5329689515828081 0.87957279771615
0 0.6786991199119911 0.07789294554455453 0.6558536368342714 0.05406095297029705 0.6336674108587328 0.08863448844884493 0.6565128939364524 0.1124664810231024
0 0.7189356050060322 0.1839402679175119 0.6919130904559255 0.15775545131845856 0.6696363467631814 0.19512762001352288 0.6966588613132879 0.22131243661257619
0 0.7241267450184941 0.3801961840770793 0.6999214493099469 0.33958861561866127 0.6739553918254251 0.36474972532116295 0.6981606875339722 0.4053572937795809
0 0.7158119658119657 0.5226762820512822 0.6929047259929613 0.5032051282051283 0.6714115133232781 0.5443108974358976 0.6943187531422825 0.5637820512820515
0 0.6711321514907334 0.650963184931507 0.6371071716357777 0.6493564497716896 0.6355806249440416 0.7019078196347034 0.6696056047989972 0.7035145547945206
0 0.6789940351962074 0.9072492334647395 0.6778643619077066 0.851076229194043 0.6402340831207647 0.8523064498466932 0.6413637564092655 0.9084794541173896
0 0.8140965365930103 0.1660422543488483 0.7858428514800372 0.14148081217677497 0.7629318887874849 0.18432431241184777 0.7911855739004581 0.2088857545839211
0 0.8176062091503268 0.36640625000000016 0.7924836601307189 0.3343750000000002 0.7681781045751634 0.3653645833333335 0.7933006535947712 0.3973958333333335
0 0.8087210068249234 0.5643544104898136 0.7899545925869265 0.5145061226701344 0.7628498516875324 0.5310942241005636 0.7816162659255292 0.5809425119202428
0 0.8034526936255643 0.7341368360277138 0.7757711437153769 0.7092234411085452 0.7544538408126916 0.7477278194765208 0.782135390722879 0.7726412143956893
0 0.8057122334795102 0.9096395672664954 0.7818854276929282 0.8628050021422453 0.7573682729304234 0.8830813517566412 0.7811950787170053 0.9299159168808913
0 0.7945261437908496 1.2236900438355193e-16 0.7691993464052288 1.2039171007242858e-16 0.7691993464052288 0.04218750000000012 0.7945261437908496 0.04218750000000012
0 0.9340638216070744 0.1737745098039215 0.9174739185552336 0.12008065050344463 0.8889272057524654 0.1344188857975623 0.9055171088043061 0.18811274509803919
0 0.9356220116682019 0.3444176454138705 0.9070272404263718 0.31889681208053716 0.884324143527657 0.36024888143176764 0.912918914769487 0.38576971476510097
0 0.9275452488687782 0.4826282051282052 0.9033056812468576 0.46496794871794883 0.8856334841628959 0.5043990384615387 0.9098730517848165 0.522059294871795
0 0.9309507798305845 0.6156513237063781 0.9029547438710743 0.592704572803851 0.8825947948373093 0.6330851383874853 0.9105908307968194 0.6560318892900123
0 0.9357540762449702 0.8195192022538552 0.9142702009629475 0.767225496737841 0.8829940339124974 0.7881135083036773 0.9044779091945201 0.8404072138196915