0 0.34193764964731765 0.48498246699669967 0.32739678379602666 0.43631600660066017 0.3002006082961237 0.44952557755775585 0.3147414741474147 0.49819203795379535
0 0.1941798811247094 0.3859357522371364 0.18657608457253153 0.33099832214765096 0.1594041979207791 0.3371119966442953 0.16700799447295697 0.39204942673378074
0 0.17440407535563246 0.5652267156862745 0.15176855055747787 0.517126225490196 0.12227268358323719 0.5396905637254902 0.1449082083813918 0.5877910539215686
0 0.12674142716447312 0.8549472031963471 0.12193347658698182 0.796710901826484 0.0886124541140657 0.8011829337899542 0.09342040469155698 0.8594192351598173
0 0.1226180171364772 0.603805782149712 0.07737249570333578 0.5870576415547024 0.06586323748949359 0.6376024672104925 0.11110875892263501 0.6543506078055022
0 0.285369532428356 0.8586057692307693 0.27043740573152336 0.8252884615384616 0.24197461035696327 0.846025641025641 0.25690673705379585 0.8793429487179487
0 0.31576974782543626 0.6894071177128571 0.2915447465997848 0.6625843038557707 0.2616888445074042 0.7064181964732204 0.28591384573305567 0.7332410103303068
0 0.4847660293378286 0.5672084747360485 0.46331921154585504 0.5323204185520363 0.43711867477005867 0.5585032522624435 0.45856549256203233 0.5933913084464557
0 0.46757047831498627 0.6811443734542458 0.44781109063575963 0.6502254225061833 0.4178689200329761 0.6813320108546306 0.4376283077122027 0.7122509618026932
0 0.4362561158139663 0.8227032025362984 0.4246851699694765 0.7703302089076762 0.39705184132097976 0.780254855112418 0.40862278716546957 0.8326278487410402
0 0.4176074225069566 0.9370678630363038 0.40161699993528766 0.8835499174917493 0.37443781142820165 0.8967512376237625 0.3904282339998706 0.950269183168317
0 0.6125813786773614 0.7929838548480883 0.5931185492077338 0.7476693105829336 0.5602863147003242 0.7705932457479285 0.5797491441699517 0.8159077900130832
0 0.21583525567089587 0.1886151960784314 0.18709727028066134 0.18482475490196082 0.18257881584006153 0.240514705882353 0.21131680123029606 0.24430514705882356
0 0.36549661753505663 0.3094293443767454 0.3413228200648119 0.28411160827621224 0.3151401395795688 0.32475168189895914 0.33931393704981355 0.35006941799949226
0 0.37165439602068717 0.2109336396877162 0.3694846280245471 0.15744885858286392 0.3435651288878038 0.15915820486214052 0.3457348968839438 0.21264298596699277
0 0.5014938411261941 0.43714823717948725 0.47780354449472107 0.4101225961538463 0.45123303167420814 0.4479855769230771 0.47492332830568124 0.4750112179487181
0 0.5130718954248366 0.2812500000000001 0.48366013071895425 0.2812500000000001 0.48366013071895425 0.3333333333333334 0.5130718954248366 0.3333333333333334
0 0.5561027618271348 0.1587103962322902 0.5514950102725195 0.10466147049665266 0.5204870364773653 0.1089587712128289 0.5250947880319806 0.16300769694846645
0 0.5749591503267973 0.24869791666666682 0.5537173202614379 0.22161458333333342 0.5277777777777778 0.25468750000000007 0.5490196078431373 0.28177083333333347
0 0.4097222222222222 6.126423180109545e-17 0.37459150326797386 5.852153324050503e-17 0.37459150326797386 0.054166666666666724 0.4097222222222222 0.054166666666666724
0 0.6821675073902312 0.4017980636237899 0.6656199997287987 0.3653559387966805 0.6358946586933527 0.38729793395573997 0.6524421663547852 0.42374005878284937
0 0.6570669934640523 0.5242187499999998 0.6447303921568628 0.4770312499999999 0.6143382352941177 0.48994791666666665 0.6266748366013072 0.5371354166666665
0 0.6351307189542484 0.6497916666666667 0.6176470588235294 0.6052083333333332 0.5864379084967319 0.6251041666666666 0.603921568627451 0.6696875
0 0.5938475820744368 0.8856602702056432 0.5675338284524715 0.860098338115734 0.5410993426543262 0.9043347979435677 0.5674130962762916 0.9298967300334768
0 0.8556608761984015 0.45783736737400543 0.8357203845287009 0.4208568191865607 0.8010815953260172 0.4512198828470381 0.8210220869957178 0.48820043103448285
0 0.7256197881451432 0.15448275862068972 0.7016734279918864 0.1526867816091955 0.699322458868605 0.20364403735632194 0.7232688190218617 0.2054400143678162
0 0.9025197159899173 0.21817105077075377 0.883530943844091 0.17999266369678976 0.8541342572950549 0.20376096026021778 0.873123029440881 0.2419393473341818
0 0.9203942877401009 0.13298891613771885 0.9035761496366195 0.08505722254279663 0.8740799984159849 0.10188167195614532 0.8908981365194664 0.14981336555106756
0 0.8300653594771242 0.5890625000000002 0.8022875816993466 0.5536458333333336 0.7600081699346407 0.6075520833333335 0.7877859477124183 0.6429687500000001
0 0.7967275029965851 0.7243641868512112 0.7954087228893866 0.6604692906574395 0.7668552253658096 0.6614273356401384 0.7681740054730082 0.7253222318339102
0 0.768616989927922 0.8673617373008718 0.7431877920991059 0.8305182972648031 0.7073292196349533 0.8707516155695821 0.7327584174637695 0.9075950556056509
0 1.0100714327028746 0.6188421828908555 0.9820333738215048 0.577986725663717 0.9396075539360286 0.6253180309734514 0.9676456128173982 0.66617348820059
0 0.9825289089994973 0.8421073717948718 0.9600301659125189 0.7990785256410255 0.9242081447963799 0.8295272435897435 0.9467068878833587 0.8725560897435898