0 0.09231029810298104 0.2423018292682927 0.06317750677506777 0.1958714430894309 0.04160688665710186 0.21787347560975612 0.07073967798501514 0.2643038617886179
0 0.17253294760527163 0.37550375683060117 0.14515460636199193 0.32773575618772105 0.12003107253830494 0.3511441256830602 0.14740941378158465 0.3989121263259403
0 0.04247329383775716 0.0830826229183188 0.033209715289763804 0.014184757467618292 0.004161418730854751 0.02053388514406556 0.013424997278848098 0.08943175059476607
0 0.04838951562360104 0.5837742579908677 0.04296602202524846 0.5180821917808219 0.014153012803294833 0.521949200913242 0.019576506401647414 0.5876412671232878
0 0.10702614379084974 0.7114583333333333 0.07638888888888896 0.7114583333333333 0.07638888888888896 0.7776041666666667 0.10702614379084976 0.7776041666666667
0 0.2550373243945233 0.7490020859165116 0.22408438990392607 0.7296565018598884 0.21145340756678785 0.7625096869187848 0.2424063420573851 0.7818552709754082
0 0.22695253942555618 0.5628469036697248 0.20003672722911794 0.5140797018348624 0.18025461713737478 0.5318286506116208 0.20717042933381305 0.5805958524464833
0 0.1856919880738975 0.5235003338045869 0.15042374316990387 0.4793980717876218 0.13160894580892368 0.503857308356896 0.16687719071291732 0.5479595703738612
0 0.2844750107894304 0.715104521216247 0.2469468414776849 0.6783836439187657 0.22892404352256004 0.7083260650669391 0.2664522128343056 0.7450469423644203
0 0.18496732026143792 0.9659375000000002 0.16258169934640526 0.9088541666666667 0.13692810457516344 0.9252083333333334 0.1593137254901961 0.9822916666666668
0 0.34756616377120797 0.9051044365284974 0.3160981577432354 0.8945460924006909 0.3050814453587998 0.9479220639032816 0.33654945138677234 0.9584804080310881
0 0.40890522875817004 0.6348958333333333 0.37745098039215697 0.6348958333333333 0.37745098039215697 0.703125 0.40890522875817004 0.703125
0 0.34734536112880776 0.42886112364620943 0.31508886647318374 0.41992046480144407 0.30594561831953 0.4735456152226234 0.338202112975154 0.48248627406738875
0 0.31117806375840695 0.3122355962933118 0.27817804532503304 0.2832183387053452 0.25811200117973593 0.3203154378189632 0.29111201961310984 0.3493326954069299
0 0.24079704523740653 0.15784439725823274 0.22987573810629897 0.09961397332737297 0.2033400679598318 0.10770446841007301 0.21426137509093934 0.16593489234093278
0 0.37745098039215685 0.03802083333333339 0.3443627450980392 0.03802083333333339 0.3443627450980392 0.0989583333333334 0.37745098039215685 0.0989583333333334
0 0.44789739795289174 0.30551297169811326 0.43445554322357866 0.24552869496855353 0.4086123443087926 0.2549430031446542 0.42205419903810576 0.3149272798742139
0 0.5239776919468169 0.581983669793366 0.5225083032125303 0.5164121975258292 0.48913218767659317 0.5176280417346384 0.4906015764108797 0.5831995140021751
0 0.5982228097231401 0.805875468164794 0.5867321179408092 0.7423893960674158 0.5585687926856135 0.7506759129213484 0.5700594844679444 0.8141619850187266
0 0.8455238961070602 0.9258154706430569 0.8350187154700339 0.8645852749301025 0.8029054663182452 0.8735418608263436 0.8134106469552717 0.934772056539298
0 0.7686774669217278 0.6720739329268294 0.7391254184600667 0.6319641768292683 0.7187404351984694 0.6563798272357723 0.7482924836601305 0.6964895833333332
0 0.6895424836601307 0.43333333333333346 0.6601307189542484 0.43333333333333346 0.6601307189542484 0.4895833333333334 0.6895424836601307 0.4895833333333334
0 0.6247579318418581 0.3121442387778363 0.6181921150890655 0.2554046390057864 0.5922120667484948 0.2602918694108364 0.5987778835012875 0.31703146918288627
0 0.5649583142652632 0.126103381208857 0.5583504945964023 0.07049857869539196 0.5338461910796636 0.0752323646020347 0.5404540107485244 0.13083716711549973
0 0.7723849050803164 0.23033719064637637 0.7324306845941819 0.1845936851510264 0.7117671736283475 0.21393352259626502 0.7517213941144821 0.259677028091615
0 0.8307952962605808 0.397575136612022 0.7996357012750457 0.39396345628415314 0.7955373406193079 0.45144296448087445 0.8266969356048431 0.4550546448087433
0 0.8961093446387565 0.5879926801801804 0.8658364246599543 0.5815596846846849 0.8586822116233881 0.6362894144144147 0.8889551316021904 0.6427224099099101
0 0.9607076814901563 0.770287375574273 0.9229498843947995 0.7579082120980094 0.9117206032489568 0.8135867311128131 0.9494784003443135 0.8259658945890763
0 0.9995915032679739 0.9145833333333335 0.9722222222222222 0.9145833333333335 0.9722222222222222 0.9697916666666669 0.9995915032679739 0.9697916666666669
0 0.9195432389070556 0.011107315740162545 0.8895170706217109 0.010150231626067178 0.8883926202169395 0.0674972022694151 0.9184187885022842 0.06845428638351046
0 0.7051646625501028 0.03717771639042364 0.672157675224786 -0.009582182320441923 0.648144386668111 0.017973066298342683 0.6811513739934278 0.06473296500920825
0 0.9804697035351891 0.2202535681399632 0.9692561297078683 0.14766724217311228 0.9440887588921388 0.15398768416206254 0.9553023327194597 0.22657401012891348