0 0.047712418300653606 0.08354166666666668 0.015522875816993475 0.06302083333333335 -0.009232026143790836 0.12614583333333332 0.022957516339869293 0.14666666666666667
0 0.04538037143523201 0.474515631880229 0.013559717149739749 0.4604717084984588 -0.005439428082990059 0.5304518934390136 0.026381226202502207 0.5444958168207837
0 0.03441862938469273 0.3527206607495069 0.030489325907877937 0.28007766272189344 -0.0024703175155663883 0.2829758382642997 0.0014589859612484071 0.35561883629191315
0 0.04093656615050256 0.690321923390383 0.03233416430957061 0.6172015077424613 0.00574691979481279 0.6222863182559087 0.014349321635744743 0.6954067339038303
0 0.049470362857786804 0.863415948275862 0.02811584403876496 0.79534841954023 -0.0032961460446247065 0.8113685344827587 0.018058372774397133 0.8794360632183907
0 0.26313703409291644 0.055133727477477495 0.23880277336159686 -0.003471283783783778 0.20558205264087617 0.018952702702702714 0.22991631337219579 0.07755771396396399
0 0.258031792784845 0.2129361695694243 0.2306974918656384 0.1719347181906144 0.19582408435072143 0.20972877358490563 0.223158385269928 0.2507302249637155
0 0.2066318595271807 0.38697517778993434 0.17701539952231804 0.3314443152808169 0.14448985283391255 0.3596439642596645 0.17410631283877517 0.4151748267687819
0 0.2204447094152977 0.6125563063063063 0.19466525348878297 0.5665399774774775 0.1650271595124537 0.5935318130630631 0.1908066154389684 0.6395481418918919
0 0.2724673202614379 0.6890625 0.24302228432851272 0.6477658371040724 0.21177136012776152 0.6839884992458523 0.24121639606068673 0.7252851621417798
0 0.26726998491704385 0.7963621794871796 0.23902714932126698 0.7757852564102564 0.2175590749120161 0.8236858974358975 0.245801910507793 0.8442628205128206
0 0.22495024538073596 0.8563689446366785 0.19562753013546824 0.8364294982698964 0.1759631476581406 0.8834396626297578 0.20528586290340833 0.9033791089965397
0 0.27220943357938254 0.9844396830530401 0.247441214519443 0.9435721216041397 0.21887603683129137 0.9717153137128072 0.24364425589123093 1.0125828751617076
0 0.44791276815013703 0.13291104771784237 0.4213552260461585 0.08149269536652841 0.38912330838282755 0.1085557140387276 0.4156808504868061 0.15997406639004155
0 0.48011867593840907 0.2545272919179735 0.46100950432444787 0.18874396863691198 0.43470655250439544 0.20116480699638117 0.45381572411835663 0.2669481302774427
0 0.48082592143386566 0.37064540378006877 0.44997599555286033 0.35551707474226807 0.42995123307054783 0.42189916237113406 0.46080115895155316 0.43702749140893477
0 0.4360824770016133 0.5714818011910796 0.4093328770095637 0.5630951438165231 0.3973574837098211 0.6251875580756884 0.42410708370187067 0.633574215450245
0 0.4469235970250169 0.792798132183908 0.41796822177146725 0.759982040229885 0.3912835249042146 0.7982579022988506 0.42023890015776433 0.8310739942528736
0 0.4671837562955356 0.9387066188694928 0.46428353136765926 0.8647508832086449 0.42520638762570695 0.8672420511221943 0.42810661255358334 0.9411977867830423
0 0.649130609307613 0.11778666923769134 0.616569339523957 0.10308322085100917 0.597988330825324 0.16997485216608824 0.6305496006089799 0.18467830055277037
0 0.6495981275393041 0.33734515765765777 0.6181328387210742 0.33065878378378394 0.6076112877583467 0.41114864864864875 0.6390765765765767 0.4178350225225226
0 0.6557806908585454 0.5802220022624436 0.6217913598320173 0.5559113404977377 0.5964534720373821 0.6134999528657618 0.6304428030639102 0.6378106146304676
0 0.649451201418238 0.8082548365707154 0.6172247957611939 0.785187514626726 0.5917693214269872 0.8429992832904283 0.6239957270840312 0.8660666052344178
0 0.8726143427943082 0.043350626966499974 0.8481072606721757 -0.0022172288543402512 0.8213621789637565 0.021165614010734756 0.8458692610858892 0.06673346983157498
0 0.8414955604883463 0.11956564465408816 0.8087464545566655 0.10763561320754729 0.7944413614502405 0.17147209119496865 0.8271904673819214 0.1834021226415095
0 0.8782530121497483 0.28417375977989867 0.8577309244564472 0.23859486501590582 0.8286453670970578 0.25988387713868116 0.8491674547903588 0.305462771902674
0 0.8319530686921328 0.36509091266101174 0.8122129742566206 0.31595217758404026 0.7800343275858882 0.33696640355011004 0.7997744220214004 0.38610513862708146
0 0.9910175759941546 0.11445683384379794 0.9612604970523176 0.08995373915262891 0.9390753085307628 0.13375159520163357 0.9688323874726 0.1582546898928026
0 0.9816726436552605 0.26964348715777586 0.9745905347744517 0.20824160316116283 0.9485062370982826 0.21313240897544453 0.9555883459790915 0.2745342929720575
0 0.9806545188585444 0.35729486336402183 0.9528835463748555 0.34470535583808287 0.936353128859318 0.4039823998977059 0.9641241013430069 0.4165719074236448
0 0.9821222606689736 0.48538602941176495 0.952025663206459 0.4623621323529413 0.9278042099192617 0.5138327205882354 0.9579008073817763 0.536856617647059
0 0.9708701371922571 0.6628893769968052 0.9574328133809435 0.6037040734824283 0.9269623504353819 0.6149500798722046 0.9403996742466957 0.6741353833865814
0 0.9668054816194955 0.7897023472850679 0.9469259234613906 0.7361932032428357 0.920410603909739 0.752207060708899 0.9402901620678439 0.8057162047511313
0 0.9722391255352714 0.9039044540229886 0.9477777777777777 0.8526666666666668 0.921017016001803 0.8734353448275863 0.9454783637592967 0.9246731321839081
0 0.8533496732026143 0.5770833333333336 0.8227124183006536 0.5770833333333336 0.8227124183006536 0.6442708333333336 0.8533496732026143 0.6442708333333336
0 0.482591181241353 0.6094681417274941 0.45298262248938503 0.5918510492700731 0.431286078908449 0.6511291058394162 0.460894637660417 0.6687461982968372
0 0.8587372055740534 0.7394064465408806 0.8274178382044642 0.7172218946540881 0.8045844123813047 0.7696246069182391 0.835903779750894 0.7918091588050316
0 0.8565980040650659 0.9253588658652327 0.827405413815848 0.895751608140884 0.8026190572190071 0.9354805968575347 0.8318116474682248 0.9650878545818835