0 0.04840686274509805 0.04505208333333334 0.014705882352941176 0.002083333333333337 -0.006331699346405227 0.02890625000000001 0.02736928104575164 0.07187500000000001
0 0.14810834590246352 0.09247596153846158 0.11756535947712417 0.06218750000000004 0.09473353443941677 0.09961538461538465 0.12527652086475616 0.12990384615384618
0 0.16264585983979196 0.24308387659187386 0.13785488927731995 0.20262501263391955 0.11251174211346147 0.22786916312916922 0.1373027126759335 0.2683280270871235
0 0.0799347620088928 0.3313622986369269 0.050559443108098276 0.30255188971499375 0.032290983307821305 0.3328318618339529 0.06166630220861582 0.361642270755886
0 0.09345444757486938 0.4937968674407354 0.06708773252890902 0.4542467948717948 0.044095710369295306 0.4791643988872762 0.07046242541525567 0.5187144714562167
0 0.19003450980392156 0.45072116666666656 0.1627118954248366 0.4184338333333333 0.14017019607843137 0.44944349999999994 0.16749281045751635 0.4817308333333333
0 0.21897273238103687 0.36039074283559575 0.19144264040457815 0.3284808634992459 0.17016753911217583 0.3583191930618401 0.19769763108863453 0.39022907239819005
0 0.3247549019607843 0.22291666666666674 0.2963643790849673 0.18671875000000007 0.2716503267973856 0.21822916666666675 0.3000408496732026 0.2544270833333334
0 0.3484828267505666 0.40120284145176704 0.3170525731782684 0.3785525608882522 0.2993637282993426 0.41845451289398283 0.3307939818716408 0.44110479345749776
0 0.3707683430090229 0.5506651307966707 0.34257478258842183 0.5164300931430836 0.31953187537401007 0.5472787851763774 0.3477254357946112 0.5815138228299644
0 0.22977752639517351 0.6271266025641027 0.19610294117647065 0.6101145833333335 0.1782149321266969 0.6676756410256411 0.21188951734539976 0.6846876602564104
0 0.09490633206227544 0.6150424687397169 0.0671745252888915 0.5812217217834814 0.04307039531837747 0.6133514313919053 0.0708022020917614 0.6471721783481409
0 0.10446425930855 0.71914592760181 0.07147029249105374 0.7041218891402714 0.057172906870138734 0.7551635558069381 0.09016687368763499 0.7701875942684766
0 0.12901845772080614 0.8884316862187464 0.09986547053944234 0.8522397870008296 0.07314531156697786 0.8872287519255837 0.10229829874834168 0.9234206511435005
0 0.05352878330819508 0.7985376602564103 0.023658245349421857 0.7495713141025642 -0.006658496732026125 0.7796354166666667 0.023212041226747093 0.8286017628205128
0 0.26774838110763954 0.8448951116243265 0.2292251581155943 0.8102242109314858 0.20510026566438744 0.8537997979214783 0.24362348865643263 0.8884706986143189
0 0.32477888615367034 0.9579940271705186 0.2867629198254359 0.9118880777638978 0.2510143527533854 0.9598049070893193 0.2890303190816198 1.0059108564959403
0 0.41760935143288097 0.8778445512820513 0.38540723981900465 0.854383012820513 0.3640397184514832 0.902059294871795 0.3962418300653595 0.9255208333333336
0 0.4464319579808374 0.7726853798710404 0.4120103536228061 0.7492106462012899 0.3908370644304821 0.7996813235912533 0.4252586687885135 0.8231560572610038
0 0.3911703786424603 0.693960382357426 0.3622943687996699 0.661351116956389 0.33974239665369044 0.6938150446020127 0.36861840649648087 0.7264243100030495
0 0.4198621901590825 0.5957920597484279 0.3896365149833519 0.5604658018867926 0.36467659390800355 0.5951827830188681 0.39490226908373416 0.6305090408805032
0 0.5481209150326797 0.6767708333333335 0.5149509803921568 0.6556250000000001 0.4956699346405229 0.7047916666666668 0.5288398692810458 0.7259375000000001
0 0.5261443792497194 0.5298300399111752 0.4968891289561077 0.5052456562837596 0.4765791774638075 0.5445349072740368 0.5058344277574192 0.5691192909014525
0 0.5149758672699849 0.4144128205128205 0.48627476118652596 0.3790807692307692 0.46370160884866773 0.4088894230769231 0.49240271493212684 0.44422147435897436
0 0.48043318543962604 0.26318552311435534 0.45330280043891036 0.25268461070559617 0.4407764419636468 0.3052953163017032 0.4679068269643625 0.3157962287104624
0 0.2930586385497595 0.06084709119496858 0.2616367616228881 0.053335298742138396 0.25371038352447894 0.10723466981132078 0.28513226045135026 0.11474646226415097
0 0.180840021673609 0.012496761658031093 0.1532586609773443 -0.010496545768566505 0.13425319177757458 0.02656411917098444 0.16183455247383927 0.049557426597582034
0 0.4802297055702682 0.024677765461573388 0.45543791072590933 -0.002571836630286543 0.4343582533058699 0.028604976693951716 0.45915004815022875 0.05585457878581165
0 0.5758864017583434 0.08309826696165198 0.5434091040546012 0.04686578171091451 0.5192680316964543 0.082042772861357 0.5517453294001966 0.11827525811209447
0 0.6813294940941244 0.15306207155098553 0.6534981601895257 0.13218857112253654 0.6360451635667121 0.17001794130248518 0.6638764974713107 0.19089144173093417
0 0.7051960784313726 0.07772916666666685 0.6774836601307189 0.05122916666666679 0.6575816993464051 0.08506250000000014 0.6852941176470588 0.1115625000000002
0 0.6033482194775895 0.34469343119810214 0.5741341613751076 0.33305345492289457 0.5613195752796967 0.385336966192171 0.5905336333821786 0.3969769424673785
0 0.7170783990163723 0.3789170792079209 0.688030641299424 0.35552599009901 0.667228855238465 0.39751959570957107 0.6962766129554132 0.42091068481848193
0 0.64858180136606 0.5698015289150461 0.6173602330730997 0.5390928863868987 0.5945337534536163 0.5768199846468783 0.6257553217465766 0.6075286271750256
0 0.6647875816993465 0.7655208333333334 0.6422385620915033 0.7080208333333332 0.6159313725490196 0.7247916666666666 0.6384803921568628 0.7822916666666668
0 0.5868876760326124 0.91115764604811 0.5848064483525368 0.8527792096219932 0.5544176605350044 0.8545403780068729 0.5564988882150799 0.9129188144329897
0 0.6986928104575164 0.914479166666667 0.6617647058823529 0.879166666666667 0.6389215686274511 0.9180000000000004 0.6758496732026145 0.9533125000000003
0 0.7709926330851611 0.9249400180539716 0.7612194535739039 0.8647127993158494 0.7340145959562083 0.8718892531356898 0.7437877754674656 0.932116471873812
0 0.8156896320171905 0.9844677511415526 0.7964958814576059 0.9306292808219181 0.7701506401647417 0.9458975456621007 0.7893443907243263 0.9997360159817352
0 0.9121529273494047 0.7965461418497425 0.881882953886735 0.7943407580688909 0.8789932300557868 0.8588177210469218 0.9092632035184565 0.8610231048277733
0 0.8890697326070356 0.6091048304453142 0.859138727225565 0.6045617314141981 0.852793213428468 0.6725221841811068 0.8827242188099387 0.6770652832122228
0 0.7845179738562091 0.6299479166666667 0.7542892156862745 0.59140625 0.7281454248366013 0.6247395833333333 0.7583741830065359 0.66328125
0 0.8597319736988744 0.3960642343697761 0.8328936974321656 0.38944124038783023 0.8242402862181314 0.4464455867602809 0.8510785624848402 0.4530685807422268
0 0.8363279181446903 0.2645428690344062 0.8348698432388123 0.2087715038845727 0.8087006630251065 0.2098836940436552 0.8101587379309845 0.26565505919348875
0 1.0071843669594536 0.1694768099547511 0.9766853724898709 0.12889988687782802 0.9523485789489251 0.1586364064856711 0.9828475734185078 0.19921332956259416
0 0.9435793925413302 0.058609068627451084 0.9084366589773163 0.03172487745098043 0.8883242022299115 0.0744638480392157 0.9234669357939254 0.10134803921568634
0 0.7913385151482325 0.11986302946593022 0.7639559184631496 0.1046446247697976 0.7493687484201784 0.1473120971454881 0.7767513451052613 0.1625305018416207
0 0.06043908062037168 0.1847350059382423 0.03281461040473198 0.15186188638163106 0.01048216198593454 0.18236960609659542 0.038106632201574245 0.21524272565320668