0 0.9995915032679739 0.5468750000000002 0.9685457516339869 0.5468750000000002 0.9685457516339869 0.6114583333333335 0.9995915032679739 0.6114583333333335
0 0.08643790849673201 0.06208333333333333 0.05874183006535947 -0.008541666666666663 0.03504901960784314 0.006562500000000007 0.06274509803921569 0.07718749999999999
0 0.1739353653264159 0.32067728599221784 0.17027796851555146 0.24606639105058367 0.13907326873680728 0.2485530155642023 0.14273066554767172 0.3231639105058365
0 0.061899118460559975 0.42006092322521155 0.0465707844616348 0.3455508496773112 0.01585053600687615 0.3558245065375912 0.03117887000580133 0.4303345800854915
0 0.13479512897479076 0.632588403250604 0.12791609066205004 0.5591331722673695 0.09525088679589268 0.5641060839007248 0.10212992510863339 0.6375613148839592
0 0.25880718954248366 0.5239166666666668 0.22857189542483655 0.46823333333333333 0.20679901960784308 0.48745208333333334 0.2370343137254902 0.5431354166666668
0 0.30870915032679735 0.25414583333333335 0.2982843137254902 0.18104166666666668 0.26740522875816997 0.1882 0.27783006535947713 0.26130416666666667
0 0.25285460854792163 0.10396477724177074 0.24030828752234903 0.03109156261823686 0.2076955498430927 0.04021915200529702 0.22024187086866526 0.11309236662883089
0 0.3611261037541578 0.40065370035323516 0.35709709489033836 0.3369550702162489 0.3254598729299595 0.34020809102265887 0.32948888179377894 0.4039067211596451
0 0.4088192466267846 0.5320796541207181 0.4061926459358982 0.4659385654733365 0.3768096725131905 0.4678354409727772 0.37943627320407686 0.5339765296201587
0 0.3153594771241831 0.6494791666666667 0.2826797385620916 0.6494791666666667 0.2826797385620916 0.7125 0.3153594771241831 0.7125
0 0.22473173977494776 0.8257017826460483 0.1855451115153966 0.7709804553264608 0.16224058351863088 0.7981099656357391 0.20142721177818207 0.8528312929553266
0 0.42572821697681196 0.20516932059447984 0.4187462012405812 0.143843949044586 0.3899607634986054 0.14917157643312104 0.39694277923483623 0.21049694798301485
0 0.47224625144175325 0.2696691176470589 0.4398548635140331 0.25934436274509814 0.43014705882352944 0.3088541666666667 0.4625384467512496 0.31917892156862754
0 0.4701696935604843 0.6701716188524591 0.46583360120004286 0.6093579234972678 0.43290608593164037 0.6131745218579235 0.43724217829208184 0.6739882172131149
0 0.49078417485974557 0.4523258970727101 0.48971652872669363 0.39515344664778085 0.46190588605602767 0.39599769830028325 0.46297353218907966 0.4531701487252125
0 0.3742558273452222 0.05865954605187979 0.3733957015556766 -0.0005601145583361943 0.34532496006058694 0.00010266683807564902 0.3461850858501326 0.05932232744829163
0 0.04034230465009783 0.7879047239915075 0.023612151867116276 0.7153795116772824 -0.0053156612963656666 0.7262274416135881 0.011414491486615892 0.7987526539278131
0 0.10261936339522545 0.9900281830238726 0.10180928795377227 0.9177289498741754 0.0696263134240978 0.9183151397673944 0.07043638886555098 0.9906143729170918
0 0.5245636692064698 0.07094966585934698 0.5209036879911635 0.004063509149623264 0.4911144265743614 0.006713367868676001 0.4947744077896677 0.07359952457839972
0 0.5236928104575164 0.10312500000000009 0.4889705882352941 0.10312500000000009 0.4889705882352941 0.1645833333333334 0.5236928104575164 0.1645833333333334
0 0.5909058484694469 0.24961275011368803 0.5871931537508137 0.18570799226921328 0.5584233920944457 0.18842513642564804 0.5621360868130789 0.25232989427012276
0 0.6948798978136094 0.22548117597292724 0.6909442287913473 0.1552294839255499 0.6559047476858765 0.1584205795262267 0.6598404167081384 0.22867227157360406
0 0.5911077636542612 0.348916432803243 0.5738251802124029 0.29806575459931406 0.5578789046020652 0.30687607187402566 0.5751614880439234 0.3577267500779546
0 0.6411534498170418 0.4828190159700503 0.636022210514383 0.41848610321296553 0.6051434814282077 0.4224898706283764 0.6102747207308665 0.4868227833854612
0 0.5479208924949291 0.533477011494253 0.5144523326572009 0.5299209770114944 0.5108744647284201 0.5846623563218392 0.5443430245661484 0.5882183908045977
0 0.848917763452413 0.18694349315068493 0.8435569433252753 0.12201055936073059 0.8125749843316321 0.12616866438356164 0.8179358044587698 0.19110159817351596
0 0.9129787477623745 0.3745912951167728 0.9110954997710337 0.3073593418259024 0.8817212022813371 0.3086969214437368 0.8836044502726779 0.37592887473460723
0 0.7897467320261438 0.3021354166666667 0.7523692810457516 0.28625000000000006 0.7391339869281045 0.3368750000000001 0.7765114379084966 0.35276041666666674
0 0.7839754414030099 0.4707765841628156 0.7832587932080048 0.4022471005154639 0.7502200044610806 0.4028087599241616 0.7509366526560857 0.47133824357151327
0 0.9459659784878451 0.10472761777182406 0.934694697258229 0.02671424983255193 0.9019334235145274 0.03440883846840815 0.9132047047441436 0.11242220640768028
0 0.40293827303873175 0.8888959155972361 0.36539367309938114 0.8431078274103324 0.3433566253088928 0.8724822104310628 0.3809012252482434 0.9182702986179666
0 0.6084168810812409 0.6833880090497737 0.5696000798509449 0.6556245286576168 0.5524034764735456 0.6947094174208144 0.5912202777038417 0.7224728978129714
0 0.6422814044316915 0.7766958841463417 0.6094621791806154 0.7720464939024392 0.6046797784154312 0.8269245426829271 0.6374990036665074 0.8315739329268296
0 0.5800786418063134 0.9329058083625547 0.545921699888116 0.9321281279885241 0.5449863374315831 0.998913007384975 0.5791432793497805 0.9996906877590056
0 0.7421279426224767 0.6070114306784661 0.7088426889930014 0.5821335730088497 0.6913955405170918 0.620081120943953 0.7246807941465672 0.6449589786135694
0 0.8580686498343633 0.5177575627853882 0.8247688915748947 0.5161850742009133 0.8230028426895873 0.5769813070776256 0.8563026009490557 0.5785537956621005
0 0.8805715648317527 0.7370176095916073 0.8678933200606334 0.6748454477332334 0.8403515490122614 0.6839755448357686 0.8530297937833807 0.7461477066941425
0 0.7458708005495193 0.7900875796178344 0.744255026851505 0.7324044585987262 0.7147350235210856 0.7337486730360935 0.7163507972190999 0.7914317940552017
0 0.6923479740503189 0.9605953233276765 0.6823067014954759 0.9034102761278462 0.6570856245199254 0.9106095760854193 0.6671268970747682 0.9677946232852496
0 0.8374183006535948 0.8729166666666669 0.8080065359477124 0.8729166666666669 0.8080065359477124 0.9322916666666669 0.8374183006535948 0.9322916666666669
0 0.9560484099641302 0.9502668564714389 0.9549687734819162 0.8841931037599422 0.9251444359377878 0.884985312725958 0.9262240724200018 0.9510590654374549