0 0.05926014902265846 0.21028600252819915 0.05117410635977456 0.1355406456631661 0.023348186026647143 0.14043416958381952 0.031434228689531045 0.2151795264488526
0 0.07502889367128965 0.4073107215447154 0.0698678861788618 0.34808816056910563 0.04440160210425634 0.3516958841463414 0.049562609596684196 0.4109184451219512
0 0.09272875816993469 0.4901041666666667 0.06617647058823534 0.4901041666666667 0.06617647058823534 0.5572916666666666 0.09272875816993469 0.5572916666666666
0 0.12370242214532871 0.7517156862745097 0.11065455594002309 0.685171568627451 0.08153114186851212 0.6944546568627452 0.09457900807381775 0.7609987745098039
0 0.17851307189542484 2.5672934200875504e-17 0.14705882352941177 2.3217262233835238e-17 0.14705882352941177 0.05625000000000003 0.17851307189542484 0.05625000000000003
0 0.22222054346852899 0.12337970890410961 0.22044330289193304 0.06219820205479453 0.19342879846002325 0.06347388698630138 0.1952060390366192 0.12465539383561647
0 0.2148024096946014 0.33524799822064055 0.19877509129393153 0.26985653914590746 0.1723056660386574 0.28040295077105576 0.18833298443932728 0.3457944098457889
0 0.26219894350434236 0.41161529680365305 0.24698943504342374 0.35990296803652977 0.2250537201181842 0.3703909817351599 0.24026322857910282 0.42210331050228317
0 0.2818627450980393 0.5302083333333333 0.2573529411764707 0.5302083333333333 0.2573529411764707 0.5989583333333334 0.2818627450980393 0.5989583333333334
0 0.26184640522875824 0.6541666666666667 0.23366013071895433 0.6541666666666667 0.23366013071895433 0.7234375 0.26184640522875824 0.7234375
0 0.3261470835185459 0.8758894836272039 0.3183090910587576 0.8130735726280436 0.2974648507597833 0.8173016372795968 0.3053028432195716 0.8801175482787572
0 0.4102736452739875 0.08572617662270501 0.3776636268678663 0.07622268554434966 0.36588472342647943 0.14192688130333594 0.39849474183260064 0.1514303723816913
0 0.4455594206521136 0.3270117740793202 0.4111901488640782 0.31123627832861195 0.3946043714936399 0.3699775731822475 0.42897364328167537 0.3857530689329557
0 0.46378825920612154 0.5478213922764229 0.4362595648015305 0.5439214939024392 0.43039614219671624 0.6112042682926829 0.4579248366013072 0.6151041666666667
0 0.4812091503267974 0.6921875 0.4526143790849673 0.6921875 0.4526143790849673 0.7588541666666667 0.4812091503267974 0.7588541666666667
0 0.4996526839423876 0.8563102986217458 0.4699714239958362 0.8536546069423174 0.4661634587474602 0.9228405755487493 0.4958447186940116 0.9254962672281777
0 0.5359673202614379 0.07017500000000008 0.5063464052287581 0.0633083333333334 0.4973398692810457 0.12646666666666675 0.5269607843137255 0.13333333333333341
0 0.5780815436732816 0.3131398862424458 0.5434468875830935 0.26778720820002383 0.5127432682991433 0.3059041355610856 0.5473779243893314 0.3512568136035076
0 0.5804766541319726 0.553742151826484 0.5785382532008239 0.4870126997716895 0.5513273345868027 0.48829765981735157 0.5532657355179514 0.5550271118721462
0 0.608251633986928 0.7057291666666666 0.5804738562091504 0.7057291666666666 0.5804738562091504 0.7651041666666667 0.608251633986928 0.7651041666666667
0 0.6440846001321877 0.8903909176029965 0.6178077036057869 0.8367860486891386 0.5883592200925314 0.8602528089887642 0.6146361166189322 0.913857677902622
0 0.739821065038037 0.043801229508196766 0.709734276224151 0.0270184426229509 0.691827386692382 0.07920423497267771 0.7219141755062681 0.09598702185792357
0 0.9155736022459413 0.13130252889089014 0.8846852901448737 0.11905016509080009 0.869840728577188 0.1798863593726551 0.9007290406782555 0.19213872317274516
0 0.9339919816723941 0.33024591924398644 0.9058688767603263 0.31430949312714795 0.8867495451788965 0.3691580756013747 0.9148726500909643 0.3850945017182132
0 0.9638071895424837 0.5251041666666668 0.9309640522875817 0.5041666666666668 0.9089869281045753 0.5602083333333335 0.9418300653594772 0.5811458333333336
0 0.9926435871799145 0.7216890934844197 0.9591213964339275 0.7015757790368274 0.9394209761336072 0.7549516052880078 0.9729431668795943 0.7750649197356
0 0.8393373935866908 0.8117380443518926 0.8078270910877867 0.7974533738857228 0.7917408085548994 0.8551377776559989 0.8232511110538033 0.8694224481221687