0 0.034953667585513486 0.5242141909814324 0.005844862259669614 0.5199552387267904 -0.0002669856625231383 0.5878622347480106 0.028841819663320733 0.5921211870026525
0 0.09972504582569569 0.8025678706326723 0.06624358903145768 0.7483858593012276 0.04071103890092387 0.7740344664778093 0.07419249569516188 0.8282164778092541
0 0.08448006478369517 0.13133757026596193 0.050638377676769174 0.09277964804094305 0.02436544716049018 0.13026548997399112 0.05820713426741618 0.16882341219901
0 0.14045222230183182 0.22032455339017462 0.10379449181215322 0.19415093382054407 0.0844085604197018 0.2382885454730004 0.1210662909093804 0.264462165042631
0 0.1845776772247361 0.41862980769230773 0.1487556561085973 0.40949519230769227 0.13926596279537456 0.46999198717948715 0.17508798391151337 0.4791266025641026
0 0.2486198594905097 0.7116417983226059 0.21927167590266067 0.652111675931344 0.19409857272341352 0.6722861200507121 0.22344675631126254 0.731816242441974
0 0.29924225271324856 0.8690422921478063 0.25946806744252743 0.8332455254041572 0.2404489124364141 0.8675988741339494 0.2802230977071352 0.9033956408775983
0 0.2882284277901172 0.22049926410881043 0.2585694752931623 0.1648269386926513 0.23213023333572158 0.18772431993503863 0.2617891858326765 0.24339664535119782
0 0.3423190909601663 0.41750537249283665 0.30617942019214567 0.3758864613180516 0.28310696293799276 0.4084557067812799 0.3192466337060134 0.4500746179560649
0 0.39026774107211143 0.6132350094631798 0.3579387249279158 0.5649493146363846 0.3305281162705965 0.5947834222298695 0.3628571324147921 0.6430691170566646
0 0.4360759649771859 0.8232181603773586 0.40208225428536193 0.8066462264150945 0.3860947712418301 0.8599583333333334 0.4200884819336541 0.8765302672955976
0 0.3707040803192175 0.23005789569657192 0.3351702278285494 0.22142824580598106 0.32614575735472895 0.28183579504011674 0.36167960984539704 0.29046544493070764
0 0.41737350370859966 0.4094627808988765 0.38595826907542047 0.400219452247191 0.37555537196151867 0.45769545880149815 0.40697060659469786 0.46693878745318357
0 0.46156018335745935 0.5820679530201343 0.4270243891740142 0.5742973993288591 0.4176892792911348 0.6417435682326622 0.4522250734745801 0.6495141219239374
0 0.5002112914131172 0.7629130747126439 0.4672287018255578 0.744890445402299 0.4498394185260311 0.7966235632183909 0.48282200811359033 0.8146461925287357
0 0.46592408725698353 0.0640100849256901 0.43581709753965286 0.008829617834394938 0.410228029640731 0.03152600849256902 0.44033501935806174 0.08670647558386418
0 0.5206008299195269 0.28745372718052736 0.49494922377334977 0.22488611392832997 0.4681160429012714 0.2427698191345503 0.4937676490474487 0.3053374323867477
0 0.5663418017228792 0.46261224266316253 0.5349814915015503 0.4615870017520806 0.533687560657202 0.5259277129872975 0.5650478708785309 0.5269529538983794
0 0.6185073048827374 0.7102205882352943 0.5858948481353325 0.6617095588235296 0.5598904267589389 0.6901286764705883 0.5925028835063437 0.7386397058823531
0 0.6446078431372549 0.8427083333333333 0.6160130718954249 0.8427083333333333 0.6160130718954249 0.9041666666666667 0.6446078431372549 0.9041666666666667
0 0.5866013071895425 8.945662165646681e-17 0.5584150326797386 8.725608443924891e-17 0.5584150326797386 0.05156250000000009 0.5866013071895425 0.05156250000000009
0 0.6311892208143363 0.22374286733238227 0.6206038525728884 0.1535618758915835 0.5947409396473758 0.15990326319543513 0.6053263078888236 0.23008425463623391
0 0.6715686274509803 0.35052083333333345 0.6421568627450981 0.35052083333333345 0.6421568627450981 0.4135416666666668 0.6715686274509803 0.4135416666666668
0 0.7281607966111452 0.5627675056712037 0.6925751385422062 0.5463564601681346 0.6761453280271276 0.6042715422337871 0.7117309860960664 0.6206825877368563
0 0.7604952237305178 0.7731971153846156 0.736182841837 0.7202000442086649 0.7089103214229988 0.7405386549513705 0.7332227033165166 0.793535726127321
0 0.8084150326797387 0.9406250000000003 0.7773692810457516 0.9406250000000003 0.7773692810457518 0.9994791666666669 0.8084150326797388 0.9994791666666669
0 0.9007056361357331 0.8583540239726026 0.8986055152654671 0.7860573630136986 0.8705636135732833 0.7873815639269406 0.8726637344435493 0.8596782248858447
0 0.8598777412826382 0.6174635152284265 0.8335879698749212 0.5608994289340103 0.8082147241299227 0.5800703257191204 0.8345044955376397 0.6366344120135364
0 0.8096535947712417 0.4584250000000001 0.8004509803921568 0.39389166666666675 0.772375816993464 0.4004000000000001 0.781578431372549 0.4649333333333334
0 0.7781523817678453 0.30670715065502185 0.7714772954305448 0.24287663755458513 0.7414554613694094 0.24798034934497817 0.74813054770671 0.31181086244541484
0 0.7258246699127077 0.1380068512304252 0.6919112163881211 0.10773909395973161 0.6700525288415142 0.1475531319910515 0.7039659823661008 0.17782088926174508
0 0.8731708741171553 0.17544806779509237 0.8408012945461184 0.1355081833243777 0.8182670255994211 0.16519708266165148 0.8506366051704578 0.20513696713236615
0 0.9219771241830066 0.2760416666666668 0.8937908496732027 0.2760416666666668 0.8937908496732027 0.3328125000000001 0.9219771241830066 0.3328125000000001
0 0.9068295938754224 0.39360863766155696 0.903722219275447 0.3315388300270514 0.8750530419561874 0.3338720130748422 0.8781604165561626 0.3959418207093478
0 0.9981475492309904 0.5789940437688661 0.9745163567798831 0.516502668175938 0.9399688422156272 0.5377401358344116 0.9636000346667342 0.6002315114273397