0 0.0371732026143791 0.11770833333333333 0.0138888888888889 0.11770833333333333 0.013888888888888904 0.17552083333333332 0.0371732026143791 0.17552083333333332
0 0.052621687652696876 0.3456003727369542 0.025809684896322755 0.30856629392971247 -0.0007426026853765928 0.3398162939297125 0.02606940007099753 0.37685037273695426
0 0.04164258916337248 0.5570118888144674 0.01060723463308079 0.5497226640991292 0.0016074469528825548 0.6120140516856442 0.03264280148317425 0.6193032764009824
0 0.04207516339869288 0.7822916666666667 0.01225490196078439 0.7822916666666667 0.012254901960784393 0.8427083333333333 0.04207516339869289 0.8427083333333333
0 0.05240980565524188 0.963969385499558 0.030871734193235353 0.9293888152077809 0.007514822905289566 0.9530376878868261 0.029052894367296096 0.987618258178603
0 0.3024734214143454 0.13932850500715316 0.27644534208533206 0.11890647353361948 0.2551964992005386 0.16293141988555082 0.28122457852955207 0.1833534513590845
0 0.304236513258153 0.3307032599309155 0.28006260794473226 0.3036174978411054 0.2547186663957466 0.340388061312608 0.2788925717091673 0.367473823402418
0 0.3011968533117714 0.5352824312714777 0.27546661276194334 0.5082656786941582 0.2532982952631225 0.5425869845360827 0.2790285358129506 0.5696037371134021
0 0.2995884210290355 0.7564161256736893 0.2813471705847128 0.7121159460231913 0.2569934800639184 0.728417697615548 0.27523473050824115 0.772717877266046
0 0.310121107266436 0.9423406862745096 0.2899005190311419 0.8993719362745096 0.2649702037677817 0.9184436274509803 0.2851907920030758 0.9614123774509803
0 0.4254643632240659 0.08971372937690208 0.4055557911134981 0.03767769902290565 0.3789161507947725 0.05424625580650329 0.39882472290534027 0.10628228616049971
0 0.4276593596239995 0.1817415730337079 0.40180931923331137 0.1611423220973783 0.3792502019534406 0.20716292134831463 0.4051002423441287 0.2277621722846442
0 0.42721129226208054 0.3105003056436691 0.4023477385931903 0.288077625231298 0.3770531738997475 0.33367325865715036 0.4019167275686378 0.3560959390695216
0 0.420173013189689 0.4107380966877741 0.3943165429834866 0.39739431117064467 0.3763110496674721 0.45411161511609033 0.4021675198736745 0.4674554006332198
0 0.41554637836869923 0.5114825913242009 0.38549500850568547 0.5100634988584475 0.3839315292326977 0.5638862728310503 0.41398289909571145 0.5653053652968038
0 0.42707146697582216 0.672687178663239 0.4047165095686948 0.6287457155098544 0.3781711527798781 0.6506994430162811 0.40052611018700546 0.6946409061696658
0 0.40096651868294503 0.8151139937106919 0.3723717474411149 0.8046973270440252 0.3604251449007277 0.8580090408805033 0.3890199161425578 0.86842570754717
0 0.5468047310667385 0.13128822629969425 0.5224448342027942 0.12197056574923555 0.509369191101517 0.1775420489296637 0.5337290879654613 0.18685970948012237
0 0.5467985424258199 0.27497787610619473 0.5238778992422928 0.26302267699115056 0.5064976285499452 0.31719118731563434 0.5294182717334722 0.3291463864306785
0 0.5448905531858611 0.41370327431141096 0.519936431570942 0.40263666385609903 0.5046271037926132 0.4587549184935357 0.5295812254075323 0.4698215289488477
0 0.5480392156862747 0.5467708333333334 0.5230392156862745 0.5308333333333335 0.5052287581699346 0.5762500000000002 0.5302287581699348 0.5921875000000001
0 0.5198061296590708 0.5964206081081083 0.49885620915032675 0.5684375000000002 0.474703232644409 0.5978327702702705 0.4956531531531531 0.6258158783783786
0 0.543383196833715 0.6983238514095116 0.5243813740258314 0.6512151656983001 0.5001616581644492 0.6670963793845494 0.5191634809723328 0.7142050650957609
0 0.5207549461225933 0.912735078828829 0.49622085320614745 0.9028167229729731 0.48333222928811176 0.9546438626126128 0.5078663222045576 0.9645622184684687
0 0.6493799306537157 0.14503523567467655 0.632249118069902 0.0834811113678373 0.6026504717721962 0.09687211182994453 0.6197812843560098 0.15842623613678378
0 0.6432843137254902 0.2475625000000001 0.612605580693816 0.24538942307692319 0.6098831070889894 0.30787019230769236 0.6405618401206636 0.3100432692307693
0 0.6479575163398694 0.4491666666666668 0.6167075163398693 0.4358854166666667 0.6007761437908496 0.4968229166666667 0.6320261437908498 0.5101041666666668
0 0.6483785822021116 0.6792467948717952 0.6207610608345904 0.6696434294871797 0.6063756913021621 0.7368950320512823 0.6339932126696833 0.7464983974358976
0 0.6638919718830928 0.9240762578616353 0.6346189419163892 0.9033411949685537 0.6112074546799853 0.9570705581761008 0.6404804846466888 0.9778056210691825
0 0.7661603644587026 0.011799890105796606 0.7362142852968933 0.0026695909700492847 0.7252266910340355 0.06125344583519607 0.7551727701958447 0.0703837449709434
0 0.7676902367164482 0.24466753022452506 0.7561549663043109 0.18877914507772023 0.7294725100748416 0.19773181131260797 0.7410077804869789 0.2536201964594128
0 0.7757527499677739 0.40052064310932567 0.747444582897683 0.3828581537618701 0.7266051325570404 0.43715398252982723 0.7549132996271313 0.4548164718772828
0 0.7798460627487881 0.7917506542578219 0.7537569014903067 0.7740572071277347 0.73336810023939 0.822929163726182 0.7594572614978713 0.8406226108562691
0 0.8957751843323332 0.1403414145907475 0.8689801246714581 0.12966525800711765 0.8549444095550438 0.1869309756820879 0.8817394692159188 0.19760713226571777
0 0.8996992802263948 0.363856075216972 0.878797798450785 0.30865376888460294 0.8499757344274902 0.3263942462230794 0.8708772162030997 0.3815965525554484
0 0.9014020815849036 0.5383420476653694 0.8746781300068667 0.508277602140078 0.8504425116350043 0.543298070687419 0.8771664632130413 0.5733625162127106
0 0.907307664290415 0.7377357961824238 0.8798259759963425 0.7012950775044838 0.8540124991836344 0.7329414072508327 0.8814941874777068 0.7693821259287728
0 0.9118353694921641 0.9226508275493861 0.8870176118142578 0.8853577148958891 0.8596609804270524 0.9149526161238657 0.884478738104959 0.9522457287773627
0 0.7817904907627791 0.6157550578034684 0.7546908647852203 0.5912807080924856 0.7304053798783482 0.6349945809248556 0.7575050058559069 0.6594689306358384