0 0.1962525507940733 0.14623256033182505 0.19050032531866443 0.08572633861236803 0.16244159051252477 0.09006268853695326 0.16819381598793365 0.15056891025641025
0 0.2443234168014578 0.26539730537185297 0.21426314753770173 0.2596121214758093 0.20728585842040725 0.3185484104884557 0.23734612768416333 0.3243335943844994
0 0.28061891531200583 0.3963111105115476 0.2447606083947358 0.3881225717677531 0.23685695049298233 0.44438673645586024 0.2727152574102524 0.45257527519965474
0 0.3210724704760302 0.5627597460658083 0.28838291396673116 0.5590821709585121 0.28424149345002664 0.6189256974248928 0.31693104995932564 0.622603272532189
0 0.46172808203741267 0.34233117816091957 0.44468390804597696 0.2880028735632184 0.4193993689429796 0.3008979885057471 0.4364435429344152 0.3552262931034483
0 0.4030476104815015 0.21239487767584106 0.36748216106014275 0.19879109327217134 0.3567450680578042 0.24442373853211016 0.39231051747916296 0.2580275229357799
0 0.4121165793049893 0.10384694719471953 0.3799670775901119 0.08547184405940599 0.3643669514010224 0.12984220297029705 0.3965164531158997 0.1482173061056106
0 0.5113562091503268 0.5059375000000002 0.47949346405228765 0.4856250000000001 0.46446078431372556 0.5239583333333334 0.4963235294117647 0.5442708333333335
0 0.47930873437255245 0.5350079147543771 0.4489870697556603 0.5166443566207718 0.4335433518979579 0.5580985466598675 0.46386501651485007 0.5764621047934728
0 0.5613159886506419 0.7194782159155733 0.5305489375822586 0.6863795992584141 0.5114723965265893 0.7152063724092034 0.5422394475949724 0.7483049890663624
0 0.6208996231944736 0.9930212040332147 0.6132710557532622 0.9330415925266904 0.5857962342706952 0.9387221975088967 0.5934248017119066 0.998701809015421
0 0.360199465965248 0.7338986280487805 0.33172923641001123 0.7298653455284553 0.3268472022955525 0.78588668699187 0.3553174318507892 0.7899199695121953
0 0.3900170526823706 0.859904572147651 0.3578116089836383 0.8526583473154363 0.3501543514497522 0.9079820329977629 0.3823597951484845 0.9152282578299776
0 0.22429447788833135 0.8793593101528496 0.1909215477870469 0.8616968443162264 0.17665108102153718 0.90552988030165 0.21002401112282162 0.9231923461382733
0 0.18349673202614383 0.6919791666666667 0.1480392156862745 0.669375 0.13210784313725493 0.7099999999999999 0.16756535947712425 0.7326041666666666
0 0.16196895424836602 0.7950520833333333 0.13255718954248372 0.7575520833333335 0.1111111111111111 0.7848958333333336 0.1405228758169934 0.8223958333333334
0 0.1253484236831988 0.5207873774509804 0.09695549788542869 0.46390012254901963 0.07430315263360247 0.4822794117647059 0.10269607843137256 0.5391666666666667
0 0.08973378955542616 0.3254254331683169 0.060995437779072036 0.28064150165016505 0.03732689445415131 0.305332095709571 0.06606524623050543 0.35011602722772284
0 0.045275665622323144 0.14505722621184922 0.00885125145210688 0.11083744763614603 -0.008972993745673013 0.14167975763016158 0.027451420424543252 0.17589953620586476
0 0.6526422764227644 0.32740345528455295 0.6216722461342261 0.31285569105691063 0.6082187549816674 0.35941438008130094 0.6391887852702057 0.37396214430894326
0 0.7113903273075636 0.39573282559988443 0.6824402028808053 0.3732258691095693 0.6648939750806365 0.4099150314397225 0.6938440995073947 0.43242198793003767
0 0.7075573679253361 0.5670555858806404 0.6800890843964951 0.5212575054585152 0.6545705254445301 0.5461381004366811 0.682038808973371 0.5919361808588064
0 0.750129945942488 0.7343053289831433 0.7161707396389769 0.7330682436106581 0.7149145955282604 0.7891236745513867 0.7488738018317715 0.7903607599238717
0 0.7945806292406402 0.8905136291460835 0.765665143380335 0.8870355872147732 0.7615412578816518 0.9427698997294754 0.7904567437419572 0.9462479416607859
0 0.9805845105651801 0.882364462007765 0.9527877013256776 0.8749809345535221 0.9456610986047223 0.9185957432057683 0.9734579078442248 0.9259792706600112
0 0.8892635610507474 0.5758757961783442 0.8566202489488366 0.5636345541401275 0.8463753070230214 0.6080463773885352 0.8790186191249323 0.6202876194267517
0 0.957204123386843 0.6581775259678941 0.9255232924142272 0.6263526912181303 0.9022294895295229 0.664048335694051 0.9339103205021386 0.6958731704438148
0 0.9828953909423176 0.8262235306828002 0.9817274504154874 0.7755933088447134 0.9510086373933034 0.7767452643330454 0.9521765779201337 0.8273754861711321
0 0.9041357534004593 0.4890906531531533 0.8733737413884471 0.4683262950450452 0.8579921833598303 0.5053702139639641 0.8887541953718423 0.5261345720720721
0 0.8147353547962067 0.32461317418213986 0.7763810873597893 0.31431808134394357 0.7691906780395625 0.35786499778956693 0.80754494547598 0.3681600906277633
0 0.7575887924415231 0.11925964063992373 0.728689111747851 0.09843302292263623 0.7140967657359027 0.13134998806112713 0.7429964464295747 0.1521766057784146
0 0.660677754122203 0.21209855339588923 0.6303964280082007 0.19511072944593397 0.6167714740051516 0.23459213025022355 0.6470528001191539 0.2515799542001788
0 0.6059376201460976 0.1618535539215687 0.5736639753940792 0.13566789215686276 0.5567930603613994 0.1694699754901961 0.5890667051134179 0.19565563725490204
0 0.61700835549599 0.06574329536015178 0.5875075911461061 0.04233935564257732 0.569746054349116 0.07873464756140969 0.5992468186989999 0.10213858727898414
0 0.9541371956110798 0.1689273167911775 0.9276472506469682 0.12626456332266103 0.9030903627904382 0.15105167200284608 0.9295803077545497 0.19371442547136256