0 0.060158631835469496 0.14391819422776914 0.04016395949955647 0.13983928107124288 0.0341913676547062 0.1874333723348934 0.05418603999061923 0.19151228549141966
0 0.060372581375784676 0.2750412541254125 0.0385726072607261 0.2722617574257426 0.035705041092344555 0.30882322607260726 0.05750501520740313 0.31160272277227724
0 0.05587957562628452 0.49547627478753536 0.055051241459756706 0.45111898016997165 0.03206201744153752 0.45181686732766757 0.032890351608065325 0.49617416194523134
0 0.0559101390133042 0.6124206852791878 0.03280208022295218 0.610316201353638 0.029984074848213447 0.6606175972927242 0.053092133638565485 0.662722081218274
0 0.05892289348171709 0.7617398648648649 0.03547297297297307 0.7567567567567568 0.030007949125596275 0.7985641891891893 0.053457869634340294 0.8035472972972973
0 0.03259620556452016 0.8187967581047382 0.0036652649422196973 0.8169524106400665 0.0021688018515802787 0.8551122194513715 0.031099742473880747 0.8569565669160432
0 0.0607438421057659 0.8702990542295829 0.03818001871961652 0.8586545096606593 0.025941830702081264 0.8972048019158955 0.04850565408823064 0.9088493464848191
0 0.1518718112576245 0.9094909247482778 0.12634888348556178 0.9068875861155273 0.12331990294793072 0.9551619634340223 0.14884283071999344 0.9577653020667726
0 0.151172564365483 0.7724969983991463 0.1275708700413642 0.7689979099964427 0.12322105558694492 0.8166936254891498 0.14682274991106375 0.8201927138918534
0 0.14601407914764086 0.6036736586757991 0.12372862386963927 0.6026212899543381 0.12218025337989084 0.655923944063927 0.14446570865789243 0.6569763127853882
0 0.15038527072831 0.3936681577369053 0.12244709959153599 0.39295573437291753 0.12159106945457117 0.4475276556044249 0.1495292405913452 0.44824007896841267
0 0.1499183006535948 0.2296875 0.12540849673202617 0.2296875 0.1254084967320262 0.28020833333333334 0.14991830065359482 0.28020833333333334
0 0.06413398692810457 0.02187500000000001 0.04044117647058824 0.02187500000000001 0.040441176470588244 0.071875 0.06413398692810457 0.071875
0 0.1613562091503268 0.06614583333333336 0.13970588235294118 0.06614583333333336 0.13970588235294118 0.11562500000000003 0.1613562091503268 0.11562500000000003
0 0.2916666666666667 0.08750000000000005 0.2708333333333333 0.08750000000000004 0.2708333333333333 0.1307291666666667 0.2916666666666667 0.1307291666666667
0 0.29478387832927966 0.24062978560490053 0.2728326527139697 0.22409153266972953 0.2544208980171957 0.2638184341500766 0.27637212363250563 0.28035668708524764
0 0.283211153994026 0.3975619815233786 0.2815512894448881 0.35311910822021114 0.25814498122024077 0.354540205505279 0.2598048457693786 0.39898307880844647
0 0.2900030411744088 0.5084746319663513 0.2717315106905012 0.4788249211356467 0.24788148697964987 0.5027175341745531 0.26615301746355746 0.5323672450052578
0 0.28349720345918716 0.6762881082900558 0.2665307996635854 0.6279338574725909 0.2442273023846969 0.6406556549336411 0.26119370618029863 0.6890099057511061
0 0.2839303670186024 0.7648477564102565 0.2595965309200604 0.7609695512820515 0.25491452991453 0.8087259615384617 0.279248366013072 0.8126041666666667
0 0.2810759957158251 0.9133689124712078 0.2520144574776275 0.9125455022211254 0.2510063214163587 0.9703873087364265 0.2800678596545562 0.9712107189865088
0 0.42327501289433406 0.7124049967658473 0.40381619443810296 0.680297946313066 0.3804478561584185 0.7033210705045277 0.3999066746146496 0.7354281209573091
0 0.41789215686274517 0.5484375 0.38929738562091515 0.5484375 0.38929738562091515 0.5963541666666666 0.41789215686274517 0.5963541666666666
0 0.42081753246561465 0.42432760016568766 0.397080789688974 0.4230397556107848 0.395399178650222 0.47342502635939154 0.4191359214268627 0.4747128709142944
0 0.4318124685771745 0.2565705128205129 0.4031391402714932 0.24925881410256417 0.39638323278029164 0.2923277243589744 0.4250565610859729 0.2996394230769231
0 0.4283304498269896 0.04365196078431379 0.40334006151480206 0.04120098039215692 0.4005791041906959 0.08696384803921577 0.4255694925028835 0.08941482843137262
0 0.4125114323317496 0.8775718145620025 0.38962446184389576 0.8670342718998864 0.3771476053447547 0.911087172923777 0.4000345758326085 0.921624715585893
0 0.5400326797385621 0.8145833333333333 0.5179738562091504 0.8145833333333333 0.5179738562091504 0.865625 0.5400326797385621 0.865625
0 0.5605824344969389 0.6808847759226716 0.5359290464867845 0.6604532806092561 0.5143605626198926 0.7027606912712362 0.5390139506300472 0.7231921865846517
0 0.6515764064067724 0.668812797804019 0.6484338504409429 0.6153893463849182 0.6291083244982268 0.6172373498031904 0.6322508804640563 0.6706608012222913
0 0.5594120024727758 0.5710636452438695 0.5486738551524086 0.5193415689841012 0.5251402164207101 0.5272841720560495 0.5358783637410771 0.5790062483158178
0 0.6458935620310226 0.8200650961340739 0.6223847137045235 0.8123795111042569 0.6129068839133432 0.8595080197409009 0.6364157322398424 0.8671936047707178
0 0.5400326797385621 0.25520833333333337 0.5163398692810458 0.25520833333333337 0.5163398692810458 0.32187500000000013 0.5400326797385621 0.32187500000000013
0 0.5772829503812154 0.15036213832299977 0.5547552058910367 0.12908593519338657 0.5359187666799817 0.16150815618541492 0.5584465111701604 0.18278435931502815
0 0.5462880585211545 0.07677194543297745 0.5359448049682505 0.03457147093712928 0.5154065778149929 0.042754670818505355 0.525749831367897 0.08495514531435354
0 0.68097524397887 0.42538527397260284 0.6672598263049511 0.3787528538812785 0.6450555107887903 0.38936929223744293 0.6587709284627092 0.4360017123287673
0 0.7904411764705882 0.5109375000000002 0.7675653594771242 0.5109375000000002 0.7675653594771242 0.5656250000000003 0.7904411764705882 0.5656250000000003
0 0.7969771241830066 0.34531250000000013 0.7741013071895425 0.34531250000000013 0.7741013071895425 0.4057291666666668 0.7969771241830066 0.4057291666666668
0 0.789895324942204 0.7546761280931589 0.7701210368818896 0.742327286977942 0.7524825404352761 0.7882424980405331 0.7722568284955904 0.8005913391557499
0 0.7802287581699346 0.8812500000000002 0.7553104575163399 0.8812500000000001 0.7553104575163399 0.9333333333333335 0.7802287581699346 0.9333333333333336
0 0.6424016428880241 0.9888476815823604 0.6399856310877138 0.9395610408560309 0.6193350881208514 0.9412066309987028 0.6217510999211617 0.9904932717250323
0 0.9500687470109997 0.8884972052845529 0.9450621712099476 0.8310467479674796 0.9219721425155428 0.8343178353658537 0.9269787183165948 0.891768292682927
0 0.9509803921568627 0.6687500000000003 0.9285130718954249 0.6687500000000003 0.9285130718954249 0.7281250000000002 0.9509803921568627 0.7281250000000002
0 0.9551475611671911 0.569630380100615 0.9499779882141044 0.5142642537730576 0.9250722461520476 0.5180445896217626 0.9302418191051343 0.57341071594932
0 0.9657554047259929 0.4140865384615386 0.9475553041729511 0.3734775641025642 0.920280291603821 0.3933493589743591 0.9384803921568626 0.4339583333333334
0 0.958667672197084 0.2738189102564102 0.9563373554550025 0.22033814102564098 0.9318350930115634 0.2220737179487179 0.9341654097536448 0.27555448717948716
0 0.9534313725490197 0.06406250000000015 0.9272875816993464 0.06406250000000015 0.9272875816993464 0.11927083333333348 0.9534313725490197 0.11927083333333348
0 0.8031045751633987 0.01354166666666679 0.7785947712418301 0.013541666666666789 0.7785947712418301 0.06666666666666679 0.8031045751633987 0.06666666666666679
0 0.8103004022121671 0.18589743589743588 0.789938411261941 0.1469551282051282 0.7680681246857719 0.16554487179487185 0.7884301156359981 0.2044871794871795
0 0.668952261084614 0.12312978603603612 0.6487948242360008 0.12253209459459469 0.6479570747217807 0.16846171171171181 0.6681145115703939 0.16905940315315326