0 0.3082203798745449 0.15102418903803133 0.3011306312234066 0.09980075503355704 0.27435490415405533 0.10582529362416107 0.28144465280519365 0.15704872762863537
0 0.18815233785822022 0.1468621794871795 0.16259678230266467 0.1353621794871795 0.1497083961789844 0.18192147435897438 0.17526395173453999 0.19342147435897442
0 0.18055555555555555 2.5928068950697868e-17 0.14910130718954248 2.34723969836576e-17 0.14910130718954248 0.04270833333333336 0.18055555555555555 0.04270833333333336
0 0.04805712239233593 0.05761272831050227 0.023991542524983304 0.01499659729539866 0.001005530417295124 0.0360977564102564 0.025071110284647747 0.07871388742536002
0 0.046935815524711766 0.1814782303370787 0.024996328119262688 0.13672167602996257 0.00017441433502240016 0.15650163857677904 0.022113901740471478 0.20125819288389518
0 0.05364249660260148 0.30824566831683176 0.02843501261890897 0.2689640057755776 0.003987898789879008 0.29446679042904295 0.029195382773571525 0.33374845297029704
0 0.05504233676676402 0.42063639684695814 0.03349259560578988 0.3734121593809172 0.011280522746679999 0.38988947888367503 0.032830263907654145 0.43711371634971596
0 0.0508986928104575 0.5292708333333332 0.032516339869281055 0.48239583333333336 0.005882352941176484 0.499375 0.02426470588235293 0.54625
0 0.049330736860954495 0.6523772831050229 0.02324290446772321 0.6214911529680367 -0.0009960605246664362 0.6547731164383562 0.025091771868564854 0.6856592465753425
0 0.04796747967479673 0.8067809959349593 0.02482065997130559 0.7611712398373984 -0.002347361708911208 0.7835848577235772 0.02079945799457993 0.8291946138211382
0 0.046455965864327084 0.9468006669881068 0.028036190368143393 0.8981527242044359 0.002961108905149947 0.9135868691738992 0.02138088440133364 0.9622348119575701
0 0.1783284269918871 0.8110369191242183 0.15300951479787636 0.7754158288650583 0.128344635441308 0.8039153261840931 0.15366354763531878 0.8395364164432532
0 0.18392171853450864 0.6645479740061162 0.15853945553756676 0.6340892584097859 0.136005426635486 0.6646158256880734 0.1613876896324279 0.6950745412844037
0 0.18248990772779705 0.5517922794117648 0.16267541330257593 0.5120925245098039 0.13975874663590926 0.5306862745098039 0.15957324106113038 0.5703860294117648
0 0.18383907773028477 0.4336216839677048 0.1714859386661239 0.3818708549596309 0.14591672885994075 0.39179282006920413 0.1582698679241016 0.443543649077278
0 0.19367660618881025 0.28817643499308443 0.17353992080926425 0.24382996196403878 0.14912842730453177 0.2618494986168742 0.16926511268407776 0.30619597164591983
0 0.3122486173956763 0.37287660256410254 0.28887003519356463 0.35300480769230774 0.26712543991955756 0.3945913461538462 0.2905040221216692 0.414463141025641
0 0.3060604391569362 0.5583450374531835 0.27892524050818834 0.5367216760299627 0.2579496217962841 0.5795119382022472 0.285084820445032 0.6011352996254683
0 0.3373763430079309 0.6691177560397213 0.3127103331328085 0.6403642359567215 0.2896296320514274 0.6725509948866164 0.3142956419265498 0.7013045149696161
0 0.3037244084321752 0.755579006495818 0.2792250731935415 0.7290751801922053 0.25653856488315213 0.7631657100907636 0.28103790012178576 0.7896695363943763
0 0.33980950103618685 0.8623348577235771 0.31236051331101544 0.8343368902439023 0.28900645624103294 0.8715574186991869 0.31645544396620434 0.8995553861788618
0 0.300641513782417 0.9216436125555195 0.2733133877535415 0.9031552987216988 0.2553299729598264 0.9463673694615967 0.28265809898870187 0.9648556832954177
0 0.18026317972197348 0.965114741962775 0.15357610895458015 0.9258539551607446 0.12552047045552572 0.9568554357021998 0.15220754122291902 0.9961162225042302
0 0.44327249152204273 0.784617182824656 0.42189747832107116 0.73124644673848 0.3949770303094308 0.7487733767205267 0.4163520435104024 0.8021441128067026
0 0.43880635303040455 0.8887069823663256 0.4126982533627786 0.8668618458475542 0.39198705079301355 0.9071007536973835 0.4180951504606395 0.9289458902161549
0 0.44702003259305495 0.6335170755968171 0.4239090861808915 0.5906567749778958 0.39799067283854306 0.613375884173298 0.42110161925070644 0.6562361847922193
0 0.4485800183965229 0.49525933267261313 0.42836975391411947 0.44715890320449286 0.4010275980230217 0.46583457218368024 0.4212378625054251 0.5139350016518005
0 0.4497549019607845 0.3526041666666668 0.4244607843137256 0.3096041666666667 0.3986437908496733 0.3342916666666667 0.4239379084967321 0.37729166666666675
0 0.4560240930824232 0.24116296140939592 0.43088344957669883 0.19795931208053694 0.4033894262402949 0.22396777125279638 0.4285300697460193 0.2671714205816554
0 0.44960699452081987 0.10457547362404057 0.42153860564313916 0.08578719581904298 0.4020280331632897 0.13317001469867715 0.4300964220409706 0.15195829250367474
0 0.5989755046561397 0.18561485988200593 0.5698818612990919 0.15315726401179947 0.5450575510440164 0.18932983038348092 0.5741511944010642 0.2217874262536874
0 0.5957433045524789 0.04988476138828642 0.5642598145548892 0.028757682574114322 0.5444729771879829 0.07669129609544474 0.5759564671855727 0.09781837490961684
0 0.5983155517108804 0.32593443627450996 0.5706939638600538 0.30352328431372555 0.5493151672433678 0.34635723039215693 0.5769367550941945 0.36876838235294135
0 0.6024881776533215 0.5219039263554064 0.5804717370622341 0.46684165522327337 0.5512529393814285 0.48583387371579706 0.5732693799725158 0.54089614484793
0 0.5965555423047746 0.8610956242608547 0.5742074790720479 0.8140189432336544 0.5458918024043542 0.8358704489778681 0.5682398656370811 0.8829471300050683
0 0.5993531433191833 0.6561265034364262 0.5687664240954113 0.6387940292096221 0.549781854322485 0.6932560137457046 0.580368573546257 0.7105884879725086
0 0.7222969472341783 0.5503366361788617 0.6961800573888093 0.4988744918699188 0.6669625777140126 0.5229789126016262 0.6930794675593814 0.5744410569105691
0 0.7158137671204361 0.6918026804670911 0.6876509096207484 0.6722166932059448 0.6644212355855292 0.7265160562632696 0.692584093085217 0.746102043524416
0 0.7110212418300653 0.8698229166666669 0.6934650134563629 0.8148799019607843 0.6658266051518646 0.8292365196078432 0.6833828335255671 0.8841795343137256
0 0.7181837025575326 0.39324242504596235 0.6924672994639801 0.3415376184415218 0.6667656279029784 0.36231836020364877 0.6924820309965309 0.4140231668080893
0 0.7148646954884229 0.21625253352042417 0.6949393025061599 0.15762589647645786 0.6656490550694864 0.17380875818521985 0.6855744480517495 0.23243539522918616
0 0.7132334202794268 0.05356699159021415 0.690501888828926 -0.0002580275229357554 0.6614161719733765 0.019710435779816453 0.6841477034238773 0.07353545489296635
0 0.8406322392597927 0.18187860804220163 0.8265608746733492 0.12705891684084805 0.7950771081797904 0.14019623395043304 0.8091484727662341 0.1950159251517866
0 0.8869954513336868 0.435057713963964 0.8612711976682568 0.38913992117117113 0.8346471471471472 0.4133868243243244 0.8603714008125772 0.45930461711711723
0 0.8836908944204047 0.30056938880796297 0.8559415299258816 0.2688177121267297 0.8328761918702903 0.30158696740713764 0.8606255563648134 0.33333864408837083
0 0.8823529411764708 0.6260416666666669 0.8553921568627451 0.5916666666666668 0.8300653594771242 0.6239583333333335 0.8570261437908498 0.6583333333333335
0 0.8753314493057011 0.7760435201660737 0.8490481008536276 0.7655712485172006 0.8353176679924641 0.8215914145907475 0.8616010164445376 0.8320636862396207
0 0.8446375628410606 0.9293165631848067 0.8191027872069208 0.918154218407597 0.8049196851859809 0.9708976290479671 0.8304544608201208 0.9820599738251767
0 0.9685457516339869 0.6562500000000002 0.9477124183006536 0.6562500000000002 0.9477124183006536 0.7192708333333335 0.9685457516339869 0.7192708333333335
0 0.9714052287581701 0.5421875000000003 0.9474633349274669 0.5387957317073173 0.9427506775067751 0.5928734756097563 0.9666925713374783 0.5962652439024392
0 0.9791554662906722 0.4293730600103467 0.9577302036524216 0.37756455854457666 0.9305090634287857 0.39586458872219354 0.9519343260670367 0.4476730901879636
0 0.9751134223900243 0.20664132675975846 0.9449729283351427 0.16071383002613107 0.9189987606997724 0.18842402621264095 0.9491392547546538 0.23435152294626835
0 0.9641964628988849 0.061243872549019626 0.9415609381007305 0.013143382352941125 0.9181324490580546 0.031066176470588167 0.9407679738562091 0.07916666666666666
0 0.977062771417292 0.8947993568232665 0.9569137386498224 0.8909934284116333 0.9510906040268456 0.9411087807606268 0.9712396367943152 0.9449147091722598