0 0.04567721993255902 0.04901074840764332 0.02087808584155531 0.04788150212314225 0.01906300736855252 0.11267980360934185 0.04386214145955623 0.1138090498938429
0 0.13144103598450638 0.02476597151142957 0.11265980291809659 0.021676155748891184 0.10700022076384288 0.07759990191061071 0.12578145383025266 0.0806897176731491
0 0.2426470588235294 0.004166666666666703 0.2173202614379085 0.004166666666666701 0.2173202614379085 0.05833333333333336 0.2426470588235294 0.05833333333333337
0 0.25907201717830797 0.19980022226926333 0.2546774778214983 0.16169956604572397 0.24127076035042863 0.16421332557154952 0.24566529970723827 0.20231398179508892
0 0.3058669506053788 0.23261185109289623 0.2840994321225758 0.2300887978142077 0.2805535465552341 0.2798198428961749 0.3023210650380371 0.2823428961748634
0 0.44189734717416385 0.26715686274509814 0.4168108419838523 0.2591605392156863 0.4068867743175701 0.30977328431372547 0.43197327950788167 0.3177696078431373
0 0.4141342776731096 0.082519647093713 0.39013037006024237 0.07295559015421121 0.3784860326099597 0.12046448695136423 0.402489940222827 0.13002854389086602
0 0.5361432806716211 0.06667976655102638 0.5102581217511577 0.05867889924833771 0.5003663361846616 0.11070350896212781 0.526251495105125 0.11870437626481649
0 0.5598105013817607 0.22151496085011194 0.5342698600693072 0.2157683165548099 0.5267606483309206 0.27002237136465335 0.5523012896433741 0.2757690156599554
0 0.5823327458324152 0.36316713483146074 0.5554821179408093 0.35526685393258434 0.5453959205405008 0.4109930945692885 0.5722465484321069 0.4188933754681649
0 0.42921966083730795 0.3925112612612614 0.40345124536301014 0.3870354729729731 0.3969152976505918 0.437035472972973 0.4226837131248896 0.4425112612612613
0 0.35291582150101425 0.4550754310344828 0.3279665314401623 0.4524245689655172 0.32377732702276313 0.5165193965517241 0.3487266170836151 0.5191702586206897
0 0.16294639218946097 0.29523716749792184 0.16042919661630237 0.23104868038237739 0.1355322885596466 0.23263585827098918 0.1380494841328052 0.29682434538653363
0 0.20428795805665484 0.47466920847586475 0.17656980123862548 0.4673573498669708 0.16661496411563492 0.5287040336374003 0.19433312093366428 0.5360158922462941
0 0.07824309987521787 0.3400629906083543 0.047166771109901834 0.328056227221755 0.0314350088227049 0.394247617045136 0.06251133758802094 0.4062543804317354
0 0.08730033845330301 0.44483170959929547 0.060591343538736554 0.44036561536767943 0.05415900398027996 0.5029000165125496 0.08086799889484642 0.5073661107441656
0 0.10752425240808108 0.6477033498638664 0.09988245589951265 0.577064493387787 0.07048070103187133 0.5822351468300274 0.07812249754043975 0.6528740033061068
0 0.23048366013071897 0.7678291666666668 0.22111764705882356 0.70215 0.19595424836601305 0.7079833333333333 0.20532026143790852 0.7736625000000001
0 0.1359332095757435 0.8667110453648915 0.1324003171288239 0.8013966962524653 0.10472599296128707 0.803830128205128 0.10825888540820668 0.8691444773175543
0 0.37954388976164155 0.7112138353115728 0.37733970442776515 0.6536019411473788 0.3492004615891856 0.6553520647873392 0.35140464692306195 0.7129639589515332
0 0.4708303758909297 0.5606499811463048 0.46879898263981323 0.5062594268476622 0.4459555126726407 0.5076463518099549 0.4479869059237572 0.5620369061085974
0 0.4993364688217629 0.7802322635135135 0.49510355944179474 0.7460515202702701 0.48434243066596 0.7482179054054053 0.4885753400459283 0.7823986486486487
0 0.6219117647058823 0.7526458333333333 0.6164624183006535 0.7040104166666665 0.6014215686274509 0.7067499999999999 0.6068709150326796 0.7553854166666666
0 0.6008696661795857 0.5680757149046796 0.5767931378212753 0.5667966493356443 0.5748462296530398 0.6263720392836511 0.5989227580113502 0.6276511048526864
0 0.6573034020572651 0.8360589357809741 0.6300179231420048 0.8312271322230634 0.6240419963089955 0.8860861405500884 0.6513274752242558 0.8909179441079992
0 0.541563004741312 0.9905560322556834 0.534728373191615 0.9320467043105993 0.511150079311323 0.9365240718187187 0.5179847108610199 0.9950333997638027
0 0.42164333844586416 0.9563845315137872 0.4076592792434926 0.9129246975239167 0.3853894258885321 0.9245735438942038 0.3993734850909037 0.9680333778840743
0 0.36645040369088816 0.7727512254901961 0.3399365628604384 0.7652389705882353 0.3304786620530566 0.8195036764705883 0.35699250288350637 0.827015931372549
0 0.2564530113490683 0.8796380333792155 0.2317638399704916 0.8771528733654509 0.22802495625458266 0.9375358453773802 0.2527141276331593 0.9400210053911449
0 0.1601906292643168 0.9382555853962323 0.13079756268068504 0.9341820897555659 0.12530451227665296 0.9986155709948623 0.1546975788602847 1.0026890666355286
0 0.06150762642995563 0.8133568012752391 0.038751189459134694 0.7538008103081828 0.01440547880505375 0.7689232421183139 0.03716191577587468 0.8284792330853702
0 0.032980408745562594 0.8623413705583757 0.006214541654225216 0.8599037648054145 0.0028698450615441593 0.9196065989847715 0.02963571215288154 0.9220442047377326
0 0.7025664863646608 0.2742672413793104 0.6987745098039215 0.21625000000000003 0.6758536173089925 0.21868534482758625 0.6796455938697318 0.27670258620689664
0 0.745953296033649 0.4479758420063603 0.7184079327018461 0.4394618206128939 0.7092502366659297 0.4876255782017925 0.7367955999977326 0.49613959959525883
0 0.7158026330270182 0.5166284202525727 0.6910731044834524 0.5041630125506705 0.676888638211755 0.5499079162768944 0.7016181667553208 0.5623733239787966
0 0.8717065276216643 0.7277355360934182 0.8698607468465092 0.6618411624203823 0.8438376836934348 0.6630261411889598 0.84568346446859 0.7289205148619957
0 0.7492937803828531 0.8245688760379596 0.74461860070244 0.7878102758007118 0.7327637638685368 0.7902613434163701 0.7374389435489499 0.8270199436536179
0 0.8392130347744237 0.43738590263691696 0.8132913070569677 0.43287905679513194 0.8076187540601096 0.485917427315754 0.8335404817775656 0.490424273157539
0 0.8078787004998079 0.280797794117647 0.7901163014225299 0.22701102941176465 0.7672885428681278 0.23926593137254895 0.7850509419454058 0.2930526960784313
0 0.9245098039215686 0.35906249999999995 0.9221602434077079 0.308135775862069 0.9075529637142212 0.3092313218390805 0.9099025242280819 0.36015804597701145
0 0.9451319913727506 0.45073326265741465 0.9325463865834179 0.4502875224877924 0.9316279775852774 0.4924424955024416 0.9442135823746102 0.49288823567206386
0 0.9798239298837714 0.5727271398503275 0.9517341431427575 0.5585679275802934 0.9373028210348686 0.6051089413782352 0.9653926077758824 0.6192681536482695
0 0.8957579185520362 0.06847756410256427 0.8689605329311212 0.0642067307692309 0.8632038712921066 0.12292467948717963 0.8900012569130216 0.12719551282051297