0 0.03330145066156543 0.3186966463414634 0.019658855412083533 0.2512936991869919 -0.002122190339550457 0.25846036585365856 0.01152040490993144 0.32586331300813004
0 0.18645762902862295 0.22636494252873565 0.16586375929682218 0.1607219827586207 0.1374098489970701 0.17523347701149425 0.15800371872887087 0.2408764367816092
0 0.24862343905435402 0.34536837658089836 0.22098212376969972 0.2810121838203228 0.194973726516337 0.2991716183311528 0.22261504180099131 0.3635278110917284
0 0.22652129348689 0.47995614947310045 0.21522476156297238 0.41082137409872443 0.1874605776864268 0.4181962354409318 0.1987571096103444 0.4873310108153079
0 0.07188631822155617 0.5151688561571125 0.05651565297031764 0.4485370222929935 0.030086955164231308 0.45844778397027597 0.04545762041546982 0.5250796178343949
0 0.11127506336665131 0.5620042845755281 0.09440442511533645 0.5180064268632922 0.07672542246605037 0.5290263385146805 0.09359606071736522 0.5730241962269165
0 0.2621653684304773 0.6801655251141553 0.23629857194019166 0.6076091609589043 0.2070295012982362 0.6245719178082194 0.2328962977885218 0.6971282819634704
0 0.09626242490654605 0.7586807619896948 0.09477318473961126 0.6808307322631787 0.06809727953805382 0.6816602878517638 0.06958651970498861 0.7595103175782799
0 0.13909581299768817 0.9608328784570597 0.13111496418072327 0.8845160116448326 0.10355481348288953 0.8892012372634643 0.11153566229985445 0.9655181040756914
0 0.3138478720273921 0.9929976693951797 0.2922704393262534 0.9260138130968624 0.2632091012848978 0.9412320941336972 0.2847865339860364 1.0082159504320145
0 0.5094853907915898 0.7478950334057797 0.47594347849419083 0.7041787410448364 0.4508632983097449 0.7354608136118491 0.4844052106071439 0.7791771059727924
0 0.48936677410690305 0.8681178652968037 0.4595756110663445 0.8641195776255709 0.4537783149789597 0.9343393264840183 0.48356947801951833 0.9383376141552512
0 0.6865388312187619 0.8721813725490196 0.6733227604767396 0.8047794117647058 0.6439109957708573 0.8141544117647058 0.6571270665128797 0.8815563725490195
0 0.6487012579527133 0.6429883677991138 0.6465000820613819 0.570019387001477 0.6197673801179753 0.5713303175775479 0.6219685560093067 0.6442992983751846
0 0.8152926468441077 0.45488563567674123 0.7839009344429845 0.45385936815593525 0.7822744625664545 0.534735682216382 0.8136661749675779 0.5357619497371879
0 0.8435666332560713 0.7196468982960597 0.8163552694773331 0.718259118743344 0.8141972843450479 0.7870448948349309 0.8414086481237862 0.7884326743876465
0 1.0035874464728416 0.768278735632184 0.9896969799414016 0.6812028735632185 0.9555828262339418 0.6900494252873564 0.9694732927653817 0.7771252873563219
0 0.4325980392156863 0.3593750000000001 0.40604575163398693 0.3593750000000001 0.40604575163398693 0.4213541666666668 0.4325980392156863 0.4213541666666668
0 0.41830065359477125 0.4854166666666668 0.3937908496732027 0.4854166666666668 0.3937908496732027 0.5541666666666667 0.41830065359477125 0.5541666666666667
0 0.38321644729511833 0.34334459097244563 0.3711524574448628 0.2736750495872199 0.34949161931310535 0.2797724348665166 0.3615556091633609 0.34944197625174234
0 0.34610253493662657 0.1685202578268877 0.3411409923085256 0.09788029465930022 0.319172985953129 0.10038858195211788 0.32413452858122993 0.17102854511970536
0 0.1492558735205794 0.04493243243243243 0.1426205617382088 -0.005827702702702701 0.11519607843137254 0 0.12183139021374315 0.05076013513513513
0 0.5597687280040221 0.12169230769230767 0.5566151332327802 0.04931730769230768 0.5308006535947711 0.05114583333333333 0.533954248366013 0.12352083333333332
0 0.5951708059169843 0.2896499158957107 0.5801570908711117 0.22647970984020188 0.5570057361324121 0.23542455144379035 0.5720194511782846 0.29859475749929915
0 0.6204755465404552 0.48650502873563234 0.6159792652693261 0.4177119252873564 0.5966080685147622 0.4197701149425288 0.6011043497858913 0.48856321839080474
0 0.772533699808437 0.30194000554663 0.7715776655700917 0.22148972438987075 0.7400935089053602 0.22209794105271213 0.7410495431437055 0.30254822220947136
0 0.9190734852499559 0.23924549549549548 0.9088941883059531 0.16137387387387384 0.8821321321321322 0.1670608108108108 0.8923114290761349 0.24493243243243246
0 0.7285162141779788 0.004603365384615484 0.6931215434891905 -0.0077043269230768095 0.6808006535947712 0.04989583333333343 0.7161953242835595 0.06220352564102572
0 0.9614546094680967 0.49678291896869253 0.9456275051457047 0.4236320211786372 0.920756599140577 0.4323797191528545 0.9365837034629688 0.5055306169429098