0 0.05130271286596831 0.17495005707762562 0.03406191243620736 0.11633133561643835 0.006798952457695411 0.12936643835616438 0.02403975288745636 0.18798515981735164
0 0.05127320261437908 0.36096749999999994 0.037474509803921564 0.30064749999999996 0.010854901960784313 0.3105466666666666 0.02465359477124183 0.37086666666666657
0 0.05432775093040049 0.5256447710103872 0.0338496824603307 0.47016200424929183 0.00790146086763318 0.4857309372049104 0.028379529337702963 0.5412137039660058
0 0.041130933247615985 0.7654030054644808 0.03675131254687667 0.703978825136612 0.010490330011786128 0.7070227117486338 0.014869950712525441 0.7684468920765026
0 0.05549252506432446 0.9478334747360483 0.02353421760861217 0.9249754901960785 0.0005218037441221445 0.9772787047511314 0.03248011119983443 1.0001366892911012
0 0.18491368329711097 0.03423670320747059 0.15882910208338308 0.015612312220868896 0.13901128864050696 0.06073322675598867 0.16509586985423483 0.07935761774259036
0 0.18900835765283874 0.2013468055007238 0.1721572626945238 0.14524670186866692 0.14333171418323876 0.15932215587577314 0.16018280914155372 0.21542225950783
0 0.17662782599378551 0.32396140710382515 0.17431667202400086 0.2665003415300546 0.14945328404585878 0.26812602459016394 0.1517644380156434 0.32558709016393445
0 0.23235149517033954 0.3729443215339233 0.2078814564173752 0.33728797935103244 0.18364639366070912 0.3643252212389381 0.20811643241367345 0.39998156342182895
0 0.2259831197979987 0.5023309154742979 0.21039010463750946 0.45660439851616325 0.18229345262217234 0.47217971648118706 0.19788646778266158 0.5179062334393217
0 0.18434070876056843 0.5425936544342508 0.16660670384361695 0.5006020642201835 0.13778894585357077 0.5203865634556575 0.15552295077052228 0.5623781536697248
0 0.2146897747562149 0.6350204084260405 0.1889120656503228 0.6121133987433045 0.16807141068211387 0.650238205603626 0.19384911978800595 0.6731452152863618
0 0.17202707138168222 0.7395401200873362 0.16601556925535862 0.6820551310043668 0.1409706167765505 0.6863127729257641 0.1469821189028741 0.7437977620087336
0 0.17516339869281047 0.8331250000000001 0.15629084967320264 0.7850000000000001 0.13129084967320265 0.8009375000000001 0.15016339869281048 0.8490625000000002
0 0.20220588235294126 0.8765625 0.17361111111111122 0.8765625 0.17361111111111122 0.9354166666666667 0.20220588235294126 0.9354166666666667
0 0.31984597024247696 0.15971096416382255 0.2957892770304937 0.15610246018202506 0.29001734368377613 0.21865578782707626 0.3140740368957594 0.2222642918088738
0 0.31404213036565976 0.6444222972972973 0.3004243949832185 0.5896632882882884 0.275419537184243 0.5997719594594595 0.2890372725666843 0.6545309684684686
0 0.31701138855118094 0.8334643282988872 0.29980270062449993 0.7791340421303657 0.2763319980880534 0.7912191971383148 0.2935406860147345 0.8455494833068362
0 0.46405228758169936 0.014062500000000071 0.43709150326797386 0.014062500000000068 0.43709150326797386 0.07447916666666672 0.46405228758169936 0.07447916666666672
0 0.4962644544997486 0.15801923076923075 0.49375188536953246 0.10035576923076922 0.46694193061840134 0.10225480769230769 0.46945449974861747 0.15991826923076918
0 0.4937968837398188 0.3558952471668621 0.4686951666168618 0.3150003663540446 0.44166542154180943 0.34197135111371646 0.4667671386647665 0.38286623192653385
0 0.48064902817022004 0.5613104985443959 0.4740952421725605 0.49863991994177576 0.4495319233952679 0.5028156841339155 0.4560857093929275 0.5654862627365357
0 0.48482062384580976 0.7122167309546771 0.46463607943981206 0.6589079074252652 0.4371391677854042 0.675832730633237 0.4573237121914019 0.7291415541626487
0 0.48316186878148293 0.8769025345010615 0.47062075891927896 0.8225368232484075 0.44600557845218747 0.8317675159235668 0.4585466883143915 0.8861332271762208
0 0.6439852617156399 0.11302673512747881 0.6282378862782129 0.07036118980169975 0.6037651132218704 0.08504485363550517 0.6195124886592975 0.12771039896128425
0 0.6029411764705882 0.21718750000000012 0.5804738562091504 0.21718750000000012 0.5804738562091504 0.2812500000000001 0.6029411764705882 0.2812500000000001
0 0.6038292700910609 0.42004012221326903 0.5810640533409174 0.41672290491539093 0.5759961921916229 0.47326123086220806 0.5987614089417664 0.4765784481600861
0 0.6044068298460324 0.5825685123042507 0.5797275957362812 0.577906879194631 0.5723231126902664 0.6416317114093961 0.5970023468000176 0.6462933445190159
0 0.6076028450595925 0.7731004901960785 0.5838619761630142 0.7655330882352942 0.5711264898116108 0.830484068627451 0.5948673587081892 0.8380514705882355
0 0.771338333527032 0.2882325183460344 0.7645623377773351 0.2294846351961614 0.737490176708561 0.23456066539655657 0.744266172458258 0.29330854854642957
0 0.7728758169934641 1.1882900972976663e-16 0.7459150326797386 1.1672414804373209e-16 0.7459150326797386 0.053645833333333455 0.7728758169934641 0.053645833333333455
0 0.8506415444775111 0.10503686341136 0.8492115488699047 0.04760466482087423 0.8267733261607353 0.04851287859719775 0.8282033217683414 0.1059450771876835
0 0.8833540124210125 0.16706258644536653 0.8736887424402678 0.1072069502074689 0.8512014210940253 0.11310987206085758 0.8608666910747701 0.1729655082987552
0 0.853240881844966 0.3085270941278066 0.8505071285854585 0.25450129533678756 0.824602932710217 0.2566321243523316 0.8273366859697248 0.31065792314335067
0 0.8506951647157602 0.47604743912678416 0.8434535569055498 0.41801112510495375 0.8174027839515319 0.4232952875734676 0.8246443917617424 0.48133160159529803
0 0.7988192132198791 0.490998427672956 0.7758262424466643 0.464125393081761 0.7554615242323346 0.49245086477987415 0.7784544950055495 0.5193238993710692
0 0.7724473714754123 0.7254260312615611 0.7605928053796436 0.6690899001109877 0.7362974509078511 0.6774006890492045 0.7481520170036199 0.733736820199778
0 0.888793854935397 0.5460261875761266 0.8694079235429455 0.5018885759236702 0.8462589461281876 0.5184169457978075 0.8656448775206391 0.562554557450264
0 0.8513461201035223 0.682496504474273 0.8446763828573935 0.6250950782997763 0.8222918585778831 0.6293232662192395 0.828961595824012 0.6867246923937362
0 0.7787588396014143 0.9340718920765028 0.7740845655201971 0.8685151980874316 0.7450980392156863 0.871875 0.7497723132969034 0.9374316939890711
0 0.8837608370427597 0.9417370231394622 0.8793156568443513 0.8765595684803001 0.8521341463414634 0.8795731707317073 0.8565793265398717 0.9447506253908693