0 0.03635620915032682 0.24427083333333333 0.006535947712418324 0.24427083333333333 0.006535947712418327 0.296875 0.03635620915032682 0.296875
0 0.09051507878393408 0.40511540456431544 0.05555555555555558 0.39322916666666674 0.04537873240582542 0.44188710235131407 0.08033825563420392 0.4537733402489627
0 0.13279977270997143 0.552327891014975 0.10228105662675502 0.5215607667775929 0.08326182941285226 0.552229270660011 0.11378054549606866 0.5829963948973931
0 0.17738167364324015 0.705901802434457 0.1432001358595873 0.6953821395131087 0.13377671293236398 0.7451580056179774 0.16795825071601683 0.7556776685393257
0 0.2373027479868559 0.8944924033149171 0.19922904705160152 0.8508028314917128 0.17664211172498465 0.8828009898710866 0.21471581266023906 0.9264905616942909
0 0.3467092911371611 0.5896003515858769 0.31260795461212615 0.5820751047277081 0.3045302800952817 0.6415806403351285 0.33863161662031666 0.6491058871932973
0 0.388904058528805 0.7691022877984083 0.37860604011719634 0.7067349137931036 0.3465515074287894 0.7153390251989392 0.35684952584039803 0.7777063992042439
0 0.4102918247555054 0.8269510093549977 0.37995083557795356 0.8254631339241754 0.3781907396144081 0.8838103151157066 0.40853172879196 0.8852981905465289
0 0.4506225437230539 0.947163273230686 0.4178567361574561 0.9435824385467314 0.41422793455577817 0.997560862371691 0.44699374212137594 1.0011416970556455
0 0.29697712418300654 0.4375 0.2679738562091503 0.4375 0.2679738562091504 0.49635416666666665 0.2969771241830066 0.49635416666666665
0 0.2405667944120679 0.2964247854933653 0.21320876200425293 0.2505805397585553 0.18670134670649657 0.2762956138381722 0.2140593791143116 0.3221398595729822
0 0.20716751119923627 0.15466994382022475 0.16916354556803995 0.12438553370786522 0.14862396269369174 0.1662862827715356 0.18662792832488806 0.19657069288389514
0 0.15830804482030833 0.019722266496652877 0.1265283793891587 0.018998711614068662 0.1256926344015451 0.07867090372967804 0.15747229983269473 0.07939445861226227
0 0.396974351580753 0.010270314856711978 0.36922651790731376 0.00951758107088995 0.3681947401886848 0.07134686085972856 0.39594257386212406 0.07209959464555059
0 0.4508584715937657 0.1866522435897437 0.42103946706887885 0.18454006410256418 0.4185583207642032 0.24148237179487186 0.44837732528909 0.24359455128205135
0 0.5095192677372608 0.46262961915535444 0.5085887824209623 0.4068702865761689 0.4793553884600597 0.4076633201357466 0.4802858737763582 0.4634226527149321
0 0.5546393615030745 0.5385041337611057 0.5254145052229514 0.5376760961665022 0.5245263373529735 0.5886347277064825 0.5537511936330967 0.589462765301086
0 0.5895079509467018 0.6507603092783505 0.559990061316623 0.6490496134020619 0.5579475776564923 0.7063412800687286 0.5874654672865711 0.7080519759450173
0 0.6394776047673971 0.8514246323529413 0.6255265226044282 0.7929795631487889 0.5967550659248706 0.8041441392733565 0.6107061480878397 0.8625892084775086
0 0.8256231595709698 0.8838188359713587 0.8026050961179647 0.829524978801583 0.7772549758550489 0.8469960076314303 0.8002730393080539 0.9012898648012059
0 0.766748366013072 0.6609375000000001 0.7381535947712419 0.6609375 0.7381535947712419 0.7151041666666668 0.766748366013072 0.7151041666666669
0 0.7160947712418301 0.5119791666666668 0.6850490196078431 0.5119791666666668 0.6850490196078431 0.5677083333333334 0.7160947712418301 0.5677083333333334
0 0.6664980111794494 0.3708654490616622 0.6294967495487919 0.35251899016979454 0.6161346352660815 0.3963276362823951 0.653135896896739 0.4146740951742628
0 0.6068401668441603 0.24615531815761443 0.6051056871097746 0.19086877662406818 0.5771112625028711 0.19229649227902026 0.5788457422372569 0.24758303381256652
0 0.57331941532085 0.05047490619136969 0.5429649658487535 0.04710952157598506 0.5389275159719924 0.10630863039399632 0.5692819654440888 0.10967401500938094
0 0.7201614266396213 0.036855244252873676 0.690563725490196 0.03463541666666678 0.6877817218841559 0.0949353448275863 0.7173794230335812 0.09715517241379319
0 0.7819178542693075 0.24042299044406962 0.7761294624651435 0.18349002248454185 0.7461324383603919 0.18844786396852165 0.751920830164556 0.2453808319280494
0 0.8001645044622048 0.41840350078084326 0.7852072722200106 0.3591846694429985 0.7548077577378339 0.371666503990977 0.7697649899800281 0.4308853353288218
0 0.8899549657261278 0.49401676829268304 0.8562270843296668 0.4741692073170733 0.8396919336840427 0.5198475609756098 0.8734198150805037 0.5396951219512196
0 0.8849053965514488 0.609126426242869 0.8498262141042238 0.5945644865525673 0.8380583121594197 0.6406484311328445 0.8731374946066447 0.6552103708231461
0 0.9467614914818385 0.6715590846994536 0.9165461266473802 0.6394552595628415 0.8935430729668916 0.674649931693989 0.92375843780135 0.7067537568306012
0 0.9164247811692141 0.7558942109997431 0.8863327135017462 0.7548284502698536 0.885116671957912 0.8106447571318429 0.91520873962538 0.8117105178617323
0 0.9836287078934137 0.8263621794871796 0.9533496732026143 0.8158333333333334 0.9425936400201106 0.8661177884615386 0.97287267471091 0.8766466346153848
0 0.9633043159792655 0.9666002155172413 0.9607913567725942 0.9121318247126435 0.932510705431598 0.9142528735632182 0.9350236646382691 0.9687212643678159
0 1.0032575662961576 0.31235071656050944 0.9668519212355855 0.28703224522292986 0.9483524832438283 0.33027468152866235 0.9847581283044001 0.355593152866242
0 0.920547716298248 0.0975169769742761 0.8844121791548064 0.0953740555855371 0.8822138362450576 0.15563613059902873 0.9183493733884992 0.1577790519877677