0 0.24430915764395983 0.1300323784436396 0.21047642797652488 0.12124526671056968 0.1994536070382494 0.19023810503786637 0.2332863367056844 0.1990252167709363
0 0.2754241418606555 0.2998079062294002 0.24398914696619148 0.2976217452208306 0.2409957033791324 0.3675934890683367 0.2724306982735964 0.3697796500769063
0 0.07924836601307195 0.4328125 0.04616013071895429 0.4328125 0.04616013071895429 0.4979166666666667 0.07924836601307195 0.4979166666666667
0 0.05234032876660943 0.3098726685796269 0.013903540852017492 0.2725340746054519 -0.012399663356495165 0.31655084289813484 0.026037124558096772 0.35388943687230984
0 0.11903908535349154 0.5627084871984246 0.08513687355789196 0.5610459748892173 0.08318972591498447 0.6255939192516002 0.11709193771058406 0.6272564315608076
0 0.1582725999219776 0.6865185126077242 0.12479855491510368 0.6720236195339929 0.10944726597948473 0.7296549167464623 0.14292131098635863 0.7441498098201936
0 0.1885316793222497 0.8163375666020829 0.15742696327743994 0.801135136635182 0.1421790238659443 0.8518511090255914 0.1732837399107541 0.8670535389924922
0 0.21507352941176472 0.9346354166666667 0.17818627450980395 0.9189583333333332 0.1648692810457517 0.9698958333333333 0.20175653594771245 0.9855729166666666
0 0.4121918877961279 0.834523692166141 0.383487582730253 0.8301319334910621 0.37802699944331053 0.8881506309148265 0.40673130450918543 0.8925423895899054
0 0.38441176470588245 0.7058750000000001 0.35525816993464054 0.6991166666666667 0.34634313725490196 0.7616333333333334 0.37549673202614386 0.7683916666666667
0 0.35510620915032687 0.5714062500000001 0.3249303152633603 0.5684466911764707 0.3210495963091119 0.6327696078431374 0.3512254901960785 0.6357291666666668
0 0.3158736117458452 0.49049898261191266 0.3141820453671665 0.42579656862745097 0.28107612819452604 0.4272035701072882 0.2827676945732048 0.49190598409174996
0 0.5581418086360227 0.36404030054644815 0.5210476267009537 0.34334870218579244 0.5023813350476803 0.3977476092896176 0.5394755169827493 0.4184392076502733
0 0.5219771241830066 0.42166666666666686 0.48674836601307186 0.3879791666666668 0.4662581699346405 0.42281250000000015 0.5014869281045751 0.4565000000000002
0 0.4578487716925851 0.28293462643678163 0.4489622691537737 0.21353659567275188 0.4163433493749088 0.22032665652467884 0.4252298519137201 0.2897246872887086
0 0.42116013071895425 0.06302083333333339 0.3868464052287582 0.06302083333333339 0.3868464052287582 0.1333333333333334 0.42116013071895425 0.1333333333333334
0 0.5635787929502675 0.6005228090972955 0.532419919144335 0.591035629610116 0.5216001363664539 0.6488031260976468 0.5527590101723864 0.6582903055848263
0 0.6137940922388949 0.7966164152165867 0.5827253522660454 0.7888492302233742 0.5741924438540073 0.8443344671726523 0.6052611838268567 0.8521016521658648
0 0.4460784313725491 0.9473958333333333 0.41299019607843146 0.9473958333333333 0.41299019607843146 0.9994791666666667 0.4460784313725492 0.9994791666666667
0 0.6613562091503269 0.959375 0.6123366013071896 0.959375 0.6123366013071897 0.9994791666666667 0.661356209150327 0.9994791666666667
0 0.8070481397687281 0.822255608974359 0.774132730015083 0.8138621794871794 0.7645330568124685 0.8750600961538461 0.7974484665661137 0.8834535256410256
0 0.7614352157035085 0.6163823884860471 0.7279045544827467 0.6140504834102395 0.7251768895868609 0.6778096503515713 0.7587075508076228 0.6801415554273789
0 0.6736550265812884 0.2692074459093984 0.6307255829985814 0.2617435767410414 0.6244440135756804 0.3204762508451657 0.6673734571583874 0.32794012001352274
0 0.7190722669227889 0.434543380314233 0.6850242530776944 0.4291913123844733 0.6787368767593298 0.4942132624768948 0.7127848906044242 0.4995653304066545
0 0.6354279751904884 0.16462892437364698 0.6074242796407148 0.11218762887926606 0.579899079953664 0.1360818447778123 0.6079027755034377 0.18852314027219322
0 0.8559957365809127 0.16411527984150584 0.8273028775650924 0.15824387072808338 0.8190120934456001 0.22410777303120372 0.8477049524614205 0.22997918214462623
0 0.8033624101145622 0.01498005246099771 0.7728456577093593 0.012857751043726773 0.7700905263225923 0.07725894720940465 0.8006072787277954 0.07938124862667559
0 0.906062091503268 0.37693750000000015 0.8691748366013071 0.3702187500000001 0.8605964052287581 0.4467812500000001 0.8974836601307189 0.4535000000000001
0 0.9677321577400536 0.6042948825503357 0.9400042768785366 0.6031357662192395 0.9385468482695092 0.6598115212527965 0.9662747291310262 0.6609706375838926
0 0.9018607415123306 0.6749350916026285 0.8701975360809209 0.650884529179196 0.8490910981833428 0.6960560752867804 0.8807543036147527 0.7201066377102128
0 1.0018736897274634 0.7527584512578619 0.9710639412997902 0.7473667452830192 0.9642573066962634 0.8105955188679249 0.9950670551239365 0.8159872248427676