0 0.06462493254182407 0.07638570336391436 0.042378725190381966 0.0237098623853211 0.011246776998261078 0.04508314220183486 0.03349298434970317 0.09775898318042812
0 0.06058456329516138 0.2044621297488732 0.03439026930798076 0.18045751502468346 0.008642086368782352 0.22613255258639195 0.034836380355962974 0.25013716731058167
0 0.05321136061616906 0.3696511929460582 0.0278498155832181 0.3509303682572615 0.005568946112331539 0.3999989194329185 0.0309304911452825 0.41871974412171514
0 0.05612359392970355 0.5631460121602291 0.027018640074055467 0.5403098175965666 0.0012956183904177204 0.5936047031473535 0.030400572246065804 0.6164408977110158
0 0.05471982370930032 0.732559250764526 0.022613479642621677 0.7105170107033639 -0.00125921928404382 0.7670441513761468 0.030847124782634825 0.7890863914373089
0 0.057661010918216446 0.9438359598853869 0.027177673839354377 0.9176607270773639 0.0005876968743563505 0.9680003880133715 0.031071033953218422 0.9941756208213945
0 0.20506728181468667 0.07538480392156867 0.17358323721645522 0.05848284313725493 0.15566705113417917 0.11273529411764709 0.1871510957324106 0.12963725490196082
0 0.19742647058823531 0.3333854166666667 0.16825980392156867 0.32098958333333344 0.1540441176470589 0.37536458333333333 0.18321078431372553 0.3877604166666667
0 0.19460180310775407 0.5566857166018159 0.17022313140561018 0.5214585359922179 0.14562034281935857 0.5491366731517509 0.16999901452150248 0.5843638537613489
0 0.19484037204625448 0.7752884615384616 0.16479386626445458 0.7533974358974359 0.14314982403217702 0.8016907051282053 0.17319632981397692 0.8235817307692309
0 0.3513229488072726 0.8156561971235196 0.3209556749941941 0.7927120346869714 0.30047194850867603 0.8367840524534688 0.33083922232175456 0.859728214890017
0 0.38175412884069926 0.8555968795355589 0.3577660623998027 0.8196147798742139 0.3319756301165846 0.8475651608611514 0.3559636965574812 0.8835472605224963
0 0.3811224637838857 0.6177320338512765 0.3602918507395559 0.5716963790233076 0.33238984643061814 0.5922204495005551 0.35322045947494796 0.6382561043285241
0 0.31816128412149175 0.45487745098039223 0.29085688196847365 0.43272365196078433 0.27053777393310263 0.4734344362745098 0.2978421760861208 0.4955882352941178
0 0.34702512478368447 0.27573338347921234 0.3254244075456587 0.23523203865791398 0.29813914989774176 0.2588883570386579 0.3197398671357676 0.2993897018599563
0 0.3451532414767708 0.026869369369369404 0.3181195901784137 0.001801801801801813 0.29603868574456804 0.0405123873873874 0.32307233704292526 0.06557995495495499
0 0.351549814965919 0.1309268600252207 0.322684601373126 0.11094800861706605 0.3028552530722251 0.15752088587641871 0.3317204666650182 0.17749973728457336
0 0.38458972083017423 0.43340079115582114 0.3612829340056258 0.3940705883893955 0.33494895652906465 0.4194389866918161 0.3582557433536131 0.45876918945824163
0 0.5020424836601308 0.6578125000000001 0.4730392156862745 0.6208333333333333 0.44546568627450983 0.6559895833333335 0.474468954248366 0.6929687500000002
0 0.5025374855824682 0.8527328431372551 0.4742502883506344 0.8106556372549021 0.4450163398692811 0.8426041666666669 0.4733035371011149 0.8846813725490198
0 0.5064598828036961 0.46362787356321855 0.47844545864322735 0.42344468390804596 0.44923653369393723 0.456548132183908 0.4772509578544061 0.49673132183908053
0 0.514624183006536 0.23770833333333338 0.487859477124183 0.19220833333333337 0.4575326797385621 0.22120833333333334 0.484297385620915 0.2667083333333334
0 0.6495772620974997 0.19299503058103973 0.620855069856689 0.15408543577981645 0.5934340708760569 0.18699063455657494 0.6221562631168677 0.22590022935779822
0 0.645496897260777 0.45255091292134847 0.6197097378277153 0.41275046816479416 0.5929274987148417 0.4409591526217229 0.6187146581479035 0.4807595973782772
0 0.6830065359477123 0.5713541666666668 0.6552287581699346 0.5359375000000003 0.6294934640522876 0.5687500000000002 0.6572712418300652 0.6041666666666667
0 0.6495124348580137 0.7874371600830113 0.6186638280616384 0.7608880778588809 0.594024055879687 0.8074298697581223 0.6248726626760623 0.8339789519822529
0 0.6796368673625883 0.9381290299971966 0.6560526228994541 0.8850644799551446 0.6318932535167137 0.9025196243341747 0.6554774979798479 0.9555841743762267
0 0.7935328666417462 0.7621651140958985 0.7626110091639194 0.7193114529173887 0.7337171220307878 0.7532039825245522 0.7646389795086145 0.796057643703062
0 0.7860692757889572 0.9854431970509384 0.768199460302441 0.9268557305630029 0.7417249294713419 0.9399826854334227 0.7595947449578582 0.9985701519213582
0 0.8297570600567272 0.3201257861635221 0.8023430755950179 0.28808569182389937 0.7735849056603775 0.32808569182389935 0.8009988901220867 0.3601257861635221
0 0.8198800537914281 0.12968980457227156 0.7919518913760194 0.10881591076696176 0.7696497773150558 0.15732300884955758 0.7975779397304645 0.1781969026548674
0 0.8300429647324243 0.4510247461928935 0.7999892173451445 0.428317470389171 0.7770636342523474 0.4776432952622674 0.8071173816396272 0.5003505710659899
0 0.7856617647058823 0.5249479166666667 0.772671568627451 0.4752604166666666 0.7422794117647058 0.4881770833333332 0.7552696078431373 0.5378645833333333
0 0.9154484340267409 0.8319017026226735 0.8885591884808067 0.7923434856175973 0.8588394960353006 0.8251837457698816 0.8857287415812348 0.8647419627749577
0 0.9507153732320215 0.5172668722786649 0.9290202837303282 0.46357152576197386 0.8976475568456701 0.4841777031930334 0.9193426463473635 0.5378730497097244
0 0.9441638061059968 0.31453636162687887 0.9373699745150049 0.252457725464191 0.9107936322185813 0.2571858421750663 0.9175874638095732 0.3192644783377542
0 0.9392374974122379 0.14131315987933638 0.9366377206991395 0.07170413838612369 0.9081852763729928 0.07343160822021116 0.9107850530860913 0.14304062971342385