0 0.05269607843137255 0.007812500000000007 0.02696078431372549 0.007812500000000005 0.026960784313725495 0.06510416666666667 0.05269607843137255 0.06510416666666667
0 0.05937572808986009 0.24670839196372732 0.0413152675078787 0.20218935662914322 0.017055696575065307 0.2181881253908693 0.0351161571570467 0.2627071607254534
0 0.050507016532103044 0.4048621323529412 0.047224625144175324 0.3504564950980392 0.02207804690503653 0.35292279411764704 0.025360438292964242 0.40732843137254904
0 0.05173956762192056 0.5233605769230769 0.04941050779286073 0.46990865384615377 0.023935394670688784 0.471713141025641 0.02626445449974862 0.5251650641025641
0 0.05297582716614537 0.6468972924773022 0.026577719284860565 0.6447936932555123 0.023918516823071695 0.6990414234760053 0.0503166247043565 0.7011450226977952
0 0.050615753031220415 0.8803716349960413 0.04927188610994676 0.8306821555819478 0.025128855976278085 0.8317436163895487 0.026472722897551742 0.8814330958036423
0 0.0537140575079873 0.9451560835995739 0.02908026895529254 0.9438997603833865 0.027623123264215253 0.990346279286475 0.05225691181691002 0.9916026025026624
0 0.21050585914839304 0.04264792899408286 0.19018955215222177 0.01290711291913215 0.16932866341802988 0.03607279339250495 0.18964497041420114 0.06581360946745567
0 0.2559945239357004 0.11042060810810815 0.23101572160395686 0.08002027027027034 0.20544735912382972 0.11417229729729736 0.23042616145557324 0.14457263513513519
0 0.2152113540734563 0.16678181767833408 0.18863390873998398 0.13760199748929255 0.1699502057505915 0.16526593191552205 0.1965276510840638 0.19444575210456358
0 0.2212517473270618 0.38851156069364173 0.20116102799501306 0.35358110549132965 0.17689915561600367 0.3762659561657034 0.1969898749480524 0.4111964113680155
0 0.20692148513906777 0.6155622718978101 0.19060994227374645 0.570996806569343 0.16766554553694954 0.5846487226277371 0.18397708840227087 0.6292141879562043
0 0.2528009828956135 0.3470220118837163 0.24935006412700608 0.30192281722647807 0.22890067439271916 0.30446652180318207 0.23235159316132656 0.3495657164604203
0 0.19685126302773368 0.7560670045045047 0.17101660484013437 0.7505771396396398 0.16452481893658374 0.8002393018018019 0.19035947712418305 0.8057291666666668
0 0.20242999340408951 0.969221139143731 0.19513551598009238 0.915743501529052 0.17094876176770404 0.9211066513761469 0.17824323919170118 0.9745842889908258
0 0.3011101499423299 0.525796568627451 0.2961609593127312 0.4795216362407032 0.2725907807342004 0.4836196331981069 0.2775399713637991 0.5298945655848547
0 0.3106149187503748 0.9277522935779817 0.3013281765305511 0.8882836391437309 0.2794417461174072 0.8966551987767583 0.2887284883372309 0.9361238532110092
0 0.27971105934122825 0.8980868399339934 0.2761599689380703 0.8528104372937294 0.2544813304859898 0.8555744636963696 0.2580324208891478 0.9008508663366336
0 0.3898700899501715 0.021260313531353218 0.36450850967449683 0.008941831683168377 0.351333074483919 0.053038366336633704 0.3766946547595936 0.06535684818481854
0 0.4038273001508296 0.1785176282051283 0.37923579688285575 0.16060096153846165 0.3624183006535948 0.19812500000000008 0.38700980392156864 0.21604166666666677
0 0.41361343467050427 0.3198685970948013 0.38903504827007257 0.29781632262996954 0.3680364424057085 0.3358624808868502 0.3926148288061402 0.357914755351682
0 0.41402803688373274 0.42418881111661727 0.3888376749774902 0.41447880533531556 0.37799307863217974 0.46021380492236547 0.4031834405384222 0.4699238107036671
0 0.42432579300833484 0.5672214258409787 0.404459360196678 0.5312265863914373 0.38141902020747137 0.5518988914373089 0.40128545301912816 0.5878937308868503
0 0.42394025845925465 0.6796020887809738 0.40138702723026704 0.6466179881085793 0.3810220078568098 0.6692544904121529 0.4035752390857974 0.7022385910845474
0 0.4571078431372549 0.7380208333333332 0.44316260987153483 0.6965337643678161 0.41954727293216143 0.7094378591954024 0.43349250619788143 0.7509249281609195
0 0.4162581699346406 0.8671875 0.3905228758169936 0.8671875 0.3905228758169936 0.91875 0.4162581699346406 0.91875
0 0.5305073522932832 0.0704347574676183 0.5095927083495306 0.028330276896642914 0.48424712205791653 0.04879683782712139 0.505161766001669 0.09090131839809677
0 0.5399567563797416 0.20129386208685351 0.5159402726556754 0.1678021250185269 0.4930161407975076 0.1945251130131912 0.5170326245215737 0.2280168500815178
0 0.5446244722077621 0.3299944690265487 0.5175140262594712 0.30973174778761065 0.49639185320145757 0.35567247418879055 0.5235022991497484 0.37593519542772863
0 0.5460389930124322 0.447754218650032 0.5184760484488101 0.43755148352527196 0.5064693023722605 0.49028111004478575 0.5340322469358826 0.5004838451695458
0 0.5524771858428906 0.6252476415094339 0.5446155506227648 0.5717885220125786 0.5135143050931064 0.5792236635220126 0.5213759403132322 0.6326827830188679
0 0.556841325355357 0.8388378999522446 0.5353788602355937 0.7904235315186247 0.5051062091503268 0.8122395833333333 0.5265686742700901 0.8606539517669533
0 0.5516722347112943 0.9857699708067942 0.5392807335248324 0.932052813163482 0.5143780442113152 0.941391321656051 0.5267695453977771 0.9951084792993632
0 0.6543149084671576 0.039820889894419405 0.6280982905982906 0.03576923076923086 0.6226521604116759 0.09305571266968335 0.6488687782805429 0.09710737179487189
0 0.6629136940150615 0.23766752130400318 0.6618975523225541 0.18454871432818074 0.635371008292338 0.1853736251486326 0.6363871499848452 0.238492432124455
0 0.6698373194047602 0.4169670393215113 0.6440311603952813 0.4160530711899256 0.6429061408680666 0.46769146748907736 0.6687122998775455 0.4686054356206631
0 0.6701174308893465 0.5572085765239948 0.648805663640294 0.555510295071336 0.6463308410264236 0.6059966763942931 0.6676426082754762 0.607694957846952
0 0.670751633986928 0.675 0.6466503267973857 0.675 0.6466503267973857 0.7234375 0.670751633986928 0.7234375
0 0.6714636706264016 0.7957778284671534 0.6482061924526502 0.7923562956204381 0.6439625972043319 0.8392480231143554 0.6672200753780831 0.8426695559610706
0 0.6719771241830066 0.9260416666666667 0.6507352941176471 0.9260416666666667 0.6507352941176472 0.9791666666666666 0.6719771241830066 0.9791666666666666
0 0.808954054994779 0.01164940828402384 0.7870317998994468 0.0001402243589745093 0.7733773736318985 0.04242017998027622 0.7952996287272306 0.053929363905325545
0 0.812378447313885 0.1403531504065042 0.789349194962538 0.12680132113821146 0.774870476645943 0.16679878048780503 0.79789972899729 0.18035060975609776
0 0.784303573500406 0.30944773175542406 0.7810578373361179 0.24944218441814592 0.7547153575434118 0.2517585059171597 0.7579610937076999 0.31176405325443785
0 0.8139336197661964 0.39751274247822654 0.7876520461708041 0.3963572595011878 0.7861539013863662 0.45175116290578005 0.8124354749817584 0.4529066458828188
0 0.7829521666317774 0.5543468268090154 0.782097957807085 0.4966236654804271 0.7581516177052079 0.49719973309608545 0.7590058265299002 0.5549228944246738
0 0.8267675683412052 0.7282808698296838 0.811107533037546 0.6733728710462287 0.78483552788512 0.6855535279805351 0.8004955631887792 0.7404615267639904
0 0.9459114546061733 0.1671228710462288 0.931778064023663 0.11756767031630175 0.9038661084871905 0.1305086678832117 0.9179994990697008 0.18006386861313875
0 0.9504776269482155 0.36241987179487184 0.928783308195073 0.3140144230769231 0.9019042232277528 0.3335977564102565 0.9235985419808951 0.38200320512820524
0 0.9477422523316446 0.5104254447565545 0.9197877652933832 0.5022003745318353 0.9095087941543658 0.5589916900749065 0.937463281192627 0.5672167602996256
0 0.9830819507290094 0.7425400641025642 0.9775201106083458 0.6858092948717949 0.9480077928607338 0.6905128205128205 0.9535696329813975 0.7472435897435898
0 0.9527396116597491 0.7623213199513382 0.9283371499451362 0.7510074513381996 0.9143588092171174 0.8000190085158152 0.9387612709317303 0.8113328771289539
0 0.8206699346405228 0.9218750000000002 0.7949346405228758 0.9218750000000002 0.7949346405228759 0.9833333333333336 0.820669934640523 0.9833333333333336
0 0.951278630921395 0.9760163163716814 0.948312510845046 0.9192892699115044 0.9230164410897104 0.921439435840708 0.9259825611660594 0.9781664823008849