0 0.07941804927099044 0.04079326923076925 0.052664655605832056 0.014262820512820528 0.026467445952740063 0.05720753205128206 0.05322083961789845 0.0837379807692308
0 0.07169117647058826 0.20338541666666674 0.04636437908496733 0.17109375000000002 0.018995098039215685 0.2059895833333334 0.04432189542483661 0.23828125000000006
0 0.06665327510162469 0.36760575016523467 0.042910516266431664 0.33621254681647944 0.014024694477923356 0.3717266330689579 0.037767453313116386 0.40311983641771315
0 0.05807925493700613 0.571725871313673 0.033332019134731675 0.5369090705987489 0.007812034554661955 0.5663966152815013 0.032559270356936405 0.6012134159964255
0 0.05073950804569644 0.7010926152364014 0.0287378994876445 0.6880451496961614 0.008841620240804189 0.7425858251815622 0.03084322879885613 0.7556332907218023
0 0.05845813664054668 0.8709088210026279 0.03252837925143781 0.8450803517283203 0.007272926352671765 0.8862972508591065 0.033202683741780634 0.9121257201334141
0 0.21205882352941172 0.19227083333333336 0.20330065359477123 0.13085416666666666 0.17242156862745095 0.1380125 0.18117973856209146 0.1994291666666667
0 0.21478768401537196 0.34106625704445837 0.18672290978591397 0.3189652473387602 0.1650807682705727 0.363640810895429 0.1931455425000307 0.3857418206011271
0 0.2151661931597659 0.5495199920823436 0.18739617779019765 0.5164736737925575 0.1577825904708677 0.5569279493269992 0.18555260584043595 0.5899742676167854
0 0.21336252627530553 0.7570882299064368 0.18604366839735556 0.7351292131664977 0.16292374801346532 0.7818872590463307 0.19024260589141528 0.8038462757862699
0 0.2118806609493541 0.9283472175708866 0.1837038259152734 0.903598564132619 0.15944998227020213 0.9484877344273276 0.18762681730428282 0.9732363878655951
0 0.32701734539969834 0.12223557692307702 0.2992081447963801 0.09859775641025649 0.27526395173453994 0.14439102564102574 0.3030731523378582 0.16802884615384625
0 0.3212864721485411 0.27778652740937226 0.29580147708950943 0.2554473364279399 0.27186811948475226 0.2998328359858532 0.2973531145437839 0.3221720269672856
0 0.3153873461095493 0.4196637860269975 0.2885961602201382 0.4010992414568893 0.26699024496092977 0.45178671865499215 0.2937814308503409 0.4703512632251004
0 0.31236804395785656 0.6064451892744481 0.29253365909981244 0.5528923501577289 0.2638548689717738 0.5701593717139855 0.28368925382981797 0.6237122108307047
0 0.31784141937133453 0.7667507131214344 0.2932132612621251 0.7242671403830482 0.2652681895904246 0.7506023329258354 0.289896347699634 0.7930859056642218
0 0.3157848933435721 0.9050938503861664 0.29278862970244485 0.8524898973070877 0.2649222340156075 0.8722933112910943 0.2879184976567348 0.9248972643701731
0 0.34926470588235303 0.9348958333333334 0.31944444444444453 0.9348958333333334 0.31944444444444453 0.9885416666666667 0.34926470588235303 0.9885416666666667
0 0.3946817082997582 0.07245719178082194 0.36903147103590284 0.03723744292237452 0.34563859790491536 0.06493293378995443 0.37128883516877065 0.10015268264840185
0 0.3908608068947349 0.2711432341650672 0.3700580520115916 0.22291866602687138 0.3411888587808763 0.24316318777991044 0.3619916136640196 0.2913877559181063
0 0.4640522875816994 0.9458333333333333 0.4403594771241831 0.9458333333333333 0.4403594771241832 0.9994791666666667 0.46405228758169953 0.9994791666666667
0 0.47160255139136764 0.731983690263732 0.44706844665290274 0.7249454689668849 0.43689636770829693 0.7825872496529843 0.4614304724467619 0.7896254709498315
0 0.4763271443687151 0.5972381324855337 0.4588490254128835 0.5432859389718747 0.4334734129151594 0.5566495088144261 0.45095153187099096 0.6106017023280851
0 0.4872202784459509 0.3336717781908304 0.45671149500692476 0.31481180297397776 0.4367975071069321 0.3671793680297398 0.46730629054595824 0.3860393432465924
0 0.48963080727786595 0.1999493243243244 0.46485603250309127 0.17697635135135142 0.4434110581169405 0.21457207207207213 0.46818583289171517 0.2375450450450451
0 0.4756216077453425 0.050294835827098996 0.4531899418121364 0.0488648171238571 0.4510975420924813 0.10222100997506242 0.47352920802568743 0.10365102867830432
0 0.640873361178791 0.13174001479289954 0.6133759716904512 0.11713202662721901 0.5953320184089413 0.17234652366863906 0.6228294078972811 0.18695451183431958
0 0.6294257543199929 0.27368507420091337 0.6018975512579462 0.2723851312785389 0.6002048079505775 0.3306578196347033 0.6277330110126244 0.33195776255707776
0 0.6329228143402574 0.4444528671617162 0.6068841810651653 0.429570441419142 0.5886288261179058 0.48149288366336646 0.614667459392998 0.49637530940594066
0 0.6200980392156863 0.6151041666666667 0.5915032679738562 0.6151041666666667 0.5915032679738562 0.6729166666666667 0.6200980392156863 0.6729166666666667
0 0.6186591209517515 0.7704500234082398 0.5948515642211941 0.7634451076779027 0.5853505728133951 0.8159380852059925 0.6091581295439524 0.8229430009363295
0 0.6230178824279592 0.9311767694882832 0.5964052287581699 0.915625 0.5786376721898706 0.9650511119081779 0.6052503258596599 0.9806028813964611
0 0.7861111111111111 0.11447916666666676 0.7603758169934641 0.09572916666666682 0.7390334338863751 0.14334935897435905 0.7647687280040222 0.162099358974359
0 0.7840602823727221 0.2935385140815469 0.7634332579185521 0.2450921474358975 0.7325126824584395 0.26649360287936114 0.7531397069126095 0.3149399695250105
0 0.7802175820103353 0.44083833102035413 0.7552565203982731 0.39584386564895574 0.7243696645985913 0.42369853621464443 0.7493307262106536 0.46869300158604277
0 0.7609866265708278 0.5964035224438905 0.7301609130767852 0.5944383832086453 0.72771502616009 0.6568084995843725 0.7585407396541327 0.6587736388196177
0 0.7680219146482121 0.822640931372549 0.7385861207227989 0.800122549019608 0.7183655324875048 0.843091299019608 0.747801326412918 0.865609681372549
0 0.9258314109957707 0.20746936274509822 0.898409265667051 0.16667892156862757 0.8707227989234908 0.1969362745098041 0.8981449442522105 0.23772671568627476
0 0.920996732026144 0.4261458333333335 0.9000816993464053 0.3728125000000001 0.8687091503267975 0.39281250000000006 0.889624183006536 0.44614583333333346
0 0.9166930686098494 0.6199861609814484 0.8895049342298257 0.5729409784560145 0.8602985179709225 0.6003796379413527 0.8874866523509463 0.6474248204667866
0 0.9062840633141 0.7865790673964372 0.878768270562142 0.7613634229448382 0.852862791392582 0.8073174903412751 0.8803785841445401 0.8325331347928742
0 0.9062997361283236 0.94588615670423 0.8769824400444484 0.926261891638086 0.8549458326528391 0.9797793667319942 0.8842631287367143 0.9994036317981383