0 0.30053921568627456 0.3770625000000001 0.2704411764705883 0.32589583333333344 0.24063725490196083 0.35439583333333347 0.2707352941176471 0.4055625000000001
0 0.3717124400629656 0.3953966657417685 0.344500845103117 0.33142815852756197 0.31377635960044387 0.3526749213836478 0.34098795456029246 0.41664342859785436
0 0.30243419285522427 0.586297089041096 0.3003111290178172 0.5132106164383561 0.26957986390903393 0.5146618150684932 0.271702927746441 0.5877482876712329
0 0.3940327461415142 0.562577860425738 0.3618391720500489 0.54944288219642 0.3465190623903166 0.6104839441219159 0.3787126364817819 0.6236189223512338
0 0.3356921002074918 0.7432226753956026 0.3041869971159822 0.6948710935676609 0.2767125743542994 0.7239728475236895 0.308217677445809 0.7723244293516313
0 0.4305386150690247 0.8503794572730127 0.40042767028269044 0.8127262998743323 0.37384111671687204 0.8472888195098963 0.4039520615032063 0.8849419769085767
0 0.36051136909220105 0.9542161483839373 0.3258268357947161 0.9072858512895855 0.29751549166842706 0.9413002979105453 0.33220002496591194 0.9882305950048971
0 0.19731258184571743 0.8848025218970837 0.16006290044633367 0.851486295660396 0.1356122547555899 0.8959266447695831 0.17286193615497367 0.9292428710062707
0 0.1272599205686189 0.7033925669065203 0.09142576111426713 0.6721720554819164 0.06398647636798838 0.7233697453133877 0.09982063582234015 0.7545902567379916
0 0.09987259067933124 0.4838543142115203 0.06798623840471034 0.44509014990557133 0.04261222666592606 0.47902015462700664 0.07449857894054697 0.5177843189329556
0 0.17753896430367028 0.6161858974358975 0.14256535947712423 0.5864583333333333 0.11579311211664155 0.6376602564102565 0.1507667169431876 0.6673878205128205
0 0.15763826043237805 0.3209439102564102 0.14417672197083964 0.27231410256410254 0.11800150829562595 0.2840929487179487 0.1314630467571644 0.3327227564102564
0 0.1444562177127037 0.18995633187772928 0.10987045837257757 0.15623521652110625 0.08175286126095271 0.20311590247452693 0.11633862060107884 0.23683701783114994
0 0.12951570892383352 0.014085705445544565 0.0967267682650618 -0.020119121287128703 0.06593177700122953 0.0278697400990099 0.09872071766000128 0.06207456683168317
0 0.2949346405228758 0.184375 0.2512254901960784 0.12864583333333338 0.2222222222222222 0.16562500000000002 0.2659313725490196 0.22135416666666666
0 0.5100079432438903 0.04844617092119875 0.47392330961241325 0.04691257399186097 0.47200142543143786 0.1204246439141695 0.5080860590629149 0.1219582408435073
0 0.5373567123864658 0.27781355376545525 0.5048193125133156 0.23277249594105165 0.47440750372835533 0.26848636349444244 0.5069449036015056 0.3135274213188461
0 0.5478569632981398 0.47355769230769246 0.5198906485671192 0.4200721153846153 0.48972473604826555 0.445713141025641 0.5176910507792862 0.4991987179487181
0 0.5628755183210629 0.6840747175679109 0.5321990626664476 0.6364595233561819 0.5033037523209335 0.6667222010662607 0.5339802079755488 0.7143373952779897
0 0.5849613272483194 0.9232650591461804 0.5524987949184432 0.8647485461274123 0.5268516142909715 0.8878779242664553 0.5593141466208477 0.9463944372852234
0 0.7006025363101752 0.6966800346605048 0.6699651361907483 0.6586453149069794 0.6482472832716448 0.6870839628510487 0.6788846833910718 0.725118682604574
0 0.7476314951950693 0.6712787015043548 0.7176637480011799 0.6356170823436265 0.6931442410693494 0.6691124802058592 0.7231119882632387 0.7047740993665876
0 0.7808507148161373 0.9527828219861232 0.7480221743221716 0.9272606334923388 0.7236248575752936 0.9782754228100607 0.7564533980692594 1.0037976113038451
0 0.9574463092493741 0.909877556437193 0.925673681780863 0.8850029336164508 0.8988748718083567 0.940648748323648 0.9306474992768679 0.9655233711443901
0 0.9599673202614379 0.7479166666666665 0.9324409250879839 0.6952724358974358 0.8994469582704875 0.7233173076923077 0.9269733534439414 0.7759615384615385
0 0.9589547181507545 0.5400513260079315 0.9216671742501804 0.5157953982154662 0.8957513909948205 0.5805589405706104 0.9330389348953946 0.6048148683630757
0 0.930872158470887 0.38367384299941437 0.8945453840587202 0.3535680287053312 0.8747034988570707 0.39248864967779745 0.9110302732692375 0.42259446397188066
0 0.9147130911188004 0.14386948529411778 0.877734525182622 0.11386642156862752 0.8512759515570932 0.1668780637254903 0.8882545174932719 0.19688112745098058
0 0.7011775918882692 0.04204432764775892 0.6621702859379902 -0.00911096786989282 0.6340826923126781 0.025705945061483604 0.6730899982629572 0.07686124057913535
0 0.7202285647987007 0.21928809171597627 0.681421375256217 0.1619964250493096 0.6466116525505666 0.20032667652859945 0.6854188420930504 0.2576183431952661
0 0.7357850624231216 0.3900670308076292 0.7065128111295181 0.32928529187155414 0.6818701590306813 0.3485778945015646 0.7111424103242847 0.40935963343763965
0 0.772851574937622 0.5385259816947152 0.7459175654318415 0.49216581783289054 0.7194723770819222 0.5171418290522587 0.7464063865877029 0.5635019929140834