0 0.07076619236987486 0.02006887456037515 0.04356021423809851 -0.007077960140679944 0.020880743856745508 0.02987067702227434 0.04808672198852187 0.05701751172332944
0 0.07044877398942594 0.21310376857749472 0.045453457391449154 0.17887407112526538 0.020387369385121368 0.20862924628450105 0.045382685983098144 0.2428589437367304
0 0.06501623816884985 0.42774788208852005 0.043248108371979524 0.37980852351313976 0.018868820003796836 0.39780428769017984 0.04063694980066717 0.4457436462655602
0 0.06025326797385626 0.6158854166666666 0.03349673202614384 0.5817708333333333 0.007352941176470635 0.6151041666666668 0.03410947712418305 0.6492187500000001
0 0.059212009468446625 0.8291571140158775 0.0310200318835446 0.8000953839310159 0.00754662207980196 0.8371123334702073 0.03573859966470399 0.8661740635550691
0 0.17889689704264541 0.05536664603960396 0.1684187536400699 -0.0037974422442244174 0.1405718145343946 0.004219781353135314 0.15104995793697013 0.06338386963696369
0 0.18646475310480076 0.3844914864242982 0.16634144837563805 0.3231992541033902 0.1372086570477248 0.338748034591195 0.1573319617768875 0.4000402669121031
0 0.17110727411305307 0.6462318623535677 0.16931145461379438 0.5889901158146965 0.14131703000689094 0.5904178314696485 0.14311284950614964 0.6476595780085197
0 0.2183373560930294 0.8673738895939087 0.1922568096612588 0.8385548857868022 0.16763192163498233 0.8747818845177666 0.19371246806675294 0.9036008883248731
0 0.1852440553011493 0.9496383923599512 0.15730781955281292 0.9284187409511084 0.13519631318392164 0.9757413130638158 0.16313254893225804 0.9969609644726586
0 0.31094771241830066 0.08770833333333332 0.28929738562091506 0.03249999999999999 0.26233660130718955 0.0496875 0.2839869281045752 0.10489583333333334
0 0.3102786739900008 0.25663514120143655 0.29125897012412544 0.20430592964413977 0.26347078988304434 0.22072467760365658 0.28249049374891977 0.2730538891609534
0 0.31575555555555557 0.3757641666666667 0.289478431372549 0.33961583333333334 0.2638976470588235 0.36984483333333334 0.29017477124183005 0.4059931666666667
0 0.312817874590109 0.6866592007963594 0.28726243056949746 0.6453871587030716 0.2588656338530862 0.673970776450512 0.28442107787369775 0.7152428185437997
0 0.30475303175657403 0.8792768983838831 0.27653971706016933 0.8409589236956683 0.24916292987566227 0.8737272618256956 0.27737624457206694 0.9120452365139103
0 0.44562325963748356 0.1646852856510187 0.421084509977596 0.12244796279893719 0.3907218777679362 0.15112378210806027 0.41526062742782377 0.19336110496014178
0 0.44872962532583777 0.3756356780565938 0.4221164885245787 0.33564468766684474 0.3940689240636636 0.3659870528563802 0.4206820608649226 0.4059780432461293
0 0.4405191433595435 0.5935041243654824 0.4150046863076871 0.5559684327411168 0.3870112554327992 0.586901173857868 0.4125257124846555 0.6244368654822335
0 0.4286198050083058 0.7845952098178939 0.40213058699330884 0.7484090459224071 0.37475354353934764 0.7809877276326209 0.40124276155434463 0.8171738915281078
0 0.42461939188512743 0.9458549872355945 0.40166625548833684 0.902817856491612 0.3750513972912286 0.9258929385485046 0.3980045336880193 0.9689300692924872
0 0.5920889918872867 0.5418966845006488 0.5636221739019861 0.5098715142671856 0.5373003611301849 0.5479065337224385 0.5657671791154854 0.5799317039559017
0 0.6183476348619232 0.7233038581812037 0.5904033097349827 0.6962258071331981 0.5678117004070052 0.7341262043610548 0.5957560255339459 0.7612042554090603
0 0.5785947712418302 0.7952083333333335 0.555187908496732 0.7852604166666668 0.5433823529411765 0.8304166666666668 0.5667892156862747 0.8403645833333335
0 0.6163654831301889 0.9650540540540541 0.5916410528175233 0.9320292792792794 0.5659432962374139 0.9633046171171172 0.5906677265500795 0.996329391891892
0 0.7326388888888888 0.08984375 0.7060866013071896 0.05598958333333339 0.6821895424836601 0.08645833333333351 0.7087418300653595 0.12031250000000011
0 0.7673868973727956 0.17941387449092935 0.7493380265841988 0.13958487597186242 0.7221081879623378 0.1596441904233002 0.7401570587509345 0.19947318894236712
0 0.7271686308374816 0.3428054835924009 0.7007875732330927 0.31324670768566504 0.6770395204714008 0.3477018566493956 0.7034205780757898 0.37726063255613146
0 0.7622813990461049 0.40822353603603606 0.7375552022610846 0.37813063063063074 0.7129235117470412 0.41103153153153166 0.7376497085320615 0.4411244369369369
0 0.7303372067947314 0.5669878912859561 0.7019083225506784 0.5355739741962775 0.6765556053216548 0.5728717216582064 0.7049844895657078 0.604285638747885
0 0.7703211349460313 0.6359994123572869 0.7440755628421057 0.6157187430042536 0.7233407186469841 0.6593396714797404 0.7495862907509097 0.6796203408327737
0 0.7402224939244366 0.7831120092378754 0.7098144877658531 0.7557448036951503 0.6824744524445653 0.8051277424942266 0.7128824586031488 0.8324949480369518
0 0.9107741916825727 0.13144358407079657 0.886987390826537 0.09678281710914458 0.8602073572791948 0.12665929203539836 0.8839941581352303 0.16132005899705035
0 0.9058381911323088 0.2764836711711713 0.8768029058470233 0.25688485360360364 0.8567015544956721 0.30529560810810813 0.8857368397809574 0.3248944256756758
0 0.909505939163519 0.4265069995821147 0.8820815204477112 0.3962660189441428 0.8563091833752585 0.4342600814876726 0.8837336020910664 0.46450106212564446
0 0.9068941679235796 0.6054086538461539 0.8754084967320261 0.5786458333333334 0.8520299145299144 0.6233573717948719 0.8835155857214678 0.6501201923076924
0 0.9167652622724936 0.7679381050742786 0.8893908673467714 0.7381684505925558 0.8637285994351 0.7765291165915542 0.8911029943608222 0.806298771073277
0 0.9092020015375069 0.9426697075263741 0.8851553020830439 0.9090431132892463 0.8570232493879304 0.9417466245473157 0.8810699488423931 0.9753732187844437