0 0.27614076992067704 0.05803290194467272 0.2529668879329326 0.0007861715968228082 0.22689090015628266 0.017945853875650522 0.2500647821440271 0.07519258422350043
0 0.29425950645428994 0.17464064890362063 0.27388820563071387 0.11995978879823221 0.2474994417280765 0.13594148393676697 0.26787074255165255 0.19062234404215542
0 0.3033528154851684 0.25227163461538465 0.27691050779286075 0.2260496794871795 0.2561243086978381 0.26012419871794873 0.2825666163901458 0.2863461538461538
0 0.04950538774068186 0.0860078828828829 0.042019961137608204 0.028744369369369367 0.012012012012012012 0.03512105855855855 0.019497438615085672 0.0923845720720721
0 0.07419695520484618 0.18400660569105695 0.048690817790530846 0.14335619918699188 0.024230830543599553 0.1683053861788618 0.04973696795791488 0.20895579268292686
0 0.07990654681831154 0.3010546604296605 0.06205923117687824 0.25048726611226607 0.035103542456483644 0.2659530925155925 0.05295085809791694 0.3165204868329869
0 0.08358180041776161 0.4100945017182131 0.06684185701772119 0.3546015893470791 0.03807231655548818 0.3687097293814433 0.05481225995552862 0.4242026417525774
0 0.08963869139823384 0.4955808293945532 0.07109442921890792 0.443859723160027 0.042934082253202895 0.46027318253432364 0.06147834443252882 0.5119942887688499
0 0.08609312425235348 0.6072087754199824 0.07685698063487112 0.5512723806366048 0.0523991869073005 0.5578373673740054 0.06163533052478287 0.6137737621573829
0 0.1010093978419771 0.673734590729783 0.07304066597053027 0.6712752712031558 0.06988001314924396 0.7297078402366864 0.09784874502069078 0.7321671597633137
0 0.11874922925144912 0.8166961477987422 0.09015445800961902 0.8062794811320756 0.07880903933900613 0.8569084119496856 0.10740381058083624 0.8673250786163522
0 0.3058255025628815 0.3583476007248423 0.2870099654283252 0.3065296114562741 0.26016062077659835 0.32237818295208504 0.2789761579111547 0.37419617222065327
0 0.31639133167700384 0.4737712701306594 0.2937210663663825 0.42138170388939533 0.2691967397715696 0.43863329914919474 0.2918670050821909 0.4910228653904588
0 0.3242668991533974 0.5382480425055929 0.29937875597666364 0.5326482102908278 0.29193945475281835 0.5863971616331096 0.3168275979295522 0.5919969938478747
0 0.30673878746901057 0.6730423850574713 0.2894410637818346 0.6179058908045978 0.2631000676132522 0.6313397988505748 0.2803977913004282 0.6864762931034483
0 0.3199435085812617 0.7866219207082372 0.2895614462105089 0.7799431052732871 0.28190095322193554 0.8365924509237875 0.31228301559268834 0.8432712663587376
0 0.32525621035437 0.8927687800634531 0.3030827518808158 0.8872155165796746 0.2950160388584868 0.9395758174700645 0.31718949733204105 0.945129080953843
0 0.4598474201967477 0.611195250284414 0.43337320707577687 0.6072241183162685 0.42845730442347585 0.6605002133105803 0.45493151754444666 0.6644713452787258
0 0.5020428911381677 0.7259478906899417 0.48250920900363475 0.681797329592685 0.45996691278340096 0.6980104426433916 0.47950059491793395 0.7421610037406483
0 0.48112220423337526 0.790220756880734 0.46042978353420877 0.7527293577981652 0.4384215536367452 0.772475630733945 0.4591139743359117 0.8099670298165138
0 0.5163447179069451 0.8511683976261128 0.4994787727158125 0.812938921859545 0.47760177265762893 0.8286288328387735 0.49446771784876165 0.8668583086053413
0 0.5163398692810458 0.9005208333333333 0.494281045751634 0.9005208333333333 0.494281045751634 0.9536458333333333 0.5163398692810458 0.9536458333333333
0 0.4791953875770419 0.5023119556611244 0.46478525297688356 0.4529347288202693 0.44151219474329717 0.46397590063341265 0.4559223293434555 0.5133531274742678
0 0.4674842423113347 0.3251868072050674 0.4426658826634376 0.324095655186065 0.4410813810876687 0.38268260095011886 0.4658997407355658 0.38377375296912125
0 0.4383700682219359 0.2808371350364964 0.41390767377510607 0.24151117700729935 0.3900332760841562 0.2656531326034064 0.41449567053098607 0.3049790906326034
0 0.4651143790849674 0.19333333333333336 0.4445261437908497 0.1408333333333334 0.4196895424836602 0.1566666666666667 0.44027777777777777 0.20916666666666667
0 0.4366830065359477 6.563341439180346e-17 0.4040032679738562 6.308206689357981e-17 0.4040032679738562 0.04687500000000006 0.4366830065359477 0.04687500000000007
0 0.6150864770408242 0.18358329396945378 0.5861227659068666 0.14308081404503242 0.5582400177832115 0.17549450873878147 0.5872037289171691 0.21599698866320285
0 0.656774421480304 0.219946509009009 0.6337826797385622 0.17890625 0.6084724430312667 0.20195664414414422 0.6314641847730084 0.24299690315315323
0 0.6648652630451088 0.4033896857923497 0.6448571955300926 0.3505469503375121 0.6146528605013205 0.3691382393121183 0.6346609280163368 0.4219809747669559
0 0.6722169243123871 0.5692761660978385 0.6428985701220192 0.5648784129692834 0.6374947020901649 0.6234428327645052 0.6668130562805328 0.6278405858930605
0 0.6247100091458654 0.6760238907849828 0.5946708603805573 0.6457871160409555 0.572555572285797 0.6815033063139933 0.6025947210511052 0.7117400810580204
0 0.6608848667672199 0.7326923076923078 0.6404600301659127 0.6936298076923078 0.6168929110105582 0.7136618589743591 0.6373177476118653 0.7527243589743591
0 0.692024391249665 0.7352244348054681 0.669790829055071 0.7294095031545743 0.6613353332920971 0.7819656940063093 0.683568895486691 0.787780625657203
0 0.6800774895110883 0.9818868267831149 0.6741409081827782 0.9251182678311499 0.6445471929674343 0.9301491994177583 0.6504837742957443 0.9869177583697233
0 0.8218027328757425 0.8027413530976817 0.7831837219874648 0.7925539243633601 0.7738269576169503 0.8502149847966555 0.812445968505228 0.860402413530977
0 0.8334794927145169 0.6146836773700305 0.8190884151825868 0.5535215978593274 0.7915429933441267 0.5640577217125383 0.8059340708760568 0.6252198012232415
0 0.8470938906291264 0.779015169253412 0.8439168638644468 0.717241855097672 0.8167581165906733 0.7195125044599054 0.819935143355353 0.7812858186156454
0 0.8188550218241853 0.43480752595155714 0.8050671970056765 0.3770463884083045 0.7771897686410205 0.38786404267589397 0.7909775934595292 0.4456251802191466
0 0.8166006485767691 0.2921765035188741 0.7960652591170825 0.2445717370441459 0.7714613676564676 0.26182521593090213 0.7919967571161541 0.3094299824056303
0 0.7726307189542484 0.2384374999999999 0.7535947712418302 0.18989583333333324 0.7285947712418303 0.20583333333333317 0.7476307189542485 0.25437499999999985
0 0.8070421467556095 0.13596971649484538 0.7812655818341082 0.09606207044673548 0.7557501179165825 0.12285330756013746 0.7815266828380837 0.16276095360824736
0 0.7946933734856781 0.02799245916754482 0.7743283693877973 -0.013777935107130249 0.7483759134141891 0.006791139796276842 0.7687409175120699 0.04856153407095191
0 0.9753460207612457 0.10125612745098049 0.9425701653210302 0.0908088235294119 0.9304594386774316 0.15257352941176483 0.9632352941176471 0.16302083333333342
0 0.985864379084967 0.2680062500000001 0.9615849673202611 0.22329166666666675 0.9335457516339867 0.24804166666666674 0.9578251633986926 0.2927562500000001
0 0.9963704196510925 0.3944667173081251 0.9751561720794553 0.33529885494035555 0.9482701363237168 0.35096957292370023 0.9694843838953541 0.4101374352914698
0 1.009287293348712 0.5216452205882353 0.9843810073048829 0.46871936274509807 0.9574682814302192 0.48930759803921575 0.9823745674740483 0.5422334558823529
0 0.9995915032679739 0.5911458333333336 0.9738562091503268 0.5911458333333336 0.9738562091503268 0.6562500000000002 0.9995915032679739 0.6562500000000002