0 0.06741852146263912 0.07148789414414415 0.042577503974562794 0.027146677927927926 0.00764551316021904 0.05895974099099099 0.032486530648295354 0.10330095720720721
0 0.14584677928650044 0.07461930169179586 0.11917399861480657 0.03844079599348764 0.08958856424285576 0.0738989390882707 0.11626134491454965 0.11007744478657891
0 0.10621903461900428 0.126415608885363 0.0812639514353937 0.0954817036890123 0.050899729850951356 0.1353022114240381 0.07585481303456196 0.16623611662038876
0 0.06753742084052967 0.20201047063903285 0.03695731314978498 0.1792665155440415 0.014822293338751761 0.22764734455958555 0.04540240102949644 0.2503912996545769
0 0.12225702904435938 0.32939349112426036 0.09041217078547396 0.2823804240631163 0.06044156321305641 0.31538214990138064 0.09228642147194183 0.3623952169625247
0 0.0802696078431373 0.37109375 0.047385620915032726 0.32916666666666666 0.01715686274509806 0.3677083333333334 0.05004084967320264 0.40963541666666675
0 0.1266250709637976 0.4534050204157387 0.09508584799918489 0.41437523199703047 0.0649966519644235 0.4539014940608761 0.09653587492903622 0.49293128247958434
0 0.08124547173984342 0.529377795604823 0.04724348121201033 0.4996732788798133 0.022305637540897382 0.5460778879813302 0.05630762806873047 0.5757824047063399
0 0.13055954088952657 0.6518165650406504 0.09932793473862343 0.604411448561601 0.06979239475652677 0.6360440118824264 0.10102400090742991 0.683449128361476
0 0.08548628995702635 0.6737311119721038 0.05269686978497975 0.6431409821774506 0.024915610051330406 0.6915498272633346 0.05770503022337701 0.7221399570579877
0 0.1302497350291468 0.8111416103603605 0.10270380674792437 0.7619721283783785 0.0732589206853913 0.7887880067567569 0.10080484896661374 0.8379574887387389
0 0.08623697226638409 0.8444538288288289 0.05470985691573931 0.8152195945945946 0.030138226461755936 0.8582967342342342 0.06166534181240071 0.8875309684684685
0 0.12959206671174214 0.9843211206896552 0.10928696191120127 0.923913433908046 0.07521974306964165 0.942528735632184 0.09552484787018252 1.002936422413793
0 0.34085772386813606 0.13569229014598547 0.3076487285911932 0.11593293795620443 0.28576433614808455 0.17572422445255478 0.31897333142502743 0.19548357664233582
0 0.3391241172084047 0.3431578579418344 0.31629984208448486 0.2894330257270693 0.28320338202395057 0.31229026845637586 0.3060276571478704 0.3660151006711409
0 0.3373673564883998 0.44618576789838343 0.30806597080710657 0.41981452078521947 0.2826957765400233 0.46563943418013864 0.31199716222131657 0.49201068129330255
0 0.3383731876845493 0.5826948498307954 0.3077075246342192 0.566483185279188 0.28883767127832527 0.6245079843485617 0.3195033343286554 0.6407196489001692
0 0.3374630674187485 0.7208547374429224 0.30948383919777966 0.7074771689497718 0.29227661384188386 0.7659817351598174 0.3202558420628527 0.7793593036529681
0 0.3088008305963643 0.8534655006686727 0.27985844789269787 0.8251303911735206 0.25286382021882653 0.8699540287529255 0.281806202922493 0.8982891382480777
0 0.3495689655172414 0.9277801724137931 0.3233124859139059 0.8901185344827586 0.29514311471715127 0.9220438218390805 0.3213995943204868 0.9597054597701149
0 0.44780040221216694 0.04368589743589748 0.4254776269482152 -0.006121794871794872 0.395739064856712 0.015544871794871806 0.41806184012066366 0.06535256410256415
0 0.4771411225754998 0.1532111435494122 0.4490592113871287 0.12708358158563723 0.42528657077702386 0.16861966754051488 0.4533684819653949 0.19474722950428985
0 0.43218954248366015 0.1802083333333334 0.4027777777777778 0.1802083333333334 0.4027777777777778 0.2411458333333334 0.43218954248366015 0.2411458333333334
0 0.4339978493539661 0.30829450514138823 0.4080404548280323 0.2997141441730935 0.3956910420552111 0.3604467919880035 0.4216484365811449 0.36902715295629823
0 0.4756944444444444 0.37317708333333344 0.4511846405228758 0.34192708333333344 0.42483660130718964 0.37552083333333347 0.44934640522875824 0.40677083333333347
0 0.4405434299876795 0.47936315250040606 0.4118636962010003 0.46386880479785686 0.3914537827633083 0.5252822343318722 0.42013351654998743 0.5407765820344212
0 0.47926607521869896 0.5648683017727639 0.44958801409363114 0.5387720756110663 0.4292059692531325 0.5764533810099384 0.4588840303782003 0.6025496071716359
0 0.4778616117864407 0.7305460708630246 0.4481049050657477 0.7292378018606492 0.44611724341359676 0.8027315914489314 0.4758739501342898 0.8040398604513066
0 0.48570323875315 0.9666768166475607 0.4811296987270262 0.8923282065978856 0.4489363475615696 0.8955475417144313 0.45350988758769334 0.9698961517641064
0 0.62766348612374 0.07933790378517637 0.6263709655483279 0.011771390705509314 0.6008600774832327 0.01256471710265557 0.6021525980586447 0.08013123018232263
0 0.6371533795493932 0.19543508087810524 0.6079510313657525 0.17871822645869442 0.5859992523872634 0.2410562897169267 0.6152016005709041 0.2577731441363375
0 0.6245035193564605 0.361834935897436 0.5964994972347913 0.35737179487179493 0.5898064353946707 0.4256410256410258 0.6178104575163398 0.43010416666666684
0 0.6310898142028347 0.5507982209737828 0.5979129029889109 0.5344548220973784 0.5774697069839172 0.6019173689138577 0.6106466181978409 0.6182607677902622
0 0.6307661003383837 0.718418405833543 0.6022993117287146 0.6996227003184983 0.5793690558949253 0.7560785715782418 0.6078358445045943 0.7748742770932865
0 0.6157975625597438 0.8200562960823155 0.5883012415927084 0.8187814666556619 0.5865210643517889 0.881198931165401 0.6140173853188244 0.8824737605920546
0 0.32230392156862747 0.37343750000000003 0.3216151115618661 0.35850754310344823 0.3071994027496056 0.3595887212643678 0.3078882127563669 0.3745186781609196
0 0.6176470588235295 0.9567708333333333 0.5874183006535949 0.9567708333333333 0.5874183006535949 0.9994791666666667 0.6176470588235295 0.9994791666666667
0 0.8193676170774121 0.07853832186544342 0.8178284463632549 0.013777714067278287 0.7918941506266115 0.01477972094801224 0.7934333213407687 0.07954032874617738
0 0.8185029552430759 0.17424116865231884 0.7913363526297016 0.17356200358698448 0.7902471326732077 0.2443885312580068 0.817413735286582 0.2450676963233412
0 0.8208072138396871 0.45581087360594796 0.8105067181767379 0.3882690520446096 0.7826584785091236 0.395173094795539 0.7929589741720727 0.4627149163568774
0 0.8233322064457965 0.5902119252873564 0.7936809781383817 0.5750897988505749 0.7742421681316204 0.6370510057471265 0.8038933964390352 0.652173132183908
0 0.8216113533783108 0.7871571145581522 0.7911110321109376 0.7800144372817622 0.7818146866589776 0.8445465686274513 0.8123150079263508 0.8516892459038412
0 0.950267937068511 0.01360342401500955 0.9290124648984046 0.00935232958098826 0.9217125593201633 0.06868687460913085 0.9429680314902696 0.07293796904315214
0 0.9739694174122056 0.13130104056902014 0.9431061764361522 0.12211922637864434 0.9316290970199108 0.1848332674745348 0.9624923379959641 0.1940150816649106
0 0.9772269589730415 0.2644243015899676 0.9466006814773832 0.24529850380696464 0.925589925814688 0.2999921271414177 0.9562162033103466 0.31911792492442065
0 0.9766660388671935 0.3890803330284024 0.9480460702315427 0.3640378604722079 0.9211216940165158 0.41405950514026846 0.9497416626521666 0.43910197769646303
0 0.9735072867886098 0.5096780023814926 0.9452278057212149 0.48246567154305603 0.918273877555861 0.5280009639374009 0.9465533586232558 0.5552132947758375
0 0.9700980392156864 0.6279166666666669 0.9382352941176472 0.6143750000000002 0.921813725490196 0.6771875000000002 0.9536764705882352 0.6907291666666668
0 0.9667320261437911 0.7651458333333336 0.9378513071895426 0.7598854166666669 0.9308333333333334 0.8225208333333335 0.9597140522875819 0.8277812500000002
0 0.9698644456900459 0.8935010256749604 0.943282964323898 0.879097185459679 0.9262141154326563 0.9303037321334041 0.9527955967988042 0.9447075723486854