0 0.054330065359477125 5.9637747770977875e-18 0.022058823529411766 3.444319122601931e-18 0.022058823529411766 0.03333333333333333 0.054330065359477125 0.03333333333333334
0 0.09339078189040259 0.11450972819272795 0.06771694886086262 0.0828315309869246 0.04422125289306121 0.11378711042450297 0.06989508592260119 0.14546530763030632
0 0.09191544801690536 0.30334952411621585 0.06389422092008411 0.27923375554601404 0.04018737880152777 0.3240133462143982 0.06820860589834903 0.34812911478459996
0 0.09796405810248181 0.516379559608541 0.06743408810736633 0.4883168371886121 0.041773806201009483 0.533698287366548 0.07230377619612496 0.5617610097864769
0 0.0527124183006536 0.26183333333333336 0.03379084967320262 0.2296666666666667 0.010261437908496722 0.25216666666666676 0.0291830065359477 0.2843333333333334
0 0.21958272933038323 0.12646684500648508 0.19861683324432236 0.08042923151750973 0.17218629994150705 0.09999635214007783 0.19315219602756792 0.1460339656290532
0 0.20770581715645528 0.2571474958437241 0.18342012615520026 0.25559928304239404 0.18123604387723505 0.31129338113050703 0.20552173487849007 0.3128415939318371
0 0.22088139177239524 0.4696200980392157 0.19628219915417147 0.4564142156862745 0.18117262591311034 0.5021678921568626 0.2057718185313341 0.5153737745098039
0 0.1980695370931878 0.684566151202749 0.17292635267165293 0.6581658075601375 0.14781012061181867 0.697051116838488 0.17295330503335354 0.7234514604810997
0 0.09846342383107089 0.7214543269230771 0.07029414855475608 0.6924899511349307 0.04382943278194007 0.7343306667717528 0.07199870805825488 0.7632950425598992
0 0.05387534936326177 0.9016370285635051 0.02699205028655954 0.8944961522462562 0.016691271627896957 0.9575369176372711 0.043574570704599185 0.9646777939545201
0 0.19488167394059275 0.9345519049822613 0.18018543218613994 0.8795879608206078 0.15445146128789325 0.8907734652167207 0.16914770304234603 0.9457374093783742
0 0.2299019607843138 0.7034375000000002 0.20650326797385624 0.6810625000000001 0.18243464052287586 0.7219791666666668 0.20583333333333342 0.7443541666666669
0 0.35992106707012944 0.5570100515828152 0.3289142253848968 0.5368702303561333 0.3074882369567386 0.5904947180610515 0.3384950786419712 0.6106345392877333
0 0.252970824068459 0.3243767182130585 0.22659018934034098 0.30560352233676985 0.20990937268378143 0.343708762886598 0.23629000741189948 0.36248195876288664
0 0.3505407317566202 0.08735502577319591 0.32548766929452194 0.07315829037800689 0.3072611346944276 0.12544566151202752 0.3323141971565259 0.13964239690721655
0 0.345016339869281 0.3488541666666667 0.3328839869281045 0.30244791666666665 0.313766339869281 0.31057291666666664 0.3258986928104575 0.35697916666666674
0 0.48882230828274376 0.30456331553973914 0.4590035005698601 0.29268238434163707 0.44332507617519123 0.35665035587188615 0.4731438838880749 0.3685312870699882
0 0.3635587610840514 0.8540772292993631 0.3424792889554972 0.795156050955414 0.31244400732692224 0.8126239384288747 0.33352347945547645 0.8715451167728239
0 0.4988471592802191 0.8269885093266899 0.4685615654208534 0.8114275903922322 0.44685573379728794 0.8801024298901242 0.47714132765665357 0.8956633488245819
0 0.4914185148268128 0.6292682895174019 0.47964367032634136 0.5576681773818424 0.4509845656844015 0.5653298654373287 0.46275941018487304 0.6369299775728882
0 0.5236383134373025 0.06132466553608446 0.4949323544190618 0.04267933272093464 0.47521159160856724 0.09203601964386661 0.503917550626808 0.11068135245901643
0 0.6227828054298643 0.20973878205128213 0.5955656108597285 0.2078108974358975 0.593007792860734 0.2665128205128206 0.6202249874308697 0.2684407051282052
0 0.6312179860519987 0.024927408606245354 0.6057984757751792 -0.0016949892104594375 0.5814619640697101 0.03607950939324708 0.6068814743465296 0.06270190720995188
0 0.6175530684250102 0.37783923303834815 0.5954562872346579 0.3759610066371682 0.5924720920816705 0.43303373893805314 0.6145688732720228 0.4349119653392331
0 0.6293591561226584 0.615593025238745 0.6051185253546623 0.6133036323328788 0.60182380137139 0.6700140688949523 0.626064432139386 0.6723034618008187
0 0.6363544050638132 0.7775538906414303 0.6110064740933177 0.7622923238696111 0.592144749592792 0.8132189800210307 0.6174926805632875 0.8284805467928499
0 0.6284257276836294 0.9641177642401809 0.6158205416651547 0.901438476763315 0.5893534310701454 0.9100911859962987 0.6019586170886202 0.9727704734731647
0 0.7669710230300991 0.4893173283261804 0.740668742461219 0.4814686158798285 0.730148636707902 0.538779282904149 0.7564509172767819 0.5466279953505009
0 0.7699788676283228 0.3384511416214042 0.7503246772456719 0.290970755381211 0.7241966641816654 0.3085527308388654 0.7438508545643162 0.3560331170790586
0 0.755718954248366 0.09531250000000012 0.7267156862745098 0.09531250000000012 0.7267156862745098 0.15572916666666678 0.755718954248366 0.15572916666666678
0 0.7760809451985922 0.8155048076923077 0.7530165912518854 0.7713942307692307 0.7214366515837104 0.7982371794871794 0.7445010055304172 0.8423477564102563
0 0.8883870038048022 0.9826843615947515 0.8806917417484278 0.9120418559172344 0.8522150974949656 0.917084595003785 0.8599103595513401 0.9877271006813021
0 0.8988538804278638 0.7018569378463975 0.8756842562836694 0.6373037905779888 0.8452685211059877 0.6550505987727633 0.8684381452501823 0.7196037460411718
0 0.9020197149898211 0.43636099726775973 0.8716114861245046 0.4193989071038253 0.8518295296260581 0.477049180327869 0.8822377584913746 0.49401127049180343
0 0.9318522315092258 0.33535243521000896 0.9152626644938584 0.2809623547810545 0.8872110953407281 0.2948712578194817 0.9038006623560952 0.34926133824843614
0 0.8946446198729104 0.1780763567522087 0.8680430102204955 0.1618886726966765 0.8490997261336171 0.21249430304305145 0.8757013357860322 0.22868198709858364