0 0.18520770276790807 0.11179795861297544 0.15400798350660178 0.11049370805369131 0.15227705399833313 0.17780522930648773 0.18347677325963943 0.17910947986577186
0 0.22196807440925087 0.32892564102564104 0.22111236802413273 0.2667371794871795 0.19067797888386126 0.2674179487179487 0.19153368526897943 0.32960641025641024
0 0.07672332835416394 0.22583021938283512 0.04296325971725883 0.21913447243651563 0.035093493360057 0.28363845025715206 0.06885356199696209 0.2903341972034716
0 0.0550127585280688 0.32910245433789964 0.02385508998119799 0.314205194063927 0.008192318023099696 0.3674586187214612 0.039349986569970505 0.38235587899543383
0 0.12192906574394469 0.442359068627451 0.08542387543252598 0.432015931372549 0.07361111111111115 0.4997916666666667 0.11011630142252984 0.5101348039215686
0 0.08556424376147229 0.6030370045691212 0.08467224420317483 0.5393482361066836 0.06012649986144706 0.5399070901073212 0.06101849941974451 0.6035958585697588
0 0.12540849673202623 0.7171875 0.09803921568627458 0.7171875 0.09803921568627458 0.7833333333333333 0.12540849673202623 0.7833333333333333
0 0.2990829952670723 0.7477280890804597 0.29584460220869957 0.67753591954023 0.2691204642776651 0.6795402298850576 0.2723588573360379 0.7497323994252874
0 0.2624615760793629 0.5336834422011084 0.26048895409311784 0.4607457442596991 0.23326473305078166 0.46194267121931903 0.23523735503702667 0.5348803691607283
0 0.4686298539023453 0.6611060049019609 0.4420535371011149 0.6078584558823529 0.41551566705113413 0.629390318627451 0.4420919838523645 0.682637867647059
0 0.44563205842706816 0.35222640453495085 0.41318063909561514 0.3141608896591565 0.390294556586355 0.34587801487579434 0.422745975917808 0.38394352975158863
0 0.3928216045153502 0.34031821963394354 0.3818887094493926 0.27340890183028294 0.3492959718551869 0.2820663477537438 0.3602288669211445 0.3489756655574044
0 0.4010488704472107 0.1254538381742739 0.37125064410273106 0.11532244121715082 0.36007037669839725 0.16877809474412178 0.3898686030428769 0.17890949170124487
0 0.3684340643771961 0.09227751685934485 0.3421304167138918 0.026968328516377583 0.3067033605349655 0.050163475433525985 0.3330070081982697 0.11547266377649326
0 0.5177730227502961 0.08570497251092041 0.48570759829764115 0.08396525267359549 0.4837598090900768 0.1423258868052418 0.5158252335427318 0.14406560664256673
0 0.5543401893453708 0.3292923260674829 0.5457116259462876 0.2665842415646462 0.5162603411026996 0.2731720289638699 0.5248889045017827 0.33588011346670654
0 0.6264490784766562 0.35154926866820635 0.5932183882020862 0.3216416474210933 0.5697840722124109 0.36396988067744424 0.6030147624869809 0.3938775019245574
0 0.6234013425189895 0.5854786036036036 0.5891671082847553 0.5254617117117119 0.5586601307189543 0.5537500000000002 0.5928943649531885 0.6137668918918919
0 0.4936093148667504 0.5548331688430004 0.4540430632218472 0.5338929167931977 0.43896205359358037 0.5802156088672944 0.47852830523848366 0.6011558609170968
0 0.4974115936869585 0.8277131912305684 0.4716854612973704 0.774997589592975 0.44528005221312444 0.7959458807998102 0.47100618460271243 0.8486614824374036
0 0.32376147605605154 0.8390158884565498 0.2971344828463163 0.8368940499351492 0.29405565728236827 0.8997020914396888 0.32068265049210354 0.9018239299610895
0 0.1584967320261439 0.9005208333333333 0.12745098039215697 0.9005208333333333 0.12745098039215697 0.9635416666666666 0.1584967320261439 0.9635416666666666
0 0.5461555097151984 0.8278480863499247 0.5122475083547748 0.8073694381598794 0.49344094726880194 0.857990431749623 0.5273489486292255 0.8784690799396683
0 0.6888955243688 0.6651940566835872 0.6521131929929331 0.6110815884094756 0.6200918184532695 0.6464652072758038 0.6568741498291363 0.7005776755499155
0 0.6649527152715878 0.8014742895921384 0.6283977108350127 0.7887185169913756 0.613800384772677 0.8567224061952378 0.6503553892092521 0.8694781787960006
0 0.8451857348443965 0.4184977064220185 0.8123133657132579 0.41722763761467907 0.8103923067698028 0.4980561926605506 0.8432646759009415 0.49932626146789005
0 0.815041975843078 0.25360897844136254 0.7841870024734113 0.24479137182753102 0.7719637812668232 0.3143226955373149 0.8028187546364899 0.3231403021511464
0 0.7848851675335321 0.08909822419533864 0.751701812800592 0.08657232704402527 0.7480297853510623 0.16499306326304117 0.7812131400840026 0.16751896041435455
0 0.9747516888771075 0.22962797009422373 0.9478170108682554 0.18226008807865632 0.9227549581897485 0.20542682302335122 0.9496896361986006 0.2527947050389186
0 0.9995915032679739 0.17135416666666684 0.9620098039215687 0.17135416666666684 0.9620098039215687 0.22968750000000018 0.9995915032679739 0.22968750000000018
0 0.8924534782065693 0.6873274946921444 0.8756192498230715 0.6143511146496814 0.8473991507430997 0.6249336518046709 0.8642333791265976 0.6979100318471336
0 0.9177701561608987 0.844083822706935 0.9078552002456466 0.7724482662192392 0.879238496293372 0.778887024608501 0.8891534522086241 0.8505225810961968
0 0.9369970524353093 0.8814770095194464 0.9027319872155745 0.8776447324882918 0.897532200622053 0.9532236306251274 0.9317972658417878 0.957055907656282
0 0.7471405228758171 0.9473958333333333 0.7054738562091504 0.9473958333333333 0.7054738562091504 0.9994791666666667 0.7471405228758172 0.9994791666666667