0 0.07627890899949724 0.36268028846153844 0.04179235796882859 0.35388621794871794 0.034392282554047277 0.4010616987179487 0.06887883358471594 0.4098557692307692
0 0.048716533965816655 0.4262959033728851 0.0067717017591479925 0.4111601502417051 -0.0024356314707820823 0.4526391864425401 0.039509200735886575 0.46777493957372
0 0.1009268649988731 0.058243534482758645 0.06856265494703628 0.011821120689655188 0.04627563669145819 0.03707974137931035 0.07863984674329502 0.08350215517241381
0 0.1434232026143791 0.18401041666666668 0.106421568627451 0.17727083333333335 0.10010620915032681 0.23363541666666668 0.1371078431372549 0.24037500000000003
0 0.19908441819728925 0.33615901228466527 0.1637691200927326 0.3153131765979478 0.1486192095213309 0.357036030311588 0.18393450762588756 0.3778818659983055
0 0.23355709429873386 0.5052207923290436 0.20705644862032624 0.45600736500126166 0.1855712522202926 0.4748149287156195 0.2120718978987002 0.5240283560434015
0 0.1123859913402809 0.5706339210747272 0.07471271464085216 0.5554654701931151 0.06337770204639374 0.601230583543241 0.10105097874582249 0.6163990344248531
0 0.1776410372210306 0.7740958893154191 0.14043600165594078 0.7413421705054383 0.12022207795466244 0.7786682261676264 0.15742711351975225 0.8114219449776072
0 0.28232481517197044 0.6590846994535521 0.24684586949533913 0.6213883196721313 0.22280483231543988 0.6581711065573771 0.2582837779920712 0.6958674863387979
0 0.054886578933588615 0.8731528055960186 0.01927015647239727 0.8323993991260016 -0.005758078298082952 0.8679573698106339 0.029858344163108393 0.9087107762806509
0 0.36977604135326503 0.9326343982902235 0.33073263647121864 0.9089683344293439 0.3159908472376237 0.948504288141166 0.3550342521196701 0.9721703520020457
0 0.28928976361370085 0.08577455663794188 0.2515623584265729 0.07326792181840892 0.2406569190683642 0.12674651867116277 0.2783843242554922 0.13925315349069572
0 0.3311947327950788 0.22398897058823533 0.29334871203383306 0.19503676470588235 0.27777777777777773 0.228125 0.31562379853902345 0.25707720588235294
0 0.3621393959882804 0.3360452586206897 0.3311373112463376 0.30259877873563223 0.3112731011945008 0.33253053160919543 0.34227518593644357 0.3659770114942529
0 0.43479991708360427 0.5561458833893962 0.3945346238767813 0.5311028351753966 0.37771186081352304 0.575073332131988 0.41797715402034596 0.6001163803459877
0 0.3893278613138289 0.8536168644185402 0.34816547212834625 0.834924628781571 0.33490568861460773 0.882392103802387 0.37606807780009044 0.9010843394393562
0 0.4953575104542147 0.7616517726407497 0.46016129564791736 0.7245434557800718 0.43741467595164585 0.7596155694047881 0.47261089075794316 0.796723886265466
0 0.5415984561429326 0.9120778611632273 0.5032698898821567 0.8868008325515949 0.48449666764767196 0.9330768253595999 0.5228252339084477 0.9583538539712322
0 0.5021655678282957 0.010541757641921452 0.46901311470730944 0.0049058406113537956 0.4634404343979222 0.058194596069869084 0.49659288751890845 0.06383051310043673
0 0.4761991547609206 0.08235494921425837 0.44370229246675036 0.06472367286316602 0.431690077334115 0.10071527245432485 0.4641869396282853 0.1183465488054172
0 0.5781068135016564 0.27211044520547956 0.5455166084698719 0.2565282534246576 0.5323719670516608 0.30122003424657545 0.5649621720834452 0.3168022260273974
0 0.5648587904681976 0.3487556744487679 0.531234264133669 0.32386267833981847 0.5152237354085603 0.3590191309987031 0.5488482617430889 0.38391212710765255
0 0.599861514687914 0.482869047099552 0.5725862114206247 0.44998990879734685 0.5545441892355942 0.47432061659975566 0.5818194925028836 0.5071997549019608
0 0.6593373915477191 0.5257031905961378 0.6263463928812498 0.5038301584802688 0.6129498608847401 0.5366774244332494 0.6459408595512093 0.5585504565491185
0 0.7330592313082233 0.08463221294669031 0.6998769484360821 0.057132396016403145 0.6824243024684976 0.09136643233743413 0.7156065853406389 0.1188662492677213
0 0.7004510251589219 0.11354737442922384 0.6736894529501298 0.08186358447488598 0.6532623780105649 0.10991152968036542 0.6800239502193571 0.1415953196347033
0 0.806972465532908 0.46089633321571405 0.7719045922297406 0.4472344742413551 0.7590615933505841 0.5008248059280171 0.7941294666537516 0.514486664902376
0 0.6929639690271013 0.6163946390658175 0.6593631614004413 0.5930268046709131 0.6438767120436285 0.6292263800424629 0.6774775196702885 0.6525942144373674
0 0.6609455898561598 0.6424760864430801 0.6323936557775371 0.6092844630766812 0.6131682597460335 0.6361690088175093 0.6417201938246563 0.6693606321839082
0 0.7500408496732026 0.7633854166666667 0.7100898692810458 0.74640625 0.699795751633987 0.7857812500000001 0.7397467320261437 0.8027604166666668
0 0.7122015432009814 0.813948176955741 0.6800341768260467 0.779630848848604 0.662046710730675 0.807039798709783 0.6942140771056097 0.8413571268169201
0 0.7675653594771242 0.9447916666666668 0.7263071895424837 0.9447916666666667 0.7263071895424839 0.9994791666666668 0.7675653594771243 0.9994791666666669
0 0.8774577123135819 0.6760881589990083 0.8323209738995927 0.636476274605173 0.8119590620638277 0.6741938348783095 0.857095800477817 0.7138057192721449
0 0.9304594386774316 0.6890931372549021 0.8923130526720493 0.6599111519607844 0.8734260861207227 0.7000459558823532 0.9115724721261051 0.7292279411764707
0 0.9089118944379181 0.7867091096363047 0.8619654124842014 0.7613460738350383 0.8493876727505422 0.799192492693619 0.8963341547042588 0.8245555284948854
0 0.9010804622550658 0.07268017735828032 0.8601671874897638 0.04160349844080624 0.843524323639691 0.07722219901993531 0.884437598404993 0.10829887793740939
0 0.9693177729807518 0.25918386850152897 0.9301226989266654 0.23227494266055057 0.913870900041974 0.2707568807339451 0.9530659740960602 0.29766580657492353
0 0.9876467939628056 0.8850588372817957 0.9555074731471973 0.8397677680798005 0.9344464614607271 0.8640631494181215 0.9665857822763354 0.9093542186201167
0 1.0156523991710502 0.42388211382113816 0.9819763271162122 0.3895325203252033 0.9612127371273712 0.4226244918699187 0.9948888091822092 0.45697408536585354