0 0.10044818613047571 0.14298838965066932 0.08393987696286481 0.08558449640874959 0.05593724593983856 0.09867572641201437 0.07244555510744943 0.15607961965393408
0 0.09273883069209422 0.30954908675799087 0.06291409257767036 0.30814069634703195 0.060929246127674835 0.37646903538812787 0.0907539842420987 0.3778774257990868
0 0.07883986928104582 0.6072916666666667 0.04861111111111117 0.6072916666666667 0.048611111111111174 0.665625 0.07883986928104582 0.665625
0 0.03170884319652573 0.7096313375927453 0.010009348614411464 0.7068081890629294 0.005606137756009303 0.7618263087386644 0.027305632338123564 0.7646494572684804
0 0.07148692810457524 0.8197916666666667 0.041258169934640605 0.8197916666666667 0.041258169934640605 0.884375 0.07148692810457526 0.884375
0 0.24545671927307516 0.5401549796747969 0.22254603060736491 0.5369092987804879 0.2175294914713853 0.5944740853658537 0.24044018013709553 0.5977197662601627
0 0.25517103883646747 0.3884901166097839 0.22936045863168936 0.38461852957906717 0.22361083227375142 0.4469301052332196 0.24942141247852953 0.4508016922639363
0 0.2660084474041189 0.2329893867924529 0.24146010605500062 0.2240467767295598 0.22943642865951416 0.2777024371069183 0.2539847700086324 0.2866450471698113
0 0.26611990950226244 0.03818108974358978 0.23941050779286074 0.02415865384615388 0.22250744479251267 0.07649778106508878 0.24921684650191436 0.0905202169625247
0 0.24959150326797386 0.7036458333333334 0.22372355299508126 0.6909605884879727 0.20666776160636083 0.7475005369415809 0.23253571187925345 0.7601857817869416
0 0.23774509803921579 0.859375 0.21813725490196087 0.859375 0.21813725490196087 0.915625 0.23774509803921579 0.915625
0 0.4106209150326798 0.9576041666666667 0.3841503267973857 0.9407291666666668 0.3647875816993465 0.9901041666666667 0.3912581699346406 1.0069791666666668
0 0.4167609351432881 0.6532051282051282 0.40730266465560583 0.592908653846154 0.3790221216691806 0.6001201923076924 0.38848039215686275 0.6604166666666668
0 0.3926217038539555 0.44392959770114954 0.36826684696867257 0.4306214080459771 0.35337080234392615 0.47493714080459776 0.37772565922920903 0.4882453304597702
0 0.4220251826220684 0.47003676470588235 0.3945717993079585 0.4490349264705883 0.37388264129181087 0.492999387254902 0.40133602460592077 0.5140012254901961
0 0.4105392156862746 0.7395833333333334 0.38602941176470595 0.7395833333333334 0.38602941176470595 0.8 0.4105392156862746 0.8
0 0.4153216927403938 0.859592745022971 0.39020508662883224 0.8406696656457378 0.370443353451641 0.8833094053088312 0.39555995956320256 0.9022324846860645
0 0.4370600804424333 0.3074919871794871 0.4138700351935646 0.26314102564102565 0.38672071392659624 0.2862179487179487 0.409910759175465 0.3305689102564102
0 0.4426733087940351 0.06607062274368238 0.4177122413345603 0.04561146209386289 0.39692757367688347 0.08683438628158854 0.42188864113635827 0.10729354693140802
0 0.5841957681927362 0.11385076926810328 0.5766772395232602 0.04834558823529411 0.5466823498958892 0.053942195690157256 0.5542008785653652 0.11944737672296643
0 0.5795173760561135 0.2588160569105691 0.5746702136139008 0.20319486788617885 0.5468725091662682 0.20713287601626018 0.5517196716084808 0.2627540650406504
0 0.5690059303806719 0.41623069755058567 0.5671598644782726 0.357387346911608 0.5378113971893336 0.3588841187433439 0.5396574630917329 0.4177274693823216
0 0.5655093398306067 0.5256872534516767 0.5419567235178093 0.5131749260355031 0.5253267973856208 0.5640625 0.5488794136984182 0.5765748274161737
0 0.5616032409018834 0.6585059171597635 0.5327981784429748 0.6433832593688364 0.5153198360211936 0.697503698224852 0.5441248984801021 0.7126263560157791
0 0.5576503293326641 0.8282890483579002 0.5322943762454556 0.820899599172485 0.5211492924037989 0.8830682699767262 0.5465052454910074 0.8904577191621412
0 0.7604823953156901 0.6143395956123119 0.7489488231441888 0.5542929354944336 0.720556293899354 0.5631583578912901 0.7320898660708552 0.6232050180091684
0 0.7723508027372022 0.42763038310961987 0.7638875180944862 0.3664831515659956 0.7341289424047024 0.3731788310961969 0.7425922270474186 0.43432606263982115
0 0.7871323529411766 0.19286458333333348 0.7600490196078433 0.18135416666666682 0.7444444444444446 0.2410416666666668 0.7715277777777778 0.25255208333333345
0 0.8348629936272657 0.052168463866817956 0.8103068223127315 0.0032479663261444952 0.7842019800731492 0.024549517593643582 0.8087581513876834 0.07347001513431704
0 0.7454018736580338 0.8163953061455038 0.7430509408161518 0.745955480870613 0.7173881904019327 0.7473478215845759 0.7197391232438147 0.8177876468594667
0 0.9353068413157616 0.8432590505464483 0.9105927890281799 0.8403944672131148 0.9059955266259512 0.9048710724043718 0.9307095789135329 0.9077356557377052
0 0.9461174597227427 0.667018312101911 0.9190916281586945 0.6568836252653928 0.9048267661629407 0.7187218020169852 0.931852597726989 0.7288564888535034
0 0.9536239754807122 0.5022042505974736 0.9302427326911189 0.4936048992830318 0.9168707058332606 0.5527092579947651 0.940251948622854 0.5613086093092068
0 0.964480657127716 0.3266103603603605 0.9379283695460163 0.3161936936936937 0.9231959901077545 0.377240990990991 0.9497482776894542 0.3876576576576578
0 0.9842688588294622 0.1791887291981847 0.9595455365706546 0.15986864914271326 0.9357328344852818 0.20940533598083733 0.9604561567440895 0.22872541603630878