0 0.45595465324772977 0.5720547566371682 0.42303993868934 0.5692570058997052 0.4196960495112499 0.6332088864306784 0.4526107640696397 0.6360066371681417
0 0.25194248075095516 0.5272232010385757 0.23663961133414788 0.4575404920870426 0.21192677120304104 0.46636297601384774 0.22722964061984832 0.5360456849653807
0 0.24649666650999758 0.6200086710975523 0.2178053123624695 0.5593879385487035 0.1927443182546499 0.5786697809980389 0.22143567240217799 0.6392905135468876
0 0.30439291101055815 0.6990785256410257 0.27699220713926603 0.6466746794871795 0.25144544997486173 0.6683894230769231 0.27884615384615385 0.7207932692307694
0 0.2944968642562998 0.854513487475915 0.2778698666364426 0.7885597302504816 0.2520320941478711 0.7991486030828516 0.2686590917677283 0.865102360308285
0 0.3450760949119924 0.9039949588880187 0.32729928959315385 0.8339381851996868 0.302632100869583 0.8441134005481598 0.32040890618842155 0.9141701742364917
0 0.19788588951562364 0.9862157534246577 0.17527867311308082 0.9228025114155253 0.14967208344525026 0.9376426940639271 0.17227929984779305 1.0010559360730595
0 0.14601055806938157 0.7665256410256409 0.12724736048265461 0.6987435897435897 0.09929864253393665 0.7113205128205128 0.11806184012066363 0.779102564102564
0 0.08943542934415152 0.5045545977011494 0.06580459770114948 0.5020438218390805 0.06203234167230115 0.5597593390804596 0.08566317331530318 0.5622701149425287
0 0.04467320261437916 0.7080625000000002 0.011895424836601356 0.6933125000000001 -0.002606837606837563 0.7457019230769232 0.03017094017094024 0.7604519230769231
0 0.0910007808433108 0.8866933997050147 0.05681358088958298 0.8368777654867257 0.031045751633986974 0.865625 0.06523295158771479 0.915440634218289
0 0.41946179156594143 0.4756528253424659 0.3987012042259826 0.4174193778538814 0.3725098486883338 0.43259845890410975 0.39327043602829265 0.49083190639269425
0 0.4864977293691905 0.6925913500201045 0.4549738049622745 0.6881952402492963 0.44925209126674404 0.754894074185766 0.48077601567366 0.7592901839565743
0 0.5231911660630283 0.8324920382165605 0.4910630281836727 0.8310290605095542 0.4888410141126515 0.9103549628450108 0.5209691519920071 0.9118179405520171
0 0.6809971736442324 0.8945242117117117 0.6484410881469704 0.8374493243243244 0.6235448683978094 0.86053490990991 0.6561009538950714 0.9176097972972973
0 0.8225311129017817 0.6462414383561643 0.8179156594144508 0.5903367579908676 0.7923986032769271 0.5937614155251142 0.7970140567642582 0.6496660958904108
0 0.8568076584595079 0.6022793763459142 0.8257632957977481 0.5986144168650119 0.8219755685341121 0.6507714212852772 0.8530199311958719 0.6544363807661795
0 0.6270424836601307 0.5244791666666668 0.6008986928104575 0.5244791666666668 0.6008986928104575 0.5770833333333333 0.6270424836601307 0.5770833333333333
0 0.6119365562316881 0.6558584770114944 0.607657200811359 0.5903843390804598 0.5773664638269099 0.5936027298850576 0.581645819247239 0.6590768678160921
0 0.5858767421572145 0.369640518478651 0.5567045350612437 0.36006010046645154 0.5458505702245017 0.41378722640832444 0.5750227773204725 0.42336764442052394
0 0.5395509618941917 0.3292305424528303 0.5056919780490814 0.32735357704402523 0.503617122949809 0.3881987028301888 0.5374761067949194 0.3900756682389938
0 0.5343128832288929 0.17919029209622003 0.5078709318779059 0.17765786082474236 0.5056027221885318 0.24128114261168393 0.5320446735395189 0.24281357388316163
0 0.3711427535869024 0.28193006658153963 0.3461091021596526 0.22320112033321177 0.32262225393623334 0.23947597440107019 0.3476559053634831 0.2982049206493981
0 0.3261635113815642 0.11073994252873566 0.3076262114041019 0.05165229885057472 0.28297554654045526 0.06422413793103447 0.30151284651791754 0.12331178160919541
0 0.18501409985568648 0.31023703712822537 0.18034579566184034 0.23980399760357166 0.15583269286967627 0.24244519811568513 0.1605009970635224 0.3128782376403388
0 0.04980472516875606 0.3437612704918033 0.01842253294760531 0.34170935792349727 0.015907800278581415 0.4042318989071038 0.04728999249973216 0.4062838114754098
0 0.13899654445448345 0.0938055780113177 0.12500693486772232 0.026422291835084887 0.10185504409254943 0.034236054971705746 0.11584465367931057 0.10161934114793855
0 0.7169040572203724 0.2549823113207548 0.6944752743864842 0.2035082547169812 0.6731448082377605 0.21861733490566035 0.6955735910716488 0.2700913915094339
0 0.9447014491082726 0.2003066813663727 0.9111254539615089 0.15623818773624532 0.8871903934470331 0.18588346983060333 0.9207663885937968 0.2299519634607307
0 0.9934515558579902 0.4720406223221937 0.983111862997127 0.41018142137960584 0.9549394500730883 0.4178364663667524 0.9652791429339516 0.47969566730934027
0 0.8775883277839439 0.8574514544025157 0.870887439881613 0.7952049921383647 0.8449990751017389 0.7997354559748427 0.8516999630040696 0.8619819182389937
0 0.7921355074929465 0.3619840247650037 0.7436010449009682 0.3518243853940709 0.7351219464647752 0.4176722930224151 0.7836564090567535 0.4278319323933479
0 0.4783496732026144 7.223502604345716e-17 0.44689542483660133 6.977935407641689e-17 0.44689542483660133 0.04947916666666674 0.4783496732026144 0.04947916666666674