0 0.055978729594646566 0.02460983041865396 0.02721848145723579 0.0024554517753047215 0.0009454523727880146 0.057900602808691054 0.02970570051019879 0.0800549814520403
0 0.045032219119101685 0.40476400222551934 0.020925457225422352 0.3961578882294758 0.008477822385136087 0.4528390825914936 0.032584584278815415 0.4614451965875371
0 0.046249034322922426 0.24994136960600377 0.027412583232167175 0.20350951766729206 0.000785953843701346 0.2210693206691682 0.0196224049344566 0.26750117260788
0 0.036573206777403104 0.6593093152866241 0.034939219849298535 0.6009759819532907 0.008639315598851007 0.6021735668789808 0.010273302526955576 0.6605069002123141
0 0.031751236530648375 0.7717384572072074 0.004899973502914759 0.7709422860360361 0.0038250750750751464 0.8298735923423423 0.03067633810280877 0.8306697635135135
0 0.1708779731824001 0.08062714776632304 0.1491135199784381 0.05529048539518903 0.12475784987534531 0.08930143900343644 0.14652230307930733 0.11463810137457048
0 0.20013094686024802 0.18113629472407522 0.17690435280641462 0.1580004295532646 0.15613270272734117 0.19189976248231252 0.17935929678117454 0.21503562765312312
0 0.19174579786072915 0.32693107400130983 0.1693166788653903 0.3034667648984939 0.14492436791350463 0.3413701293385724 0.16735348690884347 0.3648344384413884
0 0.19049937326528787 0.4837257420091325 0.16426604888530758 0.4711829337899544 0.1493083534783777 0.5220390981735161 0.175541677858358 0.5345819063926941
0 0.1588562091503269 0.6157083333333335 0.13598039215686283 0.5938333333333335 0.11475490196078439 0.6299166666666668 0.13763071895424844 0.6517916666666668
0 0.193680758915456 0.6590633558885131 0.16707654545626857 0.6367473215724182 0.1462864507813759 0.6770385250523603 0.17289066424056335 0.699354559368455
0 0.1571618062159429 0.8239342763664357 0.13603695904843846 0.7857775211701309 0.11023185255626503 0.809002117013087 0.13135669972376945 0.8471588722093918
0 0.1893377584496834 0.7920930609597925 0.17352496121665273 0.7445699578469521 0.1459347422496885 0.7594937581063554 0.1617475394827192 0.8070168612191958
0 0.15467571644042252 0.9288381410256411 0.1313599798893918 0.9118509615384615 0.11001759678230275 0.9594711538461539 0.13333333333333347 0.9764583333333334
0 0.32500000000000007 0.015208333333333386 0.2995098039215686 0.004375000000000018 0.2865196078431372 0.05406250000000002 0.31200980392156863 0.06489583333333339
0 0.32598039215686275 0.13437500000000005 0.30330882352941174 0.10546875000000003 0.2790032679738562 0.1364583333333334 0.3016748366013072 0.16536458333333343
0 0.2904477313857146 0.24826963838625246 0.26335333837643404 0.23830463326505066 0.25309419887221996 0.28365002987367693 0.2801885918815005 0.2936150349948788
0 0.3149163069294915 0.41645667550839965 0.30648632131897857 0.3654025751547303 0.278631611795912 0.3728793656056587 0.287061597406425 0.423933465959328
0 0.3212327412627643 0.5426987825998371 0.3019105462070729 0.5093679961287695 0.27912262093101303 0.5308431387530563 0.29844481598670436 0.5641739252241239
0 0.32141077164427156 0.2738796441467123 0.29525324002653136 0.2519633694412771 0.2751125345615251 0.29104071645762075 0.3012700661792654 0.312956991163056
0 0.29066113624937157 0.6168269230769231 0.2722473604826546 0.581610576923077 0.24679487179487175 0.6032451923076924 0.26520864756158874 0.6384615384615384
0 0.3080065359477125 0.7109375 0.2843137254901962 0.7109375 0.2843137254901962 0.7630208333333334 0.3080065359477125 0.7630208333333334
0 0.2875913110342177 0.7897426470588234 0.2680123029603999 0.768345588235294 0.24667435601691654 0.8000857843137255 0.2662533640907343 0.8214828431372548
0 0.30449346405228767 0.8722916666666668 0.2814710688196848 0.8700337009803923 0.2784337754709728 0.9203768382352943 0.30145617070357567 0.9226348039215687
0 0.2796647128602331 0.986032028469751 0.26755518340194917 0.9366251482799527 0.2424115553694788 0.94664331257414 0.2545210848277627 0.9960501927639384
0 0.4654073011318348 0.20565294715447155 0.4428901641957596 0.1826854674796748 0.4203331739199745 0.21863567073170734 0.4428503108560497 0.2416031504065041
0 0.42134367445608384 0.34850599315068487 0.4197969827200287 0.2952611301369863 0.3904557256692632 0.2966466894977169 0.3920024174053183 0.3498915525114155
0 0.45544243338360973 0.3669871794871797 0.4314039718451482 0.34655448717948734 0.4128016591251885 0.38213141025641034 0.43684012066365 0.4025641025641027
0 0.42710398766248076 0.4753745318352061 0.40400785782477777 0.4569698033707866 0.3842714988617169 0.4972319756554307 0.40736762869941984 0.5156367041198503
0 0.45493665502730773 0.5960973173515981 0.43044923448831596 0.5843892694063927 0.4150382755842063 0.6367865296803654 0.4395256961231981 0.648494577625571
0 0.4435693853601291 0.750602660016625 0.441535051260737 0.6987271404821279 0.4160269261486806 0.7003532834580215 0.4180612602480726 0.7522288029925186
0 0.4387254901960784 0.921875 0.4113562091503269 0.921875 0.4113562091503269 0.9822916666666667 0.43872549019607854 0.9822916666666667
0 0.5780228758169934 0.025000000000000088 0.553921568627451 0.025000000000000088 0.553921568627451 0.08125000000000009 0.5780228758169934 0.08125000000000009
0 0.5665849673202614 0.2729166666666668 0.5420751633986928 0.2729166666666668 0.5420751633986928 0.3312500000000001 0.5665849673202614 0.3312500000000001
0 0.5705803482638245 0.538055264078349 0.5525091901048632 0.4884290835956628 0.5286252048913304 0.5025675498426022 0.5466963630502918 0.5521937303252886
0 0.5645852556708958 0.7497077205882354 0.5491594579008072 0.7014319852941177 0.5235841983852364 0.7147169117647059 0.5390099961553249 0.7629926470588236
0 0.5611848397895745 0.8900914634146342 0.5371981109516978 0.886693343495935 0.532485453531006 0.9407710873983741 0.5564721823688826 0.9441692073170732
0 0.7004108996539792 0.0889981617647059 0.6969218569780853 0.031167279411764722 0.6718065167243368 0.03363051470588237 0.6752955594002307 0.09146139705882354
0 0.6945576266600059 0.24361564490445858 0.6832849381790933 0.19474854033970274 0.6595544003163897 0.20364749203821655 0.6708270887973024 0.25251459660297243
0 0.6921613487325047 0.4152982875762619 0.6830228486291909 0.3593706669439823 0.6590921449001119 0.3657272601220189 0.6682306450034255 0.42165488075429847
0 0.691794399654955 0.5787383671742808 0.6883667595633854 0.517554991539763 0.6628782223549318 0.519876269035533 0.6663058624465015 0.5810596446700507
0 0.690751053873226 0.6828648915187377 0.6644926905673513 0.680555966469428 0.6612276172796535 0.7409190088757397 0.6874859805855282 0.7432279339250495
0 0.6887254901960784 0.8114583333333333 0.6629901960784313 0.8114583333333333 0.6629901960784313 0.8692708333333333 0.6887254901960784 0.8692708333333333
0 0.809029456531471 0.08530679223744292 0.804268511057391 0.027639840182648416 0.7783686990778047 0.03111586757990869 0.7831296445518847 0.08878281963470319
0 0.8095786377477875 0.16068626833501298 0.7881906709610279 0.1473297013212407 0.7691789009859905 0.19681971503750992 0.7905668677727501 0.2101762820512822
0 0.8051152605118523 0.27534888187094586 0.7767154631284628 0.26490376408330496 0.7637973990096777 0.3220016074883351 0.7921971963930672 0.332446725275976
0 0.8261437908496733 0.5063541666666667 0.8208144796380091 0.4519951923076923 0.7967823026646556 0.45582532051282054 0.8021116138763197 0.510184294871795
0 0.8299354925597937 0.5788797483880013 0.8032808231226329 0.5685813533781892 0.7908300900960329 0.6209678125876087 0.8174847595331937 0.6312662075974208
0 0.8288629917375755 0.7074488993710694 0.8050699839684302 0.6987814465408807 0.7934625107904798 0.7505797955974844 0.8172555185596251 0.7592472484276731
0 0.8240253748558247 0.8522205882352942 0.7983674548250672 0.8488363970588236 0.7936803152633601 0.906605392156863 0.8193382352941176 0.9099895833333336
0 0.9681372549019608 0.07343750000000014 0.9407679738562091 0.07343750000000014 0.9407679738562091 0.12552083333333347 0.9681372549019608 0.12552083333333347
0 0.9566993464052288 0.2166666666666668 0.9342320261437909 0.21666666666666679 0.9342320261437909 0.26979166666666676 0.9566993464052288 0.26979166666666676
0 0.9590887724952994 0.40569349315068504 0.9451719043781897 0.3583761415525116 0.9207292506043513 0.3700627853881281 0.9346461187214611 0.4173801369863016
0 0.9620098039215687 0.5958333333333333 0.9546458222928811 0.539498873873874 0.930930930930931 0.5445382882882882 0.9382949125596184 0.6008727477477476
0 0.9546568627450981 0.7015625000000002 0.9301470588235294 0.7015625000000002 0.9301470588235294 0.7598958333333335 0.9546568627450981 0.7598958333333335
0 0.9504267622704773 0.8768369078567304 0.9217116367055197 0.8753114168110919 0.9196911000101946 0.9371398396880416 0.9484062255751522 0.9386653307336801