0 0.13775492447971047 0.05477831140808802 0.10999011214425213 0.008420990812278154 0.08406519843268274 0.033662429525997094 0.11183001076814106 0.08001975012180695
0 0.13316993464052287 0.16145833333333334 0.10212418300653597 0.16145833333333334 0.10212418300653597 0.22864583333333333 0.13316993464052287 0.22864583333333333
0 0.11168569215460121 0.2530988682237601 0.08018338534952622 0.24087460351787773 0.06620756722527536 0.2994232987312572 0.09770987403035034 0.31164756343713956
0 0.08518671905942832 0.4259712094543626 0.062187952458663494 0.369346659961445 0.03193228301294537 0.3893235059927919 0.054931049613710196 0.44594805548570954
0 0.06417365159870021 0.18016447589309695 0.03521366913673878 0.17338252081654576 0.0264179872862387 0.23443921232876713 0.05537796974820013 0.24122116740531832
0 0.0603258799196619 0.017316397111178942 0.031908119773186465 -0.0011551469840301051 0.010867234697764771 0.05146729732478893 0.0392849948442402 0.06993884141999797
0 0.1127990504377852 0.5249803459119498 0.10856586224233286 0.45841346153846163 0.08174825929404177 0.46118582184325113 0.08598144748949413 0.5277527062167393
0 0.08360790242813597 0.6435106501245109 0.0638343935937947 0.5896107924226255 0.03220427801145362 0.6084740750622555 0.051977786845794904 0.6623739327641409
0 0.12738473767885528 0.7051942567567567 0.09931438791732912 0.6550886824324326 0.06963765235824061 0.6821157094594597 0.09770800211976677 0.7322212837837837
0 0.1289388696655133 0.8407340686274511 0.09782775855440216 0.8085049019607844 0.07373702422145333 0.8463088235294118 0.10484813533256447 0.8785379901960785
0 0.09600967083666044 0.8690964366515838 0.06522639221601158 0.833415818250377 0.04143746488037153 0.8667797888386123 0.07222074350102038 0.9024604072398189
0 0.3084967320261438 0.6757291666666666 0.28766339869281055 0.6226041666666668 0.25939542483660133 0.6406250000000001 0.28022875816993464 0.6937499999999999
0 0.31967044593520727 0.5052161875589066 0.3054866385762599 0.44915468897266736 0.27147091164458237 0.46314502827521215 0.28565471900352973 0.5192065268614514
0 0.31678762885102246 0.24690621531631526 0.29263146249990934 0.19352108768035522 0.2664976460432489 0.21274451997780255 0.29065381239436205 0.2661296476137626
0 0.2784799297077321 0.17170106132075474 0.25671707362190155 0.13114681603773584 0.23012316561844862 0.15434650157232704 0.25188602170427915 0.19490074685534592
0 0.49681888024584636 0.19979877917026803 0.4739677778342681 0.13528522039757998 0.4405197688409848 0.15454479976951893 0.4633708712525631 0.21905835854220695
0 0.4991568257840365 0.39875068724473767 0.4818659791909223 0.33040861608545397 0.45035667424368425 0.34336808828149545 0.46764752083679845 0.41171015944077916
0 0.49897712418300655 0.5514208333333335 0.4661160130718955 0.5224145833333333 0.4383071895424837 0.5736291666666667 0.4711683006535948 0.6026354166666668
0 0.49740534144692355 0.7275933908045977 0.46993182330403427 0.6881860632183908 0.44168638719855763 0.7201975574712643 0.46915990534144686 0.7596048850574711
0 0.4954433788712048 0.882037186157912 0.47791121734455266 0.8403106417244798 0.4502629925442262 0.8591953666997028 0.46779515407087835 0.900921911133135
0 0.3192401960784314 0.8440104166666669 0.29309640522875813 0.8106770833333334 0.270016339869281 0.8401041666666668 0.2961601307189543 0.8734375000000002
0 0.4832516339869282 0.9552083333333333 0.4419934640522877 0.9552083333333333 0.4419934640522878 0.9994791666666667 0.4832516339869283 0.9994791666666667
0 0.7432090239410681 0.9785738950276245 0.7250306936771024 0.9254022790055252 0.6944530206189288 0.9423964088397793 0.7126313508828945 0.9955680248618786
0 0.9375 0.9630208333333335 0.9097222222222222 0.9630208333333335 0.9097222222222222 0.9994791666666669 0.9375 0.9994791666666669
0 0.7468285275626732 0.8331926319298916 0.7276627231828783 0.7835561932431575 0.7030883255696386 0.7989813535911604 0.7222541299494334 0.8486177922778944
0 0.7465522875816993 0.6880625000000001 0.7190522875816995 0.6413125 0.6869607843137256 0.672 0.7144607843137255 0.7187500000000001
0 0.7268432146772861 0.5865783419309644 0.723110706516717 0.5259017561457139 0.6966968738839313 0.5285431394089924 0.7004293820445004 0.5892197251942429
0 0.7435457516339871 0.46322916666666664 0.721732026143791 0.40760416666666666 0.6933006535947713 0.4257291666666667 0.7151143790849674 0.4813541666666667
0 0.7447427819440334 0.3166875091114514 0.7240008311072806 0.2559596863838473 0.6959824038223789 0.27151669217873026 0.7167243546591315 0.33224451490633433
0 0.7407493802118547 0.09105531609195415 0.7131293666892042 0.02989152298850589 0.6828217263917059 0.05214008620689666 0.7104417399143563 0.11330387931034493
0 0.9312091503267975 0.10479166666666663 0.9095588235294119 0.0495833333333333 0.8773692810457517 0.07010416666666668 0.8990196078431373 0.12531250000000002
0 0.9362148417419403 0.20939255617977537 0.9070233898802967 0.1861306179775281 0.8834086068884484 0.23430477528089894 0.9126000587500919 0.2575667134831462
0 0.944388861332191 0.3167029992334229 0.9119950235108737 0.29912761913887836 0.8941489301738327 0.3525989762999873 0.92654276799515 0.3701743563945319
0 0.9495545376620592 0.47891427595628416 0.9252830011786135 0.42876007513661196 0.8943059573556199 0.453129781420765 0.9185774938390656 0.5032839822404372
0 0.9476335599779941 0.6314536277218071 0.9202613582536255 0.5796671880077999 0.8902155407716116 0.6054837300942476 0.9175877424959803 0.6572701698082549
0 0.9530348249033541 0.7897403321764997 0.926275959896436 0.7380766092381426 0.896993812398534 0.7627316249380269 0.9237526774054522 0.8143953478763841