0 0.06121817864106242 0.14996531035021887 0.03703026707868888 0.09034210834896811 0.01253732418545905 0.10649478189493432 0.03672523574783259 0.1661179838961851
0 0.09963235294117648 0.3399479166666666 0.0832107843137255 0.2771354166666667 0.05686274509803921 0.28833333333333333 0.07328431372549019 0.3511458333333333
0 0.1546702602134087 0.09438241587686429 0.13968778496631185 0.03616479777385938 0.12369725827293668 0.04285458452722064 0.13867973352003354 0.10107220263022555
0 0.1324374178377678 0.48141377478753555 0.11037627987927941 0.421641879131256 0.08511660093688092 0.4367976864966951 0.10717773889536934 0.49656958215297464
0 0.025326797385620978 0.6380208333333334 6.133239280043525e-17 0.6380208333333334 6.488426872933485e-17 0.7119791666666667 0.02532679738562098 0.7119791666666667
0 0.06045751633986937 0.8494791666666667 0.030637254901960866 0.8494791666666667 0.03063725490196087 0.9177083333333333 0.06045751633986937 0.9177083333333333
0 0.1616452182281518 0.6596325795091889 0.14015578169200993 0.6000694673709696 0.115739032489853 0.6143898907780347 0.13722846902599484 0.673953002916254
0 0.18545751633986937 0.7817708333333333 0.15727124183006544 0.7817708333333333 0.15727124183006544 0.8453125 0.18545751633986937 0.8453125
0 0.22725615887380596 0.2886378205128205 0.22367492361836253 0.22242973372781064 0.19635108481262326 0.22483234714003944 0.19993232006806663 0.2910404339250493
0 0.21323529411764705 0.3302083333333333 0.18300653594771246 0.3302083333333333 0.18300653594771246 0.3880208333333333 0.21323529411764705 0.3880208333333333
0 0.291505637631893 0.585645668534388 0.2888833955907127 0.5243507608217974 0.26011426598765197 0.5263515230169195 0.2627365080288323 0.58764643072951
0 0.2712335122585989 0.6215768759426848 0.2392681808771775 0.6196361236802413 0.23670537219412657 0.6882553261689291 0.26867070357554795 0.6901960784313725
0 0.3161588476979471 0.838942426576885 0.28276095304590687 0.835716493570722 0.2785328580188068 0.9068753328768165 0.311930752670847 0.9101012658829795
0 0.315359477124183 0.08281250000000005 0.289624183006536 0.08281250000000005 0.289624183006536 0.14843750000000006 0.315359477124183 0.14843750000000006
0 0.34556184012066365 0.24695993589743592 0.3159238310708899 0.24486057692307694 0.31304298642533934 0.3109759615384616 0.3426809954751131 0.31307532051282055
0 0.39542483660130723 0.46354166666666674 0.36560457516339867 0.4635416666666667 0.3656045751633987 0.5338541666666666 0.3954248366013073 0.5338541666666666
0 0.4424869778706745 0.7858925549915398 0.4385098370989682 0.714900592216582 0.410640821472413 0.7174386632825719 0.4146179622441193 0.7884306260575296
0 0.4476328258141844 0.16119866284622741 0.4165566417589003 0.15019251432664765 0.4034648482124463 0.21028384670487113 0.43454103226773044 0.2212899952244509
0 0.4758986928104575 0.33489583333333345 0.44730392156862747 0.33489583333333345 0.44730392156862747 0.39687500000000014 0.4758986928104575 0.39687500000000014
0 0.5215691581689358 0.5398611641829069 0.48949521854341044 0.5366537702203542 0.48545239647253646 0.602374896509999 0.5175263360980619 0.6055822904725514
0 0.5916909556615438 0.8759149774774774 0.5596824765942412 0.8198001126126127 0.5352234587528705 0.8424802927927928 0.5672319378201731 0.8985951576576576
0 0.6053921568627451 0.17656250000000012 0.5743464052287581 0.1369791666666668 0.5504493464052288 0.16744791666666672 0.5814950980392157 0.20703125000000006
0 0.5659941241667074 0.2729543329177057 0.56340765732727 0.20699942851205316 0.5302796929245513 0.2091113362427265 0.5328661597639888 0.27506624064837903
0 0.6380112876010938 0.5635200296735905 0.6109668644906034 0.502219337289812 0.5852109637128838 0.5206911473788328 0.6122553868233743 0.5819918397626114
0 0.6711601307189543 0.6786458333333335 0.636233660130719 0.6341145833333335 0.6131535947712419 0.6635416666666669 0.6480800653594772 0.7080729166666669
0 0.7061658262313073 0.889225225823592 0.6886147923569004 0.8243302780729721 0.6592442680224765 0.8372431810131066 0.6767953018968834 0.9021381287637265
0 0.8492581485626355 0.9152822161117716 0.848071273693782 0.8532383323424495 0.8228093209142555 0.8540239174593739 0.823996195783109 0.916067801228696
0 0.8168727244812914 0.7632734899328857 0.815247729964469 0.7000815156599552 0.7943765627056192 0.7009539988814318 0.7960015572224416 0.7641459731543623
0 0.7867647058823529 0.5442708333333336 0.7606209150326797 0.5442708333333336 0.7606209150326797 0.6067708333333336 0.7867647058823529 0.6067708333333336
0 0.7495804628157569 0.4233530405405405 0.7416313372195725 0.3625422297297297 0.7200362126832716 0.3671311936936937 0.7279853382794559 0.4279420045045044
0 0.724283196968087 0.2867369301880778 0.7234797462710512 0.22937055041972157 0.6976068107617076 0.22995962171926465 0.6984102614587434 0.28732600148762083
0 0.8153714917339485 0.10032169117647059 0.8129279049478012 0.03489465497737557 0.7853682385473044 0.03656792043740573 0.7878118253334517 0.10199495663650077
0 0.8652804350100046 0.274955095938737 0.8335176524576446 0.2740346971261402 0.8322312146335045 0.34620385906040274 0.8639939971858643 0.34712425787299955
0 0.9792483660130719 0.1883333333333333 0.9602941176470589 0.11583333333333332 0.9344362745098037 0.12682291666666667 0.9533905228758168 0.19932291666666663
0 0.9244281045751634 0.5760416666666669 0.8966503267973857 0.5760416666666669 0.8966503267973857 0.6453125000000003 0.9244281045751634 0.6453125000000003
0 0.9685559178422503 0.854438866892911 0.9660485612042707 0.7873043929110106 0.937751382604324 0.789022435897436 0.9402587392423035 0.8561569098793365