0 0.034216285902740305 0.06881689602446484 0.006296096420219474 0.058137423547400605 -0.0035078251484079825 0.09980409021406729 0.024412364334112847 0.1104835626911315
0 0.08137535816618911 0.12590377268385866 0.057507210142891924 0.0984169054441261 0.04076001460756222 0.12205736628462276 0.06462816263085941 0.14954423352435534
0 0.10829876822523882 0.2148036858974359 0.08174648064353948 0.20803285256410256 0.0746606334841629 0.25320512820512825 0.10121292106586224 0.25997596153846153
0 0.14001260827283624 0.33618079584775085 0.11393383766424675 0.31844723183391 0.09808020670782729 0.35634731833910027 0.12415897731641674 0.3740808823529411
0 0.15240645909767714 0.4198461348219334 0.1278643264353038 0.40967648859996236 0.11743253453633204 0.45060121066515924 0.1419746671987054 0.46077085688713026
0 0.031280777151043083 0.6382634132420092 0.027014504431909746 0.5865881849315068 0.000625615543020854 0.5901298515981735 0.0048918882621541895 0.641805079908676
0 0.1757737408688966 0.5019914215686275 0.1495338331410996 0.4936274509803921 0.1404748173779316 0.539828431372549 0.16671472510572863 0.5481924019607843
0 0.08014705882352949 0.7331249999999999 0.05151220865704778 0.7262794811320755 0.04409914909359976 0.7766882861635219 0.07273399926008146 0.7835338050314464
0 0.12844578106414553 0.8832160725453408 0.10040589093673746 0.8718407989368355 0.08940790199757201 0.9159113117573484 0.11744779212498009 0.9272865853658537
0 0.17979148012109483 0.9501339701770739 0.1537390585311478 0.9299666045355703 0.1370219103484824 0.9650726157191676 0.16307433193842946 0.9852399813606711
0 0.20884764060324645 0.644588167724448 0.18176711051999805 0.6090739868438452 0.16250537964756182 0.6329505074044692 0.18958590973081021 0.6684646882850721
0 0.23656045751633983 0.73421875 0.20714869281045756 0.7217187500000001 0.19534313725490202 0.7668750000000001 0.2247549019607843 0.779375
0 0.30027907202484955 0.8062665016501651 0.2747815958066395 0.7938820132013202 0.26262861580275676 0.8345565181518153 0.2881260920209668 0.8469410066006602
0 0.2877011060834591 0.8946554487179488 0.2574346405228759 0.8726041666666668 0.23968702865761696 0.9122035256410257 0.2699534942182002 0.9342548076923077
0 0.2182467873411231 0.021689447877485266 0.19211671548433096 0.02114328653949493 0.1914270342742148 0.07478324265627802 0.21755710613100696 0.07532940399426837
0 0.2295751633986928 0.1822916666666667 0.2062908496732026 0.1822916666666667 0.2062908496732026 0.2333333333333334 0.2295751633986928 0.2333333333333334
0 0.2882888945558956 0.3750015052986513 0.2642041161358571 0.3524822374759152 0.24486663644263107 0.3861030828516378 0.2689514148626696 0.4086223506743739
0 0.3205147058823529 0.3951354166666667 0.2963807189542484 0.39073958333333336 0.2911683006535948 0.43726041666666665 0.31530228758169937 0.44165625000000003
0 0.3546159009501941 0.5703882662397073 0.3521686579480832 0.5189043915827997 0.33160890156611594 0.5204931000304972 0.3340561445682268 0.5719769746874047
0 0.4109084805539378 0.6661772896039603 0.3792867889730149 0.648103857260726 0.3633449006665372 0.6934462665016502 0.3949665922474601 0.7115196988448844
0 0.4433185875976407 0.8558307926829269 0.4391040969233222 0.807469512195122 0.4141758329347999 0.8110010162601626 0.41839032360911843 0.8593622967479676
0 0.4224885620915033 0.043039583333333374 0.39837908496732033 0.02175833333333337 0.38226143790849676 0.05144166666666671 0.40637091503267975 0.07272291666666672
0 0.4113562091503268 0.14791666666666672 0.38357843137254904 0.14791666666666672 0.38357843137254904 0.19479166666666672 0.4113562091503268 0.19479166666666672
0 0.44647609264749233 0.26882460212201603 0.4214331842374439 0.2629116931918657 0.4149833784088348 0.30731860632183916 0.4400262868188832 0.3132315152519895
0 0.4772058823529413 0.3825000000000001 0.453063725490196 0.37223958333333335 0.44305555555555554 0.41052083333333333 0.46719771241830077 0.4207812500000001
0 0.5325305326287904 0.5091000835189311 0.4993777020830605 0.49430563288789914 0.4872710962633012 0.5384082683741649 0.5204239268090312 0.5532027190051969
0 0.5092320261437908 0.2610416666666667 0.4822289835474419 0.2304382183908046 0.4632972729321613 0.2575933908045977 0.49030031552851017 0.2881968390804598
0 0.5682435378029513 0.6834952774991642 0.5604628427766962 0.632239949013708 0.5379938836116193 0.6377847082915413 0.5457745786378744 0.6890400367769977
0 0.5919607843137257 0.7546041666666667 0.5665098039215687 0.7487041666666667 0.5590980392156862 0.8006791666666667 0.5845490196078432 0.8065791666666667
0 0.6171583154853814 0.9313875952582557 0.6118091182281549 0.8850100550381033 0.5889824176918862 0.8892900613886536 0.5943316149491127 0.935667601608806
0 0.48002765208647574 0.9412179487179487 0.4529286073403721 0.9368990384615384 0.44778783308195075 0.9893349358974358 0.47488687782805433 0.9936538461538461
0 0.5756717187163716 0.09329957394569623 0.5497091673179959 0.09192031340265751 0.547918719769826 0.14670800837666098 0.5738812711682015 0.14808726891969967
0 0.6226752546919058 0.23243201483312745 0.5922212931320036 0.2254983003708283 0.5857681556347302 0.27157370210135984 0.6162221171946324 0.2785074165636589
0 0.6606925762341341 0.35042128839590453 0.6354745254188138 0.3466385807736065 0.6311051439916127 0.3939917519908988 0.6563231948069329 0.39777445961319685
0 0.6908178899157335 0.46956047381546145 0.6694456668785553 0.46819799459684136 0.667483660130719 0.5182291666666667 0.6888558831678973 0.519591645885287
0 0.7252448301725062 0.5883920765027322 0.6983756562734383 0.5866352459016393 0.6961662916532734 0.6415655737704918 0.7230354655523411 0.6433224043715847
0 0.7569906960191164 0.7386199942379719 0.7296330661333966 0.7375940831172574 0.7284453539410579 0.7890814066551428 0.7558029838267776 0.7901073177758573
0 0.7916666666666666 0.8411458333333336 0.761437908496732 0.8411458333333336 0.761437908496732 0.8942708333333336 0.7916666666666666 0.8942708333333336
0 0.7471690060878119 0.0713641535928725 0.7199295610167368 0.06181332316482677 0.7099321909666443 0.10816476612434642 0.7371716360377194 0.11771559655239217
0 0.8003643790849673 0.24445625000000007 0.772983660130719 0.2202875000000001 0.7560718954248367 0.25143333333333345 0.783452614379085 0.27560208333333336
0 0.8420869802617639 0.26792783665835423 0.8143784737502648 0.26616141936824617 0.8126507668736654 0.3102179447215296 0.8403592733851646 0.31198436201163765
0 0.8351197128246808 0.35196999136442153 0.8046570744014357 0.3417489745250433 0.7945822327203765 0.3905615824697756 0.8250448711436215 0.4007825993091539
0 0.8710688085857902 0.5102169938414167 0.8446537872269771 0.5044102434565052 0.8373777340035323 0.5582166570438801 0.8637927553623453 0.5640234074287915
0 0.7527463549522374 0.43020032051282064 0.7287267471091 0.4127003205128207 0.710501508295626 0.4533653846153847 0.7345211161387633 0.47086538461538474
0 0.8888365829363184 0.452146770247762 0.8656382550938345 0.4514073235477828 0.8648753536392698 0.49031529773058524 0.8880736814817537 0.49105474443056446
0 0.9004619227924485 0.6721851498193878 0.8798611038541077 0.6714847219754841 0.8788172564578626 0.7213936756084564 0.8994180753962034 0.7220941034523599
0 0.9441018488426678 0.8167368784530388 0.9166508684505109 0.8029868784530388 0.9047047087711696 0.841757596685083 0.9321556891633264 0.8555075966850829
0 0.9931805074971164 0.8937622549019612 0.9688437139561704 0.8575612745098042 0.9478181468665897 0.8805392156862749 0.9721549404075355 0.9167401960784318
0 0.901632313903946 0.029148535267349403 0.8736937863882753 0.02175536831626861 0.8658463271542973 0.06996373720136531 0.893784854669968 0.0773569041524461
0 0.9423183582917359 0.16071998058790923 0.9168705751851487 0.15396041320022202 0.9100260459147606 0.19584893233499734 0.9354738290213479 0.20260849972268458
0 0.9697728834780173 0.25847078030810466 0.9407857583756878 0.25166262000446543 0.93396936247149 0.29884181736994886 0.9629564875738195 0.3056499776735881
0 0.9983548595775057 0.4087332906712172 0.9934779941555691 0.3558802616609783 0.9681414374623569 0.3596807451649601 0.9730183028842935 0.41253377417519904