0 0.09194298738603722 0.08653131634819534 0.06974366179592856 0.03464039278131635 0.04389908829773947 0.05261411889596603 0.06609841388784812 0.10450504246284503
0 0.09550598142726172 0.19819593702865762 0.06855166651879455 0.18191694947209658 0.049811647886907395 0.23235883295625945 0.07676596279537456 0.2486378205128205
0 0.21532293294352878 0.1644333761782348 0.18370696607691922 0.14072140102827768 0.1583780684510308 0.1956217866323908 0.1899940353176404 0.21933376178234795
0 0.05463892874222862 0.28739837398373985 0.026891040969233216 0.25909552845528455 0.0022616770285349775 0.2983485772357724 0.030009564801530383 0.3266514227642277
0 0.05361258287006374 0.45645204281815077 0.04726394993343636 0.39371961361310137 0.016713662605949926 0.39874562862504265 0.023062295542577313 0.4614780578300921
0 0.06494531338546984 0.5648386319845857 0.03290405757678806 0.53590137283237 0.007045033813140025 0.5824476156069364 0.039086289621821806 0.6113848747591522
0 0.0580488202674786 0.7393840495995072 0.03998737511024131 0.6910245301910043 0.011112470249960805 0.7085557224276031 0.029173915407198096 0.756915241836106
0 0.05690495882008346 0.8698504320445225 0.02968629748325817 0.8494808142940831 0.004925364990753251 0.9032670620972465 0.03214402632757854 0.9236366798476859
0 0.22344771241830066 0.6953125000000001 0.19240196078431374 0.6557291666666668 0.16258169934640526 0.6937500000000001 0.1936274509803922 0.7333333333333335
0 0.22248558688406447 0.5301756316998468 0.1967221421493559 0.4745860451761103 0.16608676395519922 0.4976670176110261 0.1918502086899078 0.5532566041347626
0 0.20697920051998703 0.38907113259668513 0.20397076878633594 0.31619187384898717 0.1710168183295418 0.3184032573664826 0.1740252500631929 0.3912825161141805
0 0.22225743745774176 0.8502424568965519 0.19178921568627458 0.83359375 0.17228701825557816 0.891612787356322 0.20275524002704534 0.9082614942528735
0 0.37356608221579163 0.8423094888260051 0.34340099049342565 0.8257015491220433 0.32404639043253347 0.8828485524597303 0.35421148215489945 0.899456492163692
0 0.3687916204217536 0.6221648977987423 0.33657047724750283 0.5993415880503146 0.3124460476014306 0.6547071540880505 0.34466719077568136 0.677530463836478
0 0.35781461379231666 0.4673940149625936 0.3308043208971036 0.4539689837905237 0.3146587167701661 0.5067756390274314 0.3416690096653791 0.5202006701995013
0 0.3664376230841681 0.34833060407569144 0.3353847361360847 0.31805403930131004 0.3101310757199532 0.3601596615720524 0.3411839626680366 0.39043622634643377
0 0.3688524590163934 0.24090676229508196 0.3439743383692275 0.20284323770491805 0.310343672988321 0.23857581967213115 0.33522179363548693 0.2766393442622951
0 0.3603531822565092 0.09537004781420771 0.3303140737169185 0.07173821721311482 0.3070990035358406 0.11970935792349732 0.33713811207543126 0.1433411885245902
0 0.4741196226601472 0.29720035684298907 0.45170066347277793 0.2422307934508816 0.4222081254836108 0.2617843461376994 0.4446270846709801 0.3167539095298069
0 0.4677338800292104 0.11265193995541942 0.44222667937798305 0.06337666597009382 0.4153881367723089 0.08596129957276867 0.44089533742353626 0.13523657355809426
0 0.4724545599172732 0.5062998647734958 0.443129631839213 0.48076572008113605 0.41722845324742475 0.5291222954699122 0.44655338132548494 0.554656440162272
0 0.47696088009256077 0.7405614986322784 0.4481956225241172 0.693698099843689 0.4172226628048641 0.7246037270418133 0.4459879203733077 0.7714671258304027
0 0.4823490404119207 0.9243064765694076 0.4535180562056829 0.8990343169761272 0.429489346578596 0.9435966511936339 0.4583203307848338 0.9688688107869142
0 0.6345990087642085 0.9035275699414443 0.608893215711789 0.8781534645413144 0.5836977113551992 0.9196473107785731 0.6094035044076187 0.9450214161787032
0 0.6347348980386996 0.7717711623239901 0.6082975959169035 0.7424988074088698 0.5810813600344731 0.7824571900908016 0.6075186621562693 0.811729545005922
0 0.6305952454588566 0.6283730941114618 0.6020906785427106 0.5998176261829655 0.5775679882889013 0.639611264458465 0.6060725552050473 0.6681667323869612
0 0.586500039593346 0.4771527454178316 0.565385174728481 0.43515527920161545 0.5360910479444962 0.459097594361603 0.5572059128093612 0.5010950605778192
0 0.6317050087361678 0.45403052805280525 0.6098840031061931 0.4099793729372936 0.580989937229017 0.4332466996699669 0.6028109428589917 0.47729785478547854
0 0.5919783864905046 0.1919192596566524 0.5596370164661001 0.16654372317596572 0.5351342253639654 0.21731044349070106 0.56747559538837 0.24268597997138774
0 0.5884803921568627 0.02697916666666682 0.5614125535271578 -0.011846264367815943 0.5314683344602208 0.022090517241379417 0.5585361730899255 0.060915948275862185
0 0.7300995848789966 0.12749859234234245 0.7015522875816994 0.10822916666666677 0.6800896484720014 0.15991835585585595 0.7086369457692987 0.17918778153153164
0 0.7387090937874574 0.27256523933102644 0.7072237487844043 0.25115520472895025 0.6869035099622318 0.29973327566320634 0.7183888549652849 0.3211433102652825
0 0.740917320261438 0.4605004166666667 0.7192228758169935 0.41006083333333343 0.6902794117647059 0.4302979166666667 0.7119738562091504 0.4807375
0 0.7360526473586375 0.6001443042813455 0.7085806799784135 0.5671779434250764 0.6850992384721473 0.5989879587155964 0.7125712058523714 0.6319543195718654
0 0.7406264372283436 0.8839063016187645 0.7105863405818226 0.8633878427485959 0.688760712411823 0.9153328377931946 0.7188008090583443 0.9358512966633631
0 0.7414564220183486 0.7293668769113151 0.7162424296935899 0.6836831039755353 0.68741417820951 0.7095484518348626 0.7126281705342686 0.7552322247706423
0 0.8583130477857603 0.15213192937590428 0.8284708799824952 0.13348057449886355 0.8075427034835426 0.18791476157263906 0.8373848712868078 0.2065661164496798
0 0.8540803303303304 0.4426624436936937 0.8529411764705882 0.3802083333333333 0.8224249249249248 0.38111317567567565 0.823564078784667 0.44356728603603596
0 0.8482191041554237 0.07524369266055041 0.8351097319661809 0.01952886085626909 0.8052407507345444 0.03095374617737002 0.8183501229237871 0.08666857798165134
0 0.8614567621920562 0.6490785256410259 0.8303481649069883 0.6226362179487182 0.8084150326797385 0.6645833333333334 0.8395236299648062 0.6910256410256412
0 0.8857886058108849 0.8811042812054571 0.863638450696915 0.8474317857870088 0.8397272928719441 0.873001298106292 0.861877447985914 0.9066737935247404
0 0.9965686274509805 0.44124999999999986 0.9758986928104575 0.3885416666666666 0.9463235294117647 0.40739583333333335 0.9669934640522875 0.4601041666666666
0 0.9921406500343326 0.5888724059662777 0.9648527504386967 0.5686705577172504 0.9442072938124665 0.6140045395590144 0.9714951934081024 0.6342063878080417
0 0.8951500954364046 0.6213080752212392 0.8681965411533344 0.591238016224189 0.8434734513274336 0.6272630899705016 0.8704270056105038 0.6573331489675518
0 0.8546853198208122 0.8275163857677905 0.8356833370052139 0.7887523408239702 0.8077770434016303 0.810990168539326 0.8267790262172284 0.8497542134831463
0 0.9851598173515983 0.771810787671233 0.9682044050496911 0.7242508561643836 0.9421053809651713 0.7393764269406393 0.9590607932670785 0.7869363584474888
0 0.9855151864667434 0.9025857843137257 0.9598808150711264 0.8644546568627453 0.9355920799692424 0.890998774509804 0.9612264513648596 0.9291299019607846
0 0.993616935222934 0.08142842409240944 0.9688450462693327 0.031420173267326726 0.9385984922021613 0.055776608910891076 0.9633703811557627 0.10578485973597379
0 1.0014190050226741 0.24012082698654497 0.9744750210315147 0.2119018151815182 0.9481563823803193 0.2527529195227215 0.9751003663714787 0.2809719313277483