0 0.05059074912016089 0.0576923076923077 0.024635495223730524 0.008052884615384618 -0.00515334338863751 0.03337339743589744 0.02080191050779286 0.08301282051282052
0 0.043806124905108434 0.18543201133144477 0.012768242329982065 0.18448978989612844 0.011583717528560071 0.24792109301227575 0.042621600103686444 0.24886331444759208
0 0.060666755389938765 0.38753865007541477 0.032115606423564896 0.3526527149321267 0.006106009522964526 0.3872567873303167 0.0346571584893384 0.4221427224736048
0 0.0715387953244922 0.5583718015214385 0.04445325848181606 0.5278224412171507 0.01726500420361792 0.567008990318119 0.044350541046294066 0.5975583506224067
0 0.06961198762649501 0.7656528264975714 0.04543991548769169 0.7138202127181147 0.014354703025300761 0.7373861643281164 0.03852677516410408 0.7892187781075731
0 0.05759803921568637 0.9036458333333334 0.030228758169934727 0.9036458333333334 0.030228758169934734 0.9651041666666667 0.05759803921568637 0.9651041666666667
0 0.16267224774040598 0.012518366918555865 0.13522476580892637 -0.005679313602015101 0.11306664773382062 0.0486506874475231 0.14051412966530022 0.06684836796809407
0 0.212806870715766 0.35491615853658554 0.1812290769966523 0.3363338414634148 0.1609397417503587 0.3923831300813009 0.19251753546947237 0.41096544715447164
0 0.2141032002814779 0.6367746732982251 0.18882516435479985 0.5855004754242248 0.1581640067768867 0.610073203140238 0.18344204270356476 0.6613474010142384
0 0.19752202579918912 0.8479776288810777 0.1701794513939144 0.844031012009373 0.16451247458561638 0.9078553383128295 0.1918550489908911 0.9118019551845343
0 0.3279125994858514 0.20034923802612487 0.29897988464858605 0.16899340832123852 0.2721596137245415 0.20922381470730525 0.3010923285618069 0.2405796444121916
0 0.3244296779303549 0.40581625763269147 0.29786683735651776 0.38634237513699704 0.2728579728431219 0.44179681384061376 0.2994208134169591 0.46127069633630813
0 0.30970852584879205 0.6143568044157874 0.28054195496096057 0.5852536391168426 0.25477649051023304 0.6272298749511528 0.2839430613980645 0.6563330402500978
0 0.311764705882353 0.8241666666666667 0.28921568627450983 0.7666666666666667 0.26094771241830067 0.7846875000000001 0.28349673202614384 0.8421875000000001
0 0.46057374839970355 0.11857280927835061 0.431086180176538 0.10186318728522344 0.41250589582912206 0.15516537800687294 0.44199346405228757 0.17187500000000008
0 0.45869957178273607 0.3071659482758621 0.43059781383817897 0.29283405172413796 0.4120886860491323 0.3518318965517242 0.4401904439936894 0.36616379310344827
0 0.447509795253203 0.5421322391688772 0.42201504828279685 0.5209328028293546 0.39590430557722656 0.5719793048187446 0.42139905254763266 0.5931787411582671
0 0.4460692516707057 0.690502106741573 0.4152695160461188 0.6665039794007491 0.39273151208048757 0.7135264513108613 0.4235312477050745 0.7375245786516854
0 0.4475477193529933 0.8702682913351019 0.41876787850418695 0.8411287024756855 0.3900621521818278 0.8872173408488065 0.41884199303063413 0.916356929708223
0 0.5799429393208388 0.17960206361724512 0.5497244902166966 0.14932965299684547 0.5234299292798087 0.19199855415352268 0.553648378383951 0.22227096477392233
0 0.5761616530325152 0.39214251813442147 0.5577038788994005 0.3361099895160376 0.5287229733784026 0.351629264422532 0.5471807475115172 0.4076617930409159
0 0.5742961287078933 0.5589663461538462 0.543017848164907 0.5361778846153846 0.5163210155857214 0.5957451923076924 0.5475992961287078 0.6185336538461539
0 0.5627428829875794 0.8111368353299707 0.5333439964888856 0.7809081415510719 0.5034601167074648 0.8281545554854982 0.5328590032061586 0.8583832492643971
0 0.7197202934625966 0.1998144023756497 0.6908907958134998 0.16413789903489243 0.6675868305748431 0.19475083518930958 0.69641632822394 0.23042733853006686
0 0.7583477259643061 0.27278443436960287 0.7211290172372921 0.2602965781519863 0.7110277185140031 0.3092373704663213 0.7482464272410172 0.32172522668393794
0 0.7942693434579845 0.2667896220159153 0.7632441791924552 0.25846181476569424 0.7548532012274407 0.30927967506631315 0.78587836549297 0.3176074823165342
0 0.7674291244629758 0.4893185343362232 0.7387572783660464 0.47195414754377035 0.7199730946262579 0.5223748512663609 0.7486449407231872 0.5397392380588137
0 0.7140837104072398 0.8024038461538462 0.6893225238813474 0.7550480769230768 0.6616075917546507 0.7786057692307692 0.686368778280543 0.8259615384615384
0 0.81681309736922 0.7569860629115504 0.7926448342284058 0.7308403964228511 0.7691705575271576 0.766114689001602 0.7933388206679718 0.792260355490301
0 0.9465915032679738 0.053433333333333506 0.9180507792860734 0.018298717948718134 0.8918667672197084 0.052875641025641094 0.9204074912016088 0.08801025641025646
0 0.9556781045751634 0.2919270833333335 0.9293300653594772 0.2583333333333334 0.9027777777777778 0.29218750000000004 0.9291258169934641 0.3257812500000002
0 0.9529232157563652 0.49199340929401264 0.9219935516655275 0.4766574508489724 0.9046833657502321 0.5334101318141199 0.9356130298410696 0.5487460902591601
0 0.9515488278025425 0.6542753993313523 0.9222423739183638 0.6425318845963349 0.908832087812837 0.6969349770926203 0.9381385416970156 0.7086784918276375
0 0.958169934640523 0.8120833333333335 0.9338438815621148 0.7798747034400949 0.9076087967808713 0.8120855575326215 0.9319348498592797 0.8442941874258602
0 0.9176424998697444 0.8668359720992029 0.8910410045329028 0.8417123376144082 0.8687600224618931 0.8800634780041338 0.8953615177987347 0.9051871124889284
0 0.8118151672433679 0.9394761029411766 0.78820645905421 0.9214154411764708 0.7631920415224914 0.9745710784313727 0.7868007497116494 0.9926317401960785