0 0.1251152291359704 0.07123253853564553 0.09656390494540784 0.05253913776493258 0.07626303411538025 0.10294406310211947 0.10481435830594282 0.1216374638728324
0 0.16592891216126254 0.15603548494242694 0.14224840364253172 0.1336705602302923 0.11765176250600624 0.17600752878653675 0.14133227102473706 0.1983724534986714
0 0.12159789142182414 0.23710683786384418 0.09269603519380654 0.22086791355945798 0.0727597830889232 0.2785488583513753 0.10166163931694082 0.2947877826557614
0 0.16222092797515042 0.2882456683168317 0.13893863651070995 0.2749386344884489 0.12361717789426006 0.31851639851485153 0.14689946935870055 0.33182343234323436
0 0.12041115092399061 0.5058692893401016 0.09431712617365054 0.4674809644670051 0.06498623137918451 0.49989160321489007 0.09108025612952458 0.5382799280879865
0 0.15950190937798345 0.5951369382022472 0.13262374238084754 0.5737183988764046 0.10919255342586481 0.6215180243445694 0.1360707204230007 0.6429365636704121
0 0.1129752112524751 0.6858460574648239 0.08612933095041031 0.6560058289752211 0.05847607066734054 0.6964487221392105 0.08532195096940533 0.7262889506288134
0 0.11090686274509813 0.7955729166666667 0.08374183006535957 0.7609375000000002 0.054330065359477216 0.7984375000000002 0.08149509803921579 0.8330729166666669
0 0.14681558999810168 0.7982332728215767 0.12365280828790721 0.7787850103734439 0.10217977924226407 0.8203591804979253 0.12534256095245852 0.8398074429460581
0 0.15113290334454327 0.9291001606183807 0.1276324388109911 0.9122195452492093 0.10227746923695454 0.9696010107664509 0.1257779337705067 0.9864816261356223
0 0.3049961371616393 0.8693545924926084 0.2742950792606541 0.8554911460341946 0.2587966218753861 0.9112855926211595 0.2894976797763713 0.9251490390795732
0 0.35249955838191127 0.7684966216216217 0.32502539304009886 0.7434755067567568 0.2972862568450803 0.7929898648648648 0.32476042218689277 0.8180109797297297
0 0.35647105320259137 0.5771469165349259 0.33018777216372824 0.5539052893904796 0.30375488359170594 0.6024987740792788 0.33003816463056906 0.625740401223725
0 0.3618208510889876 0.4474009164484647 0.33351905786515196 0.41909912322462906 0.3036747786474742 0.4676147296278664 0.33197657187130986 0.49591652285170196
0 0.36514618865297604 0.3283484960552268 0.34130583594384506 0.2767666420118343 0.31282070619174696 0.29816863905325447 0.33666105890087794 0.34975049309664696
0 0.3370650711264898 0.1762285539215687 0.30717031910803533 0.1519730392156863 0.2814182045367166 0.20356924019607847 0.3113129565551711 0.22782475490196083
0 0.3721542308198447 0.048710151006711506 0.34435452033162256 0.023898909395973198 0.3189646664034741 0.07014471476510069 0.34676437689169626 0.094955956375839
0 0.5392806439515696 0.041640198087431794 0.5118727900996465 0.02007838114754114 0.48762844208721745 0.0701764002732241 0.5150362959391406 0.09173821721311474
0 0.5394549610011022 0.16052546459656558 0.5167402940945843 0.13655757468830873 0.49075332908981034 0.17659374264878863 0.5134679959963283 0.20056163255704548
0 0.5437091503267973 0.3177083333333334 0.5153186274509803 0.28151041666666676 0.4838643790849673 0.3216145833333334 0.5122549019607843 0.35781250000000014
0 0.5308949842300271 0.4879018089536701 0.5053797807514468 0.4653102225403437 0.4785436081425456 0.5145814354502865 0.504058811621126 0.5371730218636128
0 0.5238891074012568 0.7005578256562656 0.49297045712787346 0.6720403046062408 0.46500281638162944 0.7213332714214958 0.4959214666550128 0.7498507924715205
0 0.5165912518853696 0.8953525641025641 0.489630467571644 0.8724358974358974 0.4624811463046756 0.9243589743589744 0.48944193061840124 0.9472756410256411
0 0.766009481407572 0.6578731367257775 0.7373044758895592 0.61918289000257 0.7047508768349282 0.6584451699434593 0.7334558823529411 0.6971354166666668
0 0.7254342493226598 0.609121798222687 0.6855753888940138 0.5742452953476218 0.6627503937626628 0.6166508755880818 0.7026092541913087 0.651527378463147
0 0.7604131247874872 0.8076529383429674 0.7311926215572935 0.7803317678227362 0.7020240658883979 0.8310452793834298 0.7312445691185916 0.858366449903661
0 0.7521594153720111 0.9543103952291864 0.7230673022249127 0.9396459405207361 0.7048649324088851 0.9983485831774246 0.7339570455559837 1.013013037885875
0 0.7668472441951516 0.4211529645476774 0.7396717244354956 0.395542991035045 0.7110449925691549 0.4449241035044826 0.7382205123288109 0.470534077017115
0 0.7777502254987938 0.24896630590767768 0.7506347771509146 0.20680509048871892 0.7163067870056418 0.24269500418560164 0.7434222353535211 0.2848562196045604
0 0.7755477011977896 0.019724606580829907 0.7447561642682824 -0.004434907010014181 0.7189489887514376 0.049034334763948625 0.7497405256809448 0.07319384835479271
0 0.9857432952187634 0.007918286262546795 0.9526389805413735 -0.020697307780620497 0.9259086137899364 0.029572488191301004 0.9590129284673261 0.058188082234468294
0 0.9367156862745097 0.12372916666666688 0.9080228758169935 0.09629166666666696 0.8814052287581701 0.14154166666666684 0.9100980392156863 0.16897916666666676
0 0.941452274422073 0.29026426174496667 0.9136097951484844 0.2639261744966444 0.8853352414791419 0.3125153803131992 0.9131777207527307 0.33885346756152146
0 0.935254507989955 0.4534244904596704 0.9050842077218282 0.4299689216536572 0.8827284889092959 0.47671472969066203 0.912898789177423 0.5001702984966753
0 0.9356617647058824 0.5867187500000003 0.9068627450980392 0.5500000000000003 0.8803104575163399 0.5838541666666669 0.909109477124183 0.6205729166666669
0 0.931282409786297 0.7073379541714142 0.9075995286074929 0.6876756551462211 0.8846715829007891 0.7325693916951513 0.908354464079593 0.7522316907203445
0 0.9812091503267973 0.7473958333333336 0.9571078431372549 0.7166666666666669 0.9248366013071896 0.7578125000000002 0.948937908496732 0.7885416666666669
0 0.9259255352069092 0.8682949246771879 0.8983194784369991 0.8414776123864178 0.8718005973312329 0.8858553024868484 0.8994066541011432 0.9126726147776184
0 0.966801864569855 0.9433507825719121 0.9410323562589165 0.914875475888325 0.9131861500945555 0.9558415291878174 0.938955658405494 0.9843168358714045