0 0.04433760683760684 0.08557692307692308 0.030602689793866263 0.021366185897435903 0.0032271241830065375 0.030885416666666672 0.01696204122674711 0.09509615384615386
0 0.20026960784313724 0.13896875 0.19458333333333333 0.08821874999999997 0.1692483660130719 0.09283333333333331 0.17493464052287583 0.14358333333333334
0 0.29989382263930214 0.16158398184176395 0.29687221840746675 0.09994325551232167 0.271440515246306 0.10196984435797667 0.2744621194781415 0.16361057068741894
0 0.4305555555555556 0.13177083333333334 0.42602164628227523 0.0739634900990099 0.4062034879958584 0.07649030528052805 0.4107373972691387 0.13429764851485151
0 0.4375 0.21406250000000007 0.41748366013071897 0.21406250000000007 0.41748366013071897 0.2734375000000001 0.4375 0.2734375000000001
0 0.44781706061420007 0.4114148116438356 0.44614893902766595 0.3539897260273973 0.4201165055063121 0.3552190353881279 0.4217846270928462 0.4126441210045662
0 0.45346247636110276 0.5098614636209814 0.4293093294847549 0.5076618020304569 0.42593145549251843 0.5679568527918782 0.4500846023688663 0.5701565143824027
0 0.31255637624582266 0.27296969268476634 0.29275999615532494 0.2717677696078432 0.2903820276225121 0.3354378770739066 0.3101784077130098 0.3366398001508297
0 0.17081843733095 0.24417878681860591 0.14758426694681606 0.24358631547381046 0.146525866777472 0.31105932626949223 0.16976003716160598 0.3116517976142877
0 0.1971828512702216 0.46782499057315247 0.17138933250524954 0.4662589555052791 0.16887180965900697 0.5336656297134239 0.19466532842397902 0.5352316647812972
0 0.3258255828818895 0.48635773227383866 0.31815503299934483 0.4211580582722086 0.29160773926522526 0.42623522819885895 0.29927828914776994 0.491434902200489
0 0.06952614379084966 0.4992708333333332 0.05437091503267974 0.4413020833333333 0.028758169934640525 0.4521875 0.04391339869281045 0.51015625
0 0.04962262015993691 0.3311007313449892 0.048705218003096566 0.26793759284653185 0.030314042540796456 0.26837182893383615 0.0312314446976368 0.3315349674322935
0 0.10314211480588428 0.5215895098506516 0.07834414350424002 0.5166492890054021 0.07174939406967112 0.5704624443914842 0.09654736537131539 0.5754026652367336
0 0.21293407725150237 0.6810879865714771 0.1893141754407016 0.6776657848886622 0.1838981045418338 0.738434100373959 0.2075180063526346 0.7418563020567738
0 0.22426470588235303 0.80625 0.2005718954248367 0.80625 0.2005718954248367 0.8708333333333333 0.22426470588235303 0.8708333333333333
0 0.13447712418300656 0.7871875 0.10918396770472903 0.773609068627451 0.09299019607843145 0.8226458333333333 0.11828335255670898 0.8362242647058823
0 0.0961642298211095 0.7728743151672434 0.08203504873691113 0.7136831386966553 0.05952179026166407 0.7224192618223761 0.07365097134586245 0.7816104382929642
0 0.10966935793925414 0.9682904411764706 0.09954825067281815 0.9102205882352942 0.07813821607074205 0.9162867647058823 0.08825932333717802 0.9743566176470587
0 0.35964151920930976 0.9284489329268292 0.35446058504702693 0.868997713414634 0.3309222062808863 0.8723323170731707 0.33610314044316913 0.9317835365853658
0 0.49697712418300666 0.9001041666666668 0.479248366013072 0.8548958333333334 0.4549019607843138 0.8704166666666667 0.47263071895424846 0.9156250000000001
0 0.4701797385620915 0.6875 0.44812091503267976 0.6875 0.44812091503267976 0.7489583333333333 0.4701797385620915 0.7489583333333333
0 0.3293667427382671 0.6653144794140935 0.32771189433809944 0.604126459817894 0.30334375436635463 0.6051978176959619 0.3049986027665223 0.6663858372921615
0 0.34302897354367956 0.7318839873527374 0.3177416670063731 0.7308439449064449 0.3161692518310167 0.7929936547124048 0.34145655836832317 0.7940336971586973
0 0.5945638511814982 0.6848637820512821 0.589020864756159 0.6283253205128203 0.5675025138260432 0.6317548076923075 0.5730455002513826 0.6882932692307693
0 0.5795803374494174 0.43696463500147636 0.5536042509711296 0.43203194198405687 0.5468506674887257 0.4898474405816359 0.5728267539670135 0.4947801335990554
0 0.5698670923334692 0.34364535219399545 0.5474969433500882 0.30323927059276373 0.5257334072967139 0.3228264530408007 0.5481035562800948 0.3632325346420325
0 0.5555555555555556 0.13385416666666672 0.5281862745098039 0.13385416666666672 0.5281862745098039 0.1942708333333334 0.5555555555555556 0.1942708333333334
0 0.5747549019607843 0.04739583333333342 0.5494281045751634 0.04739583333333342 0.5494281045751634 0.10208333333333343 0.5747549019607843 0.10208333333333343
0 0.6672241445597846 0.07284313725490206 0.6398885044213763 0.06509803921568637 0.6322472126105343 0.1089399509803922 0.6595828527489427 0.1166850490196079
0 0.7044022610145622 0.32902105364617756 0.7035675831249001 0.2704892666336198 0.6820729062720043 0.27098755232430055 0.6829075841616665 0.32951933933685834
0 0.5901220085959156 0.329634808690013 0.5875693013911141 0.2775595817120623 0.5636380687164618 0.27946660181582367 0.5661907759212633 0.33154182879377436
0 0.693089430894309 0.48184705284552837 0.6883817551410809 0.4278264735772358 0.6648882113821137 0.43115472560975615 0.6695958871353419 0.4851753048780488
0 0.7292054061408679 0.6580281418658444 0.7279660579214979 0.6011420585967618 0.7095865395759947 0.6017929998714984 0.7108258877953647 0.6586790831405808
0 0.6054753022152815 0.8765901548672567 0.6025507548152004 0.8206581858407079 0.5787729914974838 0.8226792957227137 0.5816975388975649 0.8786112647492624
0 0.6390953855434356 0.9723111593282527 0.633412403911607 0.9230397085802993 0.6159366300852829 0.9263164161727351 0.6216196117171114 0.9755878669206886
0 0.7490003680653148 0.8826560722411831 0.7437972629324767 0.8262674203640501 0.7227980213700951 0.8294173065984072 0.7280011265029332 0.8858059584755403
0 0.8647875816993464 0.8562500000000003 0.8406862745098039 0.8562500000000003 0.8406862745098039 0.9135416666666669 0.8647875816993464 0.9135416666666669
0 0.849242624977919 0.729518581081081 0.84224297827239 0.6759712837837838 0.8213102808691044 0.680419481981982 0.8283099275746335 0.7339667792792793
0 0.8384629808207437 0.4662141393442624 0.8150567877424191 0.45919228142076507 0.8053760848601733 0.5116495901639345 0.8287822779384979 0.5186714480874318
0 0.8149509803921569 0.2609375000000001 0.7961601307189542 0.2609375000000001 0.7961601307189542 0.3177083333333334 0.8149509803921569 0.3177083333333334
0 0.8018156115572386 0.10330130873103957 0.8002342168832016 0.04281296244913059 0.7777102239341908 0.04377023214946355 0.7792916186082276 0.10425857843137255
0 0.9223856209150327 0.12968750000000015 0.9003267973856209 0.12968750000000015 0.9003267973856209 0.18593750000000012 0.9223856209150327 0.18593750000000012
0 0.9354306689625803 0.31445851038715783 0.9130246810716731 0.31377832861189814 0.9119086633709195 0.3735410764872523 0.9343146512618267 0.374221258262512
0 0.9496935140167361 0.573067250626157 0.9445321224427917 0.5127434866056844 0.92251253381675 0.5158062112054883 0.9276739253906943 0.576129975225961
0 0.9674882740698486 0.7337222499524626 0.948150859031576 0.7316328258699374 0.9440670568474583 0.7930736297299869 0.9634044718857309 0.7951630538125121
0 0.9796923550841102 0.9422686133879782 0.9755471177542056 0.8841316598360656 0.953042965820208 0.8867400956284153 0.9571882031501127 0.9448770491803278
0 0.9133986928104575 1.4115330033922358e-16 0.8925653594771242 1.39526816309106e-16 0.8925653594771242 0.04218750000000014 0.9133986928104575 0.04218750000000015