0 0.052386387768103636 0.10235033092659448 0.02335804959769709 0.0785574608904934 -0.0025232415469196054 0.1298886883273165 0.026505096623486938 0.15368155836341757
0 0.04987524288994882 0.2765976914414415 0.022864776541247186 0.25199887387387393 -0.004874359653771356 0.301513231981982 0.022136106694930283 0.3261120495495496
0 0.047065666368070094 0.4827783946700508 0.028185237716067846 0.42472107656514385 -0.0028800056401579134 0.4411439826565145 0.016000423011844338 0.4992013007614214
0 0.04763387859747962 0.6814859576427256 0.018770537681002536 0.6405962246777165 -0.009102029393709512 0.6725799953959485 0.01976131152276757 0.7134697283609576
0 0.04728045810821102 0.8403083225528244 0.018517637757992422 0.8119704075032341 -0.008020381503183356 0.8557581392841743 0.020742438847035242 0.8840960543337647
0 0.20178974540772254 0.11139274210307566 0.17585376835688557 0.07484349023275148 0.15002220755301288 0.1046420407315046 0.17595818460384985 0.14119129260182878
0 0.16433762352229297 0.23730801140231453 0.14179077292364645 0.19984949370319952 0.11471931352527402 0.22633860194009534 0.13726616412392054 0.2637971196392103
0 0.19691655397791305 0.3462913074712644 0.16703994816317336 0.32996587643678166 0.14933372774397116 0.38264188218390804 0.17921033355871085 0.39896731321839085
0 0.19827435039056268 0.6369690040650406 0.17884584728200217 0.5832977642276422 0.14687948350071733 0.6021087398373983 0.16630798660927787 0.6557799796747968
0 0.20024509803921572 0.8548958333333334 0.17696078431372547 0.7955208333333333 0.14673202614379086 0.8147916666666667 0.17001633986928108 0.8741666666666668
0 0.3400690793584367 0.073985197124648 0.31913021618903964 0.016586538461538503 0.28855290078088447 0.03471959759893286 0.30949176395028144 0.09211825626204237
0 0.3310672321363002 0.27377715355805243 0.3109490893735771 0.21582572565543068 0.28304059264155096 0.2315757256554307 0.303158735404274 0.2895271535580524
0 0.332761585837991 0.4950434611570962 0.31030673391964125 0.4407453063028108 0.28223130086661324 0.45961965425073287 0.30468615278496297 0.5139178091050183
0 0.32981627610393754 0.6523501016260163 0.3002251713693609 0.6221671747967481 0.27188944683564487 0.6673272357723579 0.3014805515702216 0.6975101626016261
0 0.31833333333333336 0.8781041666666667 0.29358333333333336 0.8325229166666667 0.2642908496732026 0.8583791666666667 0.28904084967320265 0.9039604166666667
0 0.4779889563833963 0.08906469529329124 0.44951471104774887 0.0629253380751669 0.42410871092377944 0.10791512996136289 0.45258295625942685 0.13405448717948723
0 0.47100301659125177 0.25951923076923084 0.45179738562091504 0.21666666666666673 0.4265460030165913 0.2350641025641026 0.445751633986928 0.27791666666666676
0 0.4694542754861281 0.37517721300138324 0.44367406367803003 0.3561473461272477 0.422092384671711 0.40367608921161835 0.4478725964798091 0.42270595608575395
0 0.45800211976682575 0.8500703828828831 0.43002561384914334 0.8245917792792795 0.40642664723547084 0.8667159346846849 0.43440315315315325 0.8921945382882884
0 0.6390563321037989 0.11838490099009895 0.6192078399016374 0.0619312087458745 0.5892751407493692 0.07903929455445541 0.6091236329515305 0.13549298679867985
0 0.6301827591850845 0.2764222530951041 0.6122457987134076 0.22173402035265438 0.5840510186441863 0.23676696445319834 0.6019879791158631 0.29145519719564805
0 0.6296902139097471 0.3883830835298082 0.6059041192540787 0.3603303581452792 0.5783225409845089 0.39834820927360515 0.6021086356401772 0.42640093465813417
0 0.6275766716943187 0.5185096153846155 0.5984477124183005 0.4937500000000001 0.5736865258924081 0.5411057692307693 0.6028154851684263 0.5658653846153847
0 0.6238709453719596 0.6976431255526084 0.5938263899724345 0.6713071949602122 0.5663054125275221 0.7223460985853227 0.5963499679270471 0.7486820291777189
0 0.6085843981787471 0.9402065777153559 0.5958682162003378 0.8699496722846441 0.5641248072262612 0.8792895599250936 0.5768409892046706 0.9495464653558053
0 0.7512709559657764 0.12154260976855014 0.7229816535191341 0.1008222004765147 0.6960988701130555 0.1604870447583391 0.7243881725596978 0.18120745405037456
0 0.7387184743573948 0.3359017434644325 0.7207830246364313 0.277779676712435 0.69120812742132 0.29261560875804815 0.7091435771422835 0.3507376755100457
0 0.740426558372177 0.5021383348704944 0.7123737493614002 0.46230653389439713 0.6822592421796941 0.4967845717085544 0.7103120511904709 0.5366163726846517
0 0.7178210710850046 0.6173495671635906 0.6953213688062385 0.616908226849661 0.6945423637983353 0.6814682668796342 0.7170420660771013 0.681909607193564
0 0.732039102997521 0.7973857758620692 0.7091159567275186 0.749369971264368 0.6763550822627902 0.7747952586206899 0.6992782285327924 0.8228110632183909
0 0.898128499970639 0.8150294377892727 0.870961298576968 0.7700934181867682 0.8409809971724421 0.7995584331609038 0.8681481985661131 0.8444944527634084
0 0.7285583978947454 0.9532893706950534 0.6960147396466413 0.9276612398246714 0.6687700283620022 0.9839021081193907 0.7013136866101063 1.0095302389897727
0 0.8607987312572086 0.6749693627450982 0.8332324106113033 0.6339644607843139 0.8052095347943098 0.6645894607843138 0.8327758554402153 0.7055943627450981
0 0.861596363598518 0.5636660695329088 0.847103836226635 0.5008409633757963 0.8138633903667624 0.5133061305732485 0.8283559177386454 0.576131236730361
0 0.8651895994982715 0.3517842981760508 0.8400735294117649 0.3065104166666668 0.8149044940471565 0.3292085894131642 0.8400205641336631 0.37448247092254827
0 0.8745034627104051 0.13229396177599734 0.8537424191843319 0.06985113086296119 0.828901235840689 0.08327752044733773 0.8496622793667624 0.1457203513603739