0 0.08858854841714336 0.7649026556498888 0.06274598984530144 0.739161044572468 0.038840632270696916 0.7781745881342227 0.06468319084253883 0.8039161992116434
0 0.0687968276741591 0.02722306910569107 0.04457596046548701 0.012970020325203255 0.027431053722301924 0.06033282520325203 0.05165192093097401 0.07458587398373985
0 0.06955875797326623 0.18070095703778 0.04446161196006322 0.15908010489802743 0.023760210369671138 0.19814364969909729 0.04885735638287414 0.21976450183884985
0 0.07680811013475138 0.31998802179049624 0.051249984985680654 0.3033984751028267 0.03297455544745248 0.349168635687407 0.0585326805965232 0.36575818237507657
0 0.0885198648747889 0.480372191011236 0.06864581038407874 0.4398291198501873 0.04419108467356982 0.4593164794007491 0.06406513916427997 0.4998595505617978
0 0.09022040464125734 0.6126433754681649 0.06484220092531404 0.5859135065543072 0.04116545494602338 0.6224566947565544 0.06654365866196668 0.649186563670412
0 0.16443628992893106 0.1296462152871394 0.1448958504045098 0.08563137525838053 0.12026269346599071 0.10340907814325519 0.13980313299041194 0.14742391817201403
0 0.15637535998491148 0.28500335275619676 0.15503380412468354 0.2336888411024787 0.12931347159655576 0.23478195523492415 0.13065502745678367 0.2860964668886422
0 0.1719771241830066 0.4036458333333333 0.1462418300653595 0.4036458333333333 0.1462418300653595 0.4578125 0.1719771241830066 0.4578125
0 0.20355164708793694 0.552878619153675 0.17977695532556012 0.549008908685969 0.1743978994715927 0.6027322290274684 0.19817259123396952 0.6066019394951744
0 0.22101489704757854 0.6972494265043233 0.1937673648954906 0.6824846700194106 0.17711760899877865 0.7324339377095465 0.2043651411508666 0.7471986941944592
0 0.21214177978883875 0.8424038461538463 0.19137757667169444 0.8390945512820515 0.186827551533434 0.8855048076923079 0.2075917546505783 0.8888141025641028
0 0.18731640596313434 0.9180828651685395 0.16271480502313287 0.8984784644194758 0.14371282220753478 0.937242509363296 0.16831442314753622 0.9568469101123597
0 0.22709924702400378 0.25636850258971516 0.20579938412656956 0.20929580558638558 0.18223533401521907 0.2266289770625232 0.2035351969126533 0.2737016740658528
0 0.3925744222641123 0.13631796083264858 0.37253156535142123 0.08680584086551632 0.34756895773921725 0.10323284716516028 0.36761181465190834 0.15274496713229255
0 0.3993055555555556 0.2643229166666667 0.3743872549019608 0.23255208333333338 0.35171568627450983 0.2614583333333334 0.3766339869281045 0.29322916666666665
0 0.36186471715122825 0.3617905890804598 0.3374862453433029 0.32089249492900607 0.3138713227008179 0.343775354969574 0.33824979450874326 0.38467344912102774
0 0.3948079069025985 0.47830843495934966 0.3745825362665392 0.43458206300813007 0.3512527897337797 0.4521242378048781 0.371478160369839 0.4958506097560977
0 0.3570110776917641 0.5761145746018441 0.3428424387357626 0.5316468461860856 0.319218795369503 0.5438831552109529 0.3333874343255045 0.5883508836267115
0 0.3994419306184013 0.6427035256410256 0.3734376571141278 0.605647435897436 0.3478965560583208 0.6347844551282052 0.37390082956259435 0.671840544871795
0 0.327991452991453 0.8324919871794874 0.30775515334338865 0.7937900641025643 0.28211412770236305 0.8155849358974359 0.3023504273504274 0.854286858974359
0 0.3598091909628465 0.805990339918652 0.3509214793800534 0.7647836771257022 0.3252296221606985 0.7737918845632384 0.3341173337434917 0.8149985473561883
0 0.39181669484176396 0.7964472014283257 0.37787086526229835 0.7508835613491655 0.3518966311356757 0.763807326621924 0.3658424607151413 0.8093709667010844
0 0.5458821844889158 0.06251610824742272 0.5290159018934034 0.006604381443299001 0.5018887709723064 0.01990710910652919 0.5187550535678189 0.0758188359106529
0 0.5399809098556915 0.19392326732673276 0.5134812010612826 0.18105198019801988 0.49763314566750794 0.23409344059405948 0.5241328544619168 0.24696472772277236
0 0.5407554047259928 0.3270032051282052 0.5138888888888888 0.3041666666666668 0.49176721970839615 0.3464743589743591 0.5186337355455001 0.36931089743589746
0 0.5316513734794037 0.46303343712930023 0.5017238271346499 0.4568457147093714 0.49399931384178825 0.517579700474496 0.5239268601865421 0.5237674228944248
0 0.5279894341156152 0.6760578583765112 0.5246935216228115 0.6109223877374784 0.5038415625317485 0.6126376295336787 0.5071374750245522 0.6777731001727115
0 0.5269874335645438 0.7876668580908627 0.49832597663874123 0.7851024119448698 0.49465613708474715 0.8517788093415007 0.5233175940105497 0.8543432554874937
0 0.7710646678905927 0.06972749158835136 0.7641886143017363 0.011646326429980291 0.7378736330359966 0.01671071905093398 0.7447496866248529 0.07479188420930503
0 0.7684179935956487 0.24956305928411637 0.7603618348905559 0.191357312639821 0.7327704851515551 0.19756536633109614 0.7408266438566479 0.2557711129753915
0 0.758578431372549 0.3510416666666668 0.7267156862745098 0.3510416666666668 0.7267156862745098 0.40468750000000014 0.758578431372549 0.40468750000000014
0 0.7271241830065358 0.4875 0.7051256294867673 0.45384221311475414 0.6777630451087538 0.4829149590163934 0.6997615986285224 0.5165727459016393
0 0.7624591503267973 0.5408854166666668 0.7379493464052288 0.5096354166666668 0.7134395424836601 0.5408854166666669 0.7379493464052288 0.5721354166666669
0 0.7426470588235294 0.6729166666666667 0.7193627450980392 0.6729166666666667 0.7193627450980392 0.7260416666666667 0.7426470588235294 0.7260416666666667
0 0.7461035389765661 0.8993577235772356 0.7446931292842339 0.8418130081300813 0.7183963016100748 0.8428607723577236 0.7198067113024071 0.900405487804878
0 0.8930315886484255 0.10530321447866034 0.8642943401023295 0.096482475688817 0.8523204203345304 0.15989819692058363 0.8810576688806263 0.16871893571042698
0 0.8883602460592083 0.35790441176470605 0.8556805074971165 0.34748774509803937 0.8452037677816224 0.400919117647059 0.8778835063437141 0.4113357843137257
0 0.8836291207480559 0.5252128953771291 0.8577835026954823 0.5132299270072995 0.8428390821048617 0.5656288017031632 0.8686847001574353 0.5776117700729929
0 0.8792655405318643 0.6900755157170925 0.8518111894397575 0.6680357727570401 0.8306163084094148 0.7109554068434841 0.8580706595015217 0.7329951498035366
0 0.8785947712418302 0.930416666666667 0.8522875816993463 0.9136458333333335 0.8316993464052287 0.9661458333333335 0.8580065359477126 0.9829166666666668