0 0.030602246921828453 0.004568114352090869 0.006782479813470736 0.0038778824642918593 0.005811113810521624 0.0583715152297367 0.029630880918879336 0.059061747117535715
0 0.12663398692810457 0.06250000000000001 0.10375816993464053 0.06250000000000001 0.10375816993464053 0.12031250000000003 0.12663398692810457 0.12031250000000003
0 0.14782950335123438 0.35269506369426756 0.1219521460388827 0.35151671974522297 0.12024634694642193 0.4124137473460722 0.14612370425877363 0.4135920912951168
0 0.06746347558631295 0.34758210784313726 0.05094675124951941 0.29756740196078435 0.025653594771241822 0.31114583333333334 0.04217031910803536 0.36116053921568625
0 0.022467320261437933 0.22864583333333333 2.331231243474945e-17 0.22864583333333333 2.6013739197574497e-17 0.28489583333333335 0.022467320261437936 0.28489583333333335
0 0.03785650011584738 0.4885378022808464 0.03285132066016844 0.425998084982138 0.01139934882994143 0.42878903029678483 0.016404528285620376 0.4913287475954933
0 0.17744703723995947 0.5254449795371156 0.17158765143087998 0.4746441045723963 0.1513364518824747 0.47844120448772226 0.15719583769155418 0.5292420794524415
0 0.06385508226279019 0.673753591954023 0.048741266621591166 0.6021788793103446 0.022093757043047103 0.6113261494252872 0.03720757268424611 0.6829008620689655
0 0.07130373627114078 0.8201218857388317 0.05338462704669501 0.760720038659794 0.027270315342631888 0.773526095360825 0.04518942456707766 0.8329279424398627
0 0.09558823529411772 0.84375 0.0710784313725491 0.84375 0.07107843137254911 0.9010416666666666 0.09558823529411774 0.9010416666666666
0 0.30415972245524947 0.6961871910058945 0.30096550171694464 0.6481301399980984 0.2896091527502806 0.6493572031279711 0.2928033734885854 0.6974142541357672
0 0.321994597453625 0.8659260597302505 0.3143724734595187 0.8027577071290943 0.29113538478975404 0.8073157514450866 0.2987575087838603 0.8704841040462428
0 0.33644663084688203 0.9765980871886122 0.3095655106645268 0.9410064501779359 0.2877500407043007 0.9677909994068802 0.31463116088665594 1.0033826364175564
0 0.43608182266617335 0.8630994496855346 0.4084708892806106 0.8619259850166483 0.40692621850812105 0.921009642064373 0.4345371518936838 0.9221831067332593
0 0.4115466674992716 0.6015339702760086 0.3906524499396362 0.6005825371549895 0.3890543690937098 0.6576340233545649 0.4099485866533451 0.6585854564755841
0 0.29444090806873996 0.42721859970403264 0.27344027696169115 0.426326072881983 0.27172241445597856 0.4920343137254902 0.2927230455630273 0.4929268405475398
0 0.28027954425013246 0.2362781531531532 0.2583940558205264 0.235629222972973 0.2572381204734146 0.2990033783783784 0.2791236089030207 0.2996523085585586
0 0.27329650494199165 0.060728934669636275 0.25342154679243634 0.057493968077208656 0.24797698589458053 0.11187152004454347 0.26785194404413587 0.1151064866369711
0 0.40521771771771775 0.20772804054054053 0.39780957428016256 0.15105574324324322 0.37826797385620914 0.15520833333333334 0.3856761172937644 0.21188063063063065
0 0.23243464052287582 3.5495622069036564e-17 0.2222222222222222 3.4698325975841673e-17 0.2222222222222222 0.026041666666666703 0.23243464052287582 0.026041666666666703
0 0.4139143362262938 0.3525443989071038 0.40996999892853314 0.297225068306011 0.3908911925425908 0.2994364754098361 0.3948355298403515 0.354755806010929
0 0.4285130718954248 0.5046875000000001 0.40808823529411775 0.5046875000000001 0.40808823529411775 0.5583333333333333 0.4285130718954248 0.5583333333333333
0 0.4565349513789255 0.8137385670731707 0.45123943886497686 0.7529725609756096 0.4254593097401562 0.7566247459349592 0.43075482225410483 0.8173907520325204
0 0.5600490196078431 0.6942708333333333 0.5343137254901961 0.6942708333333333 0.5343137254901961 0.7619791666666667 0.5600490196078431 0.7619791666666667
0 0.5843229903645307 0.7965098797250859 0.583136244188397 0.763221649484536 0.5726113469442761 0.7638316151202749 0.5737980931204097 0.7971198453608248
0 0.5945814479638009 0.9274150641025641 0.5927551533433886 0.8855016025641025 0.5794067370537958 0.8864471153846153 0.581233031674208 0.9283605769230768
0 0.5776143790849674 0.9479166666666666 0.5518790849673203 0.9479166666666666 0.5518790849673204 0.9994791666666667 0.5776143790849675 0.9994791666666667
0 0.6851671694318752 0.7597884615384616 0.6618866264454499 0.7581394230769232 0.6594356460532931 0.8143894230769231 0.6827161890397183 0.8160384615384615
0 0.7016812076512562 0.6346951452599388 0.6823469448941656 0.5889143730886849 0.6588152845235954 0.6050697629969418 0.678149547280686 0.6508505351681957
0 0.5769359136925012 0.6011246385383806 0.5710829415888331 0.5389368099369085 0.5459062699738149 0.5427888406940063 0.551759242077483 0.6049766692954784
0 0.5628265156637368 0.40443139367816083 0.5499436556231687 0.3369037356321839 0.5253437006986703 0.34453304597701145 0.5382265607392381 0.4120607040229884
0 0.5118058537283527 0.2689203163017032 0.5104691450789562 0.20586108576642334 0.48870223271790475 0.20661116180048658 0.49003894136730125 0.26967039233576645
0 0.5346277983793435 0.10495081376184592 0.5269198841464893 0.04991630613926657 0.5059103266358047 0.054699732179645646 0.5136182408686589 0.10973423980222499
0 0.6366269685824756 0.07818511838697753 0.614715040659253 0.07725386145024056 0.6131449805227308 0.13730866167221614 0.6350569084459533 0.1382399186089531
0 0.6457924836601308 0.32223958333333325 0.6319035947712419 0.2691145833333334 0.6089869281045751 0.2788541666666667 0.6228758169934641 0.3319791666666666
0 0.6708994651528755 0.4371922698178237 0.6692244475338142 0.381665435745938 0.6471040779679671 0.3827501846381093 0.6487790955870284 0.438277018709995
0 0.6625762753234072 0.5659634336099586 0.6543561684701542 0.5150574861687414 0.6320186857592275 0.5209210753803596 0.6402387926124805 0.5718270228215768
0 0.7840400119438639 0.33821912013536387 0.7576225075478583 0.3358132402707277 0.754584701901065 0.3900380710659899 0.7810022062970704 0.3924439509306261
0 0.7739475201845445 0.20254901960784327 0.7509876009227221 0.20029718137254918 0.7474817377931565 0.25840686274509816 0.7704416570549789 0.2606587009803923
0 0.7667917176977929 0.11594084798867996 0.7584733964335685 0.055335935920760033 0.737397045941886 0.06003859662421667 0.7457153672061103 0.12064350869213661
0 0.8848510558069382 0.042928685897436036 0.8611268225238813 0.036879006410256536 0.8524384112619408 0.09226762820512831 0.8761626445449975 0.09831730769230781
0 0.7995808037004914 0.5425348727956057 0.7884674251313708 0.48408544738363696 0.7659611329353944 0.491041937698757 0.7770745115045149 0.5494913631107257
0 0.8146892467394199 0.7219037518853695 0.8011278945967527 0.6604256221719457 0.7781071629255021 0.6686807126696832 0.7916685150681692 0.730158842383107
0 0.9105392156862745 0.5442708333333336 0.8929738562091504 0.5442708333333336 0.8929738562091504 0.6026041666666669 0.9105392156862745 0.6026041666666669
0 0.9022489225507527 0.42811456491848365 0.8976907056281557 0.3685443675112944 0.876886017616632 0.37113226772736196 0.8814442345392292 0.43070246513455124
0 0.8921568627450981 0.19583333333333344 0.869281045751634 0.19583333333333344 0.869281045751634 0.2578125000000001 0.8921568627450981 0.2578125000000001
0 0.9282297678142255 0.7848507624597075 0.9220519764232662 0.7228218757748573 0.9016130607131687 0.7261310335564921 0.9077908521041279 0.7881599202413423
0 0.9437422687195683 0.9077746085011188 0.9238076281966927 0.9069412751677853 0.9221883361845857 0.9699114932885906 0.9421229767074615 0.9707448266219241
0 0.824510553456857 0.9071559633027524 0.800394255561552 0.9062241972477065 0.7989870030581042 0.9654343463302755 0.8231033009534091 0.9663661123853213