0 0.05884043272481407 0.12109195402298852 0.055166779355420324 0.06488505747126436 0.027174892945684016 0.06785919540229886 0.030848546315077757 0.12406609195402302
0 0.19066113624937156 0.20818108974358976 0.16378205128205128 0.18859775641025642 0.14067998994469583 0.24014423076923078 0.1675590749120161 0.25972756410256415
0 0.05554682057698904 0.3105732821026841 0.02682457324170344 0.29860107612206266 0.011868379159214666 0.3569302330437688 0.040590626494500265 0.36890243902439035
0 0.18623680241327306 0.4285096153846154 0.1567244846656612 0.42380608974358974 0.15010055304172956 0.49137019230769236 0.1796128707893414 0.496073717948718
0 0.05074466865620604 0.6287192206698375 0.04947109144886651 0.5621429721561633 0.021978678510643262 0.5629979191438764 0.023252255717982794 0.6295741676575506
0 0.19649594320486824 0.689341235632184 0.167169258508001 0.6665811781609196 0.1433153031327474 0.7165466954022989 0.17264198782961465 0.7393067528735634
0 0.0548333707886211 0.8398101719197709 0.04098076670974024 0.7762267191977078 0.013107009757102469 0.7860986747851003 0.026959613835983328 0.8496821275071634
0 0.1801470588235295 0.9484375 0.14705882352941185 0.9484375 0.14705882352941185 0.9994791666666667 0.1801470588235295 0.9994791666666667
0 0.27822807758651047 0.9286065604428486 0.24982728728834455 0.9231200441352485 0.2429426139097172 0.9810545706163974 0.27134340420788317 0.9865410869239978
0 0.3143985053037609 0.6712901297814209 0.284859503910854 0.6678662909836067 0.28032585985213765 0.7314506489071039 0.30986486124504453 0.734874487704918
0 0.317641430728077 0.4422477675221373 0.29334130095081706 0.43260871604382417 0.2786769855773617 0.4927062227975387 0.3029771153546216 0.5023452742758517
0 0.3142400469315515 0.2914532623394186 0.30574331490540774 0.22509909567275185 0.2772332259475798 0.23103384888438136 0.2857299579737236 0.2973880155510481
0 0.45832686392807503 0.24361684577677226 0.4373327196640346 0.18710760746606334 0.4063396474728655 0.2058257918552036 0.427333791736906 0.26233503016591253
0 0.45099962299111745 0.52820421624418 0.4378951830775421 0.4742240041386446 0.4123152149288755 0.48431895585445767 0.42541965484245087 0.5382991679599931
0 0.44917809365765615 0.7023988492947291 0.42059242033858824 0.689642492576095 0.40486211188261484 0.7469457590942837 0.43344778520168276 0.7597021158129177
0 0.4440359477124184 0.8953125 0.4162539586281248 0.8795693728522338 0.39801057880196755 0.9319050687285224 0.42579256788626113 0.9476481958762887
0 0.566500957709562 0.9142445908311913 0.5385803635935952 0.8933041452442161 0.5167903708184217 0.9405339545844046 0.5447109649343885 0.9614744001713798
0 0.5714472917880025 0.7857446369636963 0.5528554326020839 0.7328650990099009 0.5263593638775642 0.7480089727722773 0.5449512230634829 0.8008885107260727
0 0.5799296908544439 0.5902543339416059 0.5608421592481274 0.5381044708029197 0.5336488001526644 0.5542845194647202 0.5527363317589808 0.6064343826034063
0 0.5814542483660131 0.4428125 0.5661764705882353 0.384375 0.5410539215686274 0.39505208333333336 0.5563316993464053 0.45348958333333333
0 0.5519336860156603 0.1712690800330034 0.5269526952695268 0.14520936468646867 0.5051304762829223 0.17921565594059405 0.5301114670290558 0.20527537128712878
0 0.702152705263565 0.12974605522682445 0.6840314034884172 0.07363473865877714 0.6573836388598832 0.08762481508875743 0.6755049406350312 0.14373613165680474
0 0.567379244380679 0.12094817073170731 0.5662043679260321 0.07301321138211384 0.54588872947553 0.07382266260162602 0.5470636059301769 0.1217576219512195
0 0.7078337547241865 0.245399946832326 0.6788721868868433 0.22302055350346997 0.6554871892791143 0.2722167422207299 0.6844487571164574 0.29459613554958597
0 0.7110647334504979 0.46606052284710014 0.6866604638340398 0.41304902606912713 0.6578500292911541 0.4346098784417105 0.6822542989076124 0.4876213752196835
0 0.7503686433923162 0.5707698170731708 0.7244639725809022 0.5294842479674796 0.6938765343535788 0.5606834349593496 0.7197812051649928 0.6019690040650407
0 0.7025476793100031 0.7249325019285165 0.6765631276081188 0.7155455826262108 0.6636509965261497 0.7736501724950718 0.6896355482280339 0.7830370917973773
0 0.6992261262060772 0.960551163984578 0.6740610019047432 0.9439354412874027 0.6547945827396419 0.9913706939904453 0.6799597070409757 1.0079864166876207
0 0.8540702921025426 0.8138209338695267 0.8272255953319666 0.7828027256479001 0.7968124112915945 0.8255909294012512 0.8236571080621704 0.8566091376228777
0 0.8590645829288812 0.5724474009900992 0.8292969002782632 0.5686520214521453 0.8241239565132984 0.6346070544554457 0.8538916391639165 0.6384024339933997
0 0.8599718711534128 0.2677619363395228 0.8302181394219935 0.257826315207781 0.8161298781227789 0.3264105327144122 0.8458836098541981 0.3363461538461541
0 0.9705961940165102 0.2296484716498066 0.9423886452295417 0.2202976692269266 0.9287951473832945 0.2869580913575623 0.957002696170263 0.2963088937804423
0 0.9746276910238256 0.5287016781694194 0.944395610105023 0.5130219887437353 0.9235335803041945 0.5784114134007068 0.9537656612229971 0.5940911028263909
0 0.9714398852956191 0.8146661242981114 0.9441030087379517 0.7921559150076571 0.9194433184197621 0.8408389165390507 0.9467801949774295 0.8633491258295048
0 0.9652777777777778 0.9484375000000003 0.9342320261437909 0.9484375000000003 0.9342320261437909 0.9994791666666669 0.9652777777777778 0.9994791666666669