0 0.034266709828585526 0.3418504323899372 0.03242307929461093 0.28778596698113207 0.0019322666173387643 0.2894762185534591 0.0037758971513133567 0.3435406839622642
0 0.03831699346405232 0.41062499999999996 0.011356209150326825 0.3934375 -0.006045751633986887 0.43781249999999994 0.020915032679738602 0.45499999999999996
0 0.033905228758169946 0.12864583333333332 0.006944444444444458 0.12864583333333332 0.0069444444444444605 0.17916666666666667 0.033905228758169946 0.17916666666666667
0 0.026143790849673203 0.007291666666666669 8.754623768414494e-19 0.007291666666666668 3.3267570319975076e-18 0.058333333333333334 0.026143790849673203 0.058333333333333334
0 0.038031045751634046 0.58578125 0.011437908496732097 0.5744791666666667 -0.0031045751633986094 0.6301041666666667 0.023488562091503337 0.6414062499999998
0 0.03986763609246831 0.8130327181208055 0.031868776593411405 0.7441925335570471 0.0029702373119270143 0.7496511465324385 0.010969096810983911 0.818491331096197
0 0.24081586657651566 0.7251077586206897 0.22503239801667796 0.6781519396551726 0.197965967996394 0.6929418103448277 0.21374943655623166 0.7398976293103449
0 0.26429738562091504 0.5708333333333333 0.2394607843137255 0.5549999999999999 0.22165032679738567 0.6004166666666667 0.2464869281045752 0.6162500000000001
0 0.20751633986928109 0.5130208333333334 0.17810457516339873 0.5130208333333334 0.17810457516339873 0.5677083333333334 0.20751633986928109 0.5677083333333334
0 0.25697461035696334 0.41805769230769235 0.231431623931624 0.41624839743589753 0.22895424836601314 0.47310416666666666 0.25449723479135244 0.47491346153846153
0 0.20778066128412145 0.3148897058823528 0.19891387927720106 0.26966911764705875 0.1703671664744329 0.2787683823529411 0.1792339484813533 0.3239889705882352
0 0.2639311471715123 0.294396551724138 0.24831671174216813 0.24794360632183912 0.2247999774622493 0.2607938218390805 0.24041441289159343 0.3072467672413793
0 0.2321725334047157 0.20236774744027303 0.22735980057552033 0.15020975540386805 0.19889468870597157 0.15447952218430036 0.20370742153516694 0.20663751422070534
0 0.19526143790849673 2.8894010417382865e-17 0.1642156862745098 2.6470230294070398e-17 0.1642156862745098 0.037500000000000026 0.19526143790849673 0.037500000000000026
0 0.43130515500623084 0.5103331712062257 0.4181116642506549 0.44692829928664074 0.38084388749014525 0.4595346952010377 0.39403737824572116 0.5229395671206226
0 0.41946979941401846 0.39028376436781614 0.40552456614829835 0.3831716954022989 0.40048174442190665 0.3992456896551725 0.4144269776876267 0.4063577586206897
0 0.4191669483885508 0.3640894396551725 0.4100462023890016 0.3591056034482759 0.4055034370069867 0.37262033045977017 0.414624183006536 0.37760416666666674
0 0.4364898850377137 0.6914664214151535 0.4135263320523367 0.6440630870381967 0.3826698650656255 0.6683625547902318 0.4056334180510025 0.7157658891671885
0 0.4471381616230309 0.8178450144508673 0.41765083682798754 0.8057604768786129 0.40381200649816773 0.8606545038535648 0.4332993312932111 0.872739041425819
0 0.3984402655822347 0.8235489597093791 0.37191361022612485 0.8071213809995597 0.3549469655761909 0.8516588232056364 0.38147362093230075 0.8680864019154558
0 0.2810532059539145 0.8493099908759125 0.2507513954486905 0.8312804136253042 0.23307273030866857 0.8795810523114355 0.26337454081389255 0.8976106295620438
0 0.21754107048224708 0.8842483108108109 0.19144144144144157 0.8787021396396397 0.18461844197138327 0.9308980855855856 0.21071807101218878 0.9364442567567567
0 0.04519876211052692 0.9395605942480943 0.019332256464609496 0.93849672990298 0.01779720897367965 0.9991694819819821 0.043663714619597074 1.0002333463270963
0 0.5465260813180469 0.965845761920457 0.5193113666033322 0.9347365276862227 0.4949609760406029 0.9693655927268733 0.5221756907553177 1.0004748269611075
0 0.5478901223264921 0.8589376621271076 0.5302109559777218 0.8031785019455254 0.4987300043233895 0.8194045881971467 0.5164091706721599 0.8751637483787289
0 0.5407392686804452 0.7039695945945946 0.5162846670199611 0.6603181306306306 0.4881535947712418 0.6859375 0.512608196431726 0.729588963963964
0 0.5425973654066436 0.585352233676976 0.5269481503941782 0.5404585481099656 0.49772589448150384 0.557017826460481 0.5133751094939694 0.6019115120274914
0 0.5443061840120664 0.430048076923077 0.5118621166415284 0.42177483974358976 0.5041006787330317 0.47125400641025644 0.5365447461035696 0.4795272435897437
0 0.5672050475132666 0.3380270038874492 0.5513936075479186 0.30313541281007056 0.5287712672382293 0.3198005368382082 0.5445827072035774 0.35469212791558696
0 0.5390384141077814 0.20832350628930824 0.5131643852509556 0.18999606918238995 0.4968437846836847 0.2274518474842768 0.5227178135405105 0.24577928459119508
0 0.42506487889273353 0.3115962009803921 0.4054570357554787 0.26992953431372546 0.38341022683583237 0.2867953431372549 0.40301806997308726 0.3284620098039215
0 0.5653358816450768 0.12840327918170885 0.5374843679950921 0.10557498495788212 0.5192214671668908 0.14179640493381473 0.5470729808168754 0.16462469915764147
0 0.4102548674327821 0.1765896908017402 0.4067284413247379 0.11664044696498864 0.37888262307201725 0.11930320333540505 0.38240904918006147 0.1792524471721566
0 0.38929738562091504 0.17031250000000006 0.35947712418300654 0.17031250000000006 0.35947712418300654 0.21562500000000007 0.38929738562091504 0.21562500000000007
0 0.7073330683624802 0.4309938063063063 0.6833973679561915 0.38903153153153147 0.6581611022787494 0.4124324324324323 0.682096802685038 0.4543947072072072
0 0.7403213363152512 0.5240851569407605 0.7161023560617881 0.49956343943412923 0.6949855671711654 0.5334676171529621 0.7192045474246286 0.5579893346595934
0 0.7076862736052998 0.6533124019743521 0.6839076483070394 0.6236997186087279 0.6591339552704559 0.6560382357689825 0.6829125805687162 0.6856509191346069
0 0.698708656060289 0.8165334000593122 0.6658325192473195 0.8157425118623964 0.6649229234991745 0.8772084445432979 0.697799060312144 0.8779993327402137
0 0.8334967320261437 0.7407291666666668 0.809243217835079 0.7074272260273974 0.7842991762915211 0.736959189497717 0.8085526904825858 0.7702611301369865
0 0.8352747456370864 0.8538767182130585 0.8105467960380027 0.8279123711340207 0.7882487702984972 0.8624344931271479 0.8129767198975809 0.8883988402061858
0 0.9537334055435204 0.9062219664778094 0.9324128848895554 0.8484566808309729 0.9006612323871948 0.8675076723323893 0.9219817530411597 0.9252729579792258
0 0.9547256532550648 0.6738435550935551 0.9303177612001139 0.6406488218988219 0.8986299648064352 0.6785256410256412 0.9230378568613861 0.7117203742203742
0 0.8392565359477124 0.5914062500000002 0.8163807189542484 0.5622395833333336 0.7914624183006536 0.5940104166666668 0.8143382352941176 0.6231770833333334
0 0.8393665158371043 0.44851762820512825 0.8166163901458021 0.4050080128205129 0.7896556058320765 0.42792467948717955 0.8124057315233787 0.4714342948717949
0 0.8330304075985905 0.30531029009964666 0.8114525623814294 0.2676626285760206 0.7872610471382379 0.2902026076824173 0.808838892355399 0.3278502692060433
0 0.8289915656802067 0.15624723695844397 0.8077161456978901 0.11679100353669322 0.7862879457707043 0.13557416003536696 0.8075633657530209 0.1750303934571177
0 0.7041293713786482 0.01079103614964283 0.6780515169497812 0.007228614964270808 0.6734369977499196 0.06214139344262305 0.6995148521787867 0.06570381462799507
0 0.6932489356598908 0.20074063455657487 0.6743999970018588 0.1561090405198777 0.6495529022006357 0.1731675267584098 0.6684018408586676 0.21779912079510697
0 0.9494479094037152 0.23005858810349836 0.9220738454387246 0.20877692252095995 0.90325660113713 0.24812378035559418 0.9306306651021206 0.2694054459381326
0 0.9482650903498655 0.41063112745098046 0.9377402921953094 0.3569546568627449 0.9109236831987695 0.365502450980392 0.9214484813533256 0.4191789215686275
0 0.9529199016110604 0.5564246432818076 0.9292844069851482 0.5247826248513676 0.9041203282739967 0.5553390061434802 0.927755822899909 0.5869810245739201
0 0.9399836601307189 0.1409166666666667 0.9347794117647058 0.09446875000000003 0.9029248366013068 0.10027083333333338 0.90812908496732 0.14671875000000006