0 0.6200875149188325 0.003931679653135715 0.5616443489967727 -0.0010918059570188764 0.5595226507510549 0.039034812115118854 0.6179658166731147 0.04405829772527345
0 0.4938527523466671 0.049148124417521026 0.44334382556999186 0.03506086905871391 0.4362044600381314 0.07667317101584346 0.48671338681480664 0.0907604263746506
0 0.34625809599858043 0.09139140271493217 0.2986680418773845 0.08403657616892916 0.2945320586756573 0.12754194947209657 0.3421221127968533 0.1348967760180996
0 0.178780104778617 0.1508025291828794 0.12934087383332063 0.14686284046692608 0.12733335876503651 0.18781614785992218 0.17677258971033288 0.19175583657587547
0 0.26890779441567797 0.18565209489822895 0.2524616706317737 0.15254345096484276 0.21134312170546254 0.18574667922283908 0.2277892454893668 0.21885532315622527
0 0.07015075672660086 0.25240472461498303 0.06548135437939205 0.23400303445575565 0.03375552126358243 0.24708994061602713 0.03842492361079124 0.2654916307752545
0 0.8860294117647058 0.16927083333333345 0.8284313725490197 0.16927083333333345 0.8284313725490197 0.20989583333333345 0.8860294117647058 0.20989583333333345
0 0.7580189279291134 0.20873685682326631 0.7018808395841557 0.20639010067114102 0.7006850682107294 0.25289065995525734 0.7568231565556871 0.25523741610738265
0 0.6005223250348829 0.25277387640449445 0.5489392854520085 0.2375965589887641 0.5422472828082544 0.2745698735955057 0.5938303223911289 0.2897471910112361
0 0.3851883890811227 0.32199754901960786 0.33972510572856596 0.30750612745098044 0.3311947327950789 0.3510110294117648 0.37665801614763555 0.3655024509803922
0 0.19316515223975775 0.3930284552845528 0.1434241989478719 0.3794385162601626 0.13658536585365857 0.42012957317073174 0.18632631914554446 0.433719512195122
0 0.05066117211847088 0.44289610582639727 0.0009893295407739438 0.42348803507728905 -0.00901286594701294 0.4651024326198971 0.040658976630684 0.48451050336900525
0 0.7518919114858684 0.2672568259385667 0.6985405652590956 0.2592541240045507 0.6946452073434606 0.3014700654152447 0.7479965535702334 0.30947276734926066
0 0.5960375816993464 0.3149479166666667 0.5468954248366014 0.29406250000000006 0.5361111111111111 0.33531250000000007 0.5852532679738561 0.3561979166666667
0 0.39775847699258676 0.3700202740492171 0.3459276439882441 0.3602300055928413 0.3402163661885336 0.4093826901565996 0.3920471991928763 0.41917295861297543
0 0.27059828663326535 0.4251015378548896 0.22252793756829758 0.40871010778128286 0.21394223830436487 0.44964149579390117 0.26201258736933264 0.46603292586750794
0 0.047692471921963346 0.7513618666493148 0.0017858175718665624 0.7325129056047199 -0.009411905053536196 0.776847046893979 0.03649474929656059 0.7956960079385739
0 0.168218954248366 0.7179166666666668 0.12916666666666668 0.6930208333333334 0.10980392156862752 0.7423958333333333 0.14885620915032682 0.7672916666666666
0 0.2468471199666536 0.6927863482509342 0.20128730901783007 0.6764233175580469 0.19228401401607023 0.7171744815597624 0.23784382496489379 0.7335375122526497
0 0.40646314631463143 0.6389676155115512 0.3564874134472272 0.614693688118812 0.3408787937617292 0.666933787128713 0.39085452662913345 0.6912077145214522
0 0.6245078112545831 0.5663770325203252 0.5763769328869759 0.5380538617886178 0.5558963016100748 0.5946316056910569 0.6040271799776821 0.6229547764227643
0 0.8142330896855785 0.49634492110453665 0.7689092895540861 0.4725499260355031 0.7509741075917548 0.528084935897436 0.7962979077232473 0.5518799309664696
0 0.967945021145713 0.4353553921568629 0.9168108419838524 0.4190563725490198 0.9079921184159939 0.4640318627450982 0.9591262975778545 0.48033088235294136
0 0.8739263223865001 0.717211720151166 0.8142366605878838 0.7157194786062004 0.8135226547703377 0.7621477068921344 0.873212316568954 0.7636399484370998
0 0.723206801336391 0.7865626368812968 0.6746567768587944 0.7641501040297857 0.6606381996513018 0.8135155223390279 0.7091882241288984 0.8359280551905391
0 0.6075188297200046 0.8351249040780532 0.5620136730421175 0.8051483821164951 0.5420232168728049 0.8544796691149602 0.587528373550692 0.8844561910765184
0 0.4929346852896411 0.8545890410958905 0.4371373892022563 0.8471004566210047 0.4332538723251858 0.8941395547945206 0.48905116841257057 0.9016281392694064
0 0.34966319489934067 0.9018965757238308 0.304701260608178 0.8818323125463994 0.29272202570709055 0.9254709539717892 0.33768395999825324 0.9455352171492206
0 0.2629853382794559 0.9431711711711713 0.23466437025260553 0.9087032657657659 0.20101837131248898 0.9536447072072074 0.22933933933933937 0.9881126126126126
0 0.15181372549019617 0.9690208333333334 0.11285122296341227 0.9412940292096221 0.09175560946027904 0.9894843213058422 0.13071811198706293 1.0172111254295535
0 0.9970824068458999 0.926109321305842 0.9455141162994408 0.923120704467354 0.9441504952496464 0.9613702749140897 0.9957187857961055 0.9643588917525776