0 0.04009617873552063 0.009715862211221135 0.015991878599624677 0.008417285478547856 0.013761486442761924 0.07571936881188117 0.03786578657865787 0.07701794554455446
0 0.17160631916939678 0.09330969451371574 0.14379594314866428 0.09153678304239403 0.14119725196811891 0.15780340814630092 0.1690076279888514 0.15957631961762261
0 0.19812091503267978 0.3416666666666667 0.17156862745098045 0.3416666666666667 0.17156862745098045 0.40520833333333334 0.19812091503267978 0.40520833333333334
0 0.33619281045751637 0.31302083333333336 0.3088235294117647 0.31302083333333336 0.3088235294117647 0.37395833333333334 0.33619281045751637 0.37395833333333334
0 0.3562764321414841 0.5677818627450981 0.35258073817762403 0.5065257352941177 0.3288086312956556 0.508857230392157 0.3325043252595156 0.5701133578431373
0 0.23323862453686356 0.6364019373673035 0.21918191374214227 0.5754660960721869 0.1946330814703801 0.5846719081740978 0.20868979226510137 0.6456077494692144
0 0.09132808165115389 0.5188467350870201 0.0886612117944029 0.46217575063106153 0.07251834572011348 0.4634106798857447 0.07518521557686447 0.5200816643417032
0 0.0750155725273535 0.29902307780847154 0.0723050500126386 0.2333606698895028 0.047176858772975123 0.2350469037753223 0.04988738128769004 0.30070931169429105
0 0.12050653594771246 0.675 0.10049019607843145 0.675 0.10049019607843145 0.734375 0.12050653594771249 0.734375
0 0.2512734015924915 0.8703292325344212 0.24570109787923325 0.8078079848716639 0.2237401802468395 0.8109898223695392 0.22931248396009773 0.8735110700322964
0 0.3775323863836379 0.7893308647516457 0.37026818507175463 0.7282026107121484 0.3446505996174652 0.7331514624476362 0.3519148009293484 0.7942797164871335
0 0.34460784313725484 0.6498958333333335 0.31781045751633985 0.6328125000000001 0.29787581699346405 0.6836458333333335 0.32467320261437904 0.7007291666666668
0 0.4497772350001132 0.6957929642445215 0.4269065065472557 0.6950255911188007 0.42570589366080924 0.7531952854671282 0.4485766221136668 0.753962658592849
0 0.5319965837444781 0.7576258961893537 0.5063854995936699 0.7544401271852288 0.5019399382223918 0.8125380573561186 0.5275510223732001 0.8157238263602437
0 0.47305241665786607 0.9384444195092759 0.46615307553302593 0.8803864639437464 0.4469368612196525 0.8840986871633753 0.4538362023444925 0.9421566427289049
0 0.391748366013072 0.8901041666666667 0.3668300653594772 0.8901041666666667 0.3668300653594772 0.9510416666666667 0.391748366013072 0.9510416666666667
0 0.16049201420939274 0.9789578875416072 0.14925981091438 0.9044883796956729 0.11665466234044737 0.912482911317166 0.1278868656354601 0.9869524191631002
0 0.044794784295078056 0.8326980801236329 0.018750058273428346 0.8263121136471707 0.009306849225662764 0.8889205896338565 0.03535157524731247 0.8953065561103186
0 0.43334999722268525 0.49254514872521254 0.4109051269232907 0.4918637865911238 0.4098164194856414 0.5501640698772428 0.43226128978503586 0.5508454320113316
0 0.42173819213219876 0.3471108490566038 0.41017696386730784 0.2955188679245283 0.38913552842520643 0.30318396226415095 0.4006967566900973 0.3547759433962264
0 0.3901143790849673 0.10156250000000006 0.36887254901960786 0.10156250000000006 0.36887254901960786 0.1598958333333334 0.3901143790849673 0.1598958333333334
0 0.3174037243967563 0.19119417835941716 0.31539320621214845 0.1360808486238532 0.28904042728802254 0.13764362969958627 0.29105094547263044 0.1927569594351502
0 0.28534808418780355 0.009145642201834898 0.2606883732086106 -0.0002866972477063949 0.2492429693589974 0.04835626911314988 0.2739026803381903 0.05778860856269118
0 0.4877427367864293 0.07107418111753373 0.4813767992746231 0.018316473988439313 0.45826249574974487 0.02285043352601157 0.4646284332615511 0.07560814065510599
0 0.4672916507718521 0.16191634241245137 0.4647723226774496 0.11052204928664074 0.44386746267897564 0.11218790531776911 0.4463867907733781 0.16358219844357974
0 0.49345334931643686 0.2902065138282388 0.46819433741473304 0.28591248180494916 0.4621935382595542 0.3432951237263465 0.48745255016125805 0.34758915574963617
0 0.505643539467069 0.545584935897436 0.500201106083459 0.49007211538461537 0.47812971342383104 0.49358974358974356 0.48357214680744093 0.5491025641025641
0 0.5373235009769395 0.5991810389475866 0.5123820970277484 0.5967960171949452 0.5092319245908433 0.6503489486223327 0.5341733285400343 0.6527339703749742
0 0.6492427099044746 0.608994391025641 0.6236331070889894 0.6024639423076923 0.6147247360482655 0.6592548076923078 0.6403343388637506 0.6657852564102565
0 0.6671232218377547 0.8310049019607842 0.6594276571345239 0.7701714629817444 0.6334843859788676 0.775506571162948 0.6411799506820984 0.8363400101419879
0 0.6846248421294346 0.9988936103882021 0.680243801055447 0.9444317935371936 0.659285287526418 0.9471725222294513 0.6636663286004056 1.0016343390804596
0 0.7557339158378853 0.5453639474657788 0.7541906052098974 0.486332315945246 0.7274637657504732 0.48746820662227147 0.7290070763784611 0.5464998381428042
0 0.627545431878828 0.482159714133178 0.6210789547812913 0.42582053242088913 0.6005263588642601 0.42965534604931077 0.6069928359617969 0.4859945277615997
0 0.6074287552369397 0.3288304745315698 0.605438563789553 0.2738514357975122 0.5862862996718133 0.27497847287828686 0.5882764911192001 0.32995751161234455
0 0.58933689596057 0.09965420081967223 0.5663171006107361 0.09698599726775965 0.5621886049501768 0.15488814890710392 0.5852084003000108 0.1575563524590165
0 0.7163500212708357 0.2030935650887575 0.6936525892408244 0.20109775641025654 0.6908400046409096 0.25309541420118353 0.7135374366709207 0.2550912228796845
0 0.7197146807440926 0.04016025641025654 0.6975930115635999 0.0366346153846155 0.6925590749120161 0.08798076923076933 0.7146807440925088 0.09150641025641039
0 0.8581732725515628 0.08560898994811948 0.832325125251138 0.07228619487678352 0.8159204051270313 0.1240258187418938 0.841768552427456 0.13734861381322977
0 0.8644924488533089 0.23118435650887595 0.8427493038635573 0.22915588017751495 0.8394586088873419 0.2864962401380672 0.8612017538770934 0.2885247164694282
0 0.7390192720923986 0.32228239155251154 0.7161596830513027 0.32120291095890424 0.7145396857373086 0.37697131849315085 0.7373992747784046 0.37805079908675815
0 0.8923218913500562 0.38641677057356616 0.8648578716607173 0.3846659393183708 0.86256377031278 0.44316552369077317 0.8900277900021191 0.4449163549459686
0 0.911667003571188 0.5369072164948456 0.8859140219661749 0.5293825171821307 0.8760209891516745 0.584423754295533 0.9017739707566876 0.5919484536082477
0 0.9243187531422825 0.7004262820512821 0.8999522373051785 0.6987003205128206 0.8975339366515839 0.7542003205128206 0.9219004524886879 0.7559262820512821
0 0.7868484856663474 0.6156608453773803 0.7679176281662011 0.6137553051158524 0.765146991349878 0.6585010896994725 0.7840778488500242 0.6604066299610004
0 0.7781728811743277 0.7163336748633882 0.7537903139397836 0.7135075136612024 0.7501741133611914 0.7642247267759564 0.7745566805957356 0.7670508879781422
0 0.8084150326797386 0.7911458333333335 0.7863562091503268 0.7911458333333335 0.7863562091503268 0.8468750000000003 0.8084150326797386 0.8468750000000003
0 0.946186761997617 0.853625690607735 0.9208337847109379 0.8409265653775323 0.9055808327014049 0.8904293278084715 0.9309338099880838 0.9031284530386742