0 0.040441176470588244 0.04739583333333333 0.012254901960784319 0.04739583333333333 0.01225490196078432 0.09583333333333334 0.040441176470588244 0.09583333333333334
0 0.050735294117647066 0.4085416666666667 0.033333333333333305 0.36416666666666664 0.006862745098039197 0.3810416666666666 0.024264705882352956 0.4254166666666668
0 0.04513376005251928 0.608163312407681 0.04352149525492126 0.5547167343673067 0.014137486604686188 0.5561576809453471 0.01574975140228421 0.6096042589857213
0 0.04881686385602398 0.2178361071765817 0.023101010942620678 0.1920033640226629 0.0013055694421300129 0.2272742563739377 0.027021422355533314 0.2531069995278565
0 0.03970731111734581 0.7846126457339692 0.012641967226742398 0.7818519806571277 0.009164874216777398 0.8372681505034446 0.03623021810738081 0.8400288155802862
0 0.14419934640522875 0.11510416666666672 0.12316176470588236 0.08828125000000003 0.10069444444444445 0.11692708333333336 0.12173202614379085 0.14375000000000007
0 0.1426855055747789 0.2313419117647059 0.1186562860438293 0.21295955882352943 0.0988682237600923 0.2550091911764706 0.12289744329104192 0.27339154411764705
0 0.15162521384392685 0.38304949664429533 0.1256015045839365 0.3584319071588367 0.1043262271351494 0.39499300894854594 0.13034993639513975 0.4196105984340045
0 0.15059182209469155 0.5939380081300814 0.14178622668579627 0.5415447154471545 0.10900685477443013 0.5505005081300814 0.11781245018332537 0.6028938008130083
0 0.1447395269821385 0.704395066957083 0.122608336655088 0.6810150451758633 0.09718959784623755 0.7201292251532754 0.11932078817328805 0.7435092469344952
0 0.13729268200536487 0.9220827312138729 0.11291983074540034 0.9173019026974952 0.10670501341191589 0.9688072013487475 0.13107786467188043 0.9735880298651252
0 0.26266339869281047 0.16822916666666674 0.2361111111111111 0.16822916666666674 0.2361111111111111 0.22604166666666672 0.26266339869281047 0.22604166666666672
0 0.26704417399143565 0.39358836206896547 0.2404397678611675 0.3915930316091954 0.23774228082037419 0.45006106321839084 0.26434668695064234 0.4520563936781609
0 0.272305842493745 0.6029753704384032 0.24839332622591045 0.583305397379378 0.2295382456190902 0.6205677504286065 0.2534507618869247 0.6402377234876316
0 0.2624281554385696 0.9868677042801557 0.2596815314971643 0.9308365758754864 0.2351908013529666 0.9327881809338521 0.23793742529437195 0.9888193093385215
0 0.3762141764975485 0.11795110243567078 0.37214413363066695 0.06476072971911215 0.3492767417318528 0.0676052101748183 0.3533467845987344 0.12079558289137694
0 0.3852951777892683 0.26653106250872055 0.3616461409455647 0.24858313276126692 0.3404860444247463 0.29390805950886006 0.36413508126844985 0.3118559892563137
0 0.3864252138147157 0.4658961108028118 0.3619888576962417 0.4479212911579727 0.34272921155143526 0.49048510913799487 0.36716556766990927 0.508459928782834
0 0.3876926479859709 0.6122808869224534 0.3662026956148578 0.5993283065387733 0.34970741876864236 0.6438179714941907 0.3711973711397555 0.6567705518778709
0 0.38144292370413524 0.7584777227722773 0.35458729696499075 0.7550536303630364 0.35012618908949733 0.8119327557755777 0.3769818158286418 0.8153568481848186
0 0.5209217031776656 0.05143201907420341 0.49461656609608257 0.04418033263549669 0.48360853413242477 0.10909332112119105 0.5099136712140078 0.11634500755989777
0 0.5631417037747762 0.18815545273943962 0.5461375788291059 0.1369112034713509 0.5181127553488981 0.15202843998327067 0.5351168802945686 0.20327268925135936
0 0.5655794369029663 0.4003605769230771 0.5386186525892409 0.3774439102564104 0.5164969834087482 0.4197516025641027 0.5434577677224736 0.4426682692307694
0 0.566556795131846 0.6500897988505748 0.5408834798287131 0.6223922413793105 0.5157820599504169 0.6602155172413794 0.5414553752535497 0.6879130747126437
0 0.5547954255055826 0.8608964517229614 0.5291705133093839 0.8566807403616513 0.523643054970197 0.9112989380757421 0.5492679671663957 0.9155146494370522
0 0.6671380090497737 0.017828525641025727 0.644482151835093 0.0013221153846154484 0.6256787330316742 0.04327724358974372 0.648334590246355 0.059783653846154
0 0.6588077713775916 0.16140145895153324 0.6316426174822056 0.15971191889218606 0.6294122495684723 0.21800816023738878 0.6565774034638583 0.219697700296736
0 0.6671363356448634 0.3941615460476408 0.6297684602592364 0.38483988582916095 0.6192076018694535 0.453661479669246 0.6565754772550805 0.4629831398877259
0 0.6637534237093728 0.648983547655068 0.6444144097376723 0.6087533093797276 0.618177610176698 0.6292560987140696 0.6375166241483987 0.6694863369894101
0 0.6492755040503316 0.8117336866167914 0.6473369272896191 0.76229997921862 0.6260258259579808 0.763658561928512 0.6279644027186934 0.8130922693266832
0 0.6699627903966868 0.9535464108910892 0.6500530641299426 0.9381974009900991 0.6298081278716108 0.98088696369637 0.649717854138355 0.9962359735973599
0 0.791177574633457 0.002856137387387514 0.7697288464935522 0.0022201576576577767 0.7686559353471117 0.06104251126126138 0.7901046634870165 0.06167849099099111
0 0.7812594268476621 0.2394871794871796 0.7651206636500754 0.23691506410256422 0.7600364504776269 0.28877403846153854 0.7761752136752137 0.291346153846154
0 0.7909302847120412 0.4630526630249232 0.7658799094919633 0.4464176482303403 0.7468532223404896 0.49299497837714806 0.7719035975605674 0.5096299931717311
0 0.7965441308884439 0.6647741085899513 0.7743197900445968 0.6311250675310642 0.7465069225961588 0.6609873041599136 0.7687312634400059 0.6946363452188007
0 0.7863562091503268 0.7979166666666669 0.7581699346405228 0.7979166666666668 0.7581699346405228 0.8526041666666668 0.7863562091503268 0.8526041666666669
0 0.8848039215686274 0.8187500000000002 0.8590686274509803 0.8187500000000002 0.8590686274509803 0.8750000000000002 0.8848039215686274 0.8750000000000002
0 0.872361408457086 0.45782423454650506 0.849525237593593 0.456611062969382 0.8477829317746739 0.5099256210283074 0.8706191026381669 0.5111387926054305
0 0.8802264658603468 0.25365405341224617 0.8568878888688312 0.24307389850942582 0.8414921645992899 0.2982820035072338 0.8648307415908055 0.30886215841005416
0 0.9140962476361104 0.15275697969543167 0.8904019856673634 0.14023080583756364 0.8743874622607081 0.1894754653130289 0.898081724229455 0.20200163917089692
0 0.9967054868656592 0.10928078556263285 0.976947774863661 0.10838110403397044 0.9752529037092544 0.16888800424628467 0.9950106157112527 0.16978768577494707
0 0.9995915032679739 0.3015625000000001 0.9767156862745098 0.3015625000000001 0.9767156862745098 0.3619791666666668 0.9995915032679739 0.3619791666666668