0 0.03343067310158308 0.1861301030519223 0.03231301438530228 0.12770449365834324 0.0034464786707390045 0.1286021725128815 0.004564137387019809 0.18702778190646052
0 0.04612434998330238 0.47252128953771294 0.019753947807833624 0.46029501216545016 0.0055132150183674735 0.5102265815085157 0.03188361719383623 0.5224528588807785
0 0.03597611433700805 0.3420770743919886 0.032231268759291984 0.2879640557939914 0.009079146680131277 0.29056866952789695 0.012823992257847345 0.34468168812589417
0 0.045751633986928164 0.6203125 0.014705882352941237 0.6203125 0.01470588235294124 0.6791666666666667 0.04575163398692817 0.6791666666666667
0 0.05228758169934645 0.81875 0.02777777777777787 0.7875 0.0038807189542484125 0.8179687500000001 0.028390522875816993 0.84921875
0 0.12050653594771242 1.629673214490358e-17 0.08823529411764706 1.3777276490407724e-17 0.08823529411764706 0.04322916666666668 0.12050653594771242 0.04322916666666668
0 0.13378692508566165 0.20814568899153194 0.11184697127503812 0.16851664742109315 0.08779000437742457 0.19016791762894536 0.10972995818804811 0.22979695919938414
0 0.12663398692810462 0.38229166666666664 0.09967320261437913 0.38229166666666664 0.09967320261437913 0.4354166666666667 0.12663398692810462 0.4354166666666667
0 0.14060789290335424 0.6603717216582065 0.13740627384625592 0.6032228214890016 0.11020495338575362 0.6057000846023688 0.11340657244285193 0.6628489847715736
0 0.16068826179120302 0.8772452139639643 0.1378621268327151 0.8365005630630632 0.1166478978978979 0.8558206644144145 0.13947403285638582 0.8965653153153156
0 0.157603443452608 0.9916727464332037 0.1374615345489687 0.947444471465629 0.1134158592100913 0.9652460278858626 0.1335577681137306 1.009474302853437
0 0.22586347757493802 0.05965337643678163 0.2005225940951093 0.04580639367816095 0.18501380437232365 0.09194504310344832 0.21035468785215236 0.10579202586206901
0 0.23246676947932735 0.299309456928839 0.20731438642872882 0.27926615168539326 0.18730263641036943 0.3200901217228465 0.2124550194609679 0.34013342696629223
0 0.23705147976793717 0.5091516853932585 0.21220312844238823 0.4969110486891386 0.1964166115884556 0.5490065543071161 0.22126496291400455 0.5612471910112359
0 0.24542483660130726 0.7200000000000001 0.21879084967320267 0.7030208333333334 0.2009803921568628 0.7484375 0.22761437908496743 0.7654166666666666
0 0.23927789770342392 0.9521741207951071 0.2260223661329976 0.8958381116207953 0.2011377945673683 0.9053564602446484 0.21439332613779463 0.9616924694189602
0 0.35892420226322763 0.22264857741190067 0.33479670030923975 0.22136680387059507 0.3330034208946432 0.2762411539572502 0.35713092284863107 0.2775229274985558
0 0.36119281045751633 0.48249999999999993 0.3513580710607753 0.4312978880157171 0.3281249598726196 0.43855230844793713 0.3379596992693606 0.48975442043222
0 0.3754154721297982 0.648777681430096 0.35305888630799176 0.612771811632871 0.33158861196559736 0.6344433697972253 0.3539451977874038 0.6704492395944504
0 0.3413837265257143 0.6906803355079217 0.31967020265701807 0.6450819353836595 0.29468375576387745 0.6644241223982604 0.3163972796325737 0.7100225225225226
0 0.37647705947065296 0.815229991749175 0.350414967967385 0.8003341584158415 0.3345729793567592 0.8453924298679868 0.3606350708600272 0.8602882632013201
0 0.35580065359477125 0.00885416666666672 0.33088235294117646 0.008854166666666718 0.33088235294117646 0.06562500000000006 0.35580065359477125 0.06562500000000006
0 0.4862804436802769 0.10018729701801003 0.46326858171671387 0.06057812961322705 0.4388944609435153 0.08359813256569236 0.4619063229070784 0.12320729997047536
0 0.4824624351458796 0.31380047250859106 0.4803913146014419 0.2557055412371134 0.4522816858702244 0.2573346219931272 0.4543528064146621 0.3154295532646048
0 0.49298235671918084 0.5381954479768787 0.48640862896218207 0.4837156791907514 0.46495192489327125 0.48792449421965317 0.4715256526502701 0.5424042630057804
0 0.49614127702363003 0.6805048076923079 0.4748240321769734 0.6771073717948719 0.4687405731523379 0.739158653846154 0.4900578179989945 0.7425560897435898
0 0.5044934640522876 0.8796875 0.48178104575163405 0.8652083333333335 0.46339869281045754 0.9120833333333334 0.4861111111111111 0.9265625
0 0.602059925093633 0.1055477528089888 0.5754020709407359 0.08430477528089894 0.5550460821032533 0.1258309925093633 0.5817039362561505 0.14707397003745318
0 0.6029049193641954 0.2738473865877713 0.575743512395096 0.25958764792899414 0.5602701879568395 0.30749969181459574 0.5874315949259389 0.3217594304733729
0 0.6010477927887703 0.46656704077206673 0.596776251164096 0.4134664389503361 0.5766884177223264 0.41609330947733675 0.5809599593470005 0.4691939112990674
0 0.6059498057823367 0.5834627075919339 0.5810890726397321 0.5783225830367736 0.5739576791570722 0.6343931642941876 0.5988184122996768 0.6395332888493478
0 0.6104814283436951 0.746183943089431 0.5867009405388172 0.7321900406504066 0.5718157181571817 0.7733104674796749 0.5955962059620596 0.7873043699186992
0 0.6094771241830066 0.8807291666666667 0.5829248366013072 0.8807291666666667 0.5829248366013072 0.9354166666666667 0.6094771241830066 0.9354166666666667
0 0.7034248366013072 0.0005666666666667967 0.6778660130718954 -0.00535833333333322 0.6713169934640523 0.04056666666666676 0.696875816993464 0.04649166666666678
0 0.7182249797966906 0.2131812635574838 0.6975786156834388 0.16316544649313086 0.6701357875037215 0.18158102856109906 0.6907821516169733 0.23159684562545196
0 0.7171289347616013 0.4145718644413376 0.7013917445109233 0.3617694497844576 0.6740277463659354 0.37502730688570424 0.6897649366166135 0.4278297215425842
0 0.7148692810457516 0.5552083333333333 0.6875 0.5552083333333333 0.6875 0.6130208333333333 0.7148692810457516 0.6130208333333333
0 0.7171957197513151 0.7290332825203253 0.690698230511717 0.7252794715447156 0.6854525346724056 0.7854738313008132 0.7119500239120038 0.7892276422764228
0 0.7242511661458192 0.9444364862482372 0.6978702858670502 0.9380729901269395 0.68940679821529 0.995110851551481 0.7157876784940588 1.0014743476727788
0 0.8101613941735306 0.169501239157373 0.8051045387175936 0.12007047707558863 0.7766737735986586 0.12479863692688974 0.7817306290545957 0.17422939900867415
0 0.8430898848852867 0.005242439745338941 0.8158850056621102 0.0026730900409278097 0.8132111075444274 0.04869756139154172 0.840415986767604 0.051266911095952855
0 0.9464869281045751 1.4657491377294881e-16 0.9191176470588235 1.4443816024318654e-16 0.9191176470588235 0.05677083333333348 0.9464869281045751 0.05677083333333348
0 0.9492737495248256 0.16643468574108838 0.9240888913414019 0.15372420262664174 0.9091892604446407 0.20171669793621022 0.9343741186280642 0.21442718105065683
0 0.8152530512985224 0.2666032891315654 0.7886465948834032 0.261175572022881 0.7822100629123203 0.31246668616744677 0.8088165193274396 0.31789440327613117
0 0.9500359962466836 0.367386035478548 0.9252329644729179 0.3415119636963697 0.9041569598136284 0.37435540429042924 0.9289599915873941 0.4002294760726075
0 0.8244530827192872 0.4850583864118896 0.8053448024645101 0.44039278131634824 0.7799867823987343 0.45802813163481954 0.7990950626535114 0.5026937367303609
0 0.951272521867303 0.5035623763600398 0.9234314695215374 0.5018307987141445 0.9215089893524172 0.5520796241345204 0.9493500416981828 0.5538112017804155
0 0.9278847572128147 0.5836647964727516 0.9057134639211751 0.5645645269140755 0.8873628647380046 0.5991921075727181 0.9095341580296443 0.6182923771313942
0 0.8287236878950912 0.7150960954117288 0.8074714312950949 0.6659834586751747 0.7817592245041439 0.6840706662108782 0.8030114811041402 0.7331833029474323
0 0.954264134641475 0.7719865258557903 0.9521362623709353 0.7217953386744355 0.9260246038206494 0.723594925952901 0.9281524760911891 0.7737861131342558
0 0.9317721734244228 0.8073025075414783 0.9075311270813001 0.7750513763197586 0.8848712033833143 0.8027389705882352 0.9091122497264367 0.8349901018099548
0 0.826625672392851 0.8772423488200592 0.8003264358840884 0.8750069137168144 0.7970909971658281 0.93688467920354 0.8233902336745907 0.9391201143067849
0 0.9682522651406769 0.974657546494993 0.9457705685993996 0.9284763948497857 0.9190983618053801 0.9495842274678113 0.9415800583466575 0.9957653791130187