0 0.18598721177981184 0.1331533301979755 0.15373122956967436 0.12561349435635585 0.14524545373107592 0.18462820814297232 0.17750143594121337 0.192168043984592
0 0.19046343560868045 0.42170965429560703 0.1585997181098509 0.4017295363557672 0.13388305802014958 0.46580747763831787 0.16574677551897912 0.48578759557815765
0 0.05702490904002242 0.37312001469353484 0.02778961080653925 0.3537370119647355 0.007510886386460548 0.40345888434089 0.03674618461994372 0.42284188706968934
0 0.049428104575163424 0.22552083333333336 0.020669934640522886 0.2071875 0.0017156862745098108 0.25552083333333336 0.030473856209150347 0.2738541666666667
0 0.050347810269341285 0.06515015195137559 0.023564224154153036 0.04636816218809982 0.001752380414737878 0.09693198176583492 0.028535966529926123 0.11571397152911068
0 0.05498366013071901 0.5551041666666667 0.029983660130718945 0.5126041666666666 0.003774509803921526 0.5376666666666667 0.02877450980392159 0.5801666666666668
0 0.05193915801614772 0.7318167892156863 0.02328431372549029 0.7098958333333333 -0.0020544982698961363 0.7637408088235295 0.026600346020761296 0.7856617647058823
0 0.13881670131670135 0.7579012907137908 0.11109667359667366 0.7419969248094248 0.08893848599730961 0.8047784563409563 0.11665851371733728 0.8206828222453222
0 0.2998614480156324 0.7691865335051549 0.2679266895761742 0.7320103092783508 0.23898111650158357 0.7724307345360828 0.2709158749410418 0.8096069587628868
0 0.29404263692758503 0.4968514010333864 0.2663551310826398 0.4667796932962375 0.23754149911156838 0.5099061837572868 0.26522900495651364 0.5399778914944356
0 0.30473404831545886 0.2379114871086556 0.2766809301989673 0.20572053406998153 0.24798008522009177 0.24638006445672186 0.2760332033365833 0.2785710174953959
0 0.4301435143833383 0.4357205802603037 0.4034437780896885 0.4112800524222704 0.3782605305318078 0.45600280187997105 0.4049602668254576 0.48044332971800435
0 0.4297385620915033 0.596875 0.4068627450980393 0.596875 0.4068627450980393 0.6588541666666666 0.4297385620915033 0.6588541666666666
0 0.4334472452419597 0.8415972542464071 0.4056634393823628 0.8097876316193992 0.37809551420291443 0.8489309526554456 0.4058793200625113 0.8807405752824535
0 0.43894833056958515 0.2515651899074673 0.41872655561040845 0.20143203948784166 0.38925492727756034 0.22075700720895206 0.40947670223673704 0.27089015762857765
0 0.4383169934640523 0.056770833333333375 0.4133169934640522 0.04614583333333336 0.3979983660130718 0.10473958333333337 0.4229983660130719 0.1153645833333334
0 0.5666653273331191 0.17977288251366128 0.5348829422479375 0.1460040983606558 0.5084311046823101 0.18647540983606567 0.5402134897674918 0.22024419398907114
0 0.5604109582385979 0.4054447472745293 0.5375286635962612 0.350984886025768 0.5076586052326448 0.37138720267591663 0.5305408998749814 0.4258470639246779
0 0.5635649750096116 0.5985980392156863 0.5337610534409842 0.5825980392156863 0.5139302191464821 0.6426482843137256 0.5437341407151095 0.6586482843137255
0 0.7317998145204027 0.07144566441441456 0.7046734234234233 0.04674127252252263 0.6799152093269739 0.09093468468468474 0.7070416004239534 0.11563907657657667
0 0.7289275466284075 0.3001397357723579 0.7004324087358521 0.2547256097560976 0.6709409373505499 0.28480691056910573 0.6994360752431055 0.330221036585366
0 0.6754650578179989 0.3862980769230771 0.6470902463549522 0.3621794871794872 0.6247171945701356 0.4049679487179488 0.6530920060331825 0.4290865384615386
0 0.6883306450257911 0.817269173093402 0.6630542534065899 0.7624825942587833 0.6366153787993347 0.7823117502142246 0.661891770418536 0.8370983290488432
0 0.5748765064792777 0.8534817557803469 0.5404494408553402 0.8212924494219654 0.5107094620121652 0.8729994580924857 0.5451365276361027 0.9051887644508673
0 0.6829162742243913 0.5692485443959244 0.6525383879898393 0.542966248180495 0.628033935553843 0.5890088245997089 0.6584118217883951 0.6152911208151384
0 0.7907101865136299 0.5046493902439023 0.7642575322812052 0.4776676829268293 0.7364399011637176 0.5220020325203253 0.7628925553961423 0.5489837398373983
0 0.7924270990447462 0.21359775641025655 0.7656297134238311 0.2093269230769232 0.760111865258924 0.26560897435897446 0.7869092508798391 0.26987980769230785
0 0.8060589658998301 0.019649787180771188 0.7846796747408694 -0.0036001919545985456 0.7579377644898719 0.036374353196461345 0.7793170556488326 0.05962433233183108
0 0.9425325891293056 0.19824399260628495 0.9077273084218284 0.17711221503388805 0.8887522199267878 0.22791801447935933 0.9235575006342649 0.24904979205175623
0 0.9506975867269983 0.44455128205128225 0.9238310708898944 0.4217147435897439 0.8968702865761689 0.47327724358974393 0.9237368024132728 0.49611378205128226
0 0.9433668963080728 0.76647240990991 0.9160903550609432 0.7411796171171171 0.8930555555555553 0.7815625 0.920332096802685 0.8068552927927929
0 0.7906922525107604 0.7470477642276424 0.7609148334130401 0.7330602134146342 0.7447831978319784 0.7888871951219514 0.7745606169296987 0.8028747459349596
0 0.9441025694970407 0.8851484263233194 0.919122906673399 0.8655489985693852 0.8930772952958008 0.9195122496423465 0.9180569581194427 0.9391116773962807