0 0.041685643287469834 0.18991824572127136 0.03554021445579047 0.13768210065199674 0.010091567189222876 0.14254915444172778 0.016236996020902245 0.1947852995110024
0 0.05391528406234293 0.2740224358974359 0.026816239316239346 0.2697035256410256 0.02163147310206136 0.322588141025641 0.04873051784816494 0.3269070512820513
0 0.06903730785692008 0.07963547447280801 0.04704377126359239 0.07870074916759157 0.04586361921757235 0.12384156492785794 0.06785715581090003 0.12477629023307439
0 0.0686274509803922 0.4015625 0.042483660130719 0.4015625 0.042483660130719 0.4588541666666667 0.0686274509803922 0.4588541666666667
0 0.10014218669212113 0.6042955544286681 0.07482698961937717 0.5618259803921568 0.048860932134855324 0.5869870900946584 0.07417612920759929 0.6294566641311696
0 0.1147875816993465 0.7833333333333333 0.09068627450980399 0.7833333333333333 0.09068627450980399 0.8421875 0.1147875816993465 0.8421875
0 0.1335784313725491 0.9515625 0.10498366013071905 0.9515625 0.10498366013071905 0.9994791666666667 0.1335784313725491 0.9994791666666667
0 0.20513613088547522 0.021431794055201733 0.17418821031597354 0.02002255838641192 0.17278891386703302 0.06997744161358815 0.2037368344365347 0.07138667728237796
0 0.20691515599950672 0.18080778301886796 0.18015476630903937 0.17105935534591196 0.16834689850783083 0.22375196540880507 0.19510728819829817 0.23350039308176107
0 0.22868633085418077 0.3796821120689655 0.20514705882352946 0.3779166666666667 0.20254535722334915 0.4343085488505747 0.2260846292540005 0.4360739942528735
0 0.2965548578982155 0.5467989232209739 0.2676571564955571 0.5237710674157304 0.2492518542997724 0.5613178838951313 0.27814955570243083 0.5843457397003746
0 0.26279392427582476 0.5831422583826431 0.23332414819971384 0.5674864398422091 0.21889381985535833 0.6116432445759369 0.2483635959314693 0.6272990631163708
0 0.27941176470588247 0.7541666666666667 0.2577614379084968 0.7541666666666667 0.2577614379084968 0.809375 0.27941176470588247 0.809375
0 0.30377226217998116 0.9521308679039301 0.29541752290435824 0.896502228893741 0.2678341824357108 0.903236672125182 0.2761889217113337 0.9588653111353711
0 0.3494786228100708 0.38966500246548336 0.3238786885562904 0.3762250369822486 0.3107995417101752 0.4167236809664695 0.33639947596395564 0.43016364644970423
0 0.39599818661391356 0.40558698071216626 0.36570397199433685 0.38386034866468854 0.3463943193498963 0.4276288946587538 0.37668853396947305 0.4493555267062315
0 0.41094771241830075 0.5359375 0.3905228758169936 0.5359375 0.3905228758169936 0.5921875 0.41094771241830075 0.5921875
0 0.41212418300653597 0.6870625 0.3853267973856209 0.6614375 0.36174836601307186 0.7015208333333334 0.38854575163398697 0.7271458333333333
0 0.4517059531393786 0.7575887484957883 0.42606356622071223 0.7365711492178099 0.40728303956961853 0.7738191937424791 0.4329254264882849 0.7948367930204575
0 0.4897296752194932 0.9579199815171973 0.47185036020194004 0.9106994334619095 0.4464211431920888 0.926351554966249 0.46430045820964205 0.9735721030215367
0 0.5823824839624876 0.9865643472115139 0.5811881743188152 0.9317455345669495 0.5544069143977303 0.9326940375224879 0.5556012240414028 0.9875128501670523
0 0.5765422322775263 0.8243525641025639 0.5739869281045751 0.7657083333333332 0.5462267471091 0.7676746794871794 0.5487820512820513 0.82631891025641
0 0.5545173275530632 0.6208185429344153 0.5281216441952034 0.6162292934415147 0.522160740563974 0.6719637423935091 0.5485564239218338 0.6765529918864098
0 0.577928607340372 0.515544871794872 0.5522875816993464 0.4937500000000002 0.5330568124685772 0.5305288461538463 0.5586978381096028 0.5523237179487182
0 0.5243351299795938 0.45207272812971355 0.5014140271493214 0.4506810897435899 0.4994251471327597 0.5039333521870288 0.5223462499630321 0.5053249905731525
0 0.5031908990011098 0.3585102201257862 0.5018321146438597 0.3065367184609693 0.47804318730821965 0.307547747872734 0.47940197166546983 0.3595212495375509
0 0.4691208793658436 0.16771188608458393 0.4661817091547852 0.1171214188267394 0.4472676974382295 0.11890774215552521 0.4502068676492879 0.1694982094133697
0 0.3796600417079932 0.14306014915693901 0.36460383764400706 0.09781087872892348 0.3455634393835355 0.10811000324254216 0.3606196434475217 0.1533592736705577
0 0.661239944695827 0.11634214743589752 0.6349358974358975 0.1071955128205129 0.6244815233785822 0.15606971153846164 0.6507855706385118 0.16521634615384626
0 0.7036356209150326 0.2945312500000001 0.6727941176470588 0.25520833333333337 0.6511437908496732 0.2828125000000001 0.6819852941176471 0.32213541666666673
0 0.7265263325546826 0.45333972623345375 0.6971641183549232 0.4311116125150422 0.6770628347608598 0.47427647412755725 0.7064250489606192 0.4965045878459688
0 0.7712418300653595 0.5239583333333335 0.7459150326797386 0.49166666666666686 0.7230392156862745 0.5208333333333336 0.7483660130718954 0.5531250000000002
0 0.767878726833199 0.7001498287671235 0.7382878950667024 0.6860017123287672 0.7204595308443013 0.7466181506849316 0.7500503626107977 0.7607662671232878
0 0.7778256501361516 0.875722498279126 0.7472341586780985 0.8605013659438996 0.7318745128407582 0.9106842088280848 0.7624660042988113 0.9259053411633111
0 0.8228898311149276 0.980693050486618 0.8028421831019512 0.9259200121654502 0.7748884833738848 0.9425524635036495 0.7949361313868613 0.9973255018248175
0 0.9386437908496733 0.8461458333333334 0.9182189542483661 0.7940625000000001 0.8902777777777778 0.8118750000000001 0.910702614379085 0.8639583333333334
0 0.9154112864658058 0.6149263211382116 0.885282161645146 0.6106580284552847 0.8803104575163401 0.6677083333333336 0.910439582337 0.6719766260162603
0 0.900537330316742 0.4931129807692309 0.8715372046254399 0.4830288461538463 0.8608565862242334 0.5329607371794872 0.8898567119155355 0.5430448717948718
0 0.8733700575939946 0.3416150990099011 0.8474851161586748 0.33831476897689783 0.8432626350870382 0.39215140264026416 0.8691475765223581 0.3954517326732674
0 0.8627556866311783 0.23846350613915412 0.8322911929665 0.20497882560254646 0.8107657000954089 0.23681502955889028 0.8412301937600871 0.2702997100954979
0 0.8183561327471123 0.12998638416578104 0.8031492884082432 0.07375907722281258 0.7789151438116869 0.08441374424371238 0.794121988150556 0.14064105118668083
0 0.9808006535947712 0.06041666666666681 0.9522058823529411 0.06041666666666681 0.9522058823529411 0.11927083333333348 0.9808006535947712 0.11927083333333348
0 0.9995915032679739 0.19843750000000018 0.9812091503267973 0.19843750000000018 0.9812091503267973 0.2541666666666668 0.9995915032679739 0.2541666666666668