0 0.05520361990950226 0.07733974358974362 0.029361488185017607 0.019679487179487185 0.00578179989944697 0.03685897435897435 0.03162393162393162 0.09451923076923079
0 0.1789898320070734 0.05752928824049518 0.15055867616719545 0.04989776746242267 0.13945449974861743 0.11714743589743591 0.16788565558849539 0.12477895667550842
0 0.20235665244015588 0.2510022344900105 0.17006028226222142 0.24606088985278657 0.16295475866476983 0.3215570780757097 0.1952511288427043 0.3264984227129337
0 0.2334516869810988 0.505365427927928 0.20761437908496733 0.44183333333333336 0.17366763822646178 0.46427590090090093 0.19950494612259326 0.5278079954954956
0 0.11359433416270708 0.5280722921333508 0.08046061464951425 0.480728205846181 0.05453460977662029 0.5102240221592657 0.08766832928981312 0.5575681084464357
0 0.0828597268601764 0.27913823689956335 0.05336233838513571 0.22995701419213976 0.030906613009104654 0.25185134643377005 0.060404001484145334 0.3010325691411936
0 0.27919241378808396 0.6091786145137343 0.25038074806760124 0.5616920703414997 0.22119379303317468 0.5904797698589459 0.2500054587536574 0.6379663140311805
0 0.24640020110608343 0.7684262820512819 0.2432378079436903 0.695849358974359 0.21764957264957266 0.697661858974359 0.2208119658119658 0.7702387820512819
0 0.14993131010365934 0.8004644373673037 0.12287685774946926 0.7372246549893844 0.09136536780317225 0.7591394639065818 0.11841982015736233 0.8223792462845012
0 0.28712111482147445 0.961168577147016 0.2555398578645432 0.901829057496361 0.22401318606045034 0.9291052583697235 0.2555944430173816 0.9884447780203784
0 0.16394383969483406 0.9279841340450771 0.1315664759379435 0.9150837781731909 0.1157136045402741 0.9797634934756821 0.1480909682971647 0.9926638493475682
0 0.29707944438171946 0.8134701895393474 0.28364727208861795 0.75448056621881 0.25734823679951824 0.7642154510556622 0.2707804090926198 0.8232050743761996
0 0.45338754242755774 0.6142972103004293 0.4196813024208254 0.6040649588698142 0.4068960559903505 0.6725299535050072 0.4406022959970828 0.6827622049356225
0 0.4708888272290049 0.788060141509434 0.4401618027899285 0.7775492508324084 0.42664400665926755 0.8417895047169814 0.4573710310983439 0.8523003953940069
0 0.4237214529232331 0.37140380114652366 0.3952136918720366 0.36347346034500905 0.3847709221481799 0.4244983959187968 0.4132786831993764 0.43242873672031146
0 0.4155307100008953 0.22860302511415528 0.38605962933118454 0.18218607305936071 0.35657567821649205 0.21261772260273976 0.38604675888620293 0.2590346746575343
0 0.377859477124183 5.619342864837595e-17 0.33088235294117646 5.252586661967945e-17 0.33088235294117646 0.05885416666666672 0.377859477124183 0.05885416666666673
0 0.5337394138675945 0.001988036236594167 0.5014060412378578 -0.006042817679557944 0.4936197775611164 0.044918278084714616 0.5259531501908531 0.052949132000866726
0 0.5584069436355401 0.13864480198019813 0.5261316572833755 0.13452970297029712 0.5211932958001684 0.19749381188118822 0.553468582152333 0.2016089108910892
0 0.6092656086636756 0.23624755929997115 0.5824629292465225 0.19769293583068173 0.5548652350729125 0.22888146634847176 0.5816679144900656 0.2674360898177612
0 0.5843218954248367 0.3474270833333335 0.5502369281045753 0.3412187500000001 0.5427941176470589 0.4076458333333335 0.5768790849673203 0.4138541666666668
0 0.6103021945746543 0.5899219218094667 0.5899556796954851 0.5242026787497504 0.5589192287660021 0.5398229978030756 0.5792657436451711 0.6055422408627921
0 0.6237655646200085 0.7707344890510949 0.6017141954105242 0.7104869981751825 0.5703389628357426 0.7291552615571775 0.5923903320452268 0.7894027524330899
0 0.6741205305651672 0.7920772058823531 0.6391484044598231 0.7733026960784314 0.6204940407535563 0.8297904411764706 0.6554661668589002 0.8485649509803923
0 0.6512722356984031 0.9049908719931273 0.6189988882150799 0.8891645189003439 0.6024484536082475 0.9440292096219933 0.6347218010915707 0.9598555627147768
0 0.8090307667782562 0.6926905487804879 0.7788737446197991 0.6844512195121951 0.7668938307030128 0.7557317073170732 0.7970508528614699 0.7639710365853659
0 0.8265430385990875 0.8118121069182391 0.7954125046244914 0.8004716981132077 0.7817240103588606 0.861556603773585 0.8128545443334567 0.8728970125786165
0 0.845294658070751 0.914271441309987 0.8126688029297322 0.9032352464332036 0.7981900574756491 0.972816755836576 0.830815912616668 0.9838529507133594
0 0.7893475476856014 0.602639710243528 0.7858421890841327 0.5255437295024772 0.7567826534004851 0.5276916082269207 0.7602880120019538 0.6047875889679715
0 0.7867757463345697 0.3355011261261263 0.7493706942236354 0.301435810810811 0.7194234675852323 0.3548916103603606 0.7568285196961667 0.3889569256756759
0 0.9376710039916296 0.1502017219087919 0.8982972196871225 0.12220468970380835 0.873408072679001 0.1791064292430655 0.9127818569835081 0.20710346144804906
0 0.7446056047989972 0.10549372146118732 0.7087026591458501 0.08832762557077635 0.6900852806876175 0.1516267123287672 0.7259882263407647 0.16879280821917816
0 0.953754608404348 0.40668827058564516 0.9345466279862892 0.33593887604579487 0.9045358786403158 0.34918400484368123 0.9237438590583746 0.4199333993835315
0 0.9746904362984619 0.510708646168514 0.941239417349588 0.49900078953640814 0.9266404422572272 0.5668078149207485 0.960091461206101 0.5785156715528543
0 1.0010997988939165 0.694511217948718 0.9662078934137758 0.6889503205128206 0.9588109602815484 0.7643990384615386 0.9937028657616892 0.7699599358974359