0 0.06766172145638973 0.08852014740692922 0.047079182436908465 0.03749260275446527 0.020016603585699396 0.05523792231547235 0.040599142605180646 0.10626546696793632
0 0.09233269132369838 0.349275449286066 0.07186754810245122 0.291653280403742 0.04373811316747281 0.3078940484982767 0.06420325638871997 0.36551621738060075
0 0.046700937011972934 0.4222612463126844 0.03428119035224709 0.36155973451327444 0.0034508936317890057 0.37181415929203543 0.015870640291514845 0.4325156710914454
0 0.04691412866153353 0.6585701510333863 0.030611277367332733 0.6058053457869634 0.004347015700821943 0.6189971681240064 0.02064986699502274 0.6717619733704294
0 0.24850474781107415 0.6863600628930818 0.22606055000616604 0.6781839622641511 0.211971266494019 0.741057389937107 0.23441546429892718 0.7492334905660378
0 0.209967320261438 0.7869791666666667 0.18423202614379094 0.7869791666666667 0.18423202614379094 0.8557291666666667 0.209967320261438 0.8557291666666667
0 0.07311812529890015 0.9006346544715446 0.04787980232743513 0.8996290650406504 0.046084010840108484 0.9728973577235772 0.0713223338115735 0.9739029471544715
0 0.41002190541427636 0.8471342794759825 0.3823012101492708 0.8424217612809316 0.37508383994063427 0.911437863901019 0.4028045352056398 0.9161503820960699
0 0.5294117647058824 0.6817708333333333 0.5040849673202614 0.6817708333333333 0.5040849673202614 0.7484375 0.5294117647058824 0.7484375
0 0.5314542483660131 0.81875 0.5118464052287581 0.81875 0.5118464052287581 0.8796875 0.5314542483660131 0.8796875
0 0.573937908496732 0.909375 0.5469771241830066 0.909375 0.5469771241830066 0.9625 0.573937908496732 0.9625
0 0.573937908496732 0.909375 0.5469771241830066 0.909375 0.5469771241830066 0.9625 0.573937908496732 0.9625
0 0.4127143778602427 0.6734332708723715 0.4113694770017106 0.6048433270872372 0.38875289341220565 0.6055642306891527 0.3900977942707377 0.674154174474287
0 0.24592169954035023 0.5150601199307616 0.23170067977735104 0.45030369065281906 0.2065332809681736 0.4592884520276954 0.2207543007311728 0.524044881305638
0 0.24565725715573586 0.26420438218390807 0.24274143565472164 0.20100395114942532 0.21501155059725044 0.20308369252873565 0.21792737209826463 0.2662841235632184
0 0.35846313990909395 0.3292962140439933 0.3548986430443582 0.2656699450084602 0.32377824226137153 0.2685041243654822 0.3273427391261073 0.33213039340101524
0 0.407021903154604 0.4323933010293474 0.40560880506385655 0.36212699846692953 0.38295736603883784 0.362867526281209 0.38437046412958537 0.4331338288436269
0 0.4196625592132877 0.1861563455657493 0.3950639353600767 0.16408591360856276 0.36704443245187984 0.21485282874617748 0.39164305630509083 0.23692326070336403
0 0.4277908085234794 0.007552356593214486 0.39864994616244537 -0.00969799317943331 0.3790965406799306 0.04399866649178037 0.40823740304096456 0.06124901626442816
0 0.5356269828886462 0.1644424182139699 0.5220130979005219 0.09816755083996466 0.49465313534786143 0.10730382404951373 0.5082670203359858 0.17357869142351898
0 0.527069555632904 0.38470784023668647 0.5023252890899951 0.3825320512820514 0.49835537765402027 0.45592578895463515 0.5230996441969293 0.4581015779092702
0 0.6021352234587528 0.49904279279279284 0.5927397986221515 0.4271677927927929 0.5674350821409644 0.4325450450450451 0.5768305069775657 0.5044200450450451
0 0.7635699256871699 0.4651469748858449 0.7355011639358939 0.45172659817351607 0.7179917629152116 0.5112585616438357 0.7460605246664875 0.5246789383561645
0 0.7234098786735085 0.6046148854647332 0.6956868992378317 0.5946110744891233 0.6808287394280936 0.6615470844319931 0.7085517188637706 0.6715508954076028
0 0.5351260524713695 0.5622304298476861 0.5125718638363371 0.5561305470123024 0.5019304880710339 0.620092816344464 0.5244846767060662 0.6261926991798478
0 0.7441057401294522 0.9847242548109274 0.7256313641053244 0.9280181839590905 0.6940837733290058 0.9447262733817792 0.7125581493531337 1.0014323442336162
0 0.7060966569440551 0.9012250198517734 0.6885204849541722 0.8484965038821247 0.663971755986672 0.8617988463913889 0.681547927976555 0.9145273623610375
0 0.921357170319108 0.8628492647058824 0.9083333333333333 0.7881249999999999 0.8823817762399077 0.7954779411764704 0.8954056132256825 0.8702022058823531
0 0.9262532371439142 0.5865428459119497 0.9149186089530151 0.5094673742138364 0.8888241460106056 0.5157055817610061 0.9001587742015045 0.5927810534591196
0 0.931981719463082 0.2852334163146248 0.9170199411488594 0.2235160807684571 0.8888578263733578 0.23461451418225715 0.9038196046875803 0.29633184972842486
0 0.7650857435631753 0.23009922373505892 0.733768945701764 0.20749794980677633 0.7083505146464085 0.2647529657589647 0.7396673125078198 0.2873542396872473
0 0.6982462408587111 0.15645609869044558 0.6854486474524333 0.15514021711036458 0.681837743282029 0.21222861204445606 0.6946353366883068 0.213544493624537
0 0.6076401827699405 0.052586726998491665 0.591266302901251 -0.0013447398190045293 0.5634412060450122 0.012388291855203655 0.5798150859137018 0.06631975867269985