0 0.06920158474348646 0.10940211187214613 0.0391199973139941 0.10798159246575342 0.03724147193123825 0.1726498287671233 0.0673230593607306 0.17407034817351602
0 0.062008988965494755 0.3952917186201163 0.05951012990399816 0.33157081255195336 0.027156373771453714 0.33363336450540315 0.029655232832950303 0.39735427057356604
0 0.0644536329120508 0.5782424292661361 0.0364374750784488 0.5536845159151194 0.009583961789844232 0.6034855769230769 0.03760011962344625 0.6280434902740937
0 0.04941298915035728 0.7239422125901792 0.025602297392465712 0.7119978327903188 0.007422719301047627 0.7709110280428205 0.031233411058939193 0.7828554078426808
0 0.04719739774178821 0.8873937529719449 0.019046670023216236 0.8804914110794103 0.00899450365024762 0.9471372741321922 0.0371452313688196 0.9540396160247266
0 0.18210002304868217 0.8089551847187239 0.15621552987273837 0.7985332703610413 0.14289874220049067 0.8522998005877415 0.16878323537643447 0.862721714945424
0 0.19899991086036997 0.6942795406217921 0.19065385356371614 0.6317623551840444 0.16315984892270444 0.6377291391699661 0.17150590621935827 0.7002463246077136
0 0.21271995977878327 0.5175560897435897 0.19961664152840622 0.456298076923077 0.17231020613373552 0.46579326923076925 0.1854135243841126 0.5270512820512819
0 0.21870441114655198 0.3327908259773014 0.21342537645575257 0.26997031315678854 0.18371277682994172 0.27402926649852877 0.18899181152074113 0.3368497793190416
0 0.2380718954248366 0.07156250000000004 0.21243288268852772 0.048591330480847655 0.18918632245074068 0.09077042583537089 0.21482533518704952 0.11374159535452327
0 0.2961501673840267 0.0988440040650407 0.2799720106929576 0.04673330988117576 0.25156455014776397 0.06107020012507818 0.2677427068388331 0.11318089430894313
0 0.2877855684915382 0.3659909178116104 0.26975498083872734 0.3168780557618518 0.23778696402437696 0.33595684026488437 0.25581755167718784 0.38506970231464294
0 0.2719859706090504 0.5703091825902334 0.258865940218975 0.5134338508492569 0.23223819782690144 0.5234192542462844 0.24535822821697678 0.580294585987261
0 0.2687475078448709 0.8090765915119362 0.23904968707199956 0.7830445954907161 0.21341191206809876 0.8305910145888594 0.24310973284097012 0.8566230106100794
0 0.4150326797385621 0.5958333333333334 0.38823529411764707 0.57875 0.36789215686274507 0.6306250000000001 0.39468954248366017 0.6477083333333334
0 0.40969233221743984 0.7383638211382113 0.38005738880918216 0.7209247967479674 0.35876374940219985 0.779748475609756 0.3883986928104575 0.7971875
0 0.40355392156862746 0.9503645833333333 0.3882761437908496 0.8919270833333334 0.3594771241830065 0.9041666666666667 0.3747549019607843 0.9626041666666666
0 0.42213113551824083 0.4726501720526631 0.3926320977223925 0.4449366023339318 0.36763092430269545 0.48819756134051473 0.3971299620985438 0.5159111310592459
0 0.4274026061995649 0.33439862794941994 0.4071793819861408 0.2779180517533568 0.37829129826875335 0.2947328004823361 0.39851452248217756 0.3512133766783992
0 0.43220792375535 0.17088847714840308 0.4147420393956064 0.11849082406917247 0.39027981053017635 0.1317462943356274 0.4077456948899199 0.18414394741485798
0 0.5753735545500253 0.020143589743589832 0.5472604323780795 0.019514743589743675 0.5463505530417296 0.08564022435897445 0.5744636752136754 0.08626907051282061
0 0.581980440691128 0.22636396452145213 0.5608656562022984 0.169290702048146 0.5327971486595027 0.1861715261599689 0.5539119331483321 0.24324478863327503
0 0.5641675021177714 0.3684186732065002 0.5628509380367288 0.29959528586999606 0.5377383464285437 0.3003762262187872 0.5390549105095863 0.3691996135552913
0 0.5582880604471089 0.6970295912951168 0.5563558969235253 0.6280513535031849 0.5250145705840723 0.6294785031847135 0.5269467341076559 0.6984567409766455
0 0.5760218261556899 0.5001503576072823 0.544640884095294 0.48094522106632004 0.5235095446934734 0.5370753413524059 0.5548904867538694 0.5562804778933681
0 0.5590181822169583 0.8250174776286355 0.5408612722321763 0.7656954482877303 0.5156479344448155 0.7782406212355878 0.5338048444295975 0.8375626505764929
0 0.553314645335569 0.9115034887173399 0.5256683433468401 0.910288004750594 0.5235991764084892 0.9867954522961205 0.551245478397218 0.9880109362628663
0 0.7851621417797889 0.4128205128205129 0.7602752639517346 0.365224358974359 0.7306749622926094 0.3903846153846154 0.7555618401206637 0.4379807692307693
0 0.7906036993664234 0.12795862046962736 0.7669330340609956 0.08122814573762126 0.7382269114894555 0.10486584354262388 0.7618975767948833 0.15159631827462997
0 0.7738127115376376 0.27444275006069435 0.7713795824229182 0.21705131706724934 0.7462806863459148 0.21878110585093466 0.7487138154606343 0.2761725388443797
0 0.7708521188663463 0.5646913412870571 0.7696457686472999 0.4908627078814172 0.7409187897863412 0.4916257682574114 0.7421251400053875 0.5654544016630514
0 0.7599514892462176 0.7462121539792387 0.7584625257253998 0.6740718713956171 0.7265788610715336 0.675141652249135 0.7280678245923514 0.7472819348327566
0 0.7637829526047486 0.9078431974459725 0.7358627226267063 0.8854294572691553 0.7082281995968001 0.9413893664047152 0.7361484295748424 0.9638031065815323
0 0.9108807616474937 0.9563786619160728 0.9092492004719546 0.8960516874505147 0.8793377307375843 0.8973667606888361 0.8809692919131235 0.9576937351543943
0 0.9102228642669821 0.7593787898475401 0.8837639958963491 0.7582905621968125 0.882219181851535 0.8193493373180876 0.908678050222168 0.8204375649688153
0 0.9343719222848959 0.6126284246575345 0.9025175709553228 0.5941673801369863 0.8810994717521712 0.6542451484018267 0.9129538230817442 0.6727061929223748
0 0.9363554753996158 0.40974324481263563 0.9082515580816821 0.3903936977392384 0.8878527822814891 0.4385574739341388 0.9159566995994228 0.45790702100753605
0 0.9715674274365018 0.3274096536640181 0.9455149163766962 0.29765280118789633 0.9225484097644195 0.33034001525002016 0.9486009208242252 0.3600968677261419
0 0.9210513593997756 0.2555411735700197 0.9179738562091501 0.19864583333333333 0.8944352593108247 0.20071560650887577 0.8975127625014503 0.2576109467455622
0 0.9384723959493496 0.10047805005340334 0.917865740820068 0.049877263569278615 0.8887100451404949 0.06917889479561126 0.9093167002697765 0.11977968127973598