0 0.16659827581107858 0.1754524886877828 0.1375635850116819 0.16223133484162897 0.12302590719545736 0.21413084464555057 0.15206059799485405 0.22735199849170443
0 0.15335156304514688 0.013669372775800721 0.12144636917637755 -0.0156574362396204 0.0986432384341637 0.024671003855278754 0.13054843230293303 0.05399781287069987
0 0.19150371779819983 0.3540899575590732 0.16072504936822174 0.35099184159210833 0.1568942328020908 0.41285952913512275 0.1876729012320689 0.41595764510208766
0 0.31298325198827726 0.2617813132408211 0.2854028139153898 0.2532564505637468 0.27504053081192 0.3077555832610581 0.30262096888480744 0.3162804459381324
0 0.509563629373318 0.2965379901960785 0.4757304882737409 0.2857536764705883 0.46294694348327575 0.35094975490196084 0.4967800845828527 0.361734068627451
0 0.49602887603128687 0.10940915300546443 0.4667376513446909 0.07828722677595626 0.44038626379513557 0.11860484972677598 0.46967748848173146 0.14972677595628417
0 0.35002980251730154 0.4754004164720536 0.3180037350453182 0.4709620212517516 0.31231797950380535 0.5376559337536977 0.3443440469757887 0.5420943289739998
0 0.23054867150887923 0.5795931041335454 0.19711948107276833 0.5610617050874404 0.17793507174995069 0.617319985426603 0.21136426218606155 0.6358513844727081
0 0.052314105712599306 0.5406443982091848 0.023106858652052375 0.530104990661393 0.010740878970792908 0.5858137291254669 0.03994812603133984 0.5963531366732586
0 0.06904062069696007 0.7603506315538608 0.06190847804008798 0.7021523474737845 0.03673666797510233 0.7071670440101684 0.04386881063197443 0.7653653280902447
0 0.10121107266435993 0.867218137254902 0.07114127702363 0.8535256410256411 0.055328202170762786 0.9099783182503771 0.08539799781149271 0.9236708144796381
0 0.2605186581634242 0.7712377742890142 0.2261444277436686 0.7619128500793996 0.2154516852215118 0.8259891096434243 0.2498259156412674 0.8353140338530388
0 0.3902605027172502 0.7161607379438262 0.3575775169633301 0.7128270733969264 0.3536653002483452 0.7751780272919979 0.3863482860022653 0.7785116918388977
0 0.6080174638857666 0.9552348726114649 0.5727852712210147 0.930732484076433 0.5519285208775653 0.9794851380042462 0.587160713542317 1.003987526539278
0 0.5666528836473467 0.7542838223308885 0.5334737603272768 0.7479383149959252 0.5268549147450342 0.8041985024449879 0.560034038065104 0.8105440097799512
0 0.555702614379085 0.6393333333333334 0.5251143790849673 0.6100833333333334 0.50359477124183 0.6466666666666668 0.5341830065359477 0.6759166666666668
0 0.5361362493715436 0.5048477564102566 0.5032365510306687 0.47688301282051293 0.4813034188034188 0.5188301282051284 0.5142031171442937 0.546794871794872
0 0.7179908572292115 0.5621507707129096 0.6816464543428162 0.5550216763005782 0.6745485284672637 0.6138457369942198 0.710892931353659 0.6209748314065512
0 0.7533603053093385 0.46463684360730617 0.7235988002506939 0.4473886986301372 0.7053983122929537 0.4984410673515984 0.7351598173515983 0.5156892123287673
0 0.7409526787575569 0.3545794246404004 0.7135219315994065 0.31863371638524085 0.682992587278814 0.356506605691057 0.7104233344369644 0.39245231394621655
0 0.7185402314078785 0.17790681306306316 0.6896877080700611 0.16395313582813595 0.6723911411411413 0.22209318693693703 0.7012436644789586 0.23604686417186424
0 0.7110974521719166 0.007941724099599886 0.682673054400358 -0.0052891562916851 0.6658958084493616 0.053303551578479436 0.6943202062209202 0.06653443196976443
0 0.8636341791618609 0.11369485294117662 0.8321078431372549 0.10364583333333348 0.8202614379084967 0.1640625000000001 0.8517877739331028 0.17411151960784327
0 0.8935180473573513 0.2970714388696655 0.8599336793540945 0.27423406862745087 0.8384487301264218 0.32559652537485567 0.8720330981296787 0.34843389561707033
0 0.9159610294879058 0.46878470604224926 0.8829224762287643 0.45848769027648356 0.8715024608787288 0.5180534521590557 0.9045410141378702 0.5283504679248215
0 0.9549601713481998 0.6716163258148069 0.9199936269924908 0.6696494576947983 0.9176431616606641 0.737577905784589 0.9526097060163731 0.7395447739045977
0 0.7538170739944097 0.7654904444886063 0.7212733927699326 0.7491446409644938 0.7036070456269419 0.8063224529676737 0.7361507268514188 0.8226682564917861
0 0.7830236976447383 0.9723745685404339 0.7501063541787524 0.935820389546351 0.7271273252890901 0.9694591346153846 0.760044668755076 1.0060133136094673
0 0.9981802223465686 0.9647669565001981 0.9967497551933971 0.8899892860681728 0.9657125037886736 0.8909544688862465 0.967142970941845 0.9657321393182718