0 0.06250000000000001 0.05364583333333335 0.03325163398692811 0.03500000000000001 0.011764705882352948 0.08979166666666667 0.04101307189542485 0.1084375
0 0.06106871605304586 0.2600977958175704 0.04236002934170727 0.21615699873896596 0.014720821073280094 0.23528727931904161 0.03342950778461869 0.2792280763976461
0 0.05919934640522881 0.41695833333333343 0.03357899481631737 0.3970747126436782 0.010419202163624108 0.44558620689655176 0.03603955375253555 0.465469827586207
0 0.060105363984674386 0.5810704022988507 0.02996112237998651 0.5656968390804598 0.012099954924498547 0.6226293103448276 0.04224419652918643 0.6380028735632185
0 0.05589362181654274 0.7499640804597701 0.027439711516790685 0.7354525862068965 0.010226504394861488 0.7903196839080457 0.038680414694613544 0.8048311781609194
0 0.06395508115372692 0.9566329818394845 0.042035821358420405 0.9090194786174575 0.014090624533351736 0.9299328134153485 0.036009884328658245 0.9775463166373756
0 0.13842547715819487 0.0714476727377855 0.10703358388744338 0.061744723908644134 0.09514926959508868 0.12424878938999712 0.1265411628658402 0.1339517382191385
0 0.14164314397567088 0.28646984790059987 0.11198166070198433 0.261938999571551 0.08969223079120255 0.3057516602399314 0.11935371406488905 0.3302825085689803
0 0.14990085198979122 0.9238384201757045 0.11836950775463174 0.8992246667676463 0.09378174171819595 0.950428689538524 0.1253130859533554 0.9750424429465822
0 0.301475834982311 0.22269590978593273 0.27765860166696643 0.19043100152905196 0.2501101816873538 0.22348910550458714 0.2739274150026983 0.2557540137614679
0 0.3019173860356033 0.49843988661731886 0.27444227309064856 0.469389980613324 0.2493962542131175 0.5078982346375279 0.27687136715807226 0.5369481406415229
0 0.3048641981690158 0.7460676625659052 0.27637711499362494 0.7224589923843001 0.25331535660544247 0.7676955184534272 0.28180243978083336 0.7913041886350324
0 0.3478349673202615 0.9877604166666668 0.3249630040695524 0.9352692610062895 0.29683453570107293 0.9551935927672958 0.319706498951782 1.0076847484276732
0 0.41824559413054985 0.18901109031086913 0.39192981197471044 0.1697361796573634 0.3719056859185699 0.21417861498751994 0.3982214680744093 0.23345352564102567
0 0.41852681095506256 0.36091767589388707 0.3915363434877988 0.3425641580161477 0.37117087319356806 0.39125036043829303 0.3981613406608318 0.4096038783160324
0 0.42390390645660964 0.5175307080924856 0.3956220012089615 0.49108712668593457 0.3726741660055159 0.5309850674373797 0.40095607125316407 0.5574286488439307
0 0.4255323865505358 0.7695092541940192 0.39830451509560805 0.7430158187454414 0.37085818280631017 0.7888701221735961 0.3980860542612379 0.8153635576221738
0 0.4273159316302757 0.9546414957939013 0.39893765077008725 0.9262125394321769 0.3728131894187749 0.968605415352261 0.4011914702789634 0.9970343717139855
0 0.53896744595274 0.11425080128205133 0.5216566113624937 0.08587339743589742 0.49213172448466574 0.11515224358974355 0.5094425590749121 0.14352964743589744
0 0.5716504786549068 0.11621379337050813 0.5449955353888767 0.09329364157372998 0.5235486976698982 0.133839258054523 0.5502036409359282 0.15675940985130116
0 0.5699183006535947 0.31360416666666674 0.5430555555555555 0.28791666666666677 0.5165849673202614 0.3329166666666667 0.5434477124183006 0.3586041666666668
0 0.5649509803921569 0.5895833333333333 0.5366830065359477 0.5715625000000001 0.5166666666666666 0.6226041666666667 0.5449346405228758 0.640625
0 0.5662552669121794 0.8352606810490695 0.5395992999568694 0.8058058375634519 0.5142465827278458 0.8431035850253809 0.5409025496831558 0.8725584285109984
0 0.5273692810457518 0.9505208333333334 0.4926470588235295 0.9505208333333334 0.4926470588235296 0.9994791666666667 0.5273692810457519 0.9994791666666667
0 0.6703276736562132 0.0415023659305995 0.6434467846023793 0.014573475289169479 0.6225954104039091 0.04840956887486877 0.6494762994577431 0.07533845951629878
0 0.6756055363321798 0.2023590686274511 0.6507497116493655 0.1653860294117648 0.6224577085736255 0.19630514705882363 0.6473135332564397 0.2332781862745099
0 0.6709552609560869 0.3146742628130121 0.6419384178509535 0.2939043119588112 0.6209432345369694 0.3415863415633045 0.649960077642103 0.36235629241750533
0 0.671265893530809 0.49766057996832946 0.6462466815704904 0.4678877177355504 0.6199883951997267 0.5037584125098972 0.6450076071600452 0.5335312747426763
0 0.6714052287581699 0.6775000000000001 0.6401960784313725 0.6576041666666669 0.618545751633987 0.7128125000000001 0.6497549019607843 0.7327083333333334
0 0.6711601307189543 0.9395833333333333 0.6307189542483661 0.9395833333333333 0.6307189542483662 0.9994791666666667 0.6711601307189544 0.9994791666666667
0 0.8213504817734653 0.08934815292096226 0.790981065965905 0.05746026632302422 0.7622565864833903 0.1019319158075603 0.7926260022909506 0.13381980240549834
0 0.8142537309211049 0.28115382765916536 0.7835573111722088 0.26364475139449906 0.7630044804996436 0.32222031881131 0.7937009002485397 0.3397293950759764
0 0.8151117526081711 0.5020670969313202 0.7857787822061769 0.4869291889917196 0.7652701769131098 0.5515312956648809 0.7946031473151041 0.5666692036044815
0 0.8224727871322012 0.7197382280049569 0.7941088393225939 0.7022041511771998 0.7730577423038608 0.7575619578686494 0.801421690113468 0.7750960346964066
0 0.822117854497779 0.8980833901562114 0.7929792650178512 0.8798334314819409 0.7719185388842703 0.9344972983304408 0.8010571283641981 0.9527472570047113
0 0.969014028375578 0.0402693089430894 0.9399210903873745 0.010594512195121909 0.9131794994420535 0.05321392276422768 0.9422724374302568 0.08288871951219517
0 0.9574519149080776 0.19363807047949172 0.9276663438338942 0.19205571201617572 0.9255912937098585 0.2555522458116697 0.9553768647840418 0.2571346042749857
0 0.9578544494720967 0.3743862179487181 0.9326621417797889 0.36304967948717964 0.9173831070889894 0.41824519230769247 0.9425754147812972 0.42958173076923095
0 0.9314209441738479 0.4789152070063697 0.9014872403313765 0.4523653131634821 0.8772417884351191 0.4968026804670914 0.9071754922775903 0.523352574309979
0 0.9677916038210158 0.7004006410256413 0.9388511814982403 0.6758012820512822 0.9145927601809953 0.7221955128205129 0.9435331825037708 0.746794871794872
0 0.9679708429893334 0.842068751746298 0.9395479622416165 0.8273465877340039 0.9225304609130605 0.8807553611343951 0.9509533416607773 0.8954775251466891