0 0.033496732026143804 0.06979166666666667 7.403910387001972e-18 0.06979166666666667 1.105583915896916e-17 0.14583333333333334 0.033496732026143804 0.14583333333333334
0 0.19515131991124904 0.05095162724989534 0.16746365422128115 -0.008355352658015925 0.13652528473367861 0.015124659899539535 0.16421295042364653 0.0744316398074508
0 0.09207448939112085 0.3905817251031232 0.053767509753852465 0.3311800235710077 0.024514979336853617 0.36184642629149477 0.062821958974122 0.4212481278236104
0 0.24647029903406795 0.3425986356932154 0.208073775232807 0.3298276179941003 0.19402293365723872 0.39850110619469026 0.23241945745849962 0.4112721238938054
0 0.2853926472817413 0.566324891996362 0.2553288482286958 0.5634855331969076 0.2517577062657715 0.6249538142337426 0.281821505318817 0.6277931730331969
0 0.1482147588765236 0.6417074887387388 0.11100181063416363 0.6342159346846847 0.10270822292881122 0.7011866554054055 0.1399211711711712 0.7086782094594596
0 0.08076143388743563 0.6756641105642468 0.04873475874207426 0.6713084827444776 0.042529686920177404 0.7454784818655884 0.07455636206553877 0.7498341096853576
0 0.33395424836601306 0.7720625 0.29821078431372555 0.7655520833333332 0.2908415032679739 0.8313229166666666 0.32658496732026143 0.8378333333333333
0 0.36233660130718964 0.9416666666666667 0.3210784313725491 0.9416666666666667 0.3210784313725491 0.9994791666666667 0.36233660130718964 0.9994791666666667
0 0.4778581815944086 0.9246288610835812 0.45362772628046927 0.8669603774364057 0.42711309003284176 0.8850708209448298 0.4513435453467811 0.9427393045920053
0 0.4497046254399196 0.7094871794871795 0.4148190045248869 0.6840705128205129 0.39332579185520367 0.7320272435897437 0.42821141277023644 0.7574439102564104
0 0.41364452083658865 0.5371028032681316 0.3780073487980074 0.4906556890445142 0.3499957779135158 0.525594034250986 0.38563294995209707 0.5720411484746035
0 0.38049089059326585 0.37548942178824435 0.34584304715568015 0.32979011104729083 0.3187640076133842 0.3631650272831706 0.35341185105096984 0.4088643380241241
0 0.3389618151511164 0.1852838366890381 0.30024783962802126 0.177971196868009 0.29215028293196477 0.24766079418344525 0.33086425845505985 0.25497343400447436
0 0.3243464052287582 4.7933441122876877e-17 0.2826797385620915 4.468047306264171e-17 0.2826797385620915 0.06406250000000005 0.3243464052287582 0.06406250000000005
0 0.519413021618904 0.09197115384615388 0.4889705882352941 0.0697916666666667 0.4692370537958773 0.11382211538461548 0.4996794871794872 0.13600160256410268
0 0.5432766684655513 0.22971999235474003 0.510937218924267 0.1909126529051987 0.487431792288781 0.22275516055045866 0.5197712418300654 0.2615625
0 0.579080490643746 0.42703339041095906 0.5594894350434236 0.360423801369863 0.5315102068224549 0.3738013698630137 0.5511012624227772 0.44041095890410975
0 0.6094356301931919 0.6492813485804417 0.5804576194305272 0.6417024842271295 0.5711959547225831 0.6992695189274448 0.6001739654852477 0.7068483832807572
0 0.6757867004479694 0.11297986891385776 0.6518735771462142 0.06419709737827724 0.6255461922596753 0.08517673220973793 0.6494593155614306 0.13395950374531845
0 0.7376879725833171 0.25564449779100173 0.7096883226286638 0.2070534385988638 0.6846963224023719 0.23046431228022712 0.7126959723570251 0.2790553714723651
0 0.7945970012569976 0.3402159116425285 0.7637369924954376 0.29767914280902674 0.7403691632710117 0.325238576400584 0.7712291720325717 0.3677753452340858
0 0.761430415361411 0.38676251232741626 0.7323239354913565 0.38404709072978316 0.7289396971806476 0.4430174432938857 0.758046177050702 0.44573286489151887
0 0.8338331410995771 0.5617218137254902 0.8228085351787774 0.4984681372549019 0.7930940023068049 0.5068872549019608 0.8041186082276047 0.5701409313725491
0 0.8149241488373723 0.5835057808310994 0.7833696928279802 0.5658037310098305 0.7673474215423435 0.6122319034852547 0.7989018775517357 0.6299339533065237
0 0.6390907343329488 0.814466911764706 0.612576893502499 0.8069546568627451 0.603061322568243 0.8615502450980392 0.6295751633986928 0.8690625000000001
0 0.8505471177542054 0.7606941598360658 0.8217257312761168 0.7199742144808745 0.7984702132219005 0.7467322404371586 0.827291599699989 0.78745218579235
0 0.9036013452735886 0.8161547932852389 0.8743994962024765 0.7763546869219388 0.8514198548453787 0.8037634688309289 0.8806217039164909 0.843563575194229
0 0.8345351223538334 0.8624964448236633 0.8077290927747662 0.8584755403868033 0.8024618550491869 0.9155592292377702 0.8292678846282541 0.9195801336746303
0 0.8805610061391096 0.9130846474883357 0.8528874874799947 0.9107006112524998 0.8496691183896452 0.9714312359873963 0.8773426370487601 0.9738152722232323
0 0.9773229111464404 0.42035472972972987 0.949103515279986 0.4143581081081083 0.9421590708355416 0.4674831081081083 0.970378466701996 0.47347972972972996
0 0.9366830065359477 0.23125000000000012 0.9097222222222222 0.23125000000000012 0.9097222222222222 0.2963541666666668 0.9366830065359477 0.2963541666666668
0 0.9146221094190636 0.09014118020304583 0.8873046680601174 0.08765334179357036 0.8840138847417139 0.1463938240270729 0.9113313261006601 0.14888166243654838
0 0.1368041469461349 0.9501257183908046 0.10367365336939383 0.9466056034482758 0.10025073247689888 0.9989762931034482 0.13338122605363995 1.002496408045977
0 0.9995915032679739 0.5791666666666669 0.9799836601307189 0.5791666666666669 0.9799836601307189 0.6411458333333335 0.9995915032679739 0.6411458333333335