0 0.044686072142947945 0.1386245628625043 0.02158635545654633 0.11590434152166497 -0.001285280403529531 0.15370607301262368 0.021814436282872086 0.176426294353463
0 0.15500879839115136 0.21286057692307694 0.13364127702363 0.17199519230769234 0.11063976872800403 0.19154647435897437 0.1320072900955254 0.23241185897435898
0 0.04047438433421038 0.39874816356513226 0.01588056051673039 0.38725055093046035 0.0013263140711720796 0.43785963516160625 0.025920137888652068 0.4493572477962781
0 0.038192765690751196 0.29655679223744286 0.03658284089891664 0.24113513127853878 0.0068638642671680515 0.24253852739726026 0.008473789059002597 0.29796018835616433
0 0.14946078431372548 0.33445833333333336 0.12462418300653597 0.31070833333333336 0.10192810457516341 0.3492916666666667 0.12676470588235295 0.37304166666666666
0 0.14930618401206638 0.4705272435897436 0.12278908999497236 0.45859455128205134 0.10823403720462547 0.5111746794871795 0.1347511312217195 0.5231073717948719
0 0.04754901960784316 0.5834375 0.03398692810457517 0.5315624999999999 0.005923202614379108 0.5434895833333333 0.0194852941176471 0.5953645833333334
0 0.04849814484957314 0.6945775188495684 0.02211143182799089 0.6762932475982003 0.004667235372806581 0.7172173324820625 0.031053948394388832 0.7355016037334307
0 0.04997225305216426 0.879498820754717 0.047878899987668026 0.8181112421383647 0.019462171661117276 0.8196865172955975 0.02155552472561351 0.8810740959119497
0 0.14910130718954254 0.61875 0.12295751633986933 0.61875 0.12295751633986933 0.6755208333333333 0.14910130718954254 0.6755208333333333
0 0.162460730148413 0.7711320211786373 0.13702695627053774 0.7621863489871088 0.12565585165926416 0.8147421731123389 0.15108962553713942 0.8236878453038674
0 0.16584967320261448 0.93125 0.13888888888888898 0.93125 0.13888888888888898 0.9875 0.16584967320261448 0.9875
0 0.2852854301599977 0.9038298925339369 0.25515408274923856 0.8868547322775266 0.23498839203856517 0.945043363499246 0.26511973944932427 0.9620185237556562
0 0.26296561688302206 0.718038248770675 0.2374631494678039 0.7102627682163613 0.22800216793616576 0.7607070015645956 0.2535046353513839 0.7684824821189093
0 0.2862464007237971 0.6244061722190313 0.26509842401444594 0.5965127201799733 0.24069420511838666 0.6265909199693664 0.26184218182773783 0.6544843720084244
0 0.3098856209150327 0.4743750000000001 0.2536764705882353 0.4385416666666667 0.23619281045751636 0.4831250000000001 0.29240196078431374 0.5189583333333334
0 0.28355484805606085 0.3288906786941581 0.25821120544437703 0.30227985395189005 0.23436847247490059 0.3391935137457045 0.2597121150865844 0.36580433848797256
0 0.27655228758169936 0.21822916666666672 0.2540849673202614 0.21822916666666672 0.2540849673202614 0.26562500000000006 0.27655228758169936 0.26562500000000006
0 0.286663791788409 0.10112002543387197 0.2612324133722909 0.08456257480550572 0.241881549148684 0.1328792639138241 0.2673129275648021 0.14943671454219035
0 0.13982528908999498 0.12257211538461538 0.1341628959276018 0.0648157051282051 0.10902463549522372 0.06882211538461537 0.11468702865761689 0.12657852564102565
0 0.3939584042471786 0.03056831180191096 0.36834003551629235 0.01707689913874312 0.3512253912465268 0.06990710368725611 0.3768437599774131 0.08339851635042396
0 0.4140114379084967 0.2351562500000001 0.3872549019607843 0.20104166666666676 0.35866013071895425 0.23750000000000013 0.3854166666666667 0.27161458333333344
0 0.4106867691492537 0.3842464618607835 0.3828712646337824 0.3621646250213786 0.3615786082690302 0.4057661781682915 0.38939411278450153 0.4278480150076964
0 0.4153204679570287 0.5717485249658671 0.3934499975141217 0.5273862638970159 0.36376765451645837 0.5511745416422861 0.3856381249593654 0.5955368027111373
0 0.4114075721971828 0.7308089800261953 0.3856433863656792 0.7101260641781271 0.3639709895090977 0.7540126678127047 0.3897351753406013 0.774695583660773
0 0.41732654600301666 0.9083733974358975 0.391025641025641 0.8860176282051282 0.3684012066365008 0.929286858974359 0.39470211161387636 0.9516426282051282
0 0.5391888996035573 0.4464993169398907 0.5110227150969677 0.4165727459016394 0.48490571091824713 0.456531762295082 0.5130718954248367 0.4864583333333333
0 0.5408134146317317 0.6117595362516411 0.5087181444323665 0.586705575330708 0.48427887766234434 0.637600348379279 0.5163741478617097 0.6626543093002122
0 0.5394592941591122 0.6141203244779276 0.5097793016228431 0.5901537305048904 0.4866180876262744 0.6367809113137722 0.5162980801625435 0.6607475052868094
0 0.5377965368074837 0.24113911637004565 0.5056840787213346 0.21763458107643377 0.48218966892061615 0.2698149073596425 0.5143021270067653 0.2933194426532543
0 0.5348657481010421 0.08286880630630643 0.5085508302420065 0.0589034346846848 0.48313018901254184 0.10427927927927932 0.5094451068715775 0.12824465090090095
0 0.5351873750039682 0.8511394810217665 0.5128534279335047 0.803248392246807 0.4834811240560265 0.8255157739701385 0.5058150711264899 0.873406862745098
0 0.6683868393214705 0.5904278058766862 0.6399101307189543 0.5638020833333336 0.6178454040575768 0.6021646194605011 0.646322112660093 0.6287903420038538
0 0.6614447032938588 0.3945449669966998 0.6330827347440626 0.3726798679867988 0.6111384520805022 0.4189527640264028 0.6395004206302983 0.44081786303630377
0 0.6565956510809452 0.22201522435897444 0.6257227249874309 0.2141426282051283 0.6168929110105581 0.27043269230769246 0.6477658371040724 0.27830528846153857
0 0.6484050572346801 0.10749165515653786 0.6225907720362546 0.10575938075506454 0.6205516737081572 0.15515653775322288 0.6463659589065828 0.15688881215469622
0 0.6637455296584044 0.7715998427672958 0.6383169934640525 0.7655208333333334 0.6298449253915404 0.8231308962264152 0.6552734615858923 0.8292099056603774
0 0.673316597874275 0.9557575913007798 0.6486103400462909 0.9519003898235536 0.6440855305328261 0.9990149688825058 0.6687917883608102 1.002872170359732
0 0.8165378330819506 0.812800480769231 0.7887286324786325 0.8057091346153846 0.7801187782805429 0.8605969551282053 0.807927978883861 0.8676883012820514
0 0.8126651217018733 0.6751235720562392 0.7874741548640546 0.6562714191564148 0.7668109686756952 0.7011564513766843 0.792001935513514 0.7200086042765085
0 0.8184304113802388 0.4946507352941178 0.790710303729335 0.46435661764705877 0.7666041906958864 0.5002144607843138 0.79432429834679 0.5305085784313728
0 0.8043280726924916 0.3816895325203252 0.8029224454009246 0.32433993902439023 0.772455364259525 0.3255538617886179 0.773860991551092 0.3829034552845529
0 0.8060835183129856 0.1725383254716982 0.7781978357380687 0.15278596698113217 0.7589291219632506 0.19700766509433978 0.7868148045381674 0.21676002358490581
0 0.7997131253906209 0.0625730179632631 0.7960674410228705 0.008343462992976761 0.7715510164087244 0.011022757968665593 0.7751967007764747 0.06525231293895194
0 0.9121702044732268 0.019292813455657677 0.8867422198237094 0.01365443425076466 0.8784493613959344 0.07445145259938853 0.903877346045452 0.08008983180428154
0 0.9378374736167339 0.34606523404848166 0.9073908656989312 0.3204444134856507 0.880862024850806 0.37169331057862004 0.9113086327686086 0.397314131141451
0 0.9312865963449732 0.20369780368763532 0.8997020898019368 0.18250293745480814 0.8784265875547616 0.23404284164858988 0.9100110940977981 0.25523770788141703
0 0.940968172353762 0.6014163706212824 0.9078082543878976 0.5798455056179778 0.886610567888755 0.6328185241793347 0.9197704858546194 0.6543893891826394
0 0.949242617324226 0.8054675765453498 0.919002814875228 0.7841388648180245 0.8948894722533729 0.8397154823801273 0.9251292747023708 0.8610441941074526
0 0.9726409863765973 0.4468572336924 0.9492173290620857 0.42485132405745074 0.9233331573203788 0.46964018551765413 0.9467568146348905 0.4916460951526034