0 0.10841376274171152 0.09294365284974093 0.08282451149717227 0.07161107512953366 0.057104879948525165 0.12176435664939549 0.08269413119306443 0.14309693436960275
0 0.10111324450650688 0.2967359050445104 0.07376699443377749 0.27712351632047477 0.04979902445646908 0.3314509149357072 0.07714527452919848 0.3510633036597428
0 0.0663990308767185 0.20298850574712646 0.03842968221771467 0.16286997126436784 0.0085868830290737 0.1966918103448276 0.03655623168807754 0.23681034482758623
0 0.08715169555346672 0.4504967409587889 0.06028161194390853 0.4401151177460051 0.04555992568039274 0.5020566126997477 0.07243000928995093 0.5124382359125316
0 0.09252761118908885 0.6008518618944324 0.06348535437313035 0.5813629790310918 0.040331298824663686 0.6374536785972522 0.0693735556406222 0.6569425614605928
0 0.05154200101897855 0.7617728832314357 0.025091174222841673 0.7329535051267356 -0.001253821169277688 0.7722607987835945 0.025197005626859184 0.8010801768882947
0 0.0927923649275165 0.8125432525951556 0.06599271773299861 0.7943194925028834 0.043444828911956904 0.8482230392156862 0.07024447610647479 0.8664467993079584
0 0.2251985310689522 0.05019438810006767 0.1974273820413899 0.02462178837052066 0.17227541794270107 0.06902467883705209 0.2000465669702634 0.0945972785665991
0 0.22301581014384206 0.19430781709108721 0.19381689584093512 0.17705553174991842 0.1740674191648582 0.23139257876265104 0.20326633346776518 0.24864486410381983
0 0.21642888707024588 0.38906580526401435 0.18550717007981288 0.36724114697746324 0.16110764133169334 0.42343877125539015 0.19202935832212634 0.4452634295419413
0 0.20571895424836606 0.5370833333333334 0.1810866013071896 0.5266145833333334 0.16666666666666669 0.5817708333333335 0.19129901960784315 0.5922395833333334
0 0.21424452133794694 0.7047487745098039 0.18450836216839683 0.68062193627451 0.15764609765474824 0.7344424019607844 0.18738225682429835 0.7585692401960784
0 0.2123766704133883 0.8639861995753715 0.18143759626993045 0.8424694798301485 0.15699023770867157 0.8996151804670911 0.18792931185212944 0.9211319002123141
0 0.3968622826489086 0.012013561320754788 0.36831761006289304 -0.008205581761006246 0.3460622456529781 0.04287047955974845 0.3746069182389937 0.06308962264150948
0 0.3916529775914189 0.2911878669944012 0.3620457502952021 0.2638196862624608 0.3338444144556635 0.31341513894578726 0.3634516417518803 0.3407833196777277
0 0.3812246948927064 0.4661306231563423 0.35676080166579904 0.4530503318584072 0.3385642605124646 0.5083748156342184 0.36302815373937186 0.5214551069321535
0 0.38433984337900723 0.6235221268163805 0.35607559294083113 0.6060184802950244 0.33638437761718515 0.657707920519595 0.3646486280553613 0.6752115670409512
0 0.375747094761855 0.7968215702366298 0.3459566701800404 0.7921706161947751 0.3388551631841358 0.8661150577896322 0.3686455877659504 0.8707660118314869
0 0.5427853799903148 0.06895948381653634 0.5144043504807967 0.05381193434575862 0.49556687991963155 0.11118773009664067 0.5239479094291497 0.12633527956741838
0 0.5407102615199154 0.21282543914680066 0.5147376600159093 0.19881521852781273 0.497254307410961 0.2515036856963614 0.523226908914967 0.2655139063153493
0 0.5381098111436102 0.3668939917127073 0.5118721337522116 0.35375172651933706 0.4934067273318166 0.4136803637200737 0.5196444047232152 0.4268226289134439
0 0.529330845926481 0.49439921709129525 0.5063470504974813 0.4891394639065819 0.4970073061071562 0.5554850053078557 0.5199911015361559 0.5607447584925691
0 0.5386528754685425 0.7350517263264789 0.5122203679643982 0.7171478325717189 0.4894036632170004 0.7719079239654735 0.5158361707211446 0.7898118177202336
0 0.5322999002867665 0.9326564819970307 0.5062247987539484 0.9166492668893841 0.48529047847795387 0.9720849573125465 0.5113655800107719 0.9880921724201933
0 0.7021217562932763 0.052364892739274096 0.6762335792402768 0.03979063531353146 0.65868358894713 0.0985282590759076 0.6845717660001295 0.11110251650165023
0 0.7026506621025133 0.2579345329249618 0.6762816663163479 0.2380678917815213 0.6518519352610875 0.2907797345584483 0.678220931047253 0.3106463757018888
0 0.6977103017372753 0.44769807858376526 0.6694922787767958 0.4267109240069086 0.6462756950794135 0.4774557426597584 0.674493718039893 0.498442897236615
0 0.6909710197507654 0.6354477677319877 0.6638061588526636 0.6249522532940848 0.6487168598866516 0.6884404786935802 0.6758817207847534 0.6989359931314832
0 0.6914891675790452 0.7942274746192896 0.6631438489101227 0.7849822863790189 0.6500398128794668 0.8502939932318107 0.6783851315483893 0.8595391814720814
0 0.6838235294117648 0.9375 0.656045751633987 0.9375 0.6560457516339872 0.9994791666666667 0.6838235294117649 0.9994791666666667
0 0.862881513461654 0.014364487767584262 0.8380913833423278 0.008867545871559765 0.8295676680458117 0.07135703363914386 0.8543577981651378 0.07685397553516836
0 0.8685436447740509 0.18411532951289408 0.8411380789182911 0.16436544890162377 0.8176138172556509 0.2174307545367719 0.8450193831114106 0.23718063514804222
0 0.8559954751131224 0.385633012820513 0.8315799396681749 0.36784455128205146 0.8066930618401207 0.4233733974358975 0.8311085972850679 0.4411618589743591
0 0.8190918288192304 0.536054426835081 0.7973116319931214 0.4979995829361295 0.7677816797198701 0.5254744101525262 0.7895618765459791 0.5635292540514777
0 0.8540565102445473 0.5988705524344571 0.8269213115957993 0.5772471910112361 0.8019066240728502 0.6282771535580526 0.8290418227215981 0.6499005149812737
0 0.8484365207270123 0.7108019406392695 0.8213526278091146 0.6978524543378997 0.80545483033396 0.7519049657534247 0.8325387232518578 0.7648544520547946
0 0.848153028070573 0.8341203034682084 0.8234564490536099 0.8287442798651254 0.8153556991197249 0.8892395231213875 0.8400522781366883 0.8946155467244703
0 0.9995915032679739 0.03906250000000015 0.9738562091503268 0.039062500000000146 0.9738562091503268 0.10260416666666682 0.9995915032679739 0.10260416666666682
0 1.001641238349383 0.20195697731755433 0.9786977414239857 0.18976824457593697 0.9590584754611904 0.24986439842209085 0.9820019723865877 0.26205313116370815
0 0.9959279156252954 0.3863385621988612 0.9729393728582104 0.35548551795882616 0.947109067017083 0.3867724759088919 0.9700976097841677 0.41762552014892695
0 0.9939874308697839 0.5732615384615387 0.9698230266465561 0.5599384615384617 0.9508426344896933 0.6159009615384616 0.9750070387129213 0.6292240384615386
0 0.9882304882737409 0.7058088235294119 0.9672097270280662 0.6998529411764707 0.9571174548250673 0.7577573529411765 0.978138216070742 0.7637132352941177
0 0.9951492400377407 0.8655650018112662 0.968269918303613 0.8465840653867053 0.9458661551319797 0.8981593951880699 0.9727454768661072 0.9171403316126306