0 0.029222461342260496 0.061369410569105706 0.001988068523219178 0.05834994527829894 -0.0024080614109308457 0.1228082004377736 0.024826331408110473 0.12582766572858037
0 0.0277777777777778 0.22760416666666666 0.003676470588235318 0.22760416666666666 0.003676470588235321 0.28229166666666666 0.0277777777777778 0.28229166666666666
0 0.04230942450304658 0.41468403999853354 0.01731195851269091 0.3697366732658748 -0.006850542314007301 0.3915817706041942 0.01814692367634837 0.43652913733685295
0 0.08497999150423344 0.4545867183653372 0.05354535339492769 0.417476381708518 0.02692820111796572 0.45412820039389457 0.05836283922727146 0.49123853705071396
0 0.04414988137770648 0.6459230033476805 0.02786510347802439 0.600621712099474 0.004895513920537112 0.6140445659971305 0.021180291820219202 0.6593458572453371
0 0.07832810090328272 0.6953622425093633 0.05192498347653675 0.6875936329588015 0.04095064992289057 0.7482268258426966 0.06735376734963655 0.7559954353932584
0 0.04117247582524072 0.8945756111987382 0.03532143667140884 0.8324083201892746 0.008099059813199732 0.8365733438485806 0.01395009896703161 0.8987406348580442
0 0.1702779547438711 0.9277218712394705 0.14783010075269584 0.9246277075812274 0.143155836341757 0.9797548134777376 0.16560369033293224 0.9828489771359806
0 0.16544896010627264 0.7882281374970594 0.14641134035359624 0.7859382351211479 0.1423278144473504 0.8411270877440604 0.1613654342000268 0.8434169901199718
0 0.1806336952067402 0.6825235786397451 0.16065273523507886 0.6302313031349629 0.13463092906308824 0.6463948481225648 0.15461188903474957 0.6986871236273469
0 0.17238562091503273 0.4401041666666667 0.14542483660130723 0.4401041666666667 0.14542483660130723 0.49635416666666665 0.17238562091503273 0.49635416666666665
0 0.1779388505105482 0.2960946767497034 0.16357604726350797 0.23749443950177931 0.13764159281743538 0.2478276986951364 0.15200439606447558 0.30642793594306045
0 0.17074305078711122 0.10246676394293125 0.15286074870934108 0.0487240596627756 0.12894223188626944 0.06166180285343707 0.14682453396403958 0.11540450713359272
0 0.3099184691058554 0.1364422250859107 0.2948735765783977 0.08656840635738831 0.2679380601037666 0.09977716924398626 0.28298295263122425 0.14965098797250864
0 0.2667483660130719 0.012500000000000039 0.23815359477124182 0.012500000000000037 0.23815359477124182 0.0744791666666667 0.2667483660130719 0.0744791666666667
0 0.3035130718954248 0.2677083333333333 0.27941176470588236 0.2677083333333333 0.27941176470588236 0.3260416666666667 0.3035130718954248 0.3260416666666667
0 0.2839621118901825 0.45761232825844794 0.26512393545114543 0.40629970448075264 0.23677050037740066 0.423221275838594 0.2556086768164377 0.4745338996162892
0 0.3175322605647616 0.5152269381252018 0.29359486614910574 0.4899387907389482 0.26784355642870256 0.5295647285414651 0.2917809508443584 0.5548528759277187
0 0.30786675755999265 0.654503087831656 0.2706322617488594 0.6516258767917048 0.26700624592624495 0.7279081846599572 0.30424074173737814 0.7307853956999083
0 0.44397353427120545 0.7159225913878564 0.4167962011322497 0.6925532450433707 0.3942836273294944 0.7351136539653036 0.42146096046845016 0.7584830003097894
0 0.270545939614784 0.8221630715339233 0.24215903175429468 0.8197501843657818 0.23869946208571927 0.8859144542772862 0.26708636994620866 0.8883273414454277
0 0.43697712418300644 0.9234166666666667 0.4282450980392156 0.8621833333333335 0.4034771241830065 0.8679250000000001 0.4122091503267974 0.9291583333333334
0 0.31111111111111117 0.9610416666666668 0.29117647058823526 0.9102083333333333 0.2679738562091503 0.925 0.28790849673202623 0.9758333333333336
0 0.4432698044639709 0.7135243775933611 0.416169182057332 0.6935198392116183 0.39589265858487244 0.7381742738589213 0.4229932809915114 0.758178812240664
0 0.4404469514763632 0.5662779365904367 0.4225919924449336 0.5156888860013862 0.39792932072343834 0.529839093901594 0.415784279754868 0.5804281444906446
0 0.4445432977461448 0.3967841785290629 0.42489838462075225 0.3489666740806643 0.39966680622426914 0.3658177639383156 0.41931171934966166 0.4136352683867141
0 0.44069679026726205 0.19346740924092415 0.41547110593412284 0.18121493399339936 0.400807286611014 0.2302929042904291 0.42603297094415316 0.24254537953795385
0 0.4425467337193945 0.060576424870466314 0.4205260083307935 0.017636010362694333 0.39510184902976736 0.038830958549222847 0.41712257441836836 0.08177137305699483
0 0.5692508456041301 0.15853274967574577 0.5505095877520918 0.10220857652399479 0.5223004247094428 0.11746716926070035 0.5410416825614811 0.17379134241245134
0 0.573436879355794 0.32327923572744005 0.5464219297295347 0.29227958103130747 0.5232865706135126 0.3250546731123388 0.550301520239772 0.3560543278084714
0 0.5588740450599582 0.4598592944906858 0.5308738041391746 0.45898855529132 0.5297493452394831 0.5177696442726913 0.5577495861602668 0.5186403834720572
0 0.5748039215686275 0.7136250000000001 0.5506372549019608 0.6725416666666667 0.5236437908496732 0.6983541666666667 0.5478104575163398 0.7394375000000001
0 0.5709683207725685 0.94182612312812 0.560936021663241 0.8804284525790351 0.5335307167792241 0.887707986688852 0.5435630158885517 0.9491056572379368
0 0.6651519166225051 0.6719538288288288 0.6362248277689454 0.6661303490990991 0.6287824589295178 0.7262274774774776 0.6577095477830774 0.7320509572072074
0 0.6529683287756249 0.4819986399604352 0.6297293497022943 0.48055328882294757 0.6276012877950389 0.5361755069238379 0.6508402668683695 0.5376208580613255
0 0.667137348351171 0.14775021026072335 0.644335741024753 0.09644659377628262 0.6176305677864079 0.11574108144098692 0.640432175112826 0.16704469792542767
0 0.6664403706688153 0.32939440639269424 0.6442723162324289 0.285154680365297 0.6213956039036618 0.3037896689497719 0.6435636583400481 0.34802939497716906
0 0.7954059829059829 0.1227964743589745 0.7690108094519857 0.10036057692307701 0.745883609854198 0.14459134615384617 0.772278783308195 0.16702724358974366
0 0.7946753428491465 0.3255260810243492 0.775346347607053 0.27813287153652394 0.7484776551258623 0.29594681465155326 0.7678066503679558 0.3433400241393786
0 0.7951797385620917 0.49802083333333336 0.7751633986928105 0.4469791666666666 0.7488562091503268 0.46374999999999994 0.768872549019608 0.5147916666666668
0 0.7941176470588236 0.6625000000000001 0.774264705882353 0.6118750000000001 0.7481209150326797 0.6285416666666668 0.7679738562091505 0.6791666666666667
0 0.791421568627451 0.8212500000000001 0.7727124183006535 0.7735416666666666 0.7465686274509804 0.7902083333333333 0.765277777777778 0.8379166666666668
0 0.6710315378337414 0.8707606462049667 0.6514001193341974 0.8168497507869886 0.6226193170517595 0.8338869578523961 0.6422507355513033 0.8877978532703742
0 0.7830882352941178 0.9552083333333335 0.7544934640522877 0.9552083333333334 0.7544934640522878 0.9994791666666668 0.7830882352941179 0.9994791666666669
0 0.8941050779286074 0.8863782051282052 0.8695010055304172 0.8654647435897438 0.8485734037204624 0.9054887820512821 0.8731774761186526 0.9264022435897435
0 0.9000816993464053 0.7509375000000003 0.8738978295720804 0.7280955188679247 0.8509326057467013 0.7708903301886794 0.8771164755210261 0.7937323113207548
0 0.9017594360259316 0.5956326064908722 0.8781917432287315 0.556094700811359 0.8521221115220934 0.5813561739350914 0.8756898043192934 0.6208940796146045
0 0.3729575163398693 0.12500000000000006 0.3654003267973856 0.11536458333333334 0.35743464052287577 0.12552083333333336 0.36499183006535946 0.1351562500000001
0 0.8976287685719734 0.4204865716180372 0.8725425183335934 0.39849690539345717 0.8501824690972763 0.4399646330680814 0.8752687193356565 0.46195429929266146
0 0.9035186645818052 0.25636725182310055 0.8762476879719188 0.22759166960715138 0.8509526016946416 0.2665619119030817 0.878223578304528 0.29533749411903093
0 0.9086756254225825 0.04335668103448285 0.8789412891593418 -0.0014475574712642233 0.8464559386973178 0.03359913793103454 0.8761902749605588 0.07840337643678161