0 0.03390522875816994 0.05260416666666667 0.013480392156862751 0.05260416666666667 0.013480392156862754 0.10677083333333333 0.033905228758169946 0.10677083333333333
0 0.05738177623990774 0.24993872549019613 0.03391003460207613 0.21502450980392157 0.008881199538639011 0.24237745098039215 0.03235294117647062 0.2772916666666667
0 0.054270949226471805 0.4053585372201978 0.029904044734326153 0.38378367386777723 0.009431362341917502 0.42137151874023954 0.03379826683406316 0.4429463820926601
0 0.04566993464052293 0.5736458333333334 0.020016339869281093 0.5572916666666666 0.0035947712418301398 0.5991666666666666 0.029248366013071975 0.6155208333333333
0 0.050381888229297886 0.7572653860856268 0.024925796006476014 0.7397887996941895 0.008437893506026311 0.7788297974006115 0.033893985728848185 0.7963063837920489
0 0.057348818732385926 0.9302776185015291 0.02948109672003364 0.9111453555045872 0.011248650836481442 0.9543171827217126 0.03911637284883373 0.9734494457186545
0 0.13504901960784316 0.051145833333333335 0.11691176470588235 0.004895833333333344 0.08570261437908497 0.024791666666666677 0.10383986928104576 0.07104166666666667
0 0.1730418814998808 0.09034708893154192 0.1534293339856736 0.04488163787587974 0.12677119792254715 0.06357565579014718 0.14638374543675436 0.10904110684580935
0 0.17920591089419755 0.19483306040756918 0.15214451865171102 0.17142012372634644 0.13219525073493735 0.2089037481804949 0.15925664297742387 0.23231668486171764
0 0.15093349963259467 0.356752342209073 0.13615268592644159 0.3115230522682445 0.10453648915187376 0.3283191568047337 0.11931730285802683 0.37354844674556215
0 0.12019092791324579 0.5880714736887959 0.11375747807399664 0.5439822377591914 0.09533818319103211 0.5483514658477087 0.10177163303028128 0.5924407017773131
0 0.18640992926851105 0.5546618150684931 0.18485932044050496 0.5012821061643835 0.16405452591995703 0.5022645547945206 0.16560513474796312 0.5556442636986301
0 0.27932786556492767 0.226710890210812 0.25131527250850244 0.20465097317887712 0.2302908639974462 0.24805135931955755 0.2583034570538714 0.27011127635149246
0 0.28790369088811996 0.47487132352941175 0.2596453287197231 0.43283700980392154 0.23364090734332946 0.4612561274509804 0.26189926951172626 0.5032904411764706
0 0.28542705433707544 0.6717271190847635 0.26291034484516634 0.6320816270150806 0.2388109494968034 0.6543320170306812 0.26132765898871246 0.693977509100364
0 0.24415786827551536 0.7507435897435897 0.21746103569632985 0.7488525641025642 0.21521241830065366 0.8004583333333334 0.24190925087983917 0.802349358974359
0 0.1322577501948792 0.9173490061162081 0.13089434550578644 0.85998375382263 0.10811371949391375 0.8608639143730887 0.10947712418300654 0.9182291666666668
0 0.2532426457599468 0.975602808691044 0.23814969814104764 0.9313427397986221 0.21592331951328494 0.943663884472708 0.23101626713218412 0.9879239533651298
0 0.39736669057867047 0.19927972560975615 0.3812490036665072 0.14350101626016265 0.35696138211382117 0.15490980691056913 0.37307906902598437 0.21068851626016266
0 0.3925653594771242 0.3026041666666668 0.36519607843137253 0.30260416666666673 0.36519607843137253 0.35781250000000003 0.3925653594771242 0.35781250000000014
0 0.4042344680320458 0.46453033916269215 0.38048450699834774 0.4513645998940117 0.36524868293899426 0.4960436539480657 0.3889986439726924 0.5092093932167462
0 0.4079081547185299 0.6153916150505483 0.38250318281947554 0.6048292218425175 0.3692745893744085 0.6565530222127297 0.3946795612734629 0.6671154154207604
0 0.4078603603603604 0.8292015765765767 0.38806968733439323 0.7805377252252252 0.3638169051404346 0.7965715090090091 0.3836075781664017 0.8452353603603605
0 0.4076451046448901 0.9586225552124277 0.38561472221304777 0.9379690716825755 0.36465661503231284 0.9743104295339698 0.3866869974641552 0.994963913063822
0 0.4940774670523947 0.15535519125683067 0.46947658844958745 0.14163251366120225 0.4515134469088182 0.19398224043715848 0.4761143255116254 0.20770491803278693
0 0.505290925108708 0.40711905743336085 0.47992304231393024 0.36742408628744155 0.45327241916277367 0.39511112256114317 0.4786403019575514 0.43480609370706247
0 0.508127658794191 0.5887657159185371 0.48253141655664755 0.5592386221945138 0.456943833227389 0.5952969139650874 0.48254007546493244 0.6248240076891106
0 0.5040849673202614 0.7916666666666666 0.4848856209150327 0.7427083333333333 0.4574346405228759 0.7602083333333333 0.47663398692810466 0.8091666666666666
0 0.4917234481981459 0.9368234121086009 0.4714800307756873 0.9361938912009512 0.4705265479160353 0.9860372076892588 0.4907699653384939 0.9866667285969085
0 0.6332205483819544 0.31893495934959354 0.6092224613422605 0.3008902439024392 0.5898266379722621 0.3428231707317074 0.613824725011956 0.36086788617886184
0 0.636029411764706 0.47291666666666676 0.6121732026143791 0.45770833333333344 0.5952614379084967 0.5008333333333334 0.6191176470588236 0.5160416666666668
0 0.6364816133403772 0.6399227596641938 0.6130475227967017 0.6229463588442016 0.5943652972056972 0.6648692730704153 0.6177993877493728 0.6818456738904075
0 0.6349219694807929 0.7817924896049898 0.6109900058429472 0.7705158523908525 0.596887441740383 0.8191696985446987 0.6208194053782289 0.830446335758836
0 0.7598039215686274 0.10052083333333345 0.7348856209150327 0.10052083333333345 0.7348856209150327 0.14947916666666677 0.7598039215686274 0.14947916666666677
0 0.7900326797385621 0.15833333333333346 0.7647058823529411 0.15833333333333346 0.7647058823529411 0.20364583333333344 0.7900326797385621 0.20364583333333344
0 0.7697076399687799 0.2876600007596476 0.7463387968374829 0.27122122835004575 0.7289532950828462 0.31139803631115176 0.7523221382141432 0.3278368087207537
0 0.7917979213543339 0.49413251366120237 0.7753910853959067 0.44631830601092903 0.7470829315332688 0.46210894808743175 0.763489767491696 0.5099231557377052
0 0.786029411764706 0.6637500000000001 0.7690359477124183 0.6204166666666666 0.7404411764705883 0.6386458333333332 0.7574346405228759 0.6819791666666667
0 0.7832924836601307 0.8236979166666669 0.7575571895424836 0.7908854166666669 0.7350898692810458 0.8195312500000003 0.7608251633986928 0.8523437500000003
0 0.8958838690115223 0.14464669243986253 0.8937226265076479 0.08402384020618554 0.8662059497338456 0.08561855670103093 0.8683671922377201 0.14624140893470788
0 0.8981501359667955 0.24419099756691015 0.8716500286245886 0.228423433698297 0.8546705786937646 0.27481371654501235 0.8811706860359717 0.29058128041362546
0 0.9039878530028365 0.3686812106918239 0.8775935688740907 0.3499852594339624 0.8566677457146382 0.3980100235849058 0.883062029843384 0.41670597484276733
0 0.9058886375062845 0.5479567307692309 0.878927853192559 0.5250400641025642 0.857183257918552 0.5666266025641027 0.8841440422322775 0.5895432692307694
0 1.0082842428366865 0.2033498282718727 0.9892860434123035 0.15732669016630502 0.9648400394141748 0.17373124548083876 0.9838382388385577 0.21975438358640645
0 0.9647908480601851 0.2992917592135573 0.9380520553071509 0.29853416008555467 0.93697395460323 0.36039018797301764 0.9637127473562642 0.3611477871010203
0 0.9995915032679739 0.41614583333333344 0.9730392156862745 0.41614583333333344 0.9730392156862745 0.46718750000000014 0.9995915032679739 0.46718750000000014
0 0.8986111111111111 0.7143750000000002 0.8825163398692811 0.6733333333333335 0.8576797385620915 0.6891666666666667 0.8737745098039216 0.7302083333333335
0 0.8556508428834985 0.8080220903287864 0.8269606985851354 0.7946391876530257 0.8140371136212443 0.8396778812521861 0.8427272579196072 0.853060783927947
0 0.9995915032679739 0.6125000000000003 0.9734477124183006 0.6125000000000003 0.9734477124183006 0.6697916666666669 0.9995915032679739 0.6697916666666669
0 0.9995915032679739 0.8343750000000002 0.9791666666666666 0.8343750000000002 0.9791666666666666 0.8895833333333336 0.9995915032679739 0.8895833333333336