0 0.054330065359477125 5.772423714731014e-18 0.003676470588235295 1.8178350924843522e-18 0.0036764705882352962 0.0359375 0.054330065359477125 0.035937500000000004
0 0.1966758005328238 0.17249335591751075 0.15087272704501095 0.15537643147184965 0.14365643602089073 0.18676729742677256 0.1894595095087036 0.20388422187243366
0 0.22589869281045752 0.37864583333333346 0.1997549019607843 0.3453125000000001 0.16932189542483658 0.3841145833333333 0.19546568627450983 0.4174479166666668
0 0.08637639115531726 0.3963029777631 0.061775606323550995 0.36420753522677235 0.03007323801383168 0.4037094066490533 0.05467402284559794 0.43580484918538087
0 0.17163147310206137 0.5321714743589744 0.13448969331322277 0.5006009615384616 0.11268225238813474 0.5423076923076924 0.14982403217697335 0.5738782051282051
0 0.30096996761117906 0.5096995548961425 0.26212277690502517 0.4818388353115728 0.24480954597467083 0.5210821587537092 0.2836567366808247 0.5489428783382789
0 0.4206470956112276 0.48275074265165735 0.37196041643674355 0.4730134068167606 0.36722338716599834 0.5115165728580364 0.4159100663404824 0.5212539086929332
0 0.3765275231905794 0.3395552998111427 0.32785445659341683 0.3302928878840707 0.3234890872888707 0.36758405516815584 0.3721621538860333 0.37684646709522784
0 0.3215511860174782 0.1184105805243446 0.2911480135125211 0.09418305243445697 0.2729951531174267 0.13121488764044947 0.3033983256223838 0.1554424157303371
0 0.41523527153927553 0.10129605987784132 0.37442339256720003 0.07627916291178544 0.35903880927558757 0.1170790778011416 0.39985068824766307 0.14209597476719746
0 0.5104638009049773 0.31514423076923087 0.46823152337858215 0.27924679487179493 0.4452300150829562 0.3232371794871796 0.48746229260935137 0.35913461538461555
0 0.5545591068797462 0.4339294315992293 0.5284125380856185 0.43084268389436703 0.5275069281934693 0.44331293210925987 0.5536534969875971 0.44639967981412215
0 0.5799461101242199 0.46420073246583204 0.5594361240690727 0.4274490547507979 0.5209473674075572 0.4623664988951633 0.5414573534627044 0.4991181766101974
0 0.6990604575163397 0.4323437500000001 0.6544526143790849 0.41338541666666667 0.640767973856209 0.46572916666666675 0.685375816993464 0.48468750000000005
0 0.6522337791795357 0.295116486018471 0.6134320390547188 0.2643130291174962 0.5937509431684422 0.3046145459209852 0.6325526832932591 0.33541800282196
0 0.5223703429205457 0.0750614776746243 0.48130222690313973 0.05997416556145012 0.47270548360812054 0.0980147546419099 0.5137735996255266 0.11310206675508408
0 0.6455237703907216 0.05449289230848547 0.6058193537235496 0.03210189194762355 0.5932243115825566 0.0684084699453553 0.6329287282497287 0.09079947030621721
0 0.8417075163398693 0.07994791666666679 0.8171977124183006 0.048697916666666785 0.7894199346405228 0.0841145833333335 0.8139297385620915 0.1153645833333335
0 0.7962156862745098 0.25976666666666676 0.7547320261437909 0.25015000000000015 0.7487516339869281 0.2920875000000001 0.790235294117647 0.3017041666666668
0 0.8655475041530135 0.41691546883396047 0.8383970684817004 0.38341533449758214 0.8084940540787333 0.42281255597349116 0.8356444897500465 0.4563126903098695
0 0.9708644658787304 0.2461239414934564 0.9285874126401911 0.21720025019245562 0.912020747482981 0.2565649056966896 0.9542978007215205 0.2854885969976904
0 0.980895405499478 0.3991475591715977 0.950870412267471 0.36580528846153837 0.9273040182542445 0.40030387080867846 0.9573290114862514 0.43364614151873776
0 0.9233044164037855 0.022609424290221013 0.8945653182408609 -0.006180993690851485 0.8724098472196448 0.02977129337539459 0.9011489453825693 0.05856171135646709
0 1.008583265653401 0.05008937376725845 0.9691645395830915 0.029148175542406386 0.9574414085160691 0.0650209566074952 0.9968601345863787 0.08596215483234726
0 0.7461825030622866 0.04397213089087219 0.7093813413889118 0.016992279239079443 0.6921703705750345 0.05515573626115557 0.7289715322484092 0.08213558791294832
0 0.8540129287724822 0.7101432481751826 0.8017158055436288 0.6899014598540149 0.7924578980010497 0.7287846715328469 0.8447550212299031 0.7490264598540148
0 0.6935062610996339 0.73694113909427 0.6431335550239813 0.7141515519100433 0.6324480808959444 0.7525464032655577 0.682820786971597 0.7753359904497844
0 0.5574280807213398 0.7627052919708032 0.506228829731406 0.7389674574209247 0.4952083631506132 0.7776079683698299 0.5464076141405468 0.8013458029197082
0 0.3555634758293905 0.7943427291886197 0.306698399415966 0.7616592026694767 0.29046941396860826 0.8011032446434844 0.3393344903820328 0.8337867711626274
0 0.20357872248081715 0.8135545609671447 0.15579991637253396 0.7836118261221656 0.1413879777578161 0.8209958979253431 0.1891667838660993 0.8509386327703223
0 0.04503721993998204 0.8403309187716691 0.0003496197884801196 0.8106039499752353 -0.015244879526847827 0.848713007677068 0.029442720624654094 0.8784399764735018
0 0.4949337604581033 0.9851800942549375 0.4605855657643071 0.9529108692399763 0.4383257941117801 0.991428224117295 0.47267398880557626 1.0236974491322564
0 0.8263812698680622 0.973932179579149 0.7830020817509213 0.9485824665231949 0.7695281364578352 0.9860645325203254 0.812907324574976 1.0114142455762796
0 0.9602501256913021 0.930488782051282 0.9565610859728506 0.8928605769230769 0.9034690799396682 0.9013221153846154 0.9071581196581197 0.9389503205128205