0 0.08706551213209068 0.0812422745553834 0.04793682471881822 0.034407631355619535 0.022585609773390577 0.06883843904508895 0.061714297186663034 0.11567308224485282
0 0.1301062091503268 0.2580729166666667 0.09742647058823531 0.21640625000000005 0.0749591503267974 0.2450520833333334 0.1076388888888889 0.28671875
0 0.20343137254901966 0.55625 0.17361111111111116 0.55625 0.17361111111111116 0.6223958333333334 0.20343137254901966 0.6223958333333334
0 0.24724858586536097 0.7801798270619537 0.23674318644219375 0.7154403031166855 0.206336962759258 0.7234612552261496 0.21684236218242525 0.7882007791714176
0 0.2899629235048915 0.904618774256145 0.25686359062814434 0.8720084087968955 0.23603924105217777 0.9063685855972403 0.26913857392892493 0.93897895105649
0 0.0476122322408283 0.8559762773722628 0.01806032632030921 0.8422749391727494 0.004547135155765528 0.8896555656934306 0.034099041076284614 0.903356903892944
0 0.08129084967320271 0.8739583333333333 0.054330065359477216 0.8739583333333333 0.054330065359477216 0.9203125 0.08129084967320271 0.9203125
0 0.3210349228448777 0.17888313609467457 0.29021879955137886 0.13338880670611442 0.2704369223034383 0.15517135108481264 0.3012530455969371 0.2006656804733728
0 0.1552176010832058 0.45136428540754103 0.13770518514027616 0.3854957109421971 0.11755348665275608 0.3942053433393456 0.13506590259568568 0.46007391780468954
0 0.36548034739009766 0.33083904109589046 0.3362146342555288 0.32945704908675805 0.33444578744739906 0.3903496004566211 0.36371150058196794 0.39173159246575356
0 0.43169260058763576 0.5209088302752294 0.402766534748456 0.4817230504587156 0.38169110151705943 0.5070135703363914 0.41061716735623915 0.5461993501529052
0 0.46233624686317043 0.6606033080260304 0.4614343640565409 0.6054080802603037 0.4310485871861398 0.6062152024584238 0.4319504699927693 0.6614104302241505
0 0.5165504783228171 0.7481293252595158 0.48495898070877713 0.7412894679930797 0.47762257728927787 0.7963736303344867 0.5092140749033178 0.8032134876009228
0 0.541360616275953 0.9115051590431126 0.5353530081853982 0.8476743230809674 0.5086944083627142 0.851753088853838 0.514702016453269 0.9155839248159833
0 0.4763968727140905 0.012220067128865484 0.44816622863517586 0.010911191812479435 0.4464942106478334 0.06953632249367234 0.4747248547267481 0.07084519781005838
0 0.46845505786412417 0.12319094036697255 0.4411479882472866 0.1171358944954129 0.43454308328836116 0.16555810397553522 0.4618501529051987 0.1716131498470949
0 0.5554575163398692 0.3043333333333335 0.5207516339869281 0.27114583333333353 0.49854575163398696 0.30889583333333354 0.5332516339869281 0.34208333333333346
0 0.5822900105988341 0.4209248310810811 0.5483627009362303 0.39002674549549554 0.5221140257904964 0.4368806306306307 0.5560413354531002 0.46777871621621625
0 0.6048611111111112 0.5515104166666667 0.5736111111111111 0.5382291666666668 0.5615604575163398 0.5843229166666667 0.5928104575163399 0.5976041666666667
0 0.6775361686786222 0.7920559015421117 0.6463159700416347 0.7507191577698695 0.6236997883376364 0.7784868030842229 0.6549199869746238 0.8198235468564652
0 0.711678590355061 0.9426379504504506 0.6860521550962728 0.9418780968468471 0.6850114820703057 0.9989329954954956 0.7106379173290939 0.9996928490990993
0 0.6240767914351951 0.0001615986890022884 0.5983063898052545 -0.00161446953143957 0.5964195097801198 0.042892313061422764 0.6221899114100605 0.04466838128186463
0 0.6518316739476447 0.2278119602763386 0.627779047715805 0.2099228195164077 0.6093924616478716 0.2501106433506046 0.6334450878797114 0.26799978411053554
0 0.6863651009457811 0.2153589452896432 0.6589253070059701 0.2073797420518823 0.6489802401358438 0.2629764908816073 0.6764200340756549 0.27095569411936815
0 0.6882352941176472 0.40697916666666684 0.6577532679738564 0.40142708333333343 0.6519444444444445 0.45327083333333357 0.6824264705882354 0.45882291666666686
0 0.7218585892931355 0.39884694123314085 0.6948458574181118 0.39354828998073227 0.6885696475121841 0.445562379576108 0.7155823793872078 0.4508610308285165
0 0.7349623436515046 0.5819638324873098 0.7041612753392389 0.5791587351945856 0.7011587206794732 0.6327543358714044 0.7319597889917389 0.6355594331641287
0 0.7659313725490197 0.5973958333333335 0.7393790849673203 0.5973958333333333 0.7393790849673203 0.6546875 0.7659313725490197 0.6546875000000001
0 0.8088235294117647 0.7734375000000002 0.7826797385620915 0.7734375000000002 0.7826797385620915 0.8343750000000002 0.8088235294117647 0.8343750000000002
0 0.8127496923789892 0.9200998370008153 0.7837853764162552 0.9145604115729424 0.7773762724323634 0.969037795436023 0.8063405883950973 0.9745772208638959
0 0.8124984388659923 0.19109010084925693 0.8106823196369842 0.12625464437367304 0.7838141626077183 0.12747810509554142 0.7856302818367262 0.19231356157112528
0 0.8717320261437909 0.3838541666666668 0.8402777777777778 0.3838541666666668 0.8402777777777778 0.4385416666666668 0.8717320261437909 0.4385416666666668
0 0.9335353433610888 0.644816638127854 0.9118654311039485 0.5840325342465753 0.888628682066434 0.5974992865296805 0.9102985943235742 0.6582833904109592
0 0.9976860990481204 0.8582109899328861 0.9686883142518752 0.8053935961968682 0.9413272579725402 0.8298133389261747 0.9703250427687854 0.8826307326621927
0 0.9705882352941176 1.489030183650779e-16 0.9358660130718954 1.461922116482153e-16 0.9358660130718954 0.047916666666666816 0.9705882352941176 0.047916666666666816
0 0.9995915032679739 0.16979166666666684 0.9779411764705882 0.16979166666666684 0.9779411764705882 0.23385416666666684 0.9995915032679739 0.23385416666666684