0 0.0892156862745098 0.05479166666666669 0.05843994101705724 0.029401676829268312 0.036728837876614066 0.072182418699187 0.06750458313406664 0.09757240853658539
0 0.09720744172741516 0.2470256787538842 0.06251781404614304 0.23553755530099538 0.052090142687927866 0.28672438708063414 0.0867797703692 0.298212510533523
0 0.2885463800904977 0.16010016025641027 0.2611142533936652 0.13289663461538465 0.23773252890899954 0.17122596153846154 0.2651646556058321 0.1984294871794872
0 0.06774576346375656 0.3128511500754148 0.030049463224203724 0.26915771116138765 0.006168115813444553 0.3026513009049774 0.043864416052997394 0.34634473981900454
0 0.05346063169067987 0.4918971974497379 0.05017041628510905 0.446451097160291 0.028341581880346592 0.44902018305562075 0.03163179728591741 0.49446628334506765
0 0.09313725490196083 0.6000000000000001 0.06556372549019612 0.5648437500000001 0.03819444444444449 0.5997395833333334 0.0657679738562092 0.6348958333333334
0 0.12722014533225237 0.49885544282797356 0.09840142029246614 0.4771431533945892 0.07850956870752385 0.5200636485451763 0.10732829374731008 0.5417759379785606
0 0.047105815562234636 0.14830018248175184 0.012075759744287016 0.119132299270073 -0.005423405371881108 0.15329668491484186 0.029606650446066512 0.1824645681265207
0 0.34365235931771076 0.31044334349593505 0.3142824406185238 0.28621316056910573 0.2953002949147138 0.32361661585365853 0.3246702136139008 0.34784679878048785
0 0.33351863082002564 0.5682184278350516 0.3078338723805673 0.5165109536082475 0.28456802361441536 0.5352981264869153 0.31025278205387363 0.5870056007137194
0 0.3160431270953977 0.4143539507772021 0.304714221612652 0.3594654037132989 0.27300492735954485 0.3701047063903282 0.28433383284229063 0.42499325345423145
0 0.384484320498493 0.7725901338514681 0.38229156083849775 0.7292557210708119 0.3550488502827729 0.731496653713299 0.35724160994276816 0.7748310664939553
0 0.3599490083389678 0.7815822557471265 0.333079783637593 0.7669001436781608 0.31757099391480736 0.8130387931034484 0.3444402186161822 0.8277209051724139
0 0.10136190734954491 0.7963661951501155 0.07534642032332566 0.749375721709007 0.04984603541185527 0.7723260681293304 0.07586152243807452 0.8193165415704389
0 0.18955436008269125 0.9055589390308839 0.1718351291528326 0.8554635915867945 0.1475539789930882 0.8694252529286477 0.16527320992294683 0.919520600372737
0 0.11346551400112768 0.9218284078807242 0.0867474785441334 0.8849241214057508 0.06397867986385183 0.9117212460063899 0.09069671532084611 0.9486255324813633
0 0.2310049019607844 0.9664062500000002 0.2034313725490197 0.9312500000000002 0.17851307189542492 0.9630208333333335 0.20608660130718964 0.9981770833333335
0 0.3787122252256117 0.9929476659372721 0.3702634044135524 0.9363933716265501 0.34062370389439506 0.943591584609774 0.3490725247064544 1.000145878920496
0 0.5363637045032081 0.9023987003058107 0.5113292258799546 0.8928230122324161 0.4984334712478265 0.9476299694189604 0.5234679498710799 0.957205657492355
0 0.5224673202614379 0.6760416666666667 0.4852941176470588 0.6760416666666667 0.4852941176470588 0.7427083333333333 0.5224673202614379 0.7427083333333333
0 0.5429833953916102 0.516193834043949 0.5124767683393462 0.48853449218322964 0.4915934614799238 0.5259776087788348 0.5221000885321878 0.5536369506395542
0 0.5096427878081925 0.1398044554455446 0.4880981039280398 0.09437417491749178 0.4617465864233482 0.11468935643564357 0.48329127030350094 0.16011963696369638
0 0.5254901960784314 0.3115625000000001 0.4959150326797386 0.2927083333333334 0.47843137254901963 0.3372916666666667 0.5080065359477125 0.35614583333333344
0 0.692999607597886 0.17958431050656679 0.6647161522520203 0.14449753752345232 0.6472401562250917 0.16739837398374 0.6755236115709574 0.20248514696685446
0 0.7091503267973857 1.085917278931442e-16 0.6748366013071896 1.0591281302000936e-16 0.6748366013071896 0.05208333333333344 0.7091503267973857 0.05208333333333344
0 0.74734477124183 0.2731770833333334 0.718954248366013 0.2369791666666667 0.6966911764705882 0.26536458333333335 0.7250816993464052 0.3015625
0 0.7190783942833122 0.38359210802858346 0.6949510731152486 0.34544681326187476 0.6720675291974713 0.36897626366120223 0.696194850365535 0.4071215584279109
0 0.7700324966286228 0.45163528620083504 0.7393982037992081 0.429808352559877 0.7199613530316542 0.4741550620742695 0.7505956458610691 0.4959819957152275
0 0.7400227164036346 0.504385162601626 0.7122270046229874 0.4880284552845529 0.6935517296349434 0.5396189024390244 0.7213474414155906 0.5559756097560976
0 0.7888071895424836 0.6484375000000001 0.7603758169934641 0.6303125000000002 0.7405228758169935 0.6809375000000001 0.7689542483660131 0.6990625000000001
0 0.7956161475396476 0.8184200955943476 0.7673903476602609 0.8026205320033252 0.7485367463693706 0.8573745324189527 0.7767625462487573 0.8731740960099752
0 0.7683121876201461 0.8920171568627453 0.7383083429450212 0.860935049019608 0.7151172625913111 0.8973272058823533 0.745121107266436 0.9284093137254904
0 0.9838800904977377 0.4470352564102564 0.9593074409250879 0.40004006410256404 0.934043489190548 0.42151442307692305 0.9586161387631975 0.4685096153846154
0 1.0002509536237705 0.6321761234357228 0.9727192498159674 0.5877124217861208 0.9470111423408955 0.613589661547213 0.9745428461486985 0.658053363196815
0 1.0029120895828134 0.833682000897813 0.9743201190041804 0.8167883304766572 0.9583411351808112 0.860751560969638 0.986933105759444 0.8776452313907938
0 0.9581440299697116 0.22404725609756102 0.9313625856846806 0.18136432926829268 0.9056571815718159 0.2075838414634146 0.932438625856847 0.2502667682926829
0 0.9314012541953718 0.00428209459459475 0.8972719042571984 -0.002588682432432273 0.8900646970499914 0.05560951576576591 0.9241940469881647 0.06248029279279293