0 0.06413398692810457 0.01250000000000001 0.03758169934640523 0.012500000000000008 0.037581699346405234 0.0671875 0.06413398692810457 0.0671875
0 0.1147875816993464 0.0666666666666667 0.0923202614379085 0.06666666666666668 0.0923202614379085 0.11770833333333335 0.1147875816993464 0.11770833333333336
0 0.10680490485279659 0.2161854719764012 0.09789750708543006 0.1624981563421829 0.07386604199201806 0.1689797197640118 0.0827734397593846 0.2226670353982301
0 0.15514630928824127 0.385239870030581 0.14338610061761706 0.33525898318042807 0.12359836901121302 0.3428277905198776 0.13535857768183723 0.39280867737003056
0 0.2031652179772253 0.5093406357388317 0.17530152954652656 0.480083762886598 0.15498450239202213 0.5115388745704468 0.18284819082272089 0.5407957474226806
0 0.2464123521672753 0.6622656530319341 0.22145403730203964 0.6256705238607823 0.19935607899420987 0.6501704341585935 0.22431439385944552 0.6867655633297454
0 0.2965323109067082 0.8138736732870953 0.2651790276850547 0.7921727222572509 0.24846697821625502 0.8314240489701556 0.2798202614379085 0.853125
0 0.06086601307189551 0.8286458333333333 0.036356209150326876 0.8286458333333333 0.036356209150326876 0.8755208333333333 0.06086601307189552 0.8755208333333333
0 0.04675500953200542 0.9279327631311592 0.03489827049381166 0.8759668990653255 0.009767192968826267 0.8852882441836838 0.02162393200702003 0.9372541082495175
0 0.4477750733453405 0.6344693277007508 0.4168900301310588 0.5982411720103985 0.3966174063501773 0.6263363843154245 0.42750244956445893 0.6625645400057768
0 0.33599246060803306 0.37917228561549104 0.3068471510319204 0.3371650242047027 0.28534089984541533 0.36142159405255886 0.314486209421528 0.4034288554633472
0 0.3970344636325478 0.47866255733944946 0.37621799484319723 0.42937213302752286 0.3538068897283684 0.44475821865443416 0.37462335851771894 0.49404864296636075
0 0.260736518150661 0.17427231965913595 0.25987289485750703 0.12912641200951247 0.23252984309062505 0.12997671422909232 0.23339346638377903 0.1751226218787158
0 0.379337108406581 0.1705693247126437 0.37701290286229433 0.12019216954022989 0.3497140522875817 0.12223958333333335 0.3520382578318684 0.17261673850574713
0 0.5100954368475314 0.22308894844308336 0.48281811448418066 0.20253796579887703 0.4649593630203485 0.2410716564573763 0.4922366853836992 0.2616226391015826
0 0.4533365723404592 0.35675488517324744 0.44909294633781527 0.3094119325812517 0.42412724557994025 0.31304979183454207 0.4283708715825842 0.36039274442653785
0 0.530800792480188 0.3715190713982151 0.5254476276981964 0.32471711644708884 0.5097146876883634 0.32764245998016717 0.5150678524703549 0.37444441493129343
0 0.5612131655847777 0.4355606513083049 0.5368009547391198 0.4318988196814562 0.5325375315086217 0.47810366894197964 0.5569497423542796 0.48176550056882833
0 0.6158969509969809 0.6025935913705586 0.5854512955774527 0.5795902072758038 0.5706740818154673 0.6113843062605755 0.6011197372349956 0.6343876903553302
0 0.5177603429688026 0.8737494630584192 0.5146018630820025 0.8321364905498281 0.4958939761471599 0.8344448024054982 0.49905245603396 0.8760577749140894
0 0.6635777307349687 0.7804664369576315 0.6606590747580297 0.7274381061766207 0.6322186940115504 0.7299827718223584 0.6351373499884895 0.7830111026033691
0 0.7627157540872114 0.5923267279523956 0.7327542577401219 0.5788856677855764 0.7197774746151131 0.6259094318990949 0.7497389709622025 0.6393504920659141
0 0.723889784224192 0.4785316780821919 0.6968506580714479 0.4656035958904111 0.6831856030083268 0.512064783105023 0.7102247291610709 0.5249928652968039
0 0.693226661733876 0.37053852201257875 0.6650095572820324 0.36025943396226423 0.6534329140461216 0.4119202044025158 0.6816500184979652 0.4221992924528303
0 0.6528681827922427 0.09873206967213127 0.6270860120004287 0.09574368169398918 0.6228503696560592 0.1551485655737706 0.6486325404478732 0.1581369535519127
0 0.4501700229641406 0.06817567567567569 0.44843344475697416 0.013929313929313928 0.42363149348443474 0.015220027720027722 0.4253680716916012 0.06946638946638947
0 0.6475320326150262 0.23511241749174927 0.6258533941629458 0.232348391089109 0.6219544748592508 0.2820596122112213 0.6436331133113312 0.2848236386138615
0 0.8597050096002792 0.15602281157270045 0.8286931983475884 0.13378152818991118 0.812449089428056 0.17060150840751748 0.8434609006807471 0.19284279179030678
0 0.8356605077928608 0.04516907051282046 0.8083559577677224 0.028519230769230693 0.7918614881850176 0.07249198717948714 0.8191660382101559 0.0891418269230769
0 0.9073655103066867 0.3448717948717949 0.8793677727501257 0.3210737179487181 0.8565548014077425 0.36470352564102576 0.8845525389643036 0.38850160256410265
0 0.9428553134022539 0.47269575998882385 0.9114301700003834 0.4564185177423863 0.898485651595089 0.49704439089131053 0.9299107949969594 0.5133216331377481
0 0.9903004389103572 0.6017982055961075 0.9588804804160106 0.5831033302919713 0.9441969610228519 0.6232208029197086 0.9756169195171985 0.6419156782238448
0 0.8048922168255681 0.7340691896024464 0.7982603285962703 0.6854491590214067 0.7649539785333094 0.6928344801223242 0.7715858667626072 0.7414545107033639
0 0.7173202614379085 0.8901041666666667 0.6887254901960784 0.8901041666666667 0.6887254901960784 0.9416666666666667 0.7173202614379085 0.9416666666666667