0 0.052484787018255576 0.12614942528735631 0.03589136804146946 0.07325790229885057 0.008775636691458187 0.08708692528735631 0.02536905566824431 0.13997844827586206
0 0.18401829640026654 0.07181557302964575 0.15589121404165424 0.03741729934924079 0.13375574199310958 0.06684099331164138 0.1618828243517219 0.10123926699204634
0 0.23081626493484864 0.1572551751592357 0.20704331626493477 0.12469944267515924 0.1861046063860788 0.14955513535031847 0.20987755505599265 0.18211086783439492
0 0.28113853322611904 0.031826695583596215 0.25973433537452834 -0.002906480021030481 0.23896929960207006 0.017895636172450078 0.26037349745366073 0.052628811777076775
0 0.32906433191833434 0.14718159364261177 0.30606007007614044 0.12040163230240553 0.28579905329829525 0.1486946950171822 0.3088033151404892 0.1754746563573884
0 0.3055331398504047 0.20525646811071002 0.2785210353696232 0.18480746089049344 0.2607790047426913 0.22290613718411562 0.2877911092234728 0.2433551444043322
0 0.20872615278310214 0.2974199704320541 0.17579557770489324 0.28113949734491916 0.16273152092118529 0.3240961787955588 0.1956620959993942 0.3403766518826937
0 0.09926470588235299 0.36875 0.06985294117647063 0.36875 0.06985294117647063 0.4328125 0.09926470588235299 0.4328125
0 0.024509803921568686 0.5963541666666666 5.755539797463358e-17 0.5963541666666666 6.05569832666614e-17 0.6588541666666666 0.02450980392156869 0.6588541666666666
0 0.1391031569860649 0.6247582547169813 0.11054229868047855 0.617930424528302 0.10152454063386368 0.679251179245283 0.13008539893945006 0.6860790094339623
0 0.4226541305837942 0.06983859551944865 0.393760981743756 0.03572862813884795 0.3732230090460604 0.0640094165435747 0.4021161578860987 0.0981193839241754
0 0.4467352837963715 0.23782981313330706 0.4187965586287153 0.2068950273062246 0.3986957133162516 0.23640672292406908 0.4266344384839078 0.26734150875115154
0 0.2601160059422421 0.38918893792145975 0.23500342223362972 0.3580597976993257 0.21385508785029284 0.38579432764775895 0.23896767155890522 0.416923467869893
0 0.3321175046782198 0.4037428682572615 0.304124799989152 0.38023923755186734 0.2861528082879072 0.4150350103734441 0.314145512976975 0.4385386410788383
0 0.2564763526984623 0.5976859526967286 0.2269318536433142 0.5731190594606544 0.20802127216934527 0.6100892462422637 0.23756577122449338 0.6346561394783379
0 0.30318880502053336 0.6701599373156344 0.2733631210596333 0.6478678097345134 0.2538142026722194 0.6903867072271387 0.2836398866331194 0.7126788348082597
0 0.1919486496198893 0.9418370063242129 0.1572441422791799 0.8955307014713475 0.13140255887245636 0.9270143639218723 0.16610706621316573 0.9733206687747377
0 0.06742599000384472 0.8222732843137255 0.0370530565167244 0.8125919117647059 0.02549500192233762 0.8715379901960785 0.05586793540945794 0.881219362745098
0 0.3911860955457501 0.5463793334867312 0.3602046356201631 0.5183125766988802 0.3394857866447699 0.555491400138058 0.37046724657035696 0.5835581569259088
0 0.4288235909684092 0.824144298520999 0.39900837375552994 0.8144988532510116 0.38771384094310263 0.8712538806334588 0.41752905815598196 0.8808993259034462
0 0.29839212317229313 0.8547948883161515 0.26477326325719297 0.8357442010309281 0.24802910855063687 0.883778994845361 0.28164796846573703 0.9028296821305843
0 0.5680053366912514 0.952217125382263 0.5364592702524436 0.9305595374617738 0.5166790339989208 0.9773963111620796 0.5482251004377285 0.9990538990825688
0 0.5307164404223229 0.766411858974359 0.5034539969834088 0.7644807692307692 0.5009527400703871 0.8218846153846154 0.5282151835093012 0.8238157051282051
0 0.5131783938983125 0.6353778456998316 0.4823734693427679 0.5950679806070827 0.4594462630470961 0.623550625351321 0.4902511876026408 0.6638604904440698
0 0.47419654581469345 0.4133193813847901 0.44495031270169805 0.38945445516458577 0.42645528699561547 0.42630001418842234 0.45570152010861087 0.45016494040862665
0 0.5535130718954249 8.413068375392494e-17 0.5196078431372549 8.148366072451791e-17 0.5196078431372549 0.048437500000000085 0.5535130718954249 0.04843750000000009
0 0.5978181588512379 0.21761611596009983 0.5677055319218295 0.21569643599335003 0.5650375694750054 0.283729478387365 0.5951501964044138 0.2856491583541148
0 0.6435968391385467 0.514781075956867 0.6116571287834958 0.4751296065884584 0.5887410865519332 0.5051372348619505 0.6206807969069841 0.5447887042303592
0 0.6812174173743457 0.7178329460022351 0.6443771377290121 0.6720072322970639 0.6178130222931394 0.70672321065732 0.6546533019384732 0.7525489243624913
0 0.7079751810634163 0.8907809684684687 0.6722023494082318 0.8472438063063065 0.6434901077548136 0.8855951576576578 0.6792629394099982 0.9291323198198199
0 0.8398960677167042 0.9079576502732237 0.8273866923818709 0.8401724726775955 0.7995178399228544 0.8485331284153006 0.8120272152576878 0.9163183060109288
0 0.7129191895897885 0.6613857684961801 0.6824898787420076 0.6435599492360276 0.6652460441353863 0.6914115902694011 0.6956753549831673 0.7092374095295537
0 0.779469192628422 0.42243866047745376 0.7565760389036252 0.41629365605658725 0.7487355021584231 0.46377790671971725 0.7716286558832198 0.46992291114058377
0 0.7620977878330819 0.29379006410256425 0.7281611362493715 0.26494391025641045 0.7090560583207641 0.30148237179487203 0.7429927099044746 0.3303285256410258
0 0.7322303921568627 0.11848958333333333 0.702001633986928 0.07994791666666673 0.681781045751634 0.10572916666666672 0.7120098039215687 0.14427083333333332
0 0.8140984945890927 0.6226272199453554 0.7813069216757742 0.6062670765027324 0.7629547037394192 0.6660647199453554 0.7957462766527377 0.6824248633879784
0 0.8762251334303738 0.2797361717612811 0.8503210891343438 0.2683829148471617 0.8354475269001342 0.3235503093158662 0.8613515711961642 0.33490356622998557
0 0.8527777777777777 0.10250000000000016 0.8253267973856209 0.08500000000000014 0.8066993464052287 0.13250000000000017 0.8341503267973857 0.1500000000000002
0 0.9190669371196755 0.6065050287356324 0.8923258958755919 0.6036637931034485 0.8884268649988734 0.6633189655172415 0.915167906242957 0.6661602011494254
0 0.8995347122588875 0.46533917682926856 0.874068428184282 0.46173145325203274 0.8685885939741753 0.5246125508130083 0.8940548780487808 0.5282202743902441
0 0.9428104575163399 0.7984375000000002 0.9211601307189542 0.7984375000000002 0.9211601307189542 0.8625000000000003 0.9428104575163399 0.8625000000000003
0 1.012482588663881 0.13430669398907089 0.9814435336976323 0.08681693989071029 0.9554068895317692 0.1144808743169398 0.9864459444980179 0.1619706284153004
0 0.9758986928104575 0.9505208333333336 0.951797385620915 0.9505208333333336 0.951797385620915 0.9994791666666669 0.9758986928104575 0.9994791666666669