0 0.09949070988168637 0.1831579025023607 0.09251860800977614 0.10823270774315391 0.06590475661463831 0.1122586166194523 0.07287685848654853 0.18718381137865908
0 0.11418920020210908 0.3893212281795511 0.09398969895522631 0.33065850997506235 0.0624058725734683 0.3483377493765586 0.08260537382035107 0.40700046758104735
0 0.105533950059592 0.5347146106767197 0.08153359780103056 0.5295280938750815 0.07243396520853529 0.597980080052127 0.09643431746709671 0.6031665968537652
0 0.10690695646504653 0.8183148898586866 0.10398126415986177 0.7437097360764755 0.07820827832379834 0.7453527639235245 0.0811339706289831 0.8199579177057356
0 0.11842419894787187 0.9379573170731708 0.08878925553961427 0.9205182926829268 0.0690140283755779 0.9751473577235773 0.09864897178383548 0.9925863821138212
0 0.28720276696930386 0.12643644617380026 0.27013968362961266 0.0726203793774319 0.24050396098776733 0.0878953874837873 0.2575670443274586 0.14171145428015564
0 0.2917843437069017 0.26692373853211016 0.2664680398153145 0.23262805810397555 0.23535183186424416 0.26996750764525995 0.2606681357558314 0.30426318807339453
0 0.2946580972265964 0.38859495835812025 0.26741991908800006 0.36662375446163 0.24653020785946736 0.4087232612036486 0.27376838599806375 0.43069446510013887
0 0.2991880775298625 0.6092442528735632 0.27621760198332207 0.5611293103448278 0.2472408158665765 0.5836178160919542 0.27021129141311695 0.6317327586206897
0 0.3040449606984758 0.7781513836772984 0.27447071699223774 0.7661536507191996 0.25953491152558583 0.8260035569105691 0.2891091552318239 0.838001289868668
0 0.3031045751633988 0.9317708333333333 0.2655228758169936 0.9317708333333333 0.2655228758169936 0.9994791666666667 0.3031045751633988 0.9994791666666667
0 0.4125104180374611 0.138709451901566 0.38648725709523185 0.09131012304250555 0.35441066807036015 0.11993847874720356 0.3804338290125894 0.16733780760626402
0 0.40453431372549026 0.3078645833333334 0.3762254901960785 0.2958333333333334 0.3617238562091504 0.35130208333333335 0.39003267973856215 0.3633333333333334
0 0.443459636106695 0.43611204954954963 0.4176536830948596 0.4259881756756757 0.4044316375198729 0.480777027027027 0.4302375905317082 0.49090090090090094
0 0.3714460784313726 0.5068229166666668 0.34558823529411775 0.4958333333333334 0.33218954248366017 0.5470833333333334 0.3580473856209151 0.5580729166666668
0 0.41304895245769546 0.5686893550228312 0.3874423627898649 0.5538491723744293 0.3692558644462352 0.6048623002283106 0.39486245411406584 0.6197024828767125
0 0.4168822993678347 0.742704918032787 0.38872816886317385 0.7204832650273225 0.3669378817100612 0.7653628756830603 0.39509201221472207 0.7875845286885248
0 0.4490867469099852 0.8265851897689771 0.4227908820293794 0.8138129125412542 0.4063215880411571 0.8689335808580859 0.43261745292176285 0.8817058580858087
0 0.41176470588235303 0.9458333333333333 0.36437908496732035 0.9458333333333333 0.36437908496732035 0.9994791666666667 0.41176470588235303 0.9994791666666667
0 0.5878056682443092 0.03327047413793099 0.5727828487716926 -0.01142241379310347 0.5417230110434978 0.005549568965517259 0.5567458305161145 0.05024245689655172
0 0.5872409835190396 0.17804842473745636 0.5592892252194537 0.15104956728899263 0.5286638867915894 0.20259201186308828 0.5566156450911753 0.229590869311552
0 0.5820097675298775 0.31599689123979224 0.5517697279357177 0.3110748422420194 0.5453993624175728 0.3746988678544915 0.5756394020117327 0.37962091685226435
0 0.5888038774068187 0.4994017454954956 0.5600321342103349 0.4849504835718072 0.5434295671103629 0.5386853305511394 0.5722013103068466 0.5531365924748279
0 0.5649509803921569 0.6859375 0.5359477124183006 0.6859375 0.5359477124183006 0.7494791666666667 0.5649509803921569 0.7494791666666667
0 0.582213781990918 0.9082449528637494 0.5775206471774053 0.8567847296335823 0.5426148848013057 0.8619597118463179 0.5473080196148185 0.9134199350764851
0 0.6895424836601307 1.0623173145728733e-16 0.6678921568627451 1.0454146373971416e-16 0.6678921568627451 0.039583333333333436 0.6895424836601307 0.039583333333333436
0 0.7286052914316412 0.028408675799086916 0.7149500850568538 0.02457248858447502 0.7067196033664608 0.07219848744292251 0.7203748097412481 0.07603467465753441
0 0.677344108814697 0.21228659909909922 0.6626499293411057 0.1531990427927928 0.6365677442148029 0.16374324324324324 0.6512619236883941 0.22283079954954965
0 0.7333824447381949 0.19458977059925103 0.7064721487846075 0.18667193352059935 0.6955047000073439 0.2472670880149814 0.7224149959609312 0.25518492509363305
0 0.7311134315659203 0.3444779339250494 0.7108133194106044 0.3426929240631164 0.7075482461229067 0.40305596646942815 0.7278483582782226 0.40484097633136107
0 0.7364687084273238 0.5034317846607671 0.7082941465671815 0.49583278023598837 0.6982892301463358 0.5561351401179943 0.7264637920064781 0.5637341445427729
0 0.7297508826357079 0.6816620313143801 0.7034960049120597 0.6756843582612281 0.6943818318427495 0.7407595539761024 0.7206367095663977 0.7467372270292543
0 0.7274509803921569 0.880416666666667 0.6935771744595274 0.8686378205128207 0.6776740824534943 0.9429847756410258 0.7115478883861238 0.954763621794872
0 0.8476512052497361 0.22131550902708128 0.837635865111675 0.15533945586760284 0.8139856661487732 0.16117571464393182 0.8240010062868345 0.2271517678034103
0 0.8862587181425731 0.2584754736271075 0.8620974762797788 0.2322001231013188 0.840558018400149 0.2643978989317312 0.8647192602629432 0.2906732494575199
0 0.8860153256704981 0.3784303160919542 0.8574909848997072 0.36388290229885073 0.8375169033130495 0.427550287356322 0.8660412440838404 0.4420977011494255
0 0.851584875523243 0.510214770599251 0.8410098589997795 0.4517878043071162 0.8106984835132555 0.4607063436329588 0.8212735000367187 0.5191333099250937
0 0.8822188404765295 0.5667846940410082 0.8562094993201609 0.549931920119607 0.8347287832974567 0.6038242649152784 0.8607381244538254 0.6206770388366796
0 0.8758831283152948 0.8063808443824146 0.8457282017249795 0.798067864619679 0.83549098285511 0.8584354646429405 0.8656459094454253 0.866748444405676
0 0.8786764705882353 0.9427083333333336 0.8423202614379085 0.9427083333333336 0.8423202614379085 0.9994791666666669 0.8786764705882353 0.9994791666666669
0 0.9967320261437909 0.8593750000000002 0.9697712418300654 0.8593750000000002 0.9697712418300654 0.9161458333333335 0.9967320261437909 0.9161458333333335
0 0.9995915032679739 0.6380208333333336 0.9758986928104575 0.6380208333333336 0.9758986928104575 0.6973958333333335 0.9995915032679739 0.6973958333333335
0 0.9995915032679739 0.3906250000000001 0.9775326797385621 0.3906250000000001 0.9775326797385621 0.45364583333333347 0.9995915032679739 0.45364583333333347
0 0.9995915032679739 0.13489583333333352 0.9758986928104575 0.13489583333333352 0.9758986928104575 0.20000000000000018 0.9995915032679739 0.20000000000000018