0 0.04750647428782834 0.07752319182389937 0.02011838697743248 0.03149253144654088 -0.004638364779874212 0.055438286163522005 0.022749722530521644 0.10146894654088048
0 0.1695261437908497 0.19270833333333337 0.1504901960784314 0.14416666666666667 0.12173202614379085 0.1625 0.14076797385620915 0.21104166666666668
0 0.16492997077366434 0.023250151830643814 0.13563813951747627 0.004097800624674663 0.11540255960097033 0.05440851119208745 0.1446943908571584 0.07356086239805659
0 0.17207664008628992 0.334545882449247 0.14910130718954248 0.2880208333333334 0.120238485046933 0.3111912655533727 0.14321381794368043 0.3577163146692862
0 0.170574530264951 0.47442009992124434 0.14973612993139762 0.41980612571372317 0.12148036513286159 0.4373323365820043 0.14231876546641495 0.4919463107895255
0 0.17017973856209145 0.6162499999999999 0.14910130718954245 0.5625 0.1211601307189542 0.5803125 0.1422385620915032 0.6340625
0 0.05316051203509373 0.5281129459980715 0.027900287405222532 0.4840405014464803 0.00003190765216413229 0.5100063283510127 0.02529213228203533 0.5540787729026037
0 0.05033751811433471 0.3085242269984917 0.031156655724129765 0.2568957390648567 0.004904733386567296 0.2727505184766214 0.024085595776772245 0.32437900641025647
0 0.05360734037204632 0.7198717948717949 0.023724233283056867 0.6944711538461539 0.0005970336852690687 0.738701923076923 0.030480140774258525 0.7641025641025639
0 0.17218743933216854 0.8229940181518153 0.15401801858386535 0.7584601291011455 0.12203465156204202 0.7730986701611339 0.14020407231034523 0.8376325592118036
0 0.05429538167468251 0.9083087657232704 0.025646658034282982 0.8880159198113208 0.004855715871254239 0.9357311320754718 0.033504439511653765 0.9560239779874214
0 0.1715367447792125 0.97473831300813 0.1493822732344971 0.9135365853658537 0.12005818587597644 0.9307926829268294 0.14221265742069186 0.9919944105691056
0 0.373667672197084 0.8340064102564104 0.34445088229162835 0.8192610616010008 0.3275388110215944 0.8737357332707943 0.3567556009270501 0.8884810819262039
0 0.3415501446480232 0.8144467213114753 0.3153996571306119 0.7744364754098361 0.28936301296474887 0.8021004098360656 0.3155135004821601 0.8421106557377048
0 0.3164676761793827 0.6311829620462047 0.2957597230311267 0.628542698019802 0.29173137902025503 0.679904084158416 0.31243933216851105 0.6825443481848186
0 0.365028175350695 0.6938077748431827 0.33759051931546247 0.6777155895785187 0.31853291277994633 0.7305383033454386 0.3459705688151788 0.7466304886101024
0 0.3569226206464322 0.5848137842465755 0.33438031605336205 0.5837492865296805 0.33287111648312295 0.6357034817351598 0.3554134210761931 0.6367679794520548
0 0.3366964365654938 0.46235017123287675 0.3081800071626824 0.44871575342465764 0.29246687259378634 0.5021404109589042 0.3209833019965977 0.5157748287671233
0 0.35586955318471786 0.3554229887085392 0.33368446178753786 0.35275449894142563 0.3291749980396769 0.41369990149376623 0.3513600894368569 0.4163683912608799
0 0.4002419743990762 0.239722039112283 0.3718599338219137 0.21949983520105473 0.3489030637524181 0.27187774664908815 0.3772851043295806 0.2920999505603164
0 0.3638625018688481 0.19453542875839305 0.33638876057991196 0.1762911474337089 0.3149841733666267 0.22868957693183117 0.34245791465556286 0.24693385825651534
0 0.3611448196799252 0.06228184884630436 0.33457895281695005 0.04681878177551827 0.31674440405806437 0.09662812866640601 0.3433102709210395 0.1120911957371921
0 0.5523993331158711 0.9100132855822551 0.5338482204341997 0.8433557647874308 0.5036877967453155 0.8570009242144179 0.522238909426987 0.9236584450092421
0 0.547834274142659 0.6460094841037646 0.5181123722162945 0.6373666678857034 0.5066571342794969 0.7014058538131462 0.5363790362058614 0.7100486700312075
0 0.5520912937297962 0.4694667515296288 0.5218643844261366 0.44950889489565 0.5000064710319632 0.5033245851144079 0.5302333803356227 0.5232824417483867
0 0.5528536983899252 0.3002954776422764 0.5291818109357566 0.2491178861788618 0.4983293479993624 0.27231656504065044 0.522001235453531 0.32349415650406504
0 0.5515399965295853 0.11632743362831857 0.526472395742958 0.06180540191740415 0.4987539042165539 0.08252258480825964 0.5238215050031813 0.13704461651917405
0 0.7038398692810458 0.17291666666666666 0.6768790849673203 0.13854166666666667 0.6540032679738562 0.16770833333333332 0.6809640522875817 0.20208333333333334
0 0.6926398512830255 0.04626386409994895 0.6632347525105572 0.02845540115587273 0.6479295610816144 0.06953775709671924 0.6773346598540828 0.08734622004079545
0 0.7023012566972423 0.513448229613734 0.678683483407669 0.4649333869814021 0.6528044264916266 0.4854135371959944 0.6764221997811999 0.5339283798283263
0 0.6711735275404627 0.5782670701023774 0.6423282570012215 0.5527269868124242 0.6194845498497855 0.5946680331424605 0.6483298203890266 0.6202081164324138
0 0.7126225490196079 0.7898437499999997 0.6964052287581698 0.7278125 0.66968954248366 0.7391666666666666 0.685906862745098 0.8011979166666665
0 0.706897973256581 0.9713302752293578 0.6933276368651436 0.9136563455657492 0.6670564250164899 0.9237050840978592 0.6806267614079272 0.9813790137614679
0 0.9034638530208831 0.9522106199186989 0.8755627291567034 0.9187926829268291 0.8488460465487008 0.9550541158536584 0.8767471704128805 0.9884720528455283
0 0.86455265224831 0.9025080472103006 0.8461510140536903 0.8643821530758229 0.8212625178826897 0.883910050071531 0.8396641560773095 0.9220359442060088
0 0.871141760451715 0.7523187869822487 0.8460939010712765 0.7156515039447733 0.820744624279692 0.7438014669625247 0.8457924836601307 0.7804687500000002
0 0.904847663977682 0.8276723525831755 0.8773759548901157 0.8019386495807411 0.8535808268848969 0.8432331113064646 0.8810525359724631 0.8689668143088991
0 0.9012308475302692 0.6675290300546449 0.8705172506160935 0.6432872267759564 0.8509033804778743 0.683684255464481 0.8816169773920499 0.7079260587431695
0 0.8625879839115134 0.6145432692307692 0.8419117647058826 0.5750000000000001 0.8175904977375567 0.5956730769230771 0.8382667169431874 0.6352163461538463
0 0.8956489675516225 0.5079323377581122 0.8694184163340853 0.4786688790560474 0.8473017525594306 0.5108960176991153 0.8735323037769679 0.5401594764011801
0 0.8549174935147331 0.4263315503542027 0.8300067011296189 0.39347507419107797 0.8080731718304783 0.42050814905226885 0.8329839642155924 0.4533646252153936
0 0.8507668530709515 0.29595592659446457 0.8295194190793044 0.26229805956678715 0.8069967969137113 0.2854112138989171 0.8282442309053585 0.31906908092659453
0 0.8486990950226245 0.12912660256410255 0.8284627953745601 0.09042467948717944 0.8062154348919055 0.10933493589743588 0.8264517345399699 0.148036858974359
0 0.8849668573756223 0.18783728753541093 0.8580518987576143 0.16079998819641197 0.8358472661963745 0.19673306185080286 0.8627622248143827 0.22377036118980181
0 0.8904687163715862 0.35849897097053707 0.8645128906559737 0.32805278740612354 0.8424409697443392 0.35864159084344294 0.8683967954599519 0.3890877744078565
0 0.8811764705882354 0.04643750000000004 0.8611764705882354 0.012437499999999938 0.8361437908496734 0.0363749999999999 0.8561437908496734 0.07037500000000001