0 0.24275519031141868 0.20133272058823531 0.21199778931180313 0.17780330882352943 0.19300269127258743 0.21816789215686275 0.223760092272203 0.24169730392156863
0 0.2070332401706043 0.2584562917594655 0.17972127603825497 0.2462683277654046 0.1683279473630581 0.28777259651076464 0.1956399114954074 0.2999605605048255
0 0.22026455527701663 0.39394744177403374 0.2079462938131976 0.3419975429468121 0.18399194828245138 0.35123110753221015 0.19631020974627048 0.40318100635943177
0 0.24205691287411868 0.4899948047639005 0.21630929194812884 0.47613400216540935 0.1986525086424623 0.5294528412265996 0.22440012956845215 0.5433136438250908
0 0.27157198495836693 0.43082191780821927 0.24533866057838663 0.41827910958904113 0.230851016205569 0.467537100456621 0.2570843405855493 0.4800799086757991
0 0.19029683225792976 0.1014759717784878 0.16265478502370062 0.06329539403620879 0.14047980747144437 0.08939363684771037 0.1681218547056735 0.12757421458998938
0 0.05350043797587764 0.27256228522336773 0.02978527519916241 0.22481991805445414 0.005324063275852242 0.2445723466825271 0.029039226052567476 0.2923147138514407
0 0.08371635588162511 0.5316780345211581 0.06732371864855817 0.47196199888641427 0.038883612093686765 0.48465339643652566 0.05527624932675371 0.5443694320712694
0 0.059769910980983665 0.5828714177978883 0.02496451069115433 0.5670225301659125 0.010094120604501251 0.620109822775264 0.04489952089433059 0.63595871040724
0 0.12147619286622492 0.7614965514789535 0.0941954426821923 0.7174381399317407 0.07108331102634456 0.7407023250853243 0.09836406121037718 0.784760736632537
0 0.07876981094155579 0.8338510087339397 0.07025666120353152 0.7828359589288293 0.051606105124307564 0.7878954182907465 0.06011925486233183 0.838910468095857
0 0.28277956844838403 0.7510408105022832 0.25554167785835796 0.7408764269406394 0.24331766496552962 0.794127283105023 0.2705555555555556 0.8042916666666667
0 0.2623782217289432 0.6364878144654089 0.23381605907965514 0.6248344521044994 0.22152202680782046 0.6738184869375908 0.2500841894571084 0.6854718492985002
0 0.29379084967320274 0.8664583333333333 0.2651576316801231 0.858345588235294 0.2556612841214918 0.9128308823529411 0.2842945021145714 0.9209436274509802
0 0.42504469793605315 0.8329200734684205 0.3991861141897214 0.8008180027254415 0.3740187655818341 0.8337736254295532 0.3998773493281659 0.8658756961725323
0 0.4043048427424661 0.6330816554809845 0.3759293986050796 0.6077565715883669 0.3526697591788393 0.6501223434004475 0.3810452033162258 0.675447427293065
0 0.458521009155946 0.7656118462296255 0.4315812972152859 0.7301187757478059 0.40717992821344906 0.7602269165323303 0.43411964015410925 0.79571998701415
0 0.4272875816993464 0.5447916666666667 0.4011437908496733 0.5447916666666667 0.4011437908496733 0.6020833333333333 0.4272875816993464 0.6020833333333333
0 0.4174312155721095 0.3964910844250364 0.38666498986785397 0.3773337427219797 0.36846298199046723 0.42485398471615715 0.3992292076947227 0.444011326419214
0 0.36071625258476464 0.2524079226285109 0.3303192898781133 0.23555743243243246 0.3125701393434957 0.28760681637519875 0.342967102050147 0.3044573065712772
0 0.36527332996235734 0.05297874880611273 0.35638144465044846 -0.005124164278892055 0.32675267337116315 0.002246895893027719 0.3356445586830721 0.06034980897803251
0 0.3851144878965275 0.1771833379578247 0.3563746345745106 0.175961894191639 0.354881195911587 0.2330859230484647 0.38362104923360396 0.23430736681465042
0 0.5518790849673202 0.1296875000000001 0.5239379084967319 0.11187500000000007 0.504656862745098 0.1610416666666667 0.5325980392156863 0.1788541666666667
0 0.6113886982081882 0.12099743791143042 0.5837986675819341 0.11566754563135859 0.5765949707231787 0.1762866546977859 0.6041850013494328 0.1816165469778577
0 0.5614652464649376 0.2690816051219229 0.5353962346810149 0.25865400040835385 0.5216929351369529 0.314345066211644 0.5477619469208755 0.3247726709252131
0 0.6230140221927518 0.3907623232709209 0.6194813137329828 0.3333337313717998 0.5967533172994073 0.3356065310151573 0.6002860257591763 0.39303512291427845
0 0.5813321808749694 0.47107021529142123 0.5594824209972135 0.42682445153896537 0.5329923308550663 0.44809010723641135 0.5548420907328222 0.4923358709888672
0 0.6427901784557335 0.4891265199577056 0.6188893942456709 0.48390249140893477 0.6116025381868317 0.5380984833465504 0.6355033223968943 0.5433225118953212
0 0.5967178632745048 0.6798491515266212 0.5900152389999654 0.6183190606863488 0.5613938737241049 0.623387427453949 0.5680964979986443 0.6849175182942214
0 0.6373493616513544 0.7360241294793781 0.6077072478754857 0.7299283722109535 0.6005461261583742 0.7865370393847196 0.6301882399342429 0.7926327966531443
0 0.698658100041558 0.9027592124277459 0.6710491518379993 0.8769448458574184 0.6458935452793836 0.920681298169557 0.6735024934829422 0.9464956647398846
0 0.6634395424836602 0.9545312499999999 0.6362336601307189 0.9429687499999999 0.6236928104575163 0.9909375 0.6508986928104575 1.0025000000000002
0 0.6642847814466556 0.7242865164188353 0.6590548084165513 0.6731635300495663 0.6382905702553636 0.6766167131350682 0.6435205432854678 0.7277396995043371
0 0.8185884226301986 0.7829816878980893 0.8106055638816037 0.7262748805732485 0.7916401273885351 0.7306150477707007 0.79962298613713 0.7873218550955414
0 0.8109477124183007 0.5482291666666669 0.7799019607843137 0.5284375000000001 0.7598856209150326 0.5794791666666668 0.7909313725490196 0.5992708333333334
0 0.7948606187121955 0.4029376899947132 0.7666584708162938 0.35210088719270427 0.7410644174402514 0.37518235362146457 0.769266565336153 0.4260191564234735
0 0.7723070638511814 0.20710336538461535 0.747473604826546 0.16639423076923077 0.7200980392156864 0.1935416666666666 0.7449314982403218 0.2342508012820512
0 0.7542791706846673 0.053244535519125634 0.7253897460623594 0.022549521857923457 0.7040608593164042 0.05518271857923498 0.7329502839387121 0.08587773224043715
0 0.9523053901667063 0.11676663341733165 0.9240726214887467 0.07971112452750949 0.8984922507432205 0.11139424086518274 0.9267250194211801 0.1484497497550049
0 0.9692355243663159 0.3160765188904016 0.9446560618801643 0.2752410937145449 0.9194499503908667 0.29990498071250277 0.9440294128770185 0.34074040588835947
0 0.9792799723295643 0.47798813868613155 0.951236820762368 0.46498631386861333 0.9343602404465434 0.5241598236009734 0.9624033920137397 0.5371616484184915
0 0.9483945638385597 0.6153270684985699 0.9196835906780704 0.6148323861907372 0.9190474634866425 0.6748509867019661 0.9477584366471317 0.6753456690097989
0 1.0087462790396686 0.7418703589108913 0.980026127612761 0.6971147896039606 0.9543777907202483 0.723870668316832 0.9830979421471557 0.7686262376237626
0 0.9762130024721462 0.8621478303108812 0.949974177926784 0.8551457253886013 0.9406458481492771 0.9119708009499139 0.9668846726946393 0.9189729058721936
0 0.8447712418300654 0.9515625000000002 0.8235294117647058 0.9515625000000002 0.823529411764706 0.9973958333333336 0.8447712418300654 0.9973958333333336
0 0.4395424836601308 0.9588541666666667 0.391748366013072 0.9588541666666667 0.391748366013072 0.9994791666666667 0.4395424836601309 0.9994791666666667
0 0.0232843137254902 0.015625000000000003 1.525805856780812e-18 0.015625 4.652457202643131e-18 0.08072916666666667 0.023284313725490204 0.08072916666666667
0 0.017156862745098072 0.3307291666666667 3.1766777673961163e-17 0.3307291666666667 3.4868415809056585e-17 0.3953125 0.017156862745098075 0.3953125