0 0.14736519607843146 0.9354575163398693 0.11182598039215694 0.9354575163398693 0.11182598039215695 0.9644607843137255 0.1473651960784315 0.9644607843137255
0 0.05330882352941183 0.9530228758169936 0.04497549019607849 0.9308006535947714 0.0104166666666667 0.9538398692810459 0.018750000000000048 0.9760620915032682
0 0.06433823529411771 0.8063725490196079 0.03952205882352948 0.8063725490196079 0.03952205882352948 0.8517156862745098 0.06433823529411771 0.8517156862745098
0 0.10950077956852576 0.8725320724659786 0.10843072643923601 0.8240229972715102 0.087534370922094 0.824842462193751 0.08860442405138373 0.8733515373882196
0 0.06571178657336542 0.9067108875768398 0.0475230519717181 0.8751837476006511 0.029785334208032692 0.8933762786403284 0.047974068809680005 0.9249034186165173
0 0.09957107843137258 0.752859477124183 0.08145905420991927 0.7383698577470204 0.06315779988465973 0.7790393118031526 0.08126982410611307 0.7935289311803152
0 0.054031926489711675 0.6382078839338076 0.020775166373441505 0.6169235574593946 0.009879618297253912 0.6471889687821379 0.04313637841352408 0.6684732952565509
0 0.11478814592135198 0.6677702849095439 0.08702842324775222 0.6344586177012242 0.068884736214928 0.6613381540461489 0.09664445888852777 0.6946498212544687
0 0.17095588235294124 0.7937091503267976 0.15058210784313725 0.7665441176470589 0.13786764705882348 0.7834967320261439 0.1582414215686275 0.8106617647058826
0 0.09419585723088594 0.5757394416267716 0.06405037841083257 0.5683568753851259 0.06057869108562045 0.593558753745925 0.09072416990567382 0.6009413199875707
0 0.16736404506554003 0.6273494204311559 0.14362948217961222 0.5921871050445962 0.12753222836095765 0.6115038096269817 0.1512667912468855 0.6466661250135414
0 0.12325314882273908 0.5144190814227242 0.08827301532558797 0.5099344489230894 0.0863695537760726 0.536329115743036 0.12134968727322372 0.5408137482426708
0 0.0877839634218938 0.46803632320124056 0.05660265040158992 0.4635172923287328 0.05476241173723114 0.486090886611534 0.08594372475753502 0.49060991748404176
0 0.044941045945005226 0.3960252542831729 0.043557474765053956 0.3692762114707817 0.010930792435317327 0.37227636616776894 0.012314363615268593 0.39902540898016015
0 0.1084839770970629 0.3990323203970384 0.10726013953299163 0.3723798578905974 0.0732863477341144 0.3751532286496894 0.07451018529818566 0.4018056911561304
0 0.047461333671399604 0.27554513184584184 0.0275682471264368 0.2641776538201488 0.013417004732927658 0.30820374126662164 0.03331009127789047 0.31957121929231463
0 0.092218137254902 0.2949346405228758 0.055759803921568665 0.2949346405228758 0.055759803921568665 0.3255718954248366 0.092218137254902 0.3255718954248366
0 0.11399942329873126 0.16771914648212224 0.07714821222606691 0.15680026912725875 0.07162629757785469 0.1899317570165321 0.10847750865051904 0.2008506343713956
0 0.04546842698740839 0.14860145336089708 0.025101014846833306 0.11918185804673308 0.007108234667668993 0.141326818267243 0.027475646808244075 0.17074641358140702
0 0.08672485111523118 0.04538738131355694 0.08202795803135006 0.013291945240369304 0.044927207989212875 0.022944172893608256 0.049624101073094 0.05503960896679589
0 0.13944378329366428 0.07779383429672448 0.13557605122974045 0.04427348974271789 0.09685268616116967 0.05221674411575805 0.1007204182250935 0.08573708866976464
0 0.161424999817974 0.2628841052450192 0.15194918015479494 0.2358923765074789 0.1211236420858726 0.25513101019588436 0.13059946174905165 0.28212273893342465
0 0.19502234717416378 0.3276191849288735 0.16313437139561707 0.31817089580930413 0.1581531141868512 0.34805843906189926 0.19004108996539792 0.35750672818146867
0 0.20556829072448005 0.12043152796125053 0.1958428847100267 0.08297070479446732 0.17428186598285286 0.09292194420700908 0.1840072719973062 0.1303827673737923
0 0.2274084654660533 0.8719991463030027 0.22288424521222794 0.8430441366785206 0.18992447228475415 0.8521996291583744 0.19444869253857947 0.8811546387828565
0 0.1877022368708169 0.7570672251462351 0.16557917378811268 0.7333726734762201 0.15237664939868947 0.7552871556828074 0.1744997124813937 0.7789817073528224
0 0.21830677067781434 0.7827834179357023 0.18704121877177277 0.7798057463256031 0.1851952075246343 0.814264622938854 0.21646075943067591 0.8172422945489533
0 0.2883448327961321 0.9337200062673472 0.27958383695944133 0.9080210851463874 0.24687541968842336 0.9278443683409437 0.2556364155251141 0.9535432894619035
0 0.3159260054386719 0.8154608558751968 0.28163464290825824 0.7988347407089357 0.2740133462143982 0.8267794952530889 0.30830470874481186 0.8434056104193502
0 0.3621143841555241 0.8828812931948057 0.320345514078401 0.8693153353919795 0.31513680045330783 0.8978261889188052 0.356905670530431 0.9113921467216315
0 0.28199523052464237 0.7656884826002475 0.2475655802861687 0.7580374492139199 0.24395535241123492 0.78691927221339 0.2783850026497086 0.7945703055997175
0 0.24965116983683525 0.6979579947355216 0.2175448416191461 0.6935673857484872 0.21519751361832964 0.7240826497591011 0.24730384183601878 0.7284732587461356
0 0.3006740196078432 0.6834967320261439 0.27334558823529415 0.6652777777777779 0.2636029411764706 0.6912581699346405 0.29093137254901963 0.7094771241830066
0 0.24307207962760705 0.6530475806591427 0.23126007697508713 0.6288985974584352 0.2045223676340563 0.6521487794941143 0.2163343702865762 0.6762977626948217
0 0.22645445848536086 0.5700242502447272 0.19884106819732436 0.5390637823460196 0.18458987793301893 0.5616602642065399 0.21220326822105542 0.5926207321052476
0 0.1614583333333334 0.4526143790849673 0.12928921568627455 0.4526143790849673 0.12928921568627455 0.47998366013071897 0.1614583333333334 0.47998366013071897
0 0.24012499999999998 0.5127549019607843 0.23681127450980388 0.4884542483660132 0.20421568627450978 0.49635620915032685 0.20752941176470588 0.5206568627450981
0 0.207835734965127 0.3894865552484976 0.17130543492564815 0.38227069351230425 0.16815863929464406 0.410591854191341 0.2046889393341229 0.41780771592753435
0 0.2481311274509804 0.2948120915032679 0.2400735294117647 0.2625816993464052 0.2103860294117647 0.2757761437908497 0.2184436274509804 0.3080065359477124
0 0.21488970588235298 0.18594771241830066 0.18996179354094586 0.15745866974240677 0.17376369665513267 0.1826557093425606 0.19869160899653981 0.21114475201845448
0 0.4093992306035513 0.9830000212724092 0.4081587832447869 0.9540562495679042 0.3760507406786962 0.9565025766205588 0.37729118803746076 0.9854463483250637
0 0.382230524024531 0.7873622129387385 0.37503054934312324 0.761516149979839 0.34615372781106707 0.7758170520719048 0.3533537024924748 0.8016631150308045
0 0.425052790346908 0.9118552036199095 0.4160199849170438 0.8777312719959779 0.3950103695324283 0.8876181498240322 0.40404317496229264 0.9217420814479638
0 0.41207107843137253 0.6650326797385621 0.37683823529411764 0.6650326797385621 0.37683823529411764 0.6948529411764706 0.41207107843137253 0.6948529411764706
0 0.42324819935501495 0.8433766336794412 0.39207107381906475 0.829802919160388 0.3855584951330928 0.8563959487947735 0.41673562066904307 0.8699696633138266
0 0.3413683346641824 0.6432806908585457 0.3195618179398456 0.616848549374501 0.3065305873480614 0.6359610209091179 0.3283371040723982 0.6623931623931625
0 0.2991391678622669 0.5729116849992031 0.2856288857006218 0.5503945480631278 0.2603718316594931 0.5773354057069984 0.27388211382113825 0.5998525426430736
0 0.30457880830409184 0.4771547200136872 0.30389218832511605 0.4483166808967063 0.27419911300790134 0.4495735306455832 0.27488573298687713 0.47841156976256405
0 0.3362782769946122 0.5001455621981122 0.3176033901640958 0.49005102877621154 0.3042116038699043 0.5340951259215524 0.32288649070042075 0.5441896593434531
0 0.33216438191996034 0.404631476670584 0.3301420331539555 0.382160934826086 0.29196627389125995 0.3882690563081173 0.2939886226572648 0.4107395981526153
0 0.3282652974983097 0.25649312598602664 0.3148533637592968 0.2271146044624747 0.29471475659229207 0.24345898129366694 0.3081266903313049 0.2728375028172189
0 0.31464460784313725 0.28880718954248374 0.28431372549019607 0.2888071895424837 0.28431372549019607 0.32107843137254904 0.31464460784313725 0.3210784313725491
0 0.28969903402537484 0.18841935793925416 0.2876477797001153 0.1619809688581315 0.25122008362168397 0.16700547866205306 0.25327133794694345 0.19344386774317573
0 0.3831952117863721 0.18914797963384256 0.3625883571660709 0.18156844689993867 0.3540789865670025 0.22269707146210238 0.3746858411873037 0.2302766041960063
0 0.35502550523819637 0.15453637832991204 0.32547825086713383 0.14597195677308233 0.3207333474906208 0.17507403081569578 0.3502806018616833 0.18363845237252546
0 0.2971666834542036 0.1060888396454472 0.2962509233145313 0.07312147461724416 0.26128164450711794 0.07484835258304236 0.26219740464679026 0.10781571761124542
0 0.264093137254902 0.049019607843137254 0.2547794117647059 0.024183006535947706 0.22573529411764703 0.04354575163398694 0.23504901960784316 0.06838235294117649
0 0.31832107843137253 0.020016339869281096 0.28400735294117646 0.020016339869281093 0.28400735294117646 0.05065359477124188 0.31832107843137253 0.05065359477124188
0 0.4568783293664286 0.13213617817069037 0.4360265782613622 0.11244285768257214 0.4185289867392042 0.1453795005478107 0.43938073784427056 0.16507282103592893
0 0.435171568627451 0.0691176470588235 0.42812500000000003 0.04093137254901956 0.3909007352941177 0.05747549019607838 0.39794730392156863 0.08566176470588233
0 0.46460218702865763 0.21964555052790344 0.45288932880844646 0.18171820010055306 0.4347372084928645 0.1916840700777353 0.4464500667130757 0.22961142050508573
0 0.44375171966866517 0.27641097305490386 0.4165776059315898 0.25651881136501864 0.4071730095287746 0.27935854548614125 0.43434712326584995 0.2992507071760265
0 0.4164967967384974 0.3176244094997736 0.3894086099786449 0.31401265126512656 0.3873368035332945 0.34163673720313215 0.414424990293147 0.34524849543777913
0 0.3899651206636501 0.4837543991955758 0.37179487179487175 0.4676030668677729 0.3549679487179487 0.5012569130216191 0.373138197586727 0.517408245349422
0 0.4131443948200564 0.6060791495492228 0.41274902641162226 0.5770854662640559 0.3853182548630821 0.5777504546652326 0.3857136232715162 0.6067441379503995
0 0.45196908136677727 0.758884546249114 0.4235823376869672 0.7386397368030478 0.4129798891802306 0.765069028732884 0.4413666328600407 0.7853138381789501
0 0.4711661582845618 0.8452811394372254 0.45727926710313127 0.8272400500391276 0.43049248999768536 0.8638956397623693 0.4443793811791159 0.8819367291604672
0 0.5652378872819847 0.900411430686455 0.5329485903477413 0.8981455151121223 0.5318534354349475 0.9258894395695663 0.5641427323691908 0.928155355143899
0 0.5416810841983853 0.8324298346789698 0.5171482122260669 0.8058525567089582 0.5045624279123414 0.8265061514802 0.5290952998846598 0.8530834294502116
0 0.5186885744933755 0.7608206334940746 0.5176696479478928 0.7302528371295948 0.4848912581296689 0.732195260229934 0.4859101846751515 0.7627630565944137
0 0.47142868971913093 0.7058657922628512 0.4485720311574552 0.6938602746344962 0.4415466504566851 0.7176384862371024 0.46440330901836085 0.7296440038654574
0 0.4818442101039705 0.6312882329681577 0.47719170853394743 0.5930343311701906 0.45577877503314496 0.5976641546298235 0.460431276603168 0.6359180564277906
0 0.4463538124787488 0.5304707865805283 0.43053489459367567 0.5150034002040124 0.4127785687974612 0.5472876289244022 0.4285974866825344 0.5627550153009182
0 0.4613802126162674 0.41074441581540977 0.45666584434332913 0.38502967978120106 0.4195585037370027 0.39712392412696673 0.4242728720099409 0.42283866016117544
0 0.4900628023092526 0.464025198938992 0.48621729859052376 0.4396703420537092 0.45073496905393456 0.4496302942043307 0.45458047277266345 0.4739851510896135
0 0.5354797302132532 0.3488496493487906 0.5312209281522828 0.2996368255331329 0.5142080828681838 0.30225418634607126 0.5184668849291542 0.35146701016172893
0 0.5226138178913737 0.2484834721961203 0.5091383198646869 0.2318982438555828 0.48929947378312344 0.26055435486228573 0.5027749718098101 0.2771395832028232
0 0.5455499875109279 0.03631718080013323 0.5304577244910703 -0.0005750176928520238 0.5101083427001374 0.014224532700553733 0.5252006057199949 0.05111673119353898
0 0.5157425808161102 0.12291777071188845 0.49420459062003186 0.11838345698639824 0.49065232511923695 0.14838036565977752 0.5121903153153152 0.1529146793852677
0 0.5783320655848547 0.08328825783186847 0.5558168526031103 0.08078656750056352 0.553086967545639 0.12446472842010378 0.5756021805273835 0.12696641875140874
0 0.5514705882352942 0.20302287581699352 0.5408088235294117 0.17459150326797385 0.5123774509803922 0.19354575163398685 0.5230392156862745 0.22197712418300652
0 0.545783403096755 0.4675111333366261 0.5296930563787228 0.4563551596121237 0.5150157276386625 0.49398933586868843 0.5311060743566948 0.5051453095931908
0 0.5543273052464229 0.5632949125596185 0.550344462109168 0.5314321674615792 0.5223237943826179 0.5376589825119236 0.5263066375198728 0.5695217276099629
0 0.5768100077109496 0.6972763824630978 0.5600972130425204 0.6616224205037821 0.5416184732319894 0.6770213703458913 0.5583312679004185 0.7126753323052069
0 0.6149422018090904 0.7649114182444706 0.610499536490814 0.7345532052362491 0.5775666821169727 0.7431211023091183 0.5820093474352491 0.7734793153173399
0 0.6093585541876583 0.85853965128472 0.5825505865796259 0.842116752209529 0.5725454347903215 0.8711513103431966 0.5993534023983539 0.8875742094183876
0 0.6773172002591562 0.9567128950499568 0.6719348228692975 0.9309619130278878 0.6369249211529998 0.9439710568350367 0.6423072985428586 0.9697220388571057
0 0.679559019607843 0.8068315032679736 0.6547982352941177 0.7762328104575161 0.64199 0.7946586928104574 0.6667507843137253 0.8252573856209149
0 0.699264705882353 0.8673202614379084 0.6881985294117647 0.8476470588235294 0.6616299019607844 0.8742156862745097 0.6726960784313727 0.8938888888888888
0 0.6433480940299443 0.6810475787759193 0.6424774282716282 0.6520253868320489 0.6113874663283844 0.6536835181356886 0.6122581320867004 0.6827057100795589
0 0.6271446078431373 0.6021241830065361 0.5940563725490197 0.6021241830065361 0.5940563725490197 0.6343954248366015 0.6271446078431373 0.6343954248366015
0 0.5960044395116536 0.5207331360217043 0.588443396226415 0.48544826735725743 0.57306696263411 0.4913059563448022 0.5806280059193487 0.526590825009249
0 0.6043228906293396 0.3040916791645838 0.5877240945953452 0.29367674831972457 0.5734486960506583 0.33412371086300446 0.5900474920846527 0.3445386417078637
0 0.6401115454505887 0.376400495455304 0.6314559258775652 0.35639639688653874 0.6072052294835802 0.3750507787280655 0.6158608490566039 0.3950548772968308
0 0.6390620286576169 0.22433509301156357 0.637790346907994 0.1938147310206133 0.6006806184012066 0.19656359979889387 0.6019523001508296 0.22708396178984416
0 0.6390886646629454 0.03330888316397126 0.619556855588951 0.023838915128095085 0.6077760483755547 0.06703520824388155 0.6273078574495492 0.07650517627975773
0 0.6228709440629043 0.11327178925715811 0.6033408604558574 0.11141178129458222 0.6011589280382204 0.15214118642380817 0.6206890116452672 0.15400119438638407
0 0.6776960784313726 0.10253267973856221 0.6553308823529411 0.10253267973856221 0.6553308823529411 0.1372549019607844 0.6776960784313726 0.1372549019607844
0 0.6932659313725492 0.30035130718954267 0.661482843137255 0.2942973856209152 0.6583088235294119 0.32392156862745114 0.6900919117647061 0.3299754901960786
0 0.6996302400270452 0.4089531214784765 0.6980687964841108 0.38397002479152587 0.6647270114942527 0.38767466756817676 0.6662884550371871 0.4126577642551274
0 0.6724687030750147 0.44112115804516416 0.6392131700071816 0.43964313435326047 0.6386116461012818 0.46370409058925094 0.671867179169115 0.46518211428115464
0 0.6646976020137785 0.530080816110228 0.6403600291467938 0.49910572337042924 0.6276036698463169 0.5169241300123653 0.6519412427133014 0.5478992227521641
0 0.7346813725490197 0.6221405228758172 0.6976102941176471 0.6221405228758172 0.6976102941176471 0.6572712418300656 0.7346813725490197 0.6572712418300656
0 0.7253413415494733 0.7413701127408976 0.7100542177025051 0.7067192986877698 0.6936660428953073 0.7195727691247877 0.7089531667422753 0.7542235831779155
0 0.7806985294117647 0.8543300653594772 0.7647058823529411 0.8116830065359477 0.7501225490196078 0.8214052287581699 0.7661151960784315 0.8640522875816993
0 0.7633578431372549 0.9420751633986927 0.7530637254901961 0.9146241830065359 0.7265931372549019 0.9322712418300655 0.7368872549019607 0.9597222222222223
0 0.8160757453666398 0.9460280687617513 0.7870333064732742 0.9315068493150686 0.7798188624764976 0.9571582057480527 0.8088613013698631 0.9716794251947355
0 0.8561696015986011 0.8174232962824195 0.8554748969651554 0.7914876566337787 0.8227894342450357 0.7930441072394987 0.8234841388784815 0.8189797468881395
0 0.8876874279123415 0.8890330642060749 0.8525086505190311 0.8773068050749713 0.8477508650519031 0.9026816608996541 0.8829296424452134 0.9144079200307575
0 0.9455130555963033 0.9836224390005378 0.9245658830864016 0.9527529216175249 0.9078555908024057 0.9729113694521867 0.9288027633123074 1.0037808868351996
0 0.8252348044779773 0.7316983263225838 0.8066340611159333 0.6929467776516586 0.7857339587367298 0.7107815316819124 0.8043347020987738 0.7495330803528375
0 0.7835784313725491 0.7047385620915032 0.7689338235294119 0.6656862745098039 0.7498161764705883 0.6784313725490195 0.7644607843137254 0.7174836601307188
0 0.7368818646475407 0.5379177975631825 0.7149609682165233 0.5153326315433463 0.70348646411993 0.5351317758668799 0.7254073605509473 0.5577169418867161
0 0.771813725490196 0.6027777777777779 0.7455882352941177 0.585294117647059 0.735968137254902 0.6109477124183008 0.7621936274509803 0.6284313725490196
0 0.9066176470588235 0.7494281045751635 0.8796568627450981 0.7314542483660132 0.8705269607843139 0.7558006535947714 0.8974877450980391 0.7737745098039217
0 0.9806245774171738 0.7953853955375254 0.9449163286004056 0.7763409961685824 0.9371196754563895 0.8023298399819699 0.9728279242731577 0.8213742393509129
0 0.8561474168319012 0.6350554453991336 0.828460288609826 0.6315396195931559 0.826520158625248 0.6587014393772492 0.8542072868473232 0.662217265183227
0 1.000200605719995 0.6979845759960037 0.9632751030348446 0.6962262187252822 0.9624203821656051 0.7281357978435538 0.9993458848507556 0.7298941551142752
0 0.9325747971602434 0.6210333558710841 0.9170744590939823 0.5977828487716926 0.8926195909398241 0.626766396213658 0.908119929006085 0.6500169033130495
0 0.9659742647058823 0.6831781045751635 0.9639705882352941 0.6573529411764707 0.934243079584775 0.661453287197232 0.9362467560553632 0.6872784505959246
0 0.8421492894910773 0.5529576999339063 0.8039095202687815 0.5411916170962768 0.7990815708305793 0.5690864360725564 0.8373213400528751 0.580852518910186
0 0.7950741948363057 0.495329089403484 0.7708277881288262 0.46593950551563024 0.7576302014018277 0.4852959660485614 0.781876608109307 0.5146855499364151
0 0.7533497860470152 0.46579234824684973 0.7314737704474052 0.43338343624742737 0.7161889963167585 0.45172516520420347 0.7380650119163685 0.4841340772036257
0 0.9707661831856029 0.5851788432267885 0.9685334407735696 0.5568974393410332 0.9273393432715552 0.5626790670606142 0.9295720856835885 0.5909604709463695
0 0.8859684183306351 0.5226430862865025 0.8851080455117827 0.4847866822570007 0.8655923952149667 0.48557519338010435 0.866452768033819 0.5234315974096061
0 0.8177119127353911 0.40112057529282347 0.8169069112793633 0.3757183071248301 0.7804360197049117 0.3777730052417006 0.7812410211609396 0.40317527340969395
0 0.7731457490043742 0.3501018748231813 0.7377971235664077 0.33745683808114446 0.7322127102783399 0.36520967987639025 0.7675613357163064 0.377854716618427
0 0.7375016560678324 0.14173511747041165 0.710996290408055 0.11603294470941543 0.6962109167991519 0.14313946299240426 0.7227162824589294 0.16884163575340047
0 0.7373629929499889 0.20980208562825886 0.7323285002203127 0.18071390541235222 0.6985862111698612 0.19109614819710655 0.7036207038995373 0.22018432841301316
0 0.7670084141904183 0.27191985041439265 0.7568128411158276 0.2413331311906207 0.7261976955730746 0.25947543966040026 0.7363932686476652 0.29006215888417225
0 0.8459731833910036 0.3074894271434063 0.8357540369088814 0.2751287966166858 0.8109220011534026 0.2890695886197616 0.8211411476355247 0.3214302191464821
0 0.9043345633647849 0.38668010878252845 0.8967489639450275 0.3616146498302866 0.8633386238958259 0.3795898035409681 0.8709242233155834 0.4046552624932099
0 0.8906298660270462 0.4660870355065261 0.888655381975637 0.43607487792510613 0.8574839870279204 0.43972065511197356 0.8594584710793296 0.4697328126933935
0 0.9547405409993895 0.4623853487032692 0.9319842195975278 0.4515971667053495 0.9200076183476459 0.4965094213924063 0.9427639397495077 0.5072976033903259
0 1.0013712734164297 0.5024433875160972 0.9735061775639623 0.47386380202638706 0.9585747867920401 0.4997448793643855 0.9864398826445074 0.5283244648540956
0 0.8474038461538461 0.22086224233283056 0.8461067119155353 0.18973102061337355 0.8051791101055806 0.19276269482151837 0.8064762443438914 0.22389391654097537
0 0.704187623004592 0.05653959229292722 0.6847460638530505 0.022840889763588307 0.66746733544719 0.04056266248754776 0.6869088945987317 0.07426136501688667
0 0.8216657569141191 0.05550560835687992 0.7929732318691668 0.042354867711276736 0.7852352513057623 0.07236885292690594 0.8139277763507147 0.08551959357250911
0 0.8376163282571913 0.12447538236952989 0.8360844655120933 0.09588061112769983 0.801052241962775 0.09921701337049203 0.802584104707873 0.1278117846123221
0 0.969515931372549 0.15012254901960803 0.9309129901960783 0.13296568627450994 0.9235600490196078 0.1623774509803923 0.9621629901960784 0.1795343137254904
0 0.9093137254901961 0.023692810457516488 0.8832720588235294 0.023692810457516485 0.8832720588235294 0.0584150326797387 0.9093137254901961 0.0584150326797387
0 0.9085916799152093 0.2529654654654656 0.8876722310545839 0.21461314255431924 0.8677431107578165 0.23393835011482092 0.8886625596184419 0.2722906730259673
0 0.9418771821129089 0.3083697018818126 0.9225085920695784 0.2656252273034279 0.9002089567941643 0.2835888223864004 0.9195775468374948 0.326333296964785
0 0.9900797114097865 0.2590742033707648 0.9778148091580847 0.23000184247784186 0.9493048888694944 0.2513842826942845 0.9615697911211963 0.2804566435872074
0 0.9826031412969392 0.39676987070764724 0.9485573989094425 0.38475372633558963 0.9426526067177073 0.41449638330136707 0.9766983491052039 0.4265125276734247