0 0.1434709094589362 0.9807566503561329 0.13126551114162005 0.9586706914962274 0.10358142359277647 0.9858690932986 0.11578682191009262 1.0079550521585057
0 0.035329985652797755 0.877919257133748 0.02113223338115742 0.854256336681014 -0.00431163318986129 0.8813964610234339 0.009886119081779048 0.9050593814761678
0 0.10643493257031326 0.9084845325762282 0.09081076435098928 0.888520317629314 0.07039803477952272 0.9169206370330938 0.08602220299884669 0.9368848519800077
0 0.11663480392156862 0.6145130718954249 0.11330147058823527 0.5900686274509804 0.08421078431372546 0.5971209150326798 0.08754411764705881 0.6215653594771243
0 0.03850828635363351 0.7928035547972868 0.03641853967312019 0.7667978183286767 0.01025053779393219 0.7705361043114177 0.012340284474445507 0.7965418407800279
0 0.24662990196078438 0.6486928104575164 0.21844362745098045 0.6486928104575164 0.21844362745098045 0.6744281045751634 0.24662990196078438 0.6744281045751634
0 0.08333810974278354 0.5433188494402958 0.07369931547229137 0.5065996331717543 0.05932914646927813 0.5133057120398271 0.06896794073977029 0.5500249283083687
0 0.14872963590640717 0.38309248730471124 0.14587832112398863 0.3539457139733217 0.11350077902908373 0.35957659085939214 0.11635209381150229 0.3887233641907817
0 0.12160199475829941 0.45355837054293674 0.0903756552125801 0.42726250566233104 0.08063482818870124 0.44782647382385304 0.11186116773442056 0.4741223387044587
0 0.07490808823529416 0.4716094771241831 0.0572916666666667 0.4481209150326798 0.047794117647058855 0.4607843137254903 0.0654105392156863 0.4842728758169936
0 0.05737484707204974 0.2827183149819793 0.04091700972125783 0.2750856947613222 0.03231171262771554 0.3080726669532343 0.048769549978507444 0.31570528717389146
0 0.21428750803600136 0.6083420390013928 0.1885421689167471 0.6052213918354227 0.1868294961427195 0.6303405925211615 0.2125748352619737 0.6334612396871316
0 0.2410064431452094 0.8357022829415741 0.22351151413912418 0.8188553142690477 0.2082506811040846 0.8470291598721977 0.2257456101101698 0.8638761285447241
0 0.3190762453630102 0.9591459106164989 0.29451179120296783 0.9490681858328917 0.28919912559618455 0.9720897367956192 0.3137635797562269 0.9821674615792264
0 0.3813434941767238 0.943798292870472 0.3787874592089347 0.9185787478549527 0.34696757110304666 0.9243120610271848 0.3495236060708358 0.949531606042704
0 0.3349358974358975 0.8558634992458523 0.32442731900452493 0.8378487933634993 0.30062924208144803 0.8625282805429865 0.31113782051282063 0.8805429864253393
0 0.29225090075462357 0.5636810323498485 0.2894399084554957 0.5324477845817612 0.25562536726046886 0.5378581111729656 0.2584363595595967 0.5690913589410528
0 0.2509191176470589 0.3827614379084967 0.21813725490196084 0.3827614379084967 0.21813725490196084 0.414624183006536 0.2509191176470589 0.414624183006536
0 0.19227874933757289 0.3244660837307896 0.16545359697933226 0.32363429606076666 0.16499271330153684 0.35005829358770535 0.19181786565977746 0.3508900812577283
0 0.1440157523683631 0.23418796357494312 0.1247934567085261 0.2181693838584123 0.10866586803260629 0.25257490636704116 0.12788816369244327 0.26859348608357203
0 0.07897811572700296 0.21328281065146135 0.06879509222086462 0.19321192374081186 0.04391255018327806 0.2156550008727527 0.05409557368941641 0.23572588778340214
0 0.04749451209673995 0.2119296614271521 0.04128479564194668 0.1730154383104476 0.020337219448195044 0.17895801311718568 0.026546935902988313 0.21787223623389018
0 0.20006127450980393 0.09354575163398696 0.171875 0.09354575163398696 0.171875 0.12009803921568632 0.20006127450980393 0.12009803921568632
0 0.1596885813148789 0.139499231064975 0.15762326989619377 0.112879661668589 0.1300072087658593 0.11668877354863513 0.1320725201845444 0.14330834294502115
0 0.09443379491874569 0.12471834388749015 0.066337405584802 0.10882543678950181 0.059404564354924846 0.13061436636911575 0.08750095368886854 0.1465072734671041
0 0.2782906113315024 0.09703710850630563 0.27148721481268734 0.07125581643500656 0.2381566488359152 0.08689237825127002 0.24496004535473023 0.1126736703225691
0 0.15554371980078827 0.023744688511793857 0.13565398299774073 0.008716887371713482 0.12025676544797902 0.044945634547623375 0.14014650225102657 0.05997343568770375
0 0.21852674713372128 0.1775052332392311 0.21035386179447293 0.1539902648947271 0.1799410600430182 0.1727819147574146 0.1881139453822665 0.1962968831019186
0 0.25476940951778276 0.231098523756244 0.24757567315981588 0.20683729525486524 0.21450506360168015 0.22426986463434764 0.22169879995964709 0.2485310931357264
0 0.24746315048510759 0.3115402447022639 0.2279040725286655 0.2976315670443495 0.2161580246285366 0.3269966867946718 0.23571710258497866 0.3409053644525862
0 0.32674632352941185 0.38337418300653603 0.3111213235294118 0.36254084967320266 0.28890931372549017 0.39215686274509814 0.3045343137254902 0.4129901960784315
0 0.34878676470588243 0.49261437908496747 0.33775735294117654 0.4730065359477125 0.31246323529411774 0.4983006535947714 0.3234926470588236 0.5179084967320263
0 0.37688846030215367 0.6641353262616522 0.3749397299903568 0.6355539483552984 0.3481170644487303 0.6388051805421623 0.3500657947605272 0.667386558448516
0 0.3243944636678201 0.7686707035755479 0.30154267589388706 0.7610534409842369 0.29339677047289514 0.8044982698961938 0.31624855824682824 0.8121155324875048
0 0.4051877073568908 0.7479604420102867 0.38883558683097236 0.7303504660592975 0.36919428133831866 0.7627742084598688 0.38554640186423716 0.7803841844108578
0 0.359375 0.2471405228758171 0.32046568627450983 0.2471405228758171 0.32046568627450983 0.2761437908496733 0.359375 0.2761437908496733
0 0.289475201845444 0.18456362937331794 0.28373702422145325 0.15013456362937327 0.24357698961937713 0.16203383314109954 0.24931516724336789 0.1964628988850442
0 0.3761706759381069 0.3715166844160455 0.36406064023053303 0.3540244106162167 0.34342111445217055 0.3794269038818936 0.35553115015974435 0.39691917768172247
0 0.4336273132848645 0.40513696115150183 0.417919695968275 0.4003038481310128 0.41077329808327834 0.44159414702210475 0.4264809153998678 0.44642726004259387
0 0.39557238510546183 0.28631626152038103 0.39054149656708115 0.2721113997649533 0.36292969474856185 0.2894966083173543 0.3679605832869425 0.30370147007278203
0 0.416244522795081 0.3379286348640149 0.3950786694520594 0.33104543052482094 0.3880997057722584 0.3691970986410661 0.40926555911528006 0.37608030298026013
0 0.4716200152668948 0.6879721087934862 0.45535939281904136 0.6656890335871686 0.43036962439760146 0.6981081926203879 0.4466302468454549 0.7203912678267056
0 0.4129053544494721 0.5452551533433886 0.39950037707390657 0.5313536953242836 0.3850160256410257 0.556184012066365 0.3984210030165912 0.5700854700854701
0 0.4568394876198654 0.65179380754735 0.44988013453556597 0.6262761795715854 0.41954925218262484 0.6409820619245266 0.42650860526692425 0.6664996899002912
0 0.5581488759296823 0.925357505070994 0.5383151622718053 0.918924949290061 0.531665187626775 0.9553766621591165 0.5514989012846518 0.9618092179400496
0 0.39945213379469446 0.16893502499038837 0.36418962381332637 0.16323603347824808 0.36227652825836226 0.18428008458285283 0.39753903823973036 0.18997907609499315
0 0.5002235691573926 0.13873432255785195 0.49737513248542653 0.0912603780250839 0.48133806384238903 0.09297099868034123 0.48418650051435513 0.1404449432131093
0 0.46581384980416707 0.05800960542847902 0.4527125385219836 0.02972740964471784 0.4313247802251771 0.047340857653852646 0.4444260915073606 0.07562305343761383
0 0.47518382352941174 0.3190359477124184 0.46047794117647056 0.3190359477124184 0.46047794117647056 0.3611111111111112 0.47518382352941174 0.3611111111111112
0 0.516130473637176 0.39632922427237205 0.5016585186353362 0.3788422786451489 0.4814449942175261 0.40858171686905337 0.495916949219366 0.42606866249627656
0 0.5486234336233158 0.47713399739678747 0.5296119782670142 0.45562608830683016 0.5127344984977439 0.4821478422299692 0.5317459538540455 0.5036557513199265
0 0.5808688500721944 0.5915147859490546 0.5641397179594532 0.5734805442388655 0.545565808789982 0.6041112014657127 0.5622949409027231 0.6221454431759018
0 0.5778104696020421 0.7178774123061454 0.5685848488803805 0.6880039737788607 0.5367647058823529 0.7054738562091504 0.5459903266040144 0.7353472947364351
0 0.6209558823529412 0.9201797385620917 0.614889705882353 0.9040032679738562 0.586703431372549 0.9227941176470589 0.5927696078431373 0.9389705882352942
0 0.6348397895743663 0.6427885381794994 0.6181350131516021 0.6283765742069186 0.6005118663318987 0.6646909373505501 0.6172166427546629 0.6791029013231309
0 0.6941332547169812 0.6597106609939573 0.6831934424713283 0.6334551116043903 0.658663406400296 0.6516255086940438 0.669603218645949 0.6778810580836107
0 0.5723240115718419 0.07323475838422805 0.5586879218900674 0.05141701489338908 0.5346100530376084 0.07817020250723238 0.5482461427193828 0.09998794599807136
0 0.5304753045456699 0.013711796832619742 0.5163927829391225 0.0007623516771737255 0.5009136863851101 0.03068860501493104 0.5149962079916576 0.04363805017037706
0 0.6485769827100168 0.010164129549583472 0.6366793522520829 -0.004479107937104557 0.6191192131804798 0.020885537388544338 0.6310168436384138 0.035528774875232365
0 0.5840181660899653 0.12252499038831222 0.576125188919381 0.10795334022723366 0.5535518086544962 0.1296906693711968 0.5614447858250804 0.14426231953227536
0 0.6490904251044681 0.16541773813350477 0.6474380223400837 0.14118249758919962 0.6237920885567341 0.14404867138112076 0.6254444913211186 0.1682839119254259
0 0.5627476783170464 0.3630874338012236 0.5517744088611845 0.3201697577071859 0.5334408260064785 0.32850320445932496 0.5444140954623404 0.37142088055336264
0 0.6628676470588235 0.10122549019607842 0.6571997549019608 0.07855392156862748 0.630453431372549 0.09044117647058827 0.6361213235294116 0.1131127450980392
0 0.7052216029723991 0.13456402730943764 0.6891356781566129 0.11964374921943306 0.6732808011739726 0.1500322634361601 0.6893667259897589 0.16495254152616468
0 0.6596278739922364 0.20246922796191244 0.6292332288245248 0.1995744998507018 0.6279082064297801 0.22430825121926953 0.6583028515974917 0.22720297933048017
0 0.6891806350551558 0.2744503721816236 0.6686179283947874 0.2494525719278422 0.6555716966758363 0.2685309322910396 0.6761344033362048 0.293528732544821
0 0.6816377217241035 0.3277938418871434 0.6502572281926432 0.31164481597621646 0.6440045362506105 0.33324502450323834 0.6753850297820709 0.34939405041416527
0 0.6213820500110155 0.3939973929646766 0.6041528971139016 0.35724186678416703 0.5871888081075126 0.37137860762282454 0.6044179610046265 0.40813413380333413
0 0.576758985603966 0.40522147540809966 0.5570503424222201 0.3830924725373674 0.5453555510534845 0.4016092255378653 0.5650641942352305 0.42373822840859765
0 0.6674357674104122 0.49800822627901736 0.6658553076402973 0.47272086995717827 0.6376098715348207 0.47585925174667576 0.6391903313049356 0.5011466080685149
0 0.6819689917251304 0.5548382502848236 0.6675098938658032 0.5366935000299816 0.6462920489296636 0.5667521136895126 0.6607511467889908 0.5848968639443547
0 0.7081495098039216 0.42818627450980384 0.7015931372549019 0.40196078431372556 0.6665747549019607 0.41752450980392164 0.6731311274509804 0.44375
0 0.775565547164812 0.6524410439851616 0.766242713301537 0.6289613142554319 0.7363299880763116 0.6500761791202969 0.7456528219395867 0.6735559088500266
0 0.805466079780536 0.664476149787132 0.788475051717935 0.6522774629729569 0.7713083513221803 0.6947854830005398 0.7882993793847813 0.7069841698147149
0 0.7644077345703382 0.884060951002325 0.7535551552835899 0.8633893714085187 0.7283873700486905 0.8868793042944249 0.7392399493354387 0.9075508838882311
0 0.7294746184556294 0.946644852098915 0.7062550535678188 0.9347373829256787 0.6997722736001617 0.9572110201468903 0.7229918384879724 0.9691184893201267
0 0.793406862745098 0.942303921568628 0.7781127450980393 0.9270098039215691 0.7594730392156864 0.9601470588235298 0.7747671568627451 0.9754411764705887
0 0.8302206607495068 0.7439474803728198 0.8114467310592877 0.733517519433809 0.7997175571411996 0.7710508759716904 0.8184914868314188 0.7814808369107012
0 0.8830589964201448 0.857968906788165 0.8668962553901228 0.8389051609578826 0.8505575726141079 0.8635315813739052 0.8667203136441298 0.8825953272041875
0 0.8357843137254902 0.8709150326797386 0.8091299019607843 0.8709150326797386 0.8091299019607843 0.9011437908496732 0.8357843137254902 0.9011437908496732
0 0.8735160997306269 0.7283144354653471 0.8574065808431999 0.708487335296206 0.8365458403808808 0.7386195159640002 0.8526553592683078 0.7584466161331413
0 0.9201240697370298 0.8031413960086867 0.9074555524513764 0.7740882630335887 0.8800265407294686 0.7953510628180133 0.892695058015122 0.8244041957931113
0 0.7791198096885812 0.5011389850057671 0.7429822664359861 0.490431564782776 0.7392409169550171 0.5128796616685891 0.7753784602076123 0.5235870818915802
0 0.8186344064652888 0.3970491079314609 0.798515832008479 0.37144364953188486 0.7820313328033915 0.394469616675499 0.8021499072602015 0.42007507507507513
0 0.780714262056174 0.2387288023317436 0.7474397191308958 0.23172363540010613 0.7435694886062534 0.26440558205264103 0.7768440315315316 0.2714107489842785
0 0.7342493714254138 0.21709999171110433 0.7227544288029915 0.19044505229679157 0.6964947469123863 0.21057747507958874 0.7079896895348088 0.2372324144939015
0 0.7536612924986508 0.07678314445044072 0.7499983135456018 0.04870030581039758 0.7171832838640044 0.05630958805540568 0.7208462628170534 0.08439242669544883
0 0.7809436274509803 0.13235294117647073 0.7509191176470589 0.13235294117647073 0.7509191176470589 0.17238562091503282 0.7809436274509803 0.17238562091503282
0 0.8251529275763381 0.2024478267382547 0.8164922671420799 0.17731492979177998 0.7937454912604366 0.19124989159314704 0.8024061516946946 0.21638278853962176
0 0.8657093780135002 0.27321466838101366 0.8566317100610733 0.24554939462123654 0.8309647219543552 0.2605218043501556 0.840042389906782 0.2881870781099327
0 0.8601174637526905 0.14903724859465298 0.8495958395420895 0.11115940143648949 0.8124164774474325 0.12951958024866578 0.8229381016580335 0.16739742740682925
0 0.9049632352941177 0.19297385620915045 0.8885416666666666 0.18202614379084983 0.8768995098039216 0.21307189542483665 0.8933210784313727 0.2240196078431373
0 0.8017392337660824 0.03817512529501206 0.7858517849436026 0.024773467784893224 0.7705347977977627 0.0570544299417171 0.7864222466202424 0.07045608745183594
0 0.852293080693816 0.05981334841628954 0.8471200980392158 0.025326797385620915 0.8118283371040725 0.03473793363499246 0.8170013197586729 0.06922448466566108
0 0.901091284842986 0.12515331753952658 0.8904351907858259 0.10099950434329695 0.8661474872725438 0.12004868356940047 0.8768035813297039 0.1442024967656301
0 0.9413345089166889 0.09688211634578413 0.9248929775530121 0.0727678703457251 0.9018817651494987 0.1006602490166506 0.9183232965131753 0.12477449501670965
0 0.948340874811463 0.2390020110608346 0.9359445701357465 0.21420940170940184 0.9113404977375567 0.23607968828557063 0.9237368024132729 0.26087229763700337
0 1.0002543735384062 0.23995060562451265 0.9898559767943874 0.21420219463932358 0.9602587021046952 0.23545152005756434 0.9706570988487138 0.2611999310427534
0 0.9259006525813535 0.4441736532871694 0.9172325784564097 0.4229079781006409 0.8871593351860991 0.44470018336898187 0.8958274093110429 0.4659658585555103
0 0.975796568627451 0.6078431372549021 0.9408700980392157 0.6078431372549021 0.9408700980392157 0.6339869281045754 0.975796568627451 0.6339869281045754
0 0.9827776808052598 0.5108742557359245 0.9726482952231339 0.486863860281996 0.9431783470064584 0.5089663214445025 0.9533077325885845 0.532976716898431
0 0.9349645030425965 0.5544568402073475 0.9040821501014199 0.5510254676583279 0.9026326910074375 0.5742168131620465 0.933515043948614 0.5776481857110661
0 0.913582379260429 0.7160755801201916 0.8905941571259376 0.6946199061279995 0.8786908639294644 0.7172928455498533 0.9016790860639557 0.7387485195420452
0 0.9175725975469099 0.9274176911319288 0.8917784025374857 0.9227700884275281 0.8892432466171549 0.947783626841459 0.915037441626579 0.9524312295458598
0 0.6584884432333424 0.7860965979040928 0.6496322591057863 0.7661134132060176 0.6234765824400205 0.7867209160335906 0.6323327665675764 0.8067041007316659
0 0.9456236460589902 0.02436862374789386 0.938991938843526 -0.00019325482789904163 0.910763136699439 0.013356570201262769 0.9173948439149031 0.03791844877705567