0 0.19861034036256023 0.9755210260204711 0.16332547169811326 0.962079171291158 0.1577876433592305 0.987922370205944 0.19307251202367748 1.001364224935257
0 0.15522525714684327 0.9377903867454703 0.15277784383481727 0.9123372883004001 0.11961410534459581 0.9180063034269335 0.12206151865662179 0.9434594018720038
0 0.1016362081968067 0.8169453546228395 0.08699208794923811 0.8014398155371786 0.06390492536537169 0.840203446542189 0.07854904561294027 0.85570898562785
0 0.1411915380906462 0.8590445194471233 0.12075648907103832 0.8483827547412408 0.10878234490517526 0.8891835422693668 0.12921739392478312 0.8998453069752493
0 0.05085784313725497 0.7177287581699346 0.031556372549019676 0.7177287581699346 0.031556372549019676 0.7606209150326797 0.05085784313725497 0.7606209150326797
0 0.1394777512870284 0.7375270768278618 0.12887427209047175 0.7066805918924242 0.09324890286100092 0.7284516508659896 0.10385238205755759 0.7592981358014274
0 0.09471190103260232 0.6842218741540009 0.08007182532776422 0.6618099064083228 0.05438348416289593 0.6916415284062343 0.06902355986773405 0.7140534961519124
0 0.047019175317185725 0.5102604767397155 0.02257463995137008 0.4960897316001122 0.010767850462919693 0.5322972193646934 0.035212385828735336 0.5464679645042967
0 0.13951702256244972 0.6521062763004747 0.11816537402632295 0.6391658832482765 0.10269985562718244 0.6845314038857553 0.1240515041633092 0.6974717969379535
0 0.07821758265349939 0.6064620008587377 0.062387067053098655 0.5897216855111875 0.04447746708172321 0.6198305782166882 0.06030798268212394 0.6365708935642385
0 0.019914215686274543 0.4040032679738562 3.735097697767127e-17 0.4040032679738562 3.960216594669214e-17 0.45302287581699346 0.01991421568627455 0.45302287581699346
0 0.11774652497985501 0.5691036574447131 0.10399795192049424 0.5464589488763543 0.0782714712597368 0.574227213716537 0.09202004431909756 0.5968719222848958
0 0.11051592582734457 0.39534165853370007 0.07809935342915451 0.3932834634607991 0.0769494166444859 0.4254816934315204 0.10936598904267594 0.4275398885044213
0 0.17416101055806948 0.5284690799396683 0.14156301580864578 0.5060785380915793 0.1317435310481233 0.531493675118814 0.16434152579754702 0.553884216966903
0 0.12074874197466602 0.469829082075308 0.10146625021690094 0.440446237492047 0.08647839666840189 0.4579320666319626 0.10576088842616697 0.48731491121522363
0 0.2327550026860059 0.8973721908854867 0.22439271085146387 0.8728428015041635 0.19330009401020684 0.891686811710986 0.2016623858447489 0.9162162010923092
0 0.12627863811307022 0.32025081916055553 0.10031807484266923 0.31118522563755835 0.09338121521818282 0.34650014736221646 0.1193417784885838 0.3555657408852136
0 0.06479779411764706 0.26286764705882354 0.049479166666666664 0.24244281045751634 0.026348039215686275 0.27328431372549017 0.041666666666666664 0.2937091503267974
0 0.13946008202708018 0.2258530441785119 0.11623195123321538 0.21725003277337676 0.10664573852463623 0.26326385377455663 0.12987386931850103 0.2718668651796918
0 0.033333333333333354 0.3253267973856209 0.01262254901960784 0.3115196078431373 -0.0017769607843137116 0.34991830065359475 0.0189338235294118 0.3637254901960784
0 0.057016759406465285 0.1725556438791733 0.02162327768945418 0.15803524112347642 0.010408386327504 0.20663310369192722 0.04580186804451511 0.22115350644762413
0 0.04699754901960786 0.06625816993464052 0.026041666666666675 0.05228758169934641 0.010232843137254907 0.09444444444444446 0.031188725490196086 0.10841503267973858
0 0.08054853922601707 0.1732792344194439 0.07307291989503917 0.13056140967099872 0.05237582388065869 0.13700050620880597 0.05985144321163659 0.17971833095725118
0 0.14632193825594914 0.13921912877514228 0.12580053150608603 0.13678696204923257 0.12292984624030895 0.1798472410358885 0.14345125299017206 0.1822794077617982
0 0.18992647058823525 0.034084967320261485 0.16973161764705877 -0.004808823529411738 0.15182475490196073 0.011720588235294132 0.17201960784313722 0.050614379084967354
0 0.16929191401331173 0.08138454158421779 0.15883589674401868 0.034913353720693166 0.11664642921388739 0.05178914073274567 0.12710244648318042 0.0982603285962703
0 0.2596356265108783 0.06493810994717525 0.23146068358850388 0.01853232160444091 0.2044738785925329 0.047660936520727025 0.23264882151490732 0.09406672486346135
0 0.21043161166905783 0.11390483022477285 0.1980033476805356 0.07800095648015304 0.1797405547584887 0.08923959827833575 0.19216881874701097 0.12514347202295556
0 0.18382352941176472 0.23733660130718953 0.1642156862745098 0.23733660130718953 0.1642156862745098 0.2847222222222222 0.18382352941176472 0.2847222222222222
0 0.19450593942280078 0.3181266724114472 0.17657995638502125 0.31746274711375166 0.17579713554658566 0.35503814735866074 0.1937231185843652 0.3557020726563563
0 0.1905622586570537 0.4322204437685278 0.16765550778242996 0.39755076676909734 0.15170751112446257 0.4162833342721067 0.1746142619990863 0.45095301127153714
0 0.2213235294117647 0.7039215686274509 0.21522671568627455 0.6795343137254901 0.18388480392156864 0.6934640522875817 0.1899816176470588 0.7178513071895425
0 0.22631178336386457 0.7924440825926681 0.21679621242960853 0.768655155257028 0.1871713650858267 0.7897217133681617 0.19668693602008275 0.8135106407038019
0 0.2687389504982321 0.9566189863923714 0.26704134522661527 0.931720775741991 0.23546739392478308 0.9355479213543342 0.2371649991963999 0.9604461320047145
0 0.26659720199961173 0.7668434122824046 0.25301670792079206 0.7520283278327832 0.23282797029702967 0.7849284928492849 0.24640846437584932 0.7997435772989062
0 0.2899454022203401 0.8874901717925133 0.27779694088503964 0.8660857399160315 0.2511554784477656 0.8929672155284161 0.26330393978306604 0.9143716474048981
0 0.24751670445054294 0.4002671386336821 0.22752946893767653 0.3959688084158613 0.22284066390247786 0.43472959670683703 0.24282789941534427 0.43902792692465775
0 0.24509803921568626 0.263888888888889 0.23146446078431374 0.2457107843137256 0.20971200980392157 0.2747140522875818 0.22334558823529413 0.29289215686274517
0 0.252452474892396 0.3442172804080983 0.2336456838833094 0.3054638928742229 0.2160643830703013 0.32063207396779847 0.2348711740793879 0.35938546150167394
0 0.2507028145333857 0.14064660756656042 0.22656147648368924 0.12938064981003541 0.21389921503122405 0.177617836295617 0.23804055308092054 0.18888379405214203
0 0.28679788702484604 0.19955139095349336 0.2686710288808664 0.1619549444326467 0.2498728056204431 0.1780677072272953 0.26799966376442275 0.21566415374814196
0 0.31832107843137253 0.13807189542483664 0.2974877450980392 0.13807189542483664 0.2974877450980392 0.1834150326797386 0.31832107843137253 0.1834150326797386
0 0.2927800693448111 0.27970070141877884 0.289417443806791 0.2393491949625379 0.2663834588713534 0.2427616371751953 0.2697460844093735 0.2831131436314363
0 0.31684537457332157 0.09272445480694251 0.3018094780709229 0.07485570823887451 0.2781756236863985 0.11021041723686227 0.29321152018879715 0.12807916380493028
0 0.31715585824493736 0.347155255544841 0.2980954676952749 0.3448449051751849 0.2949940734490518 0.39033202078645673 0.31405446399871434 0.39264237115611283
0 0.3496184730798397 0.1339621023363305 0.3477946254468638 0.08775796230094247 0.3261344247643809 0.08927797638392374 0.3279582723973568 0.13548211641931174
0 0.31657229497638467 0.5858648203807069 0.3002998872906827 0.5393722269929869 0.27921720695577495 0.5524903392013739 0.29548961464147694 0.5989829325890939
0 0.314123774509804 0.7067401960784314 0.2958333333333334 0.6986111111111112 0.2839460784313726 0.7461601307189544 0.30223651960784315 0.7542892156862746
0 0.35235861305488736 0.8343226850839469 0.3483951317515853 0.7938070984279711 0.32453110193891677 0.7979573644823482 0.32849458324221875 0.8384729511383242
0 0.34515403144016227 0.9213615618661258 0.32311105476673435 0.8964925625422584 0.3086777383367141 0.9192359702501692 0.330720715010142 0.9441049695740364
0 0.4219975490196079 0.12859477124183008 0.4093750000000001 0.09493464052287581 0.3770220588235294 0.11650326797385623 0.3896446078431373 0.1501633986928105
0 0.37442513165436697 0.2019896925477459 0.35370804076807333 0.1941986498212765 0.3432406229848821 0.24368098843272593 0.36395771387117576 0.25147203115919536
0 0.3704963235294118 0.28100490196078437 0.3509756787330317 0.2739064856711916 0.34201074660633485 0.3177350427350428 0.36153139140271495 0.32483345902463556
0 0.37484681372549017 0.41401143790849687 0.36075367647058826 0.39522058823529427 0.3391544117647059 0.4240196078431374 0.35324754901960786 0.4428104575163401
0 0.38757189138031445 0.47665299618197127 0.37300706173558523 0.4607640911149939 0.35096188846825854 0.4966895586617485 0.36552671811298776 0.512578463728726
0 0.37962639475679777 0.6910582096558698 0.36778077943884735 0.6508549091828261 0.3508988056548586 0.659697847831582 0.36274442097280907 0.6999011483046259
0 0.4149490825091099 0.515560833477934 0.37873340707964603 0.5123416623286483 0.3771974774423043 0.5430602550754816 0.4134131528717682 0.5462794262247673
0 0.4199602377684004 0.5806751035187917 0.3892774374226787 0.5794718564464104 0.3887494280339621 0.6034082820682293 0.41943222837968386 0.6046115291406106
0 0.4026579351950504 0.7833483647669427 0.3834366354978598 0.7482279653202241 0.36628167115273186 0.7649192819803485 0.38550297084992247 0.8000396814270672
0 0.3843092052394728 0.8542637683488697 0.3817879098360656 0.8172847690988965 0.3610148465123754 0.8198027161684346 0.3635361419157827 0.8567817154184079
0 0.4009119298717823 0.9456424069905278 0.3893375725914326 0.9220875746305178 0.3649228410166063 0.9434153861211706 0.37649719829695605 0.9669702184811806
0 0.4679184495252915 0.8278214788242018 0.4465925789860397 0.8094766439517272 0.43759724683407536 0.828066997065787 0.45892311737332714 0.8464118319382615
0 0.45752733785822025 0.8833144796380091 0.44149226998491714 0.8710972850678734 0.426654411764706 0.9057189542483663 0.44268947963800903 0.9179361488185018
0 0.48285555776364597 0.748669625507861 0.4572072072072073 0.7242426249779194 0.44453828828828834 0.7478912736265679 0.47018663884472706 0.7723182741565096
0 0.45588235294117646 0.6633986928104575 0.4267769607843137 0.6633986928104575 0.4267769607843137 0.6862745098039216 0.45588235294117646 0.6862745098039216
0 0.4739225525976815 0.02137302609608327 0.4522506082725062 0.010865416726301293 0.4412211965078003 0.05130659319688955 0.46289314083297556 0.06181420256667153
0 0.5151960784313725 0.12998366013071896 0.4993872549019608 0.08782679738562091 0.4772058823529412 0.10261437908496729 0.49301470588235297 0.14477124183006534
0 0.4651927662957075 0.18768989577813114 0.4416567302596714 0.16486707295530825 0.4281564652888181 0.18961755873520583 0.4516925013248542 0.21244038155802877
0 0.4726570677203265 0.25494629939757646 0.4575226999162654 0.24437626474077184 0.4431907883260065 0.2808574942432489 0.45832515613006763 0.2914275289000535
0 0.44104801977448205 0.3348076246551502 0.4209992778981281 0.32518422855450024 0.40739217074931955 0.37558092169823554 0.4274409126256735 0.3852043177988854
0 0.4647873694213338 0.48633594121486523 0.4639295816609517 0.45945859138956086 0.4335559206737372 0.46118191967252337 0.4344137084341193 0.48805926949782774
0 0.5076304673497489 0.6195315284476547 0.4747044929191764 0.5864130044590087 0.4631843321871707 0.6067742187760419 0.49611030661774325 0.639892742764688
0 0.5245098039215687 0.4015522875816994 0.49295343137254904 0.4015522875816994 0.49295343137254904 0.43586601307189543 0.5245098039215687 0.43586601307189543
0 0.5134504433795991 0.5164312073143865 0.4924770048468826 0.4933300286406698 0.4785260382242785 0.5158473782771537 0.49949947675699496 0.5389485569508704
0 0.5245098039215687 0.7071078431372549 0.5064338235294118 0.7071078431372549 0.5064338235294118 0.7463235294117647 0.5245098039215687 0.7463235294117647
0 0.5646881260514175 0.7806283840224119 0.5526099145603418 0.7547465022558211 0.5274167984210416 0.775647457867685 0.5394950099121173 0.8015293396342758
0 0.5913198747894619 0.8336577472696266 0.5651203046048242 0.8042406860096825 0.5519557194839039 0.8250846124511397 0.5781552896685415 0.8545016737110838
0 0.5632826349717969 0.9510735070283821 0.5533370265914584 0.9057657355179516 0.5349734756916465 0.9129319992837318 0.544919084071985 0.9582397707941624
0 0.666727313792411 0.9453910972807781 0.6476360168640837 0.9423963840371189 0.6436772234491068 0.9872627094068573 0.6627685203774343 0.9902574226505164
0 0.6354800540906018 0.8788736759071445 0.6042659736308316 0.8764255127338291 0.602987660581474 0.90540060851927 0.6342017410412442 0.9078487716925852
0 0.5694192002643753 0.03763677755746502 0.5506237607402511 -0.0024601600940000533 0.5298317360652126 0.014866527135198709 0.5486271755893368 0.054963464786663786
0 0.5969599235421902 0.10034791734700167 0.5721288832332354 0.08574142304761644 0.5638960915647939 0.1106227489789061 0.5887271318737488 0.12522924327829135
0 0.5448422697730778 0.18501459572593085 0.5394359991187486 0.15377836527869568 0.5073047477417933 0.16366490416391272 0.5127110183961224 0.19490113461114786
0 0.5508596559925745 0.3016397880651275 0.5428740283095487 0.2760857794794446 0.5135057721313377 0.2924014773562284 0.5214913998143637 0.31795548594191125
0 0.5162667262851087 0.3595047253135488 0.5066607048224696 0.3353117823706058 0.47721250662427134 0.3560987458046281 0.48681852808691056 0.3802916887475711
0 0.5810554705153438 0.4083600602570645 0.5566846162256723 0.3833643122676581 0.5435413477658722 0.4061459775979786 0.5679122020555434 0.431141725587385
0 0.5981534843667198 0.4814697049991169 0.5650048025967144 0.4744910351528 0.5617233041865395 0.5022014661720545 0.5948719859565448 0.5091801360183714
0 0.6000456055603114 0.5871923960159254 0.5720962761403937 0.5704227983639749 0.5628210223798459 0.5979050317285612 0.5907703517997634 0.6146746293805118
0 0.5976304480678214 0.6958313829510587 0.5686867751079212 0.6692996827378168 0.5593810136786811 0.6873472200551309 0.5883246866385813 0.7138789202683729
0 0.6514187405731523 0.8001822523881347 0.639493778280543 0.7763323278029161 0.6097992081447964 0.8027275012569132 0.6217241704374057 0.8265774258421318
0 0.6518846879652282 0.6363420574894082 0.6189855830733667 0.6266916533877955 0.6145598381473917 0.6535143499088559 0.6474589430392532 0.6631647540104686
0 0.6757585839765771 0.8697823322390795 0.6524889650430308 0.8374072102445804 0.63480198074705 0.8600072457338893 0.6580715996805963 0.8923823677283884
0 0.6439950980392157 0.7336601307189544 0.6173406862745098 0.7336601307189544 0.6173406862745099 0.7638888888888891 0.6439950980392157 0.7638888888888891
0 0.6401987124035134 0.07214218643716919 0.6212736225712003 0.060189498122024114 0.6079422577854671 0.0977148212226068 0.6268673476177801 0.10966750953775187
0 0.6231686962115163 0.18262391683671975 0.614164670393044 0.1490088871144235 0.580103251707923 0.16522861029781447 0.5891072775263951 0.19884364002011073
0 0.6323529411764706 0.26307189542483667 0.6193321078431373 0.24571078431372562 0.5965073529411765 0.27614379084967333 0.6095281862745098 0.2935049019607844
0 0.661410792765382 0.15741914581924724 0.6600099306964164 0.12566627225602886 0.6288856490872211 0.12810739238224025 0.6302865111561866 0.15986026594545866
0 0.7368259803921569 0.14869281045751648 0.7080269607843137 0.14869281045751645 0.7080269607843137 0.17933006535947724 0.7368259803921569 0.17933006535947726
0 0.7172181372549019 0.06454248366013084 0.6875 0.06454248366013084 0.6875 0.09436274509803934 0.7172181372549019 0.09436274509803934
0 0.7212928921568628 0.3055147058823529 0.7088235294117646 0.25563725490196065 0.6858455882352941 0.26584967320261427 0.6983149509803921 0.31572712418300647
0 0.6505778657616892 0.3522259929612872 0.6202894042232278 0.3499824032176974 0.6191657239819004 0.37695072900955257 0.649454185520362 0.37919431875314236
0 0.6823914379664138 0.5047533671569351 0.6600299069561364 0.47012906107650565 0.6438840600484765 0.4886668853038188 0.6662455910587539 0.5232911913842483
0 0.7256080316742081 0.5772373051784816 0.7122219079939668 0.550465057817999 0.6968090120663649 0.5641654097536452 0.7101951357466063 0.5909376571141276
0 0.7519286303630363 0.6522261049634375 0.7405085177635411 0.6122557108652044 0.7194998543972044 0.6229267779719149 0.7309199669966997 0.6628971720701481
0 0.7735456314878891 0.8218593810073049 0.7471435265282583 0.8007376970396003 0.7359519175317185 0.8256079392541331 0.7623540224913494 0.8467296232218379
0 0.7110294117647059 0.825 0.6992034313725489 0.7934640522875818 0.6825367647058824 0.804575163398693 0.6943627450980392 0.8361111111111111
0 0.7967872851195272 0.8955350747604981 0.7956364994627989 0.8541067911182739 0.7745030889067955 0.8551504163309159 0.775653874563524 0.8965786999731401
0 0.7264283299526707 0.9142382240252425 0.7019924780256929 0.8852772143340095 0.6888417004732926 0.90500338066261 0.7132775524002704 0.9339643903538429
0 0.6966602581399532 0.4275611620795108 0.6670067683036519 0.4156997661449903 0.6600923052707324 0.4464307129579662 0.6897457951070337 0.4582921088924868
0 0.7432118342166999 0.43221850532433576 0.7297429819416688 0.4128233580482909 0.7051772887884844 0.4431513742867902 0.7186461410635155 0.46254652156283504
0 0.773344093735055 0.49478917583293497 0.7469138570062172 0.49087358520644053 0.7446758428981349 0.5177297545034275 0.7711060796269728 0.5216453451299221
0 0.8032355486705066 0.6366817943794729 0.802103879385582 0.6057495005915324 0.7646735177750625 0.6081839956556312 0.7658051870599871 0.6391162894435717
0 0.8682598039215687 0.8639705882352942 0.866558908045977 0.8254169483885508 0.8418821839080458 0.8273523777327023 0.8435830797836374 0.8659060175794455
0 0.925084828006347 0.961458451395973 0.9047181372549018 0.9244281045751636 0.8861631177037288 0.9425707903585328 0.906529808455174 0.9796011371793422
0 0.876568939677782 0.7208380167353567 0.8589027569626576 0.7079898838516299 0.8415039184463594 0.750520378002581 0.8591701011614838 0.7633685108863079
0 0.849071932143644 0.6925626055665715 0.8324927021370347 0.6743014246897264 0.8093980640008814 0.711576980979658 0.8259772940074906 0.7298381618565031
0 0.9963235294117647 0.8937908496732027 0.9638480392156863 0.8937908496732027 0.9638480392156863 0.9252450980392157 0.9963235294117647 0.9252450980392157
0 0.9486346601077742 0.8311648589559527 0.9257641183353983 0.8105607672691277 0.9143750184376659 0.8330352577339863 0.9372455602100418 0.8536393494208113
0 0.8725490196078431 0.5796568627450982 0.8422181372549019 0.5796568627450982 0.8422181372549019 0.6033496732026146 0.8725490196078431 0.6033496732026146
0 0.9526996879305307 0.7432700960677625 0.9352057936375404 0.7419498021588575 0.9333323331106752 0.7860802056805691 0.9508262274036655 0.7874004995894741
0 0.8115808823529411 0.536356209150327 0.7794117647058824 0.536356209150327 0.7794117647058824 0.5641339869281048 0.8115808823529411 0.5641339869281048
0 0.7761924045723778 0.39689331379861487 0.7606641151399293 0.3547177128709768 0.7415423548215236 0.36723377417029684 0.7570706442539722 0.4094093750979349
0 0.8406461291413119 0.45162271805273846 0.8080142832995268 0.44799695740365125 0.8062267579445573 0.47659736308316447 0.8388586037863424 0.4802231237322517
0 0.8952205882352942 0.4685457516339871 0.8731617647058824 0.4685457516339871 0.8731617647058824 0.5098039215686276 0.8952205882352942 0.5098039215686276
0 0.8709700226244343 0.38530668677727503 0.8644065799396682 0.341550402212167 0.8440799396681752 0.3469708396178985 0.8506433823529413 0.39072712418300654
0 0.8174948429598081 0.3273075444355722 0.8094958854582555 0.29744476976310896 0.7786950470233341 0.3121118356845001 0.7866940045248868 0.34197461035696336
0 0.7803308823529411 0.18259803921568638 0.7648897058823529 0.17230392156862753 0.7498774509803922 0.21233660130718968 0.7653186274509803 0.22263071895424852
0 0.8446691176470589 0.25408496732026153 0.8244485294117647 0.25408496732026153 0.8244485294117647 0.3043300653594772 0.8446691176470589 0.3043300653594772
0 0.9335977087464201 0.40084177865902926 0.9307088565763385 0.36039784827788796 0.9118266688697951 0.3627955863993538 0.9147155210398767 0.4032395167804951
0 0.9823565455594001 0.4756343713956172 0.9600814590542098 0.46820934256055374 0.9516652249134947 0.5130959246443677 0.973940311418685 0.5205209534794311
0 0.9309734214786833 0.32801912814055284 0.9212425796006476 0.28477094201595005 0.9043780356179169 0.29151675960904233 0.9141088774959525 0.3347649457336451
0 0.854197533509657 0.18747415008190343 0.8534678260354932 0.13979992843654251 0.8306494485804312 0.14042083666661223 0.831379156054595 0.18809505831197315
0 0.8267787004391662 0.08539514649182506 0.812815070823282 0.07076658213232727 0.7893519592379538 0.1105827714892477 0.803315588853838 0.1252113358487455
0 0.7747665315006934 0.05583203140999773 0.7585427747643372 0.03836029338622958 0.737208054663226 0.07357951387060362 0.7534318113995822 0.09105125189437177
0 0.8915705252151992 0.13728951527043737 0.8797166602214296 0.09119115140577773 0.8629702337472606 0.09884666065111215 0.8748240987410302 0.1449450245157718
0 0.933328886455619 0.24440155421263704 0.9016770792907172 0.22278568590489928 0.8917261797508823 0.248689614865739 0.9233779869157841 0.2703054831734768
0 0.9390563725490196 0.0643137254901961 0.9147916666666667 0.021176470588235352 0.9016053921568628 0.034362745098039355 0.9258700980392157 0.07750000000000011
0 0.9755275585844096 0.20012354535310053 0.9549333452893356 0.165799856527977 0.9396147178383549 0.18213972580902285 0.9602089311334291 0.21646341463414637
0 0.9969679682217714 0.27624239350912794 0.9781102096010817 0.26618492224476015 0.9660454699121027 0.30640072120802353 0.9849032285327924 0.3164581924723913