0 0.06327224490663949 0.9542527965633106 0.03782870252222372 0.9363976791005627 0.02876379673344401 0.9593621070988048 0.054207339117859785 0.9772172245615527
0 0.12931775449906 0.9301940639269407 0.0972619527262961 0.925695004029009 0.09518869191512232 0.9519563076372103 0.12724449368788618 0.9564553675351419
0 0.08328716760676878 0.9023413018175309 0.072522159548751 0.8640657176112455 0.0511348374966425 0.8747593786372997 0.06189984555466028 0.913034962843585
0 0.19025735294117654 0.928513071895425 0.17172181372549025 0.9037990196078434 0.15471813725490202 0.9264705882352943 0.1732536764705883 0.951184640522876
0 0.09611570143521332 0.8007041304494308 0.08257213968061451 0.7600734451856344 0.06332752173034162 0.7714776632302406 0.07687108348494043 0.812108348494037
0 0.17748612769981095 0.8421543744401313 0.146721347168309 0.8392243953418931 0.14513971832387784 0.8687481337712751 0.1759044988553798 0.8716781128695134
0 0.1427670630925413 0.7803261270109185 0.14211992530462977 0.7531463399186338 0.10797677521801571 0.7545915526207126 0.10862391300592725 0.7817713397129974
0 0.09068627450980396 0.5502450980392157 0.06678921568627456 0.5502450980392157 0.06678921568627456 0.5886437908496732 0.09068627450980397 0.5886437908496732
0 0.14866602378656374 0.683535572699025 0.12684325779492114 0.6486191471123968 0.10828009482481513 0.669244883745848 0.13010286081645772 0.7041613093324761
0 0.18949849170437405 0.745267722473605 0.17829939668174966 0.7191365007541479 0.15909690799396686 0.733766968325792 0.17029600301659129 0.759898190045249
0 0.042427575538412095 0.49236914711239693 0.04062952025072324 0.46599766955962707 0.010851112986178083 0.4696071734704811 0.012649168273866933 0.4959786510232509
0 0.09574788631048751 0.3276945793607963 0.09516746492174853 0.3021560382562811 0.06556007150566649 0.30335229657612284 0.06614049289440548 0.32889083768063804
0 0.09775974414155915 0.4413438546150168 0.07583662123385944 0.433800414474733 0.06714221664275469 0.47872150486210746 0.0890653395504544 0.48626494500239126
0 0.07259676346879453 0.4158354982371498 0.05511516515123403 0.3975214428568483 0.03236434558050353 0.4361288942496032 0.049845943898064016 0.4544429496299046
0 0.17218515626081063 0.552768293273555 0.14655158993731573 0.5345884590015728 0.1364004317323259 0.5600340289020808 0.1620339980558208 0.5782138631740629
0 0.11917892156862749 0.19240196078431374 0.0965073529411765 0.19240196078431374 0.0965073529411765 0.2361111111111111 0.11917892156862749 0.2361111111111111
0 0.06507845247137593 0.19120870490711828 0.041743149914198106 0.1675030007220487 0.02814143950263031 0.1913059939422924 0.05147674205980814 0.2150116981273619
0 0.042108021462424906 0.055736192348133 0.03535841377779891 0.02173816845520208 0.0008242585635709408 0.033926693824929605 0.007573866248196936 0.06792471771786052
0 0.0954445507401145 0.11058519474355552 0.08753541129008335 0.06664553113227135 0.06748909851383822 0.0730603512206698 0.07539823796386937 0.11700001483195396
0 0.037601669418977676 0.26315098482116306 0.0007491743067023787 0.2585444229321286 -0.0012260833665508558 0.2866369765072857 0.035626411745724444 0.29124353839632017
0 0.17732283268637405 0.5105981055704855 0.17489518015327957 0.46528192495272225 0.15608359460535484 0.46707350452871504 0.15851124713844927 0.5123896851464783
0 0.22078458877316517 0.6193554104933744 0.18764134394406146 0.6171458608381007 0.18648996381595034 0.6478493309210634 0.21963320864505406 0.650058880576337
0 0.2614389034651767 0.7404137277786236 0.2576900955617443 0.7096542783145633 0.2239979766072969 0.7169542374213602 0.22774678451072927 0.7477136868854205
0 0.23604420216362412 0.8429823078656751 0.20879289215686284 0.8274101307189542 0.1998869590939825 0.8551174780256932 0.22713826910074378 0.8706896551724139
0 0.2279411764705883 0.9587418300653595 0.20312500000000008 0.9587418300653595 0.20312500000000008 0.9995915032679739 0.2279411764705883 0.9995915032679739
0 0.20176772763900083 0.19551213179335664 0.17959181103948432 0.19441702480078793 0.1782572018533441 0.24246295550183547 0.20043311845286063 0.24355806249440423
0 0.1556372549019608 0.08700980392156865 0.13725490196078433 0.08700980392156865 0.13725490196078433 0.12745098039215688 0.1556372549019608 0.1274509803921569
0 0.23301156345303184 0.1326215835859488 0.22862203615682608 0.07877671541915848 0.20412196289071444 0.0823274506751167 0.20851149018692017 0.13617231884190698
0 0.15392041250462443 0.05346682698236526 0.14471767480577133 0.01052071772105068 0.12707524047354787 0.017241645085707233 0.136277978172401 0.06018775434702182
0 0.21757183071248304 0.0011211415259173357 0.19840746942341295 -0.004648773700899467 0.19168274364201127 0.03505913091309134 0.21084710493108133 0.04082904613990815
0 0.2705269607843137 0.34191176470588236 0.23253676470588236 0.34191176470588236 0.23253676470588236 0.3737745098039216 0.2705269607843137 0.3737745098039216
0 0.2456699639024665 0.2318710554900089 0.22576189322433848 0.21686787179055012 0.21094320607899322 0.2518247748000825 0.23085127675712122 0.2668279584995413
0 0.2863955520732884 0.05279987678131367 0.2607054604628737 0.049685926283081584 0.25786272500803603 0.09137937962070079 0.2835528166184507 0.09449333011893288
0 0.3199595221505062 0.1443862769546721 0.29547569495379206 0.11485023144752494 0.2821786679135495 0.1344458502436718 0.30666249511026367 0.16398189575081898
0 0.3022568770675094 0.19062744482021535 0.28278749353181426 0.17733128045437474 0.26875254107297963 0.21386671225197593 0.28822192460867485 0.22716287661781653
0 0.3206176901157056 0.32245809999982605 0.318542641970283 0.2943296695840966 0.28101098537631714 0.2992518540554364 0.28308603352173983 0.32738028447116585
0 0.34909266591251886 0.42467634489693323 0.3426376319758672 0.39311840120663655 0.31145126319758676 0.40445889894419307 0.3179062971342383 0.43601684263448975
0 0.33133012820512825 0.5503707893413776 0.30269607843137253 0.5249183006535948 0.2893570889894419 0.551596279537456 0.3179911387631977 0.5770487682252389
0 0.2883499146463698 0.6146433679968261 0.261530081281714 0.6132129768840443 0.26066773554469713 0.641957834784606 0.2874875689093529 0.6433882258973878
0 0.35424110625682637 0.6770392330230058 0.3206063575960889 0.6641174086787678 0.3138410503458679 0.6954235363464571 0.34747579900660536 0.7083453606906953
0 0.326371699669967 0.9186161263185141 0.32365378081925844 0.8823772083090662 0.2971116045428072 0.8859161651459263 0.2998295233935158 0.9221550831553743
0 0.4655235863205299 0.9768254291098951 0.45770684898016206 0.9521409954034702 0.4249676164472495 0.9705719707553321 0.4327843537876174 0.995256404461757
0 0.43168759760541386 0.8553003354734224 0.42604925819885475 0.8264821562843426 0.3923005596043727 0.8382208340563364 0.3979388990109318 0.8670390132454163
0 0.37359068627450975 0.850408496732026 0.36292892156862744 0.8219771241830065 0.33560049019607846 0.8401960784313727 0.3462622549019608 0.8686274509803922
0 0.41718187617512764 0.737060614200018 0.3868132218640881 0.7111910197869104 0.373445977706151 0.7390878771599965 0.40381463201719053 0.7649574715731043
0 0.4126793509374553 0.5614951576737752 0.3807003184485473 0.5459901722246078 0.373213199513382 0.5734429416535473 0.40519223200229 0.5889479271027147
0 0.4513801832208294 0.6043488160291439 0.4265971552555449 0.5898920497160614 0.4175405818064931 0.6174930354655525 0.4423236097717776 0.6319498017786351
0 0.41290037058329 0.3707916594548707 0.38727595782953783 0.35224446546167865 0.37364817459140026 0.3857162137658763 0.3992725873451524 0.4042634077590684
0 0.36306672565291676 0.47214594689881484 0.3366945325848182 0.46276916714126876 0.3317264665202181 0.4876094974642693 0.35809865958831666 0.4969862772218155
0 0.3638794946762088 0.34779605709741857 0.3624063609123175 0.3075304008843894 0.3372763571303892 0.30916487267508397 0.33874949089428047 0.34943052888811316
0 0.46325065883926286 0.04537345697222393 0.4291947533777804 0.03658483620797039 0.42426636527228745 0.07053595426803293 0.4583222707337699 0.07932457503228646
0 0.46691176470588236 0.2761437908496733 0.4411764705882353 0.2761437908496733 0.4411764705882353 0.3080065359477125 0.46691176470588236 0.3080065359477125
0 0.4785793562708103 0.38076365766432346 0.47410862930077696 0.3489718214329757 0.44401243988161293 0.35649586878776673 0.44848316685164624 0.38828770501911447
0 0.47894996413199425 0.4790172166427546 0.45201159732185553 0.45028295871193996 0.4381127450980392 0.4734477124183006 0.46505111190817794 0.5021819703491153
0 0.4463015705209122 0.5190273570086118 0.4249178185222587 0.48499730006451797 0.407787648321131 0.5041337064153273 0.42917140031978457 0.5381637633594211
0 0.5110658140104588 0.5834781090746683 0.478461275509694 0.5785380274836435 0.4759795172531022 0.607657324360987 0.5085840557538671 0.612597405952012
0 0.41010916035884487 0.6749300505175437 0.39754170171012043 0.6453595595793686 0.3802956842955853 0.6583898838481286 0.39286314294430974 0.6879603747863037
0 0.5015616129525308 0.7122115958484359 0.47717531333246 0.6787112246531871 0.46231358356260105 0.6979440514141811 0.48669988318267177 0.7314444226094299
0 0.4850530425300939 0.800918186971016 0.48326734539969834 0.7741327300150831 0.45228258807197547 0.7778049975502206 0.45406828520237097 0.8045904545061535
0 0.5379901960784315 0.8586601307189542 0.5033700980392158 0.8586601307189542 0.5033700980392158 0.8860294117647058 0.5379901960784315 0.8860294117647058
0 0.5340239425464509 0.9807164568884323 0.5274603454919085 0.9552576561920255 0.4949746874732425 0.9701469161172476 0.5015382845277849 0.9956057168136543
0 0.5881269361425 0.9586332887433849 0.5760986508607033 0.9368678201382291 0.5396881710493893 0.9726395196019763 0.5517164563311859 0.9944049882071321
0 0.5631127450980393 0.7896241830065359 0.535232843137255 0.7896241830065359 0.535232843137255 0.8112745098039216 0.5631127450980393 0.8112745098039216
0 0.5964984856907914 0.7098295461125976 0.5829218205297476 0.6726194267823294 0.5640065277439977 0.6848888058865996 0.5775831929050416 0.7220989252168678
0 0.5603008326618318 0.5531829170024175 0.5481634434595756 0.5100277553943952 0.5291263765780284 0.5195462888351687 0.5412637657802847 0.562701450443191
0 0.521120890782106 0.47856374723208966 0.5170355053485057 0.4363480977515537 0.5002568261183695 0.4392347522427599 0.5043422115519698 0.4814504017232959
0 0.5075050461361015 0.4087149173394849 0.4942820069204152 0.3870155709342561 0.47034890426758935 0.4129430988081508 0.48357194348327565 0.4346424452133796
0 0.5263480392156863 0.19444444444444453 0.5033700980392157 0.19444444444444453 0.5033700980392157 0.2426470588235295 0.5263480392156863 0.2426470588235295
0 0.5014130499760879 0.019570978798023306 0.48410598995695836 0.011069265104415806 0.4727657221425155 0.05211023433763756 0.4900727821616451 0.06061194803124506
0 0.5253828301231996 0.09017294233327558 0.5054746626356464 0.08668028137054694 0.5010521780189271 0.1314947921533034 0.5209603455064803 0.13498745311603205
0 0.6130964402928554 0.02505575191449981 0.5910202600353446 0.022458554237145604 0.5881500883615248 0.0658300373081995 0.6102262686190356 0.0684272349855537
0 0.5952182759896412 0.12917745714638065 0.5744196263411026 0.12125416204217543 0.5652400110987792 0.16409236650635103 0.5860386607473178 0.17201566161055626
0 0.6305712669683258 0.20852815485168436 0.6146422511312217 0.1920091754650579 0.5955717383107089 0.22470148315736557 0.611500754147813 0.24122046254399201
0 0.6740528440168889 0.03603067790465844 0.65472338507181 0.03529431756389352 0.6537732803153887 0.0796325395302222 0.6731027392604676 0.08036889987098712
0 0.6629238680008086 0.10548901691260713 0.6429970183949869 0.09368051344249054 0.6315885890438651 0.12790580149585615 0.6515154386496868 0.13971430496597273
0 0.5891443794142341 0.2683566289656082 0.5686752975749494 0.2597380681911725 0.5606509606361436 0.2936186019327967 0.5811200424754285 0.30223716270723244
0 0.557654600301659 0.33599798893916544 0.5338235294117647 0.33202614379084977 0.5301470588235294 0.37124183006535955 0.5539781297134238 0.37521367521367527
0 0.5834204143275566 0.4384432714994713 0.5726458892685704 0.41362921378786655 0.5520305762346431 0.4295427887614244 0.5628051012936295 0.45435684647302915
0 0.6144253035994313 0.5704688519342436 0.5950241147295869 0.5616191868357181 0.5847867510302325 0.6015186556126895 0.6041879399000768 0.6103683207112149
0 0.6431616630054512 0.4705478941230711 0.6278120169229517 0.45244318335909744 0.6057425148482629 0.4857073603992082 0.6210921609307624 0.5038120711631818
0 0.6655405405405407 0.6907458929517754 0.6595124536301007 0.6425211976682565 0.6386956809750928 0.6471471471471472 0.6447237678855328 0.695371842430666
0 0.7365196078431373 0.8909313725490197 0.7086397058823529 0.8909313725490197 0.7086397058823529 0.9121732026143791 0.7365196078431373 0.9121732026143791
0 0.7635135693507868 0.9829703367529745 0.7392601898950776 0.949708559213716 0.7264238971074349 0.9663481980125119 0.7506772765631442 0.9996099755517704
0 0.7756658075601376 0.8210742200660335 0.7464536587831009 0.819303786806819 0.7456779361229028 0.8420583181726299 0.7748900848999395 0.8438287514318442
0 0.8097370924907467 0.8920099026694456 0.7821650878623755 0.8562146685905077 0.7673757780751831 0.8764666964072036 0.7949477827035543 0.9122619304861415
0 0.8204656862745098 0.9616013071895425 0.7895220588235294 0.9616013071895425 0.7895220588235294 0.9893790849673203 0.8204656862745098 0.9893790849673203
0 0.8883309421329506 0.981458233699984 0.863073888091822 0.9545173760561134 0.8474713055954087 0.9805216802168021 0.8727283596365374 1.0074625378606725
0 0.8567401960784314 0.9374183006535949 0.8318321078431372 0.9263480392156862 0.825735294117647 0.9507352941176471 0.8506433823529411 0.9618055555555556
0 0.8569524459268243 0.7777609325517151 0.8489299070143522 0.7536933158142984 0.8181442035577117 0.7719366956404556 0.826166742470184 0.7960043123778723
0 0.8678921568627449 0.8412581699346404 0.8611213235294117 0.8141748366013072 0.8294117647058823 0.8282679738562091 0.8361825980392158 0.8553513071895423
0 0.88430701108455 0.8835799135813012 0.857834910996329 0.8807180649231151 0.8562901530350894 0.9061207513968337 0.8827622531233104 0.9089826000550197
0 0.9703823127611699 0.9508196721311479 0.9518300811163424 0.9169699863230412 0.9317199878987273 0.9365644361248198 0.950272219543555 0.9704141219329265
0 0.937561274509804 0.8609477124183008 0.9292279411764706 0.8276143790849673 0.9039522058823529 0.8388480392156863 0.9122855392156862 0.8721813725490197
0 0.8059757714561235 0.7476494696239152 0.7998965364834458 0.7132004714454089 0.7607913452266153 0.7254687667416694 0.7668705801992929 0.7599177649201758
0 0.9811887254901962 0.7830065359477126 0.9554534313725491 0.7658496732026147 0.9455269607843139 0.7923202614379087 0.9712622549019608 0.8094771241830067
0 0.9272671568627452 0.7601307189542482 0.9202512254901961 0.7320669934640522 0.8869791666666667 0.7468545751633987 0.8939950980392157 0.7749183006535947
0 0.749173465859175 0.673502464220515 0.7459184400643002 0.6457262441042512 0.7199553379502421 0.6511352237113467 0.7232103637451168 0.6789114438276104
0 0.6682726984463969 0.5341014251341848 0.6540725604511655 0.5211184418242588 0.6363087364318298 0.555659210750745 0.6505088744270613 0.5686421940606708
0 0.7824015382014874 0.6127873563218392 0.7643889452332658 0.5778538426865001 0.7476676678629012 0.5931816802760008 0.765680260831123 0.62811519391134
0 0.6419117647058824 0.385375816993464 0.6268995098039216 0.3453431372549019 0.6085171568627452 0.3575980392156862 0.623529411764706 0.3976307189542483
0 0.705222854402084 0.49182713181023474 0.6873520391100785 0.47426983959352753 0.670287583166121 0.5051483789206886 0.6881583984581265 0.5227056711373959
0 0.8420721979656463 0.5876928531064411 0.8285883072641781 0.5686567721161332 0.8008258564437194 0.6036168953715255 0.8143097471451876 0.6226529763618336
0 0.8837348741014845 0.6301020444331024 0.848632156224746 0.6291269689365262 0.8481027497767003 0.6630089816114443 0.8832054676534389 0.6639840571080204
0 0.9255514705882353 0.6748366013071897 0.8967524509803921 0.6748366013071897 0.8967524509803921 0.707107843137255 0.9255514705882353 0.707107843137255
0 0.6504566855720161 0.27931146993395195 0.6315610214054009 0.2734328188598939 0.6234707199528916 0.31966311287423305 0.6423663841195068 0.3255417639482911
0 0.8288570908970673 0.042073096804770206 0.8166724531296501 -0.004634681303662584 0.793940436629964 0.0059077031599599275 0.8061250743973812 0.052615481268392716
0 0.772254268086545 0.05153397565922922 0.7594341615956729 0.011649199909848999 0.7368048512508452 0.024580234392607633 0.7496249577417174 0.06446501014198786
0 0.7781531004121394 0.16338568336039302 0.7641848538778568 0.12924108072103585 0.7481285906082178 0.14091836309895517 0.7620968371425003 0.17506296573831232
0 0.6974754901960785 0.23035947712418317 0.6813970588235294 0.214281045751634 0.6606985294117645 0.25107843137254904 0.6767769607843137 0.2671568627450982
0 0.7065937939087836 0.3258379852909531 0.6888858957075406 0.3136954265243865 0.6722207322244584 0.35690140592496966 0.6899286304257015 0.3690439646915363
0 0.7467865019773777 0.410429054085198 0.7129443914378164 0.4043107064170287 0.709843503692027 0.4348027692506248 0.7436856142315884 0.44092111691879404
0 0.8056490476554731 0.461023887231529 0.7876511544149519 0.4495052355575955 0.7735333161222876 0.48872145303721853 0.7915312093628087 0.500240104711152
0 0.7347378250724472 0.5597636207394027 0.7193074686688495 0.5484480260434309 0.7018554062699937 0.5907560561012635 0.7172857626735915 0.6020716507972352
0 0.89533371040724 0.5257541478129715 0.8664121417797889 0.520933886375063 0.8633578431372547 0.553513071895425 0.8922794117647059 0.5583333333333336
0 0.9506163815674639 0.5985934136265784 0.9228995752603711 0.596790694517174 0.9215533542793973 0.633587401330463 0.9492701605864899 0.6353901204398673
0 0.8555714968914396 0.5078710345926989 0.8532512852702058 0.4800284951378926 0.8235929280248686 0.4844223258409055 0.8259131396461024 0.5122648652957118
0 0.8263627450980392 0.3578986928104576 0.8042549019607844 0.3525392156862746 0.7988186274509804 0.39240522875817 0.8209264705882353 0.3977647058823531
0 0.7702592995682026 0.34004034826927165 0.7591402987187653 0.3169787168778462 0.7321352728817155 0.34012588188103166 0.743254273731153 0.36318751327245713
0 0.7469052930160828 0.264118381434971 0.7295005783212163 0.24961445252258208 0.7134074135272087 0.2839465374164647 0.7308121282220753 0.29845046632885364
0 0.8077366895663374 0.2895198225275513 0.8008131172176899 0.26413339058251056 0.7730159582081008 0.27761080101140223 0.7799395305567481 0.302997232956443
0 0.763362556561086 0.2320575666163902 0.7574354260935143 0.1925433634992459 0.736166101055807 0.19821518350930117 0.7420932315233787 0.2377293866264455
0 0.8337173839082377 0.19111571682497372 0.8006282807032162 0.1752329472865635 0.7937973879353442 0.20053255013053398 0.8268864911403655 0.2164153196689442
0 0.8887030001262601 0.3258877588046475 0.8550358774731613 0.3193039659302637 0.8516909994505983 0.3497119479535638 0.8853581221036971 0.35629574082794757
0 0.8984780270696632 0.39156347385943535 0.8739190765151076 0.39083580125041145 0.8730982521340225 0.440085264115518 0.8976572026885781 0.4408129367245418
0 0.9552801724137931 0.51004338517016 0.9429830121703855 0.46905285102546757 0.9212199966193375 0.4806597926526932 0.9335171568627453 0.5216503267973857
0 0.893447000359777 0.2994430952809259 0.8830921703543804 0.253421628590274 0.8597347769382985 0.2627645859567068 0.8700896069436951 0.3087860526473587
0 0.8501832939312286 0.13033446596731477 0.811073527293372 0.12880074962857527 0.8104271527106952 0.15810306404324925 0.8495369193485519 0.15963678038198872
0 0.813889702966255 0.10890702701862023 0.8097085651631265 0.08412991411119274 0.7819035704704248 0.09247141251900327 0.7860847082735533 0.11724852542643077
0 0.8885517933771311 0.1092764359886413 0.8745318374283216 0.07292840204728346 0.8557301753819666 0.08582097030764119 0.869750131330776 0.12216900424899901
0 0.9682315233785822 0.20607088989441935 0.9470211161387632 0.16365007541478127 0.9289922699849171 0.1796757164404222 0.9502026772247362 0.2220965309200603
0 0.9012783473803111 0.2426820555893455 0.9002026493758508 0.20539119143472256 0.87748220595476 0.20655634237939388 0.8785579039592204 0.24384720653401684
0 0.980431177195611 0.3602672649448716 0.9648270719545005 0.3199566597386696 0.9453012973883059 0.3333937519132551 0.9609054026294164 0.3737043571194571