0 0.5290140948929715 0.49817288424443334 0.5072080945558739 0.4817393767440119 0.4931597280746109 0.5148791130587861 0.5149657284117085 0.5313126205592075
0 0.07634803921568631 0.42957516339869284 0.053829656862745136 0.42528594771241834 0.049178921568627486 0.4686928104575164 0.07169730392156866 0.4729820261437909
0 0.17218137254901958 0.5089869281045751 0.15389328808446454 0.472410759175465 0.13650075414781293 0.4878707893413775 0.15478883861236797 0.5244469582704877
0 0.24434066139146018 0.4813688165621579 0.2176185988354733 0.45048998871968426 0.20318331964765607 0.4726981105470954 0.22990538220364293 0.5035769383895691
0 0.3068877232421631 0.48852826693310025 0.3001846040964157 0.45814079347237835 0.2671597898713626 0.47109170101161496 0.27386290901711 0.5014791744723368
0 0.38987874392876415 0.4581778047610482 0.37927375652095696 0.4319178359417162 0.35206984169814715 0.45144885171193855 0.3626748291059543 0.47770882053127056
0 0.39731562386227715 0.539223271094468 0.371962279606803 0.5321065428824051 0.3656267878504188 0.572231324006172 0.3909801321058929 0.5793480522182349
0 0.5105349099099099 0.5628086910439853 0.49222012453630104 0.5501466172054409 0.4761436804451511 0.591486044868398 0.49445846581875996 0.6041481187069425
0 0.4509851055806939 0.5928418803418803 0.4357513197586728 0.5572963800904976 0.4167797888386124 0.5717508798391151 0.43201357466063356 0.6072963800904978
0 0.5558569979716023 0.4781017579445573 0.5295385395537524 0.4469095109308092 0.5156440162271805 0.4677512959206672 0.5419624746450303 0.4989435429344153
0 0.35363653888521707 0.6193498935154588 0.3263728244106632 0.5966301314533304 0.3141695582727473 0.6226637658808843 0.3414332727473013 0.6453835279430126
0 0.2941043774197577 0.6028542733441572 0.29332107843137256 0.5736111111111112 0.26434018671162735 0.5749911535739561 0.2651234857000125 0.6042343158070023
0 0.23799155989899934 0.5753062751332648 0.22869298255868323 0.543834167212195 0.1995193993734218 0.5591576654509182 0.20881797671373792 0.590629773371988
0 0.11425184828029576 0.5462003107253831 0.08673858887817427 0.5156300225008036 0.0691849485695918 0.5437158469945357 0.09669820797171329 0.574286135219115
0 0.06957670363227254 0.5583815493410479 0.051997950819672095 0.5302555448408872 0.03530315814850527 0.5488053144755171 0.05288191096110571 0.5769313189756777
0 0.16440314987381086 0.6016008218468906 0.14667600951271598 0.5641768588623567 0.130630581440497 0.5776887982915938 0.1483577218015919 0.6151127612761277
0 0.045568525977269944 0.610742943674285 0.0036198794804546807 0.5942924940676907 -0.0027222274260022008 0.6230433787102951 0.03922641907081306 0.6394938283168895
0 0.14356308375085058 0.6479776190181648 0.12391658161687391 0.6273955691635225 0.10973452866951201 0.6514620832560153 0.1293810308034887 0.6720441331106576
0 0.21700385356454727 0.6217509161660811 0.18141150969058145 0.6144499225509086 0.1779652612490083 0.6443174090445426 0.21355760512297411 0.651618402659715
0 0.28906250000000006 0.6836192810457519 0.27068014705882354 0.6591094771241832 0.24862132352941183 0.6885212418300656 0.2670036764705883 0.7130310457516341
0 0.6312025989641139 0.6583502898014552 0.6235964668886421 0.6042622394869898 0.5997525897151313 0.6102232087803675 0.607358721790603 0.6643112590948329
0 0.6533983785822021 0.7269042232277528 0.6275216817496229 0.7039027149321269 0.6166336726998491 0.7256787330316744 0.6425103695324283 0.7486802413273004
0 0.694125721330126 0.7895743524020351 0.6639649983551618 0.7742929194280532 0.6566260854219353 0.8000434911235845 0.6867868083968995 0.8153249240975664
0 0.6614583333333334 0.8647875816993464 0.6265318627450982 0.8647875816993464 0.6265318627450982 0.8921568627450981 0.6614583333333334 0.8921568627450981
0 0.5502450980392157 0.6425653594771242 0.5180759803921569 0.6425653594771242 0.5180759803921569 0.6813725490196079 0.5502450980392157 0.6813725490196079
0 0.6043416072050123 0.6672673260625751 0.5803339642069848 0.6540866593185599 0.569445955157211 0.6893430695749703 0.5934535981552385 0.7025237363189853
0 0.48543369711781564 0.669509757102459 0.472612137620091 0.6392640270052625 0.4410439139839316 0.6630545723542522 0.45386547348165635 0.6933003024514486
0 0.5257608097554048 0.757675399671033 0.5171117481392075 0.7358251387459027 0.4875912646289656 0.756598812327184 0.49624032624516307 0.7784490732523143
0 0.5916023587652882 0.7961196854979616 0.5894061832653853 0.7668373454992556 0.5509731120170841 0.7719617549990292 0.553169287516987 0.8012440949977352
0 0.602661348835563 0.8332522238739057 0.5977625955616904 0.8076279759798024 0.560696936716925 0.8202254548028598 0.5655956899907977 0.8458497026969631
0 0.5844230088942793 0.8969577521730343 0.5552094995412915 0.8722885664971779 0.545755440360125 0.8921918489838442 0.5749689497131129 0.9168610346597006
0 0.43010519801980196 0.9620235552967062 0.4194616336633663 0.9395538083220086 0.38840819743739075 0.9657040704070406 0.3990517617938264 0.9881738173817383
0 0.4034254256295239 0.9241561038048959 0.3931238743330955 0.8993267237570938 0.35646876168144903 0.9263631189044075 0.3667703129778775 0.9511924989522096
0 0.42073815842905204 0.7334781200448622 0.39831549483698797 0.6991520671384925 0.3845243792783385 0.7151675561743436 0.4069470428704026 0.7494936090807133
0 0.38270180399521847 0.774299831171995 0.3497806970953652 0.7470850494681163 0.33941599248772025 0.7693747367963848 0.37233709938757353 0.7965895185002634
0 0.27848425329035736 0.7719525024621722 0.2566940303518669 0.7610573909929269 0.2434612543647597 0.808107261169308 0.26525147730325016 0.8190023726385531
0 0.3599877450980394 0.8464052287581699 0.3174019607843139 0.8464052287581699 0.3174019607843139 0.8758169934640523 0.3599877450980394 0.8758169934640523
0 0.20459586931102722 0.7470464561971578 0.18313798569886672 0.7063894135635906 0.16544033324338914 0.7229946183366314 0.1868982168555496 0.7636516609701985
0 0.10788019653454564 0.7053960422800981 0.07640752411070399 0.6743430054885744 0.06218285808766509 0.6999730343589147 0.09365553051150673 0.7310260711504384
0 0.12834388033942187 0.8828583185515446 0.11424699769883506 0.8574286479057803 0.08680156047749175 0.8844763251673939 0.10089844311807855 0.9099059958131582
0 0.2051553753326604 0.8850409898748891 0.18236097090942463 0.8430703404606773 0.16371812960753723 0.8610703251659478 0.18651253403077303 0.9030409745801596
0 0.3073746195228994 0.9333147518935371 0.2950710518864585 0.9077962412401784 0.2642258618248744 0.9342349755786792 0.27652942946131526 0.9597534862320378
0 0.27877789046653145 0.8973968897903988 0.2689528397565923 0.8646467207572682 0.24074543610547666 0.8796906693711967 0.2505704868154158 0.9124408384043272
0 0.07650898342169488 0.8494908693090971 0.05661712109736602 0.8063918342730513 0.03571146806362035 0.8235451906084322 0.0556033303879492 0.8666442256444782
0 0.10166136843481709 0.8062281001101372 0.06953201742635906 0.7713590370001828 0.055878804840088336 0.7937242995224548 0.08800815584854636 0.8285933626324093
0 0.034539550241461645 0.7446444502627956 0.004616134287542974 0.7426982118267683 0.00359610461395247 0.7705790229049089 0.033519520567871136 0.7725252613409361
0 0.1554596646720109 0.9498442851228784 0.14071144292649887 0.9140910202852736 0.12091777689962743 0.9286063753716459 0.13566599864513948 0.9643596402092507
0 0.15035417224794934 0.7831126866274595 0.13354334902471074 0.7541607132985487 0.11745869053542043 0.7707642317391064 0.13426951375865903 0.7997162050680171
0 0.13772987250268104 0.996687618328898 0.12458626259416664 0.9583520894290642 0.10471135196144626 0.9704663206718652 0.11785496186996067 1.0088018495716988
0 0.09632972403334045 0.9632208648786351 0.08142456891404552 0.9277324003088853 0.06380161687086523 0.9408908711677932 0.07870677199016017 0.9763793357375431
0 0.7809263199828993 0.9062522266918002 0.748253463922735 0.8829144723631113 0.7367804344235219 0.9114695680055969 0.7694532904836863 0.9348073223342858
0 0.757396968585534 0.8158363800785557 0.7566335842531787 0.7863188525608185 0.7173167440966884 0.788126523372611 0.7180801284290438 0.8176440508903483
0 0.7179609651237544 0.8989091128254582 0.7086944511411122 0.8673343244401586 0.6736002290260368 0.8856443533697631 0.6828667430086789 0.9172191417550627
0 0.8490656233310446 0.9700176114544391 0.846869754711223 0.923172414231581 0.8261937800411993 0.9248954121207495 0.8283896486610208 0.9717406093436076
0 0.9243259803921569 0.8999183006535948 0.9022671568627451 0.8999183006535948 0.9022671568627451 0.9534313725490197 0.9243259803921569 0.9534313725490197
0 0.9778908971162857 0.9595197787561071 0.9504317394225499 0.9179149943716592 0.9348713843066533 0.9361724777076448 0.962330542000389 0.9777772620920926
0 0.8851438057437291 0.8768615753697362 0.8720225056452104 0.8577263460593962 0.8506193384423577 0.8838178260781119 0.8637406385408763 0.9029530553884518
0 0.8425330272150354 0.7760944661405366 0.8063541158164511 0.773141085618203 0.8054719917012448 0.7923517885715836 0.8416509030998293 0.795305169093917
0 0.7919286058743985 0.7243869234644501 0.7559226847432686 0.7166437146190459 0.7528030291731297 0.7424328673321933 0.7888089503042596 0.7501760761775975
0 0.7140224358974359 0.6934451985922574 0.711302790346908 0.6644356460532931 0.6763480392156861 0.6702614379084966 0.679067684766214 0.699270990447461
0 0.861330444289976 0.7324129183923692 0.8603791959915428 0.6994363107133548 0.8318815709444781 0.700897727382435 0.8328328192429113 0.7338743350614495
0 1.0014010519938312 0.6799359256811341 0.9787639072482927 0.6610716383931853 0.9573178288169201 0.7068232723801133 0.9799549735624588 0.7256875596680622
0 0.8320520740384836 0.6745587091312606 0.8128993210469719 0.6408498638662001 0.797834157000023 0.6560672012873606 0.8169869099915347 0.6897760465524212
0 0.721564401622718 0.6012114041018707 0.680565415821501 0.5966559612350688 0.6785771636240703 0.6284679963939599 0.7195761494252874 0.6330234392607619
0 0.7881985916193889 0.5757668126472247 0.7536671394446105 0.5724781029162935 0.7523094580471783 0.5978214890016921 0.7868409102219567 0.6011101987326234
0 0.8786725295018465 0.5291326356984856 0.8770792045761642 0.49885946211052057 0.838686830015314 0.5024517310752785 0.8402801549409963 0.5327249046632434
0 0.9457720588235294 0.482434640522876 0.9139093137254902 0.482434640522876 0.9139093137254902 0.5118464052287583 0.9457720588235294 0.5118464052287583
0 0.9846586180891455 0.5673206948561921 0.9644022728454777 0.5280356616563515 0.9438192385707599 0.5469034430748428 0.9640755838144277 0.5861884762746834
0 0.8613054020657015 0.6210515220753383 0.8607720733953511 0.5918962214295151 0.832430791133338 0.592817889145353 0.8329641198036883 0.6219731897911762
0 0.739995757918552 0.5340152086475617 0.7035256410256412 0.5242898441427855 0.6992717760180998 0.552648944193062 0.7357418929110106 0.5623743086978381
0 0.7905712862359177 0.47432284167767547 0.7525152235383178 0.4672754226596014 0.7499559343040775 0.4918445993083078 0.7880119970016773 0.4988920183263818
0 0.8442799417064124 0.46706633103691925 0.8401728934817171 0.43420994523935696 0.8077305246422893 0.4414193605370076 0.8118375728669847 0.47427574633456987
0 0.9878500201450442 0.4296378368699079 0.9624143835616438 0.3931148715193842 0.9427309965081923 0.41748477929984806 0.9681666330915927 0.4540077446503718
0 0.8824325980392156 0.41291666666666665 0.8792647058823528 0.3833496732026144 0.8442647058823529 0.390016339869281 0.8474325980392157 0.4195833333333333
0 0.9238199804808801 0.3747449205926716 0.9170548309821666 0.3494883624641411 0.8876513840830449 0.36349000384467517 0.8944165335817584 0.3887465619732056
0 0.8455567316901051 0.3742544147050424 0.8397155697111748 0.3442141530991147 0.8061276084984121 0.3558248063578475 0.8119687704773425 0.3858650679637752
0 0.7737264691379512 0.40697562555594247 0.7437206317438219 0.4040482267857835 0.7419802906369648 0.4357611091773989 0.7719861280310941 0.4386885079475579
0 0.6021524766267982 0.44340401638261334 0.6012615918840782 0.39470231711392445 0.5821807022452263 0.39532283385014727 0.5830715869879463 0.44402453311883616
0 0.6603860294117647 0.3698937908496733 0.6447610294117647 0.34906045751633985 0.6211703431372548 0.380514705882353 0.6367953431372549 0.4013480392156864
0 0.7541332227201392 0.3112796307851331 0.7360126307031973 0.2936236693327284 0.7128012909599712 0.33597418395194795 0.7309218829769131 0.3536301454043527
0 0.8401461898940505 0.3018441280342617 0.8368247818687378 0.2723205011425922 0.8080452382664557 0.2780764098630486 0.8113666462917685 0.30760003675471814
0 0.9103659567275187 0.273196979941402 0.8766945571331981 0.26945571331981083 0.8748922413793104 0.2982927653820151 0.908563640973631 0.30203403200360623
0 0.9996936274509803 0.2528594771241832 0.9715073529411765 0.2528594771241832 0.9715073529411765 0.28349673202614395 0.9996936274509803 0.28349673202614395
0 0.9889705882352942 0.1658496732026145 0.9644607843137255 0.1658496732026145 0.9644607843137255 0.20669934640522888 0.9889705882352942 0.20669934640522888
0 0.939622128162914 0.17921666271147896 0.92734590526831 0.15251049360742788 0.8933142186526651 0.18032133428257846 0.9055904415472693 0.20702750338662956
0 0.8743925371872887 0.18680273833671415 0.8447377873563218 0.16985716700473305 0.8344848715348208 0.20175512733829168 0.8641396213657876 0.21870069867027278
0 0.8251791101055806 0.13926596279537473 0.8077865761689289 0.12380593262946214 0.7930335595776771 0.15331196581196585 0.8104260935143287 0.16877199597787843
0 0.767311601233603 0.19030741471699394 0.7506103305429352 0.14423494384618668 0.7309241178457421 0.1569216142510446 0.7476253885364097 0.20299408512185185
0 0.9765532471377812 0.09463690397859367 0.9569783030661929 0.057351296223187215 0.9391305599420977 0.07400918980567607 0.958705504013686 0.11129479756108251
0 0.8615361685214625 0.07692987104751825 0.8303697999470058 0.070368530295001 0.8270336512983572 0.09854045221692292 0.8582000198728139 0.10510179296944017
0 0.8039380333271349 0.07798714849480369 0.7730425086262113 0.06837520747673857 0.7681838080332238 0.09613921086523837 0.7990793327341473 0.10575115188330349
0 0.7778799019607843 0.017565359477124308 0.7454044117647058 0.017565359477124304 0.7454044117647058 0.05310457516339881 0.7778799019607843 0.05310457516339881
0 0.83926675185267 0.034797394546756955 0.8214900312292892 -0.010711010249097954 0.7993885310184163 0.004637253786230486 0.817165251641797 0.050145658582085396
0 0.9013816142895512 0.022892604530396574 0.8807472132688692 -0.006736278986480401 0.8647772293849046 0.013036082012713819 0.8854116304055867 0.042664965529590794
0 0.7259803102664386 0.125716404726497 0.6922545580210032 0.11101543579899956 0.6852590685455606 0.13954605954198152 0.718984820790996 0.154247028469479
0 0.7346060350369656 0.250696453444766 0.7165752571520412 0.22184720882888675 0.7015077547412408 0.23858887817422048 0.7195385326261654 0.26743812279009965
0 0.673095727928477 0.18044972738663703 0.6429981966880017 0.1570405364218228 0.6307861551356295 0.18495377425581644 0.6608836863761048 0.20836296522063064
0 0.6891309638764009 0.0227520367673443 0.6656545489562886 0.020568184216636178 0.6634883400346145 0.06196684360863122 0.6869647549547269 0.06415069615933934
0 0.6210719110290774 0.12047086911162828 0.6191810114223043 0.0864346761897119 0.5914419655993366 0.08917433503642475 0.5933328652061096 0.12321052795834113
0 0.6097989744764761 0.04263814827158443 0.5771655244959173 0.0269740922809162 0.568428699383436 0.059332703808624584 0.6010621493639948 0.07499675979929282
0 0.5768165482485128 0.1646622787691857 0.5636373650583829 0.1433906146728355 0.5400669888742015 0.16935218844091945 0.5532461720643314 0.19062385253726966
0 0.6201795875466637 0.31746689741824036 0.6086552227175528 0.28519867589672976 0.5864163132905658 0.29931861839005486 0.5979406781196767 0.33158683991156546
0 0.5359875657580105 0.3540969233221746 0.5116085306073649 0.35048521441096775 0.5076555774748924 0.3979206520006377 0.5320346126255381 0.4015323609118445
0 0.5702833171057304 0.27458736982196585 0.5696627261148057 0.24148918363931038 0.5389604077108671 0.24251259425277502 0.5395809987017918 0.27561078043543047
0 0.5106348750092724 0.4487666798539509 0.4925653079642955 0.41121032481929304 0.47493926637489803 0.42628668743663933 0.49300883341987495 0.46384304247129715
0 0.4672487745098039 0.39146241830065365 0.45637254901960783 0.3479575163398693 0.4346813725490196 0.3575980392156863 0.4455575980392157 0.4011029411764706
0 0.43964963034394094 0.4179658202078646 0.41490879138540665 0.3904759991428266 0.40164938926390237 0.41169104253723354 0.4263902282224366 0.4391808636022715
0 0.4435835967019639 0.30776892107622855 0.4249543964096345 0.2726518078814926 0.40852313367853094 0.2881479580994439 0.4271523339708604 0.32326507129417986
0 0.5253676470588236 0.23790849673202608 0.5153186274509803 0.19771241830065356 0.4963848039215686 0.20612745098039212 0.5064338235294118 0.24632352941176466
0 0.5259394897607984 0.33264941237207324 0.5251861327907518 0.2884524701293355 0.5009464808122526 0.2891870050377749 0.5016998377822992 0.33338394728051257
0 0.5191302623990772 0.06443435217224146 0.5063166810841984 0.035959727028066116 0.4794189734717416 0.057477893118031545 0.4922325547866205 0.08595251826220687
0 0.4553294810647752 0.2168879852703383 0.434182131792426 0.21597842186077493 0.43320441482206196 0.2563907233024881 0.4543517640944112 0.25730028671205146
0 0.46616241680158305 0.17470843077292078 0.46116601457096607 0.1364026803381903 0.4320488172333154 0.14315449421358756 0.4370452194639324 0.18146024464831803
0 0.3850775029319178 0.36180251219060544 0.3723558087978108 0.32526841621573427 0.34668352519391804 0.34116078225623936 0.359405219328025 0.37769487823111053
0 0.29832766747762623 0.37243497842268364 0.2737545073420802 0.33704962782749726 0.2583284005995308 0.3560942040528668 0.28290156073507694 0.3914795546480532
0 0.21370122243284012 0.3594181002269238 0.18814077086135914 0.3583187259657848 0.18710891321185444 0.40096884214531275 0.21266936478333542 0.40206821640645174
0 0.14215686274509806 0.38643790849673204 0.12071078431372552 0.38643790849673204 0.12071078431372552 0.431781045751634 0.14215686274509806 0.431781045751634
0 0.22916666666666666 0.2945261437908497 0.19816176470588237 0.2738562091503268 0.18872549019607843 0.29901960784313725 0.21973039215686277 0.31968954248366016
0 0.15660468025384425 0.34881891899221656 0.13864946912374906 0.30746752366230035 0.11955584879179885 0.3222064586553847 0.13751105992189405 0.36355785398530094
0 0.17524509803921567 0.2696078431372549 0.14890339756592288 0.23988900157764256 0.1373520960108181 0.2580910525129592 0.1636937964841109 0.2878098940725716
0 0.2390581984942975 0.1976754312040003 0.20040978425754258 0.1876205592074462 0.1962382015843587 0.2161263741408694 0.23488661582111361 0.2261812461374235
0 0.3107561262412171 0.25566169212008605 0.2842115004935834 0.22180767667382853 0.265940445773571 0.24727641961687605 0.29248507152120473 0.28113043506313357
0 0.3792892156862745 0.20343137254901966 0.3547794117647059 0.20343137254901966 0.3547794117647059 0.2520424836601308 0.3792892156862745 0.2520424836601308
0 0.36550245098039214 0.30841503267973863 0.35710784313725485 0.2748366013071895 0.3276041666666666 0.28794934640522873 0.33599877450980387 0.32152777777777786
0 0.3592000631388458 0.12882106020230955 0.3441632611462435 0.10244070582932299 0.3160661640416816 0.13091243089527907 0.33110296603428385 0.15729278526826562
0 0.31352704651504576 0.17528235008348544 0.31291257914783654 0.14251075716566036 0.27736494347895313 0.14369567835462313 0.27797941084616234 0.1764672712724482
0 0.2765080929444056 0.12014699902528868 0.2749456770356817 0.08577384903336147 0.24436504359291752 0.08824501133176664 0.2459274595016415 0.12261816132369387
0 0.2078770197486535 0.10896653993733944 0.18858115957334456 0.09582893300946953 0.1729723307635442 0.13658531934617055 0.1922681909388531 0.14972292627404046
0 0.4114583333333333 0.08619281045751641 0.3909313725490196 0.08619281045751641 0.3909313725490196 0.1254084967320262 0.4114583333333333 0.1254084967320262
0 0.4067405502663493 0.006573727756998781 0.3916691732273167 -0.0117989985382029 0.36633765333612317 0.025142801303120927 0.38140903037515583 0.04351552759832261
0 0.3737837704351262 0.07267331785778963 0.35955288129105545 0.036183858514018515 0.3415814688595842 0.048644037799838634 0.3558123580036549 0.08513349714360975
0 0.29874017526962265 0.02684336317911039 0.2846710053032735 0.002831979769874442 0.2583746165233831 0.030224051415593593 0.2724437864897323 0.05423543482482954
0 0.2396964504316258 0.05213456031856593 0.2214087464910614 0.030931425315013 0.19848192237067053 0.06608588896627904 0.21676962631123492 0.08728902396983197
0 0.15560121107266436 0.04515090349865439 0.13685841983852365 0.03015667051134181 0.11888155997693194 0.07010524798154558 0.13762435121107267 0.08509948096885815
0 0.10179581447963802 0.08084464555052792 0.07864347662141781 0.07698592257415786 0.07388763197586727 0.12771493212669685 0.09703996983408748 0.13157365510306687
0 0.04186760427362965 0.05101421283392826 0.018851844041856147 0.017096250387104144 0.0021174850863038513 0.03728373103189739 0.025133245318077355 0.07120169347872152