0 0.5007593558090964 0.5005721552001829 0.47040436305682853 0.4846281186030322 0.4619701070014652 0.5131748314058003 0.492325099753733 0.5291188680029512
0 0.5204724900535231 0.5918213176436029 0.50674951077589 0.5728463339510733 0.47979520625170097 0.6075018683393164 0.4935181855293341 0.626476852031846
0 0.41057854629321416 0.6260241808930525 0.36961428265728286 0.6146747745177294 0.3651632864139997 0.6432353337454626 0.40612755004993106 0.6545847401207856
0 0.3687457626968239 0.5604419869565013 0.3317206068705542 0.5412997295225115 0.32268971582115835 0.5723533197976269 0.3597148716474281 0.5914955772316167
0 0.4590451421104721 0.7024668305808129 0.4260762664687327 0.6971918104781346 0.4235334709593617 0.7254450939155895 0.45650234660110117 0.7307201140182679
0 0.393477055612419 0.7609867642041462 0.3890467266742931 0.7152066985101785 0.3648605424769703 0.719367762458105 0.36929087141509626 0.7651478281520727
0 0.33743458532061477 0.6763149178590356 0.3278658253842077 0.6522158187599365 0.29598237943826183 0.6747217806041337 0.3055511393746688 0.6988208797032328
0 0.3124805714968914 0.7487864658058345 0.28858381157340984 0.7148684839789574 0.2744984457197514 0.7325107604017217 0.2983952056432329 0.7664287422285987
0 0.2759926470588235 0.6188235294117647 0.2729656862745098 0.5905718954248366 0.23946691176470586 0.596952614379085 0.24249387254901958 0.6252042483660131
0 0.29879253171856984 0.4406189926951173 0.2670703575547867 0.4373654363706268 0.26526456170703583 0.46866589773164175 0.296986735870819 0.4719194540561322
0 0.3894503073250026 0.39443216837685 0.37502698618307434 0.3614645771952997 0.35780662653662504 0.374858190253649 0.3722299476785533 0.4078257814351994
0 0.34987745098039214 0.43586601307189543 0.3290441176470589 0.4080882352941178 0.31464460784313725 0.4272875816993466 0.3354779411764705 0.4550653594771243
0 0.19740324434013007 0.6811749221716948 0.1615859248936483 0.6787871008752628 0.16052851938780507 0.7069845810310824 0.19634583883428686 0.7093724023275145
0 0.46292892156862747 0.3210784313725491 0.43474264705882354 0.3210784313725491 0.43474264705882354 0.35130718954248374 0.46292892156862747 0.35130718954248374
0 0.4635434283488617 0.41466261970897433 0.42904168332257103 0.4061040472993519 0.42488026967190434 0.4359275117957969 0.459382014698195 0.4444860842054194
0 0.5206576981987114 0.45238890154727707 0.4993154581070647 0.4377542226272907 0.4903046636666288 0.4611155415469395 0.5116469037582755 0.47575022046692583
0 0.5679219342833145 0.5057708460045761 0.5670521439742809 0.4756181152914145 0.5341539773220957 0.47730520076075733 0.5350237676311292 0.5074579314739189
0 0.590942993576741 0.5774326684696868 0.5667712559161596 0.5501619900833897 0.5537208417849899 0.5707262790173542 0.5778925794455713 0.5979969574036512
0 0.4757147314084746 0.6515534693465944 0.4591664775842834 0.6213601641235087 0.44327351239435014 0.6368456173854949 0.4598217662185413 0.6670389226085807
0 0.4305768691441121 0.5340750791318407 0.42704074730214403 0.5084054539086653 0.39692551073612364 0.5157806138840172 0.40046163257809164 0.5414502391071927
0 0.47264051168412563 0.588291252574089 0.44235579505774925 0.5731488942609008 0.4347132688691916 0.6003223207091056 0.4649979854955681 0.6154646790222938
0 0.5305518501648447 0.3423943692521257 0.506841868384522 0.340286815316097 0.5049656754294639 0.3778106744172596 0.5286756572097866 0.37991822835328826
0 0.4933413824109525 0.27068588776733576 0.4744804356653904 0.260330858181537 0.46375105145608536 0.29507362609738186 0.48261199820164746 0.3054286556831806
0 0.43947650319034975 0.23206204492881874 0.4233209911042802 0.2119574076661544 0.40327069069908245 0.24060069395929398 0.419426202785152 0.2607053312219583
0 0.354331999071818 0.2209251846695286 0.35283965657268823 0.1920732296863519 0.3225051485091077 0.19486260973817543 0.32399749100823755 0.2237145647213521
0 0.3864063369827427 0.24662893548586637 0.367708526628317 0.2348562400775243 0.35278016174924237 0.27700691738314687 0.37147797210366806 0.2887796127914889
0 0.3477328431372549 0.3153594771241831 0.3319546568627451 0.2943218954248367 0.31004901960784315 0.32352941176470595 0.3258272058823529 0.3445669934640524
0 0.5944857413768427 0.21154167263012286 0.5777302937598398 0.20111606077954325 0.5643304082581938 0.23940144792710305 0.5810858558751968 0.24982705977768266
0 0.5389284268753374 0.20990960604425257 0.5351912439287642 0.18125787012052524 0.49964809318222697 0.18949976014870779 0.5033852761288001 0.21815149607243517
0 0.5096950747869331 0.16048899391960722 0.5077785409904523 0.13323162436965752 0.47055590750336923 0.13788445355554288 0.47247244129985005 0.1651418231054926
0 0.626041517398677 0.4427517454403604 0.6106086999355163 0.40600694195664455 0.5912131905137208 0.42048892232491847 0.6066460079768814 0.4572337258086343
0 0.44990260363096113 0.8147969012750812 0.4273455739498131 0.7859239032832117 0.41110298199213074 0.8084830587799928 0.4336600116732787 0.8373560567718622
0 0.30009191176470595 0.8110702614379086 0.26608455882352944 0.7959558823529411 0.25962009803921565 0.8218137254901959 0.2936274509803922 0.8369281045751633
0 0.3627450980392157 0.8022875816993466 0.33960868830290736 0.7899481631733155 0.332657200811359 0.8131197881451433 0.35579361054766734 0.8254592066711743
0 0.6142769607843137 0.6437908496732028 0.5818014705882353 0.6437908496732028 0.5818014705882353 0.6711601307189544 0.6142769607843137 0.6711601307189544
0 0.7296452755006464 0.5508100266030876 0.7038330556265143 0.520922193064619 0.6913598344983473 0.5400729972209967 0.7171720543724793 0.5699608307594654
0 0.6641660042395336 0.5098149620208444 0.6603818892421833 0.47954204204204204 0.6272439719130897 0.4869060236707296 0.6310280869104399 0.517178943649532
0 0.6587786227504702 0.6024683275136541 0.6317716727101801 0.5861004790043873 0.6218565337093742 0.6151848867400843 0.6488634837496643 0.631552735249351
0 0.7268143232902918 0.7032281205164992 0.7226312171209949 0.6771999043519848 0.6875642635102821 0.6872190339550457 0.6917473696795792 0.71324725011956
0 0.5834902558584409 0.8183783676072057 0.5639123027259684 0.7857484457197514 0.5495277379244381 0.8010919815080505 0.5691056910569107 0.8337219033955048
0 0.5469900629935232 0.7416877384437939 0.5401209409103007 0.7160430159997635 0.5059236647147546 0.7323274332357378 0.512792786797977 0.7579721556797683
0 0.5122549019607845 0.8459967320261438 0.48131127450980404 0.8459967320261438 0.48131127450980404 0.8709150326797386 0.5122549019607845 0.8709150326797386
0 0.5715982082488168 0.8705713319810682 0.5432397312373226 0.8683471377056569 0.541732167004733 0.9025185936443543 0.5700906440162272 0.9047427879197656
0 0.644950259515571 0.8682718185313343 0.612006199538639 0.8572904652056903 0.6054101787773933 0.8924692425990005 0.6383542387543253 0.9034505959246445
0 0.7477186516946949 0.8418279957741039 0.7409259768442963 0.8173743663126689 0.710581790013955 0.8323591499325906 0.7173744648643535 0.8568127793940257
0 0.6964110020492758 0.8286438684737553 0.6623400458758324 0.8117404483566981 0.6541918459782962 0.8409381646562029 0.6882628021517395 0.85784158477326
0 0.7575679841414001 0.7742463671929579 0.7565273362908109 0.7340079836368434 0.7297885083368265 0.7352373550370266 0.7308291561874157 0.7754757385931411
0 0.8052389705882352 0.8002042483660131 0.7984068627450979 0.7728758169934641 0.7640318627450979 0.7881535947712419 0.7708639705882353 0.815482026143791
0 0.8124999999999999 0.9109477124183006 0.7861519607843137 0.8758169934640525 0.7702205882352943 0.8970588235294119 0.7965686274509803 0.9321895424836601
0 0.846187313215249 0.7813145394465099 0.8191427035498213 0.7743029739776952 0.8149332130621765 0.8031680516072601 0.8419778227276041 0.8101796170760747
0 0.8089463894694934 0.667232756046581 0.7824055066188912 0.6647050529179523 0.7806356997113566 0.6977414485252647 0.8071765825619588 0.7002691516538934
0 0.7487834511486997 0.6125827512693204 0.7394628881595556 0.5925608011444923 0.7100934633510056 0.6168665320205337 0.7194140263401497 0.6368884821453618
0 0.7851269830865024 0.36717627669983877 0.7474304450492153 0.3654126959729481 0.7465052056020685 0.40057179496452755 0.7842017436393555 0.4023353756914182
0 0.6761642156862745 0.3459967320261439 0.6430759803921569 0.3459967320261439 0.6430759803921569 0.3786764705882354 0.6761642156862745 0.3786764705882354
0 0.6960740918180304 0.4070282267770188 0.6658569057934788 0.38806842378122175 0.6567542562350719 0.4138592641967081 0.6869714422596235 0.43281906719250507
0 0.6029411764705882 0.27900326797385633 0.5726102941176471 0.27900326797385633 0.5726102941176471 0.31086601307189554 0.6029411764705882 0.31086601307189554
0 0.7138765496817865 0.2750027590773646 0.6902160817422655 0.24257915486394693 0.6765961262553802 0.2602482863063926 0.7002565941949012 0.29267189051981024
0 0.6447450387113999 0.2653319144097377 0.6383431965827178 0.22976612480594866 0.6222945588976893 0.23490168886515775 0.6286964010263713 0.2704674784689469
0 0.6193316689139841 0.14713841601588115 0.5811583515927862 0.13720714646890284 0.5782803809202764 0.1568732793977191 0.6164536982414743 0.1668045489446974
0 0.7495175048297054 0.13669935908162087 0.7168242976011198 0.1267357149738614 0.7125422123853422 0.15171454539923046 0.7452354196139278 0.16167818950698995
0 0.8034086241322279 0.20885313522375298 0.7785737456747404 0.1778762975778547 0.7646302243150312 0.19774982227445181 0.7894651027725186 0.2287266599203501
0 0.8442878069551069 0.24195928731619437 0.8212578327571303 0.20939164703622745 0.8067673644652328 0.22760823574604153 0.8297973386632094 0.2601758760260084
0 0.7240058739012847 0.19062006986702743 0.6929830121703853 0.17289272030651348 0.6859311612576064 0.1948318120351589 0.7169540229885057 0.21255916159567287
0 0.8915407172858048 0.30665273878696875 0.8582280581488981 0.28102761637396345 0.8465274150725776 0.3080691025947929 0.8798400742094843 0.33369422500779816
0 0.8215441176470588 0.35116013071895436 0.79875 0.32836601307189556 0.7861764705882353 0.35071895424836613 0.808970588235294 0.37351307189542493
0 0.7846587093741606 0.2703442564240309 0.7559998656997045 0.26632196257498447 0.7540290088638195 0.2912861491628616 0.7826878525382757 0.2953084430119081
0 0.8756127450980392 0.47222222222222243 0.8506433823529411 0.43892973856209166 0.8327205882352942 0.4628267973856211 0.8576899509803921 0.4961192810457519
0 0.8326593137254903 0.4495915032679738 0.8179534313725491 0.410375816993464 0.7993259803921569 0.4227941176470588 0.8140318627450981 0.46200980392156865
0 0.7759375839376846 0.48291364491001887 0.7543429358044587 0.4519059450264124 0.7409582326081117 0.4684774823171278 0.7625528807413374 0.49948518220073435
0 0.8295762631975866 0.5988543237807946 0.8144004524886878 0.5565460030165914 0.7995484539969833 0.5660168426344899 0.8147242647058821 0.608325163398693
0 0.8650051056650684 0.6901131168148312 0.8355928512854263 0.6767221717314169 0.8288859530226582 0.7029110125669875 0.8582982074023003 0.7163019576504017
0 0.32998965850280637 0.9367352455232404 0.304494906698739 0.9301254950555192 0.30019134047671125 0.9596356634351386 0.32568609228077855 0.9662454139028599
0 0.9078789733609559 0.39220830630366715 0.8863616150836 0.36949553923312495 0.8728805689831961 0.39220045898117356 0.894397927260552 0.41491322605171577
0 0.8667279411764706 0.11968954248366027 0.8299632352941176 0.11968954248366027 0.8299632352941176 0.14746732026143805 0.8667279411764706 0.14746732026143805
0 0.8213181901391261 0.114017709435088 0.8200360019526483 0.08609450004068017 0.7826424060288016 0.08914703848344314 0.7839245942152795 0.117070247877851
0 0.38082107843137253 0.12949346405228762 0.34191176470588236 0.12949346405228762 0.34191176470588236 0.15114379084967325 0.38082107843137253 0.15114379084967325
0 0.4505825561932089 0.15743743025665558 0.42011627211860353 0.14695440777937196 0.41532908895265425 0.17168818747011003 0.4457953730272597 0.18217120994739366
0 0.9067626486515186 0.5579645065005545 0.9025431133644796 0.532084690073382 0.8702357409570326 0.5414491458436563 0.8744552762440716 0.567328962270829
0 0.10784313725490204 0.6262254901960784 0.08455882352941184 0.6262254901960784 0.08455882352941184 0.6629901960784313 0.10784313725490204 0.6629901960784313
0 0.14521308645887349 0.4947539577371923 0.1255794372107315 0.485155284771434 0.1143996898465557 0.5258089115502551 0.13403333909469767 0.5354075845160134
0 0.11366421568627456 0.551062091503268 0.0885416666666667 0.551062091503268 0.08854166666666671 0.5959967320261438 0.11366421568627458 0.5959967320261438
0 0.10207655459146782 0.6967066833964245 0.09300500297732978 0.6737254193072747 0.06075547084343503 0.6963566699275517 0.06982702245757307 0.7193379340167014
0 0.16323709336915848 0.41576570813208374 0.13926006781179032 0.38191578969815226 0.1205298595784154 0.40550197784388364 0.14450688513578352 0.43935189627781507
0 0.05794189617119279 0.521357115439977 0.05694206210216549 0.47469819221870374 0.03565341817803794 0.4755091881777181 0.03665325224706523 0.5221681113989913
0 0.06064940772451025 0.5887922537128252 0.03956732298355557 0.5787977839097059 0.027148019444516107 0.6253701721811039 0.04823010418547079 0.6353646419842232
0 0.2203504371062505 0.5328552299379439 0.19732493629220646 0.513119086383049 0.18766922382671486 0.5331457492744389 0.2106947246407589 0.552881892829334
0 0.2674047858412046 0.5271179483982253 0.2367918848779576 0.5238525722954789 0.2347812236977462 0.557363591965668 0.2653941246609932 0.5606289680684144
0 0.23636348374966426 0.5056204673650282 0.21745316277195817 0.4784671859611425 0.20241152968036533 0.49709016026501934 0.22132185065807142 0.524243441668905
0 0.6902757839798803 0.12062152708226685 0.680627656851617 0.10052126223171821 0.6559370200974829 0.12159060559524597 0.6655851472257461 0.14169087044579462
0 0.6449353865435614 0.7185009903928667 0.6213291245669048 0.7178015455935584 0.6205796762189576 0.7627684464703948 0.6441859381956141 0.7634678912697032
0 0.10309677813033928 0.39448715862555256 0.07833145187535596 0.357159710357172 0.060469805141973795 0.37822729368372526 0.08523513139695711 0.4155547419521059
0 0.17304574131096484 0.2615286036195465 0.13989888599844272 0.2519208194709894 0.13572082713952008 0.2775462471390482 0.1688676824520422 0.28715403128760536
0 0.1438529241642121 0.32118820094555756 0.11339004491236261 0.31288014296778044 0.10958142553005343 0.3377066989413515 0.14004430478190294 0.34601475691912864
0 0.27533203311005994 0.31584998183479185 0.2486885336973429 0.28348306402971335 0.23363262938742685 0.3055160947271516 0.2602761288001439 0.33788301253223
0 0.21476136166951018 0.3784472385002762 0.19783765886556387 0.33688024915725007 0.1792041808842074 0.350367337981851 0.1961278836881537 0.39193432732487704
0 0.21221182250192658 0.19998144818334906 0.17950086694066275 0.19416616719467994 0.17680371821217572 0.22113765447955025 0.20951467377343952 0.22695293546821935
0 0.1575789944356121 0.11990483130189017 0.1244461726998492 0.11847976370035199 0.12380285404182467 0.14507026823203298 0.15693567577758757 0.14649533583357116
0 0.09702517656936831 0.12846450502955173 0.08917987850051859 0.10834835613506527 0.05846545167185262 0.12964369206960702 0.06631074974070232 0.14975984096409345
0 0.14206719273075086 0.06755141080822573 0.13961621233859398 0.03813964610234337 0.10272821018651364 0.04360453531005898 0.10517919057867049 0.07301630001594134
0 0.09595002840603745 0.018970946509640173 0.07464358100327054 0.009779929982956398 0.0637468427073257 0.054687699929880595 0.0850532901100926 0.06387871645656437
0 0.24356617647058826 0.06985294117647063 0.21156862745098046 0.06375816993464058 0.20810049019607846 0.0961274509803922 0.2400980392156863 0.10222222222222226
0 0.25731617647058824 0.13392156862745103 0.22158700980392157 0.12711601307189546 0.2184436274509804 0.15645424836601313 0.2541727941176471 0.1632598039215687
0 0.2957788046411225 0.043679168915272536 0.2913625427235114 0.009821160880254235 0.2610687623673323 0.01684580560052766 0.26548502428494336 0.05070381363554596
0 0.3677520041165637 0.044325280756869985 0.3496404777380565 0.02259144910266133 0.32837382190445236 0.05409760589318605 0.3464853482829595 0.0758314375473947
0 0.4650735294117647 0.058823529411764774 0.4381127450980392 0.058823529411764774 0.4381127450980392 0.08946078431372556 0.4650735294117647 0.08946078431372556
0 0.15932133948253863 0.5717566809761381 0.13851719311985156 0.5697270081602661 0.13595290927021705 0.6164539583091619 0.1567570556329041 0.6184836311250339
0 0.32920258620689663 0.507268424611224 0.2957847363083165 0.5035553301780484 0.2938767748478703 0.5340827135451882 0.3272946247464504 0.5377958079783638
0 0.21706904164615234 0.8396631603352116 0.1827971996889629 0.8173229966890436 0.1721885770051345 0.8462556040085756 0.20646041896232395 0.8685957676547436
0 0.15096280746026217 0.856829146846115 0.14345668000928186 0.8325235912905596 0.11447184273117532 0.8484368352863829 0.12197797018215564 0.8727423908419383
0 0.12377450980392164 0.7647058823529411 0.09221813725490204 0.7647058823529411 0.09221813725490204 0.7933006535947712 0.12377450980392164 0.7933006535947712
0 0.07453133280339173 0.7767068539127362 0.03980359035506103 0.7689895778131072 0.036234764175940716 0.7975401872460697 0.07096250662427142 0.8052574633456987
0 0.08486519607843145 0.8811274509803921 0.04932598039215695 0.8811274509803921 0.04932598039215695 0.9097222222222222 0.08486519607843145 0.9097222222222222
0 0.1145220588235295 0.9626633986928106 0.1040441176470589 0.9347222222222223 0.07426470588235297 0.9545751633986929 0.08474264705882358 0.9825163398692811
0 0.19535537758504112 0.9177443014463018 0.18856228579422254 0.892630446946912 0.1559270155743629 0.9083239102220356 0.16272010736518147 0.9334377647214255
0 0.2914111878263259 0.8996029196234689 0.2896501139614956 0.8765915544563526 0.2582332886782083 0.8808659524540788 0.2599943625430386 0.9038773176211952
0 0.21660254482834024 0.7721658830818574 0.214672056090094 0.752431998202007 0.19688536427582182 0.755525335908837 0.1988158530140681 0.7752592207886874
0 0.29548223221039166 0.9306343457264212 0.27636894891487757 0.9162993832547858 0.259653008087508 0.9559223541048467 0.2787662913830221 0.9702573165764824
0 0.39101015838220776 0.891573555220048 0.39066310754311595 0.8707505048745396 0.347329387085535 0.8720344669621716 0.3476764379246268 0.89285751730768
0 0.4289215686274511 0.9370915032679739 0.39981617647058837 0.9370915032679739 0.39981617647058837 0.9595588235294118 0.4289215686274511 0.9595588235294118
0 0.5224986569970455 0.9612901781717254 0.5037411026054258 0.934356253917092 0.4900626175127586 0.9512915211746801 0.5088201719043782 0.9782254454293134
0 0.5709659273545483 0.99405201971499 0.5650875924140148 0.960741455051966 0.5337009803921569 0.9705882352941174 0.5395793153326905 1.0038987999571414
0 0.034289389371437495 0.6838737500053856 0.009213593974175099 0.6820500557946756 0.0078121970607624045 0.716306424789208 0.0328879924580248 0.7181301189999181
0 0.2918198529411765 0.3915441176470589 0.2763480392156863 0.37091503267973863 0.2533700980392157 0.4015522875816994 0.2688419117647059 0.4221813725490197
0 0.13702880169535062 0.23037788623455205 0.1345457123897594 0.20554699317863975 0.10362081513828239 0.21104475269001344 0.10610390444387362 0.2358756457459257
0 0.2885675087305547 0.23862886197912736 0.25460338337339566 0.23737093141034366 0.25408772317716605 0.26212262082936494 0.2880518485343251 0.26338055139814864
0 0.9534463902028302 0.12924184595180316 0.9453480273008534 0.10541218040115924 0.9116330221576174 0.1257816626751977 0.9197313850595942 0.14961132822584164
0 0.9384191176470589 0.18218954248366026 0.9077818627450981 0.18218954248366026 0.9077818627450981 0.21446078431372567 0.9384191176470589 0.21446078431372567
0 0.9356617647058824 0.229575163398693 0.9142156862745098 0.229575163398693 0.9142156862745098 0.26756535947712434 0.9356617647058824 0.26756535947712434
0 0.9899127172703143 0.37547521191882893 0.9714479514513229 0.3391935668008107 0.940430741073722 0.3672567571424496 0.9588955068927134 0.4035384022604678
0 0.9550857843137254 0.5090686274509804 0.9525876696832578 0.48242207139265963 0.921818438914027 0.4875502765208647 0.9243165535444946 0.5141968325791855
0 0.9381873854357609 0.6389837804810312 0.9048127395434097 0.6180428261956342 0.896418305282453 0.6418270566016777 0.9297929511748043 0.6627680108870746
0 0.9404105392156863 0.7542892156862747 0.9151348039215687 0.7205882352941179 0.8993566176470589 0.7416258169934643 0.9246323529411765 0.7753267973856212
0 0.996208494947748 0.7274949353954098 0.9734720746761535 0.6962880840422409 0.9567502583771852 0.7179468175342377 0.9794866786487797 0.7491536688874066
0 0.7439546961280296 0.05038975961379498 0.7137839748040868 0.03639754102877808 0.7063359703071785 0.06494822493359353 0.7365066916311213 0.07894044351861043
0 0.584197197291643 0.09438694326972015 0.5801599082681059 0.04392083047550772 0.5632081734961518 0.04633174386529676 0.5672454625196889 0.09679785665950918
0 0.49409598093381013 0.025676615029068615 0.47014475679774687 -0.0030648539342073 0.45702828783447086 0.016366951937312645 0.4809795119705341 0.045108420900588565
0 0.6519827307713917 0.04523779425810445 0.6338426667228495 0.038519252017903655 0.6247392760829259 0.08221552708953694 0.6428793401314681 0.08893406932973774
0 0.7182853235949167 0.9576719143485164 0.7108675597187648 0.9294137662488899 0.6778966876282806 0.9448001732244493 0.6853144515044325 0.9730583213240755
0 0.6315073953456815 0.9544422959495213 0.614024866001764 0.9215963317276159 0.5973170669651944 0.9374058619987786 0.6147995963091117 0.9702518262206841
0 0.7841107258336251 0.960603554596547 0.783717382359421 0.9317583664882565 0.7494818193305083 0.9325883195313815 0.7498751628047122 0.9614335076396721
0 0.914871358812239 0.8921270683577336 0.8857042217078772 0.8707378344812016 0.874403720221294 0.8981329896001908 0.9035708573256558 0.9195222234767229
0 0.9524726674377618 0.8512635859587283 0.9290231190790925 0.8440483403099072 0.9217063229786298 0.8863231622236913 0.9451558713372991 0.8935384078725127
0 0.9126838235294118 0.7814542483660133 0.8786764705882353 0.7814542483660133 0.8786764705882353 0.8186274509803924 0.9126838235294118 0.8186274509803924
0 0.9996936274509803 0.9305555555555556 0.9761029411764706 0.9305555555555556 0.9761029411764706 0.9709967320261438 0.9996936274509803 0.9709967320261438