0 0.07905549487699598 0.8996419964979805 0.04812812061163998 0.8909606282831436 0.043430949966193476 0.9207093757043046 0.07435832423154949 0.9293907439191414
0 0.1228537360890303 0.9410815226991699 0.09152921303656611 0.9282304363186716 0.08556074456809763 0.954093799682035 0.11688526762056181 0.9669448860625331
0 0.09050685191203549 0.8304219477846387 0.07390179828837608 0.8104958834362473 0.05517921947784633 0.8382330372296249 0.07178427310150573 0.858159101578016
0 0.034504660779366404 0.8060674648328634 0.010332407773874874 0.7878039847842697 -0.0006318128597107923 0.8136021509809419 0.02354044014578074 0.8318656310295356
0 0.1752182624874768 0.9453598349315396 0.16203127236295978 0.926800367348886 0.14221411192214112 0.9518325700109728 0.15540110204665813 0.9703920375936264
0 0.14442735319516414 0.767353491482949 0.12519874530122937 0.7619873683497579 0.11917400055877281 0.800367223746148 0.13840260845270758 0.8057333468793391
0 0.0740991522755892 0.7049150776518558 0.05362812556215154 0.704087965461414 0.052662911494873246 0.7465573844216586 0.07313393820831092 0.7473844966121006
0 0.045006127450980385 0.7212826797385621 0.034742647058823524 0.6802287581699346 0.013602941176470599 0.6896241830065358 0.02386642156862746 0.7306781045751635
0 0.15866410643009066 0.715269887053385 0.1349382156280046 0.6987649195388903 0.1266128944148239 0.7200407404170188 0.15033878521690996 0.7365457079315134
0 0.09423018412507396 0.6694958764078851 0.07228875964264621 0.6381000169858746 0.056095145066597366 0.6582193563076323 0.07803656954902512 0.6896152157296428
0 0.07062505600107524 0.5790716515090423 0.0552301270851067 0.5404333985434742 0.039930633334826715 0.5512705399499226 0.05532556225079526 0.5899087929154907
0 0.17243219100925827 0.63954380375729 0.14706817421762242 0.6146247697163845 0.13423902999260745 0.6378394116473639 0.1596030467842433 0.6627584456882695
0 0.14830233564013842 0.5724000384467512 0.14392301038062286 0.5490436370626682 0.11407871972318338 0.5589917339484813 0.11845804498269896 0.5823481353325645
0 0.11110274027643846 0.4926604521590058 0.10953069752491161 0.46960382513661203 0.07826060752169721 0.47339413907639555 0.07983265027322406 0.4964507660987893
0 0.07844756225293108 0.3692329459066797 0.06512290800869458 0.3508541124663536 0.04041601203950854 0.38269855615997117 0.053740666283745034 0.40107738960029726
0 0.10640138408304502 0.4116926182237601 0.07194348327566326 0.4002066512879661 0.06675317185697814 0.42788831218762013 0.1012110726643599 0.43937427912341404
0 0.0659102780456445 0.3066002357227044 0.05260065091610414 0.28530483231543985 0.02906521215043395 0.3114553198328512 0.042374839279974305 0.33275072324011573
0 0.06305147058823529 0.17704248366013076 0.04405637254901962 0.1643790849673203 0.029289215686274527 0.20375816993464055 0.04828431372549019 0.21642156862745102
0 0.13243512110726643 0.22676182237600923 0.11182165513264129 0.21518935024990388 0.09588739907727796 0.2656478277585544 0.11650086505190312 0.2772202998846598
0 0.06662301074820863 0.09447904515914016 0.04431770052213519 0.08377249625062491 0.031378450813753254 0.13169564331870612 0.0536837610398267 0.1424021922272214
0 0.15513162838127953 0.37865052955488765 0.15453945720624018 0.3494367515862793 0.12241036925719193 0.35059455655741617 0.12300254043223129 0.3798083345260245
0 0.19785996386305083 0.5097223132014499 0.16477329796060966 0.4755951861071081 0.15233232073452993 0.4970381712447415 0.18541898663697104 0.5311652983390833
0 0.21476715686274517 0.5972222222222222 0.1963848039215687 0.5972222222222222 0.1963848039215687 0.6376633986928104 0.21476715686274517 0.6376633986928104
0 0.2040787751752285 0.40701616242273686 0.18391918418951292 0.3825802945612635 0.16772718702865766 0.40632855706385124 0.1878867780143732 0.43076442492532463
0 0.1643141010660791 0.1477473793149496 0.149082412476909 0.13474967171885782 0.13243466370657228 0.16943248165705932 0.14766635229574235 0.18243018925315113
0 0.20735076046171091 0.24555825344529092 0.19405197537007804 0.22215239168401704 0.16570893964353536 0.2507817207007268 0.17900772473516824 0.2741875824620007
0 0.15525760561956742 0.08257277137659189 0.13833952395391144 0.05518159153695843 0.11830086416009701 0.07718482582036253 0.13521894582575297 0.10457600565999597
0 0.2159110685694396 0.32501595312681286 0.2141525989093862 0.2910188730324476 0.1817151786750203 0.29400162431836635 0.18347364833507368 0.32799870441273155
0 0.253439210602132 0.6761786031035867 0.24351507024590302 0.6468787601471012 0.2177641529818496 0.6623846888222302 0.22768829333807852 0.6916845317787156
0 0.28140056391268653 0.7231826252579866 0.25623928462614964 0.6932808150913776 0.2417360906701369 0.7149766499524048 0.2668973699566738 0.7448784601190138
0 0.25420208220903034 0.8412521736523355 0.24388098129159919 0.7953806140193079 0.2239527118186724 0.8033519218084787 0.23427381273610356 0.8492234814415062
0 0.28307571203663945 0.8967779447545442 0.28072491770430796 0.8696132102476027 0.24907148990983252 0.8744829683698296 0.251422284242164 0.9016477028767711
0 0.247559584178499 0.9597982871309443 0.2337654242731575 0.9380620351588913 0.21023918187964838 0.9646044624746452 0.22403334178498988 0.9863407144466984
0 0.2451556703762586 0.06450627097685924 0.22219561473237942 0.032435082140964494 0.19265533916269212 0.07003179650238475 0.21561539480657127 0.1021029853382795
0 0.24108053855026168 0.19554054653535624 0.23353906042054828 0.16738569485109278 0.20229183302280185 0.18226532694525777 0.2098333111525153 0.21042017862952117
0 0.2719319813912826 0.29517661629407604 0.24271730985387777 0.2739295824486907 0.23224990633195944 0.2995165688356022 0.2614645778693643 0.3207636026809875
0 0.2880608974358974 0.3709778783308195 0.2539734162895928 0.36529663147310204 0.25118306938159884 0.3950603318250377 0.28527055052790345 0.4007415786827552
0 0.2909313725490196 0.47867647058823537 0.26237745098039217 0.4596405228758171 0.25165441176470593 0.48823529411764716 0.2802083333333333 0.5072712418300654
0 0.28884380868160187 0.578564202221349 0.2545764825974934 0.5625727833820983 0.24886389689506094 0.5843350146294599 0.2831312229791695 0.6003264334687106
0 0.33774772068360415 0.7077356883090461 0.3362110894941634 0.6749542229343098 0.3038428892957961 0.6776515729508403 0.3053795204852369 0.7104330383255766
0 0.32444852941176483 0.7679738562091504 0.29289215686274517 0.7679738562091504 0.29289215686274517 0.7977941176470589 0.32444852941176483 0.7977941176470589
0 0.3544730392156864 0.8341503267973857 0.33547794117647073 0.8341503267973857 0.33547794117647073 0.8803104575163399 0.3544730392156864 0.8803104575163399
0 0.383411167394119 0.8882145494912282 0.36698217408134126 0.8853322699626709 0.36241682683965354 0.9315944553451061 0.37884582015243135 0.9344767348736636
0 0.30996684056811846 0.07937005663410811 0.30488082903124164 0.04139450382542801 0.27057770728810676 0.04956191376426965 0.2756637188249836 0.08753746657294974
0 0.3231173578982155 0.15905715282367636 0.3098727693324521 0.13767992215612843 0.28620738323419254 0.16374614452522587 0.299451971799956 0.18512337519277383
0 0.35644861392833005 0.04386409736308313 0.34625908553076407 0.012163342348433605 0.31527319979716023 0.0298695627676358 0.3254627281947262 0.061570317782285326
0 0.3413668233686918 0.26937680810028924 0.33946329556412735 0.2414584003000107 0.30728162166505946 0.24535920925747345 0.30918514946962394 0.27327761705775205
0 0.3727345966208424 0.38206978604902486 0.34211731194862677 0.3643206355144072 0.33282384893544065 0.3928205887548449 0.3634411336076562 0.41056973928946255
0 0.34211914273296345 0.5276986550843683 0.30835672375168455 0.5156406483053402 0.3027739249523076 0.5434305801066832 0.33653634393358656 0.5554885868857113
0 0.33486519607843135 0.6241830065359477 0.3066789215686275 0.6241830065359477 0.3066789215686275 0.6548202614379085 0.33486519607843135 0.6548202614379085
0 0.36626838235294124 0.7587826797385623 0.34298406862745107 0.7277369281045754 0.3249080882352942 0.7518382352941179 0.3481924019607844 0.7828839869281048
0 0.4162130689379824 0.8057248691331735 0.39269031141868505 0.7756680123029605 0.3792093647413716 0.7944241120279183 0.40273212226066896 0.8244809688581315
0 0.4790491539081385 0.8985473184707672 0.4666221796937952 0.8543625212642135 0.4456041834542036 0.8648715193840094 0.4580311576685468 0.909056316590563
0 0.4625131154757651 0.7091886664636597 0.4356367335928295 0.6928068717921562 0.4265973987501821 0.7191715984165443 0.4534737806331177 0.735553393088048
0 0.40160804677954276 0.7138062198173037 0.3889913161110142 0.6838998952696804 0.3717689969162739 0.6968166346657356 0.3843857275848025 0.7267229592133589
0 0.4132770952307784 0.19599680316183943 0.39704295137732926 0.14587032389504923 0.37497078990499105 0.15857853807609246 0.3912049337584402 0.20870501734288266
0 0.3877144607843137 0.31842320261437906 0.35664828431372547 0.30461601307189545 0.3486519607843137 0.3366013071895425 0.379718137254902 0.3504084967320262
0 0.4875807030129124 0.7856089590307667 0.4840648912003826 0.743419217280408 0.4634519966523194 0.7464729794356767 0.4669678084648493 0.7886627211860353
0 0.4420839078359387 0.5414696284237125 0.4287336439800434 0.5030208685187338 0.4078677785714682 0.5159010323511877 0.4212180424273636 0.5543497922561662
0 0.4146842560553633 0.46972318339100333 0.4020599048442907 0.4416690695886197 0.3868313869665513 0.4538518838908112 0.3994557381776239 0.48190599769319487
0 0.4281147716496895 0.06721460034871984 0.42431211954360526 0.03552583279801783 0.39494145942308273 0.041791573623729296 0.39874411152916694 0.07348034117443131
0 0.4706497334335193 0.07370384285100916 0.4529214970659796 0.06267294022231779 0.43883283240303417 0.10292626783073344 0.45656106877057384 0.11395717045942481
0 0.5059207508334055 0.22290031478866254 0.5037868007320518 0.1908910632683581 0.47039054168948324 0.19484913841414403 0.4725244917908369 0.22685838993444843
0 0.46649603538299167 0.28798672443481654 0.45158879770038324 0.24574955100075915 0.4317145059156807 0.25821969486567053 0.44662174359828916 0.30045686829972795
0 0.17636036042009234 0.9467469810286606 0.1627644915044467 0.9261471796413187 0.14134051388815216 0.9512846467111044 0.15493638280379782 0.9718844480984462
0 0.4342052394728384 0.32364995178399225 0.421146737383478 0.3027563484410157 0.39501968820315014 0.33178640308582447 0.4080781902925104 0.352680006428801
0 0.4646004901960784 0.3880686274509805 0.43691176470588233 0.38135620915032686 0.43335294117647055 0.4074542483660131 0.4610416666666666 0.41416666666666674
0 0.49264705882352944 0.49836601307189543 0.45526960784313725 0.49836601307189543 0.45526960784313725 0.5294117647058824 0.49264705882352944 0.5294117647058824
0 0.5401486904960284 0.586970458627266 0.527931629450647 0.5662954322427743 0.49772676776092867 0.59802579199763 0.5099438288063102 0.6187008183821217
0 0.5048118512110726 0.4396145713187234 0.4754891359658049 0.41876286269986635 0.46615166395277824 0.44210654273243305 0.49547437919804593 0.4629582513512901
0 0.509882757226602 0.6564301596927431 0.5055801495856076 0.6313968061451386 0.4761441277541944 0.6403911461491814 0.480446735395189 0.6654244996967859
0 0.559706603229527 0.7522587466359091 0.5522275086505191 0.7123702422145327 0.5304570357554786 0.7196270665128796 0.5379361303344867 0.7595155709342558
0 0.5623308575896079 0.9688666922947512 0.5488598990835206 0.9281084075840262 0.529896860716863 0.9392505318220624 0.5433678192229501 0.9800088165327874
0 0.610255378562782 0.9481302205046209 0.6094816083415869 0.919758645727467 0.5737501132840063 0.9214910818514709 0.5745238835052014 0.9498626566286248
0 0.5664325264777446 0.6118967964314683 0.5473289680835839 0.6000101378751017 0.5321758265349936 0.643304828013931 0.5512793849291543 0.6551914865702975
0 0.5646383071223349 0.4814685299998321 0.5402702694188216 0.462356343565704 0.5302836269469228 0.48499273316867464 0.554651664650436 0.5041049196028027
0 0.5294117647058824 0.3410947712418302 0.49785539215686275 0.3410947712418302 0.49785539215686275 0.3688725490196079 0.5294117647058824 0.3688725490196079
0 0.5367349572237471 0.14674820117201998 0.5160407085280518 0.14379187992977782 0.5119191670993746 0.19508217326442986 0.5326134157950697 0.19803849450667205
0 0.5441176470588235 0.032271241830065446 0.5223651960784313 0.03227124183006544 0.5223651960784313 0.07924836601307199 0.5441176470588235 0.07924836601307199
0 0.5626153054708011 0.2742713088452108 0.5512251945410251 0.2332669094980171 0.5321066605170415 0.2427081608678855 0.5434967714468175 0.2837125602150792
0 0.586322948755562 0.4012100060306749 0.5846963473668769 0.35783396899907094 0.5627842159307613 0.3592947777614786 0.5644108173194464 0.4026708147930826
0 0.6448654129793512 0.6337374920469664 0.6258933606628493 0.6320510873966106 0.6236145453756724 0.677627393140147 0.6425865976921743 0.6793137977905027
0 0.638762288922355 0.7206856344223892 0.6153965152532328 0.70224733683315 0.6047988789902142 0.7261224714027088 0.6281646526593364 0.7445607689919481
0 0.6152857484457197 0.8506396461023434 0.5940937350549976 0.8153196237844732 0.5757861071257772 0.8348477602423084 0.5969781205164992 0.8701677825601787
0 0.6544117647058824 0.8929738562091504 0.6295955882352942 0.8929738562091504 0.6295955882352942 0.9203431372549019 0.6544117647058824 0.9203431372549019
0 0.7304729725107069 0.9056249971493601 0.7254136563906789 0.8744258810758546 0.6908525666023562 0.8843894384923081 0.6959118827223841 0.9155885545658136
0 0.6878974634365416 0.7854947294388802 0.6542346141135799 0.7841746177007249 0.6535490492653415 0.81525355748753 0.6872118985883032 0.8165736692256853
0 0.6700083455327835 0.3623153446899123 0.6469950536775798 0.3608541833022803 0.6452989142489576 0.4083460873036999 0.6683122061041614 0.40980724869133195
0 0.6219362745098039 0.25245098039215697 0.6038602941176471 0.25245098039215697 0.6038602941176471 0.2933006535947713 0.6219362745098039 0.2933006535947713
0 0.6228553921568627 0.14583333333333337 0.596047794117647 0.1100898692810458 0.5807291666666666 0.13051470588235295 0.6075367647058824 0.16625816993464052
0 0.6231779386881655 0.2171000464483594 0.6102449736239672 0.17542715901927602 0.5924032049367969 0.18527089346737002 0.6053361700009952 0.2269437808964534
0 0.6659402252402378 0.0777833324075618 0.6381427748153087 0.0603417948860376 0.6285402085763485 0.08754906589642475 0.6563376590012776 0.10499060341794896
0 0.6856617647058825 0.16462418300653614 0.6663046787186213 0.15703316889388466 0.6569573888472587 0.19940754964406157 0.6763144748345199 0.20699856375671305
0 0.699927327846878 0.2982169020231304 0.6967135820942048 0.24465447281191222 0.6717873258206302 0.24731327348109353 0.6750010715733034 0.30087570269231173
0 0.7086937716262975 0.39064302191464834 0.6882929642445214 0.3838427527873896 0.6805795847750865 0.4249807766243753 0.7009803921568627 0.43178104575163406
0 0.739725985899978 0.511245501946097 0.701180601454065 0.5068715576118089 0.6991856686494825 0.5381255048836016 0.7377310530953954 0.5424994492178896
0 0.7555147058823529 0.7798202614379087 0.7291666666666666 0.7798202614379087 0.7291666666666666 0.8092320261437911 0.7555147058823529 0.8092320261437911
0 0.821838566507684 0.8426006889242186 0.788490328563858 0.8289193605370079 0.7809717806041337 0.8614997350291471 0.8143200185479597 0.8751810634163578
0 0.7965866493656286 0.7307045367166475 0.7776636389850057 0.6886534025374856 0.7595516147635525 0.7031430219146483 0.7784746251441753 0.7451941560938101
0 0.8841266080347839 0.9066982983378649 0.8566376726316671 0.8759579834784657 0.8410371899217841 0.9007587508634077 0.8685261253249009 0.9314990657228069
0 0.8809700485698866 0.7324159021406726 0.8496005913833423 0.7098942405708462 0.8397432654254362 0.7343028572285184 0.8711127226119805 0.756824518798345
0 0.8780845069727021 0.8403847715490942 0.8646156372219811 0.8107532580975081 0.8479394234187969 0.8242289864233134 0.861408293169518 0.8538604998748995
0 0.9528186274509803 0.9415849673202614 0.9194240196078431 0.9415849673202614 0.9194240196078431 0.9693627450980392 0.9528186274509803 0.9693627450980392
0 0.9184837728194726 0.7692697768762679 0.8936570317782286 0.7560288483209378 0.8849729546991211 0.7849757719179626 0.9097996957403651 0.7982167004732929
0 0.9696640208763728 0.8689276696507314 0.9369954197020768 0.8481857006511785 0.9278665370954297 0.8737465719497903 0.9605351382697256 0.8944885409493432
0 0.9806162262462825 0.7532243938706589 0.9472302818942486 0.7416835736008202 0.9421664713443217 0.7677260278575871 0.9755524156963556 0.779266848127426
0 0.9142362964940383 0.6852856554616865 0.8923299231598674 0.6508613545079897 0.8747705068412843 0.6707265527673966 0.8966768801754551 0.7051508537210934
0 0.8318014705882353 0.6421568627450982 0.8062949066612947 0.626698339153013 0.7984572253558959 0.649688870982183 0.8239637892828365 0.6651473945742683
0 0.7886234175259008 0.48854457714149135 0.786344747545929 0.4601877951685087 0.7486991722918677 0.4655657344905175 0.7509778422718395 0.49392251646350016
0 0.8156061463046756 0.5927727501256913 0.8126602564102563 0.5613499245852187 0.7804204374057315 0.5667232277526395 0.7833663273001509 0.5981460532931121
0 0.7238692601641294 0.07486453047672746 0.7023390026937292 0.04376526968614927 0.6882527172210736 0.06110223642172537 0.7097829746914739 0.09220149721230356
0 0.7822181546131202 0.057688880556944204 0.7703685670443816 0.013801519191245887 0.7498641719435649 0.023643628839637894 0.7617137595123035 0.06753099020533622
0 0.8180365617584614 0.07132457016776993 0.8077393218433871 0.05158819366387741 0.7793645404021481 0.07790683152241787 0.7896617803172225 0.09764320802631037
0 0.014399509803921568 1.5258058567808116e-18 3.7519816150347834e-19 3.5018495073657977e-19 1.2193940248863044e-18 0.01838235294117647 0.014399509803921568 0.01838235294117647
0 0.7689352738136676 0.35471052326255964 0.7489648596124842 0.3437463742893609 0.737201241443323 0.3818380902656922 0.7571716556445064 0.39280223923889096
0 0.8323823447164101 0.5106524433039434 0.8271483089880248 0.4711063955783656 0.8027670170417162 0.4768431701539676 0.8080010527701015 0.5163892178795456
0 0.8813028666550529 0.541570692113634 0.8613665727890367 0.5161446941395843 0.8405471517333489 0.5451657053081189 0.8604834455993651 0.5705917032821685
0 0.9430800057249176 0.6288750536711035 0.9098218119364535 0.6237584084728783 0.9070577501073422 0.6556986784981634 0.9403159438958064 0.6608153236963886
0 0.9359681372549019 0.4419934640522878 0.9077818627450981 0.4419934640522878 0.9077818627450981 0.4746732026143793 0.9359681372549019 0.4746732026143793
0 0.9448529411764706 0.5183823529411766 0.9123774509803921 0.5183823529411766 0.9123774509803921 0.5502450980392158 0.9448529411764706 0.5502450980392158
0 0.7867409169550174 0.30729142637447143 0.7618158881199539 0.28028931180315286 0.749567474048443 0.3003892733564016 0.7744925028835064 0.32739138792772016
0 0.9307732328999225 0.2119026278848005 0.8971724902390511 0.20131330292501068 0.8912144362284675 0.23492283836932823 0.924815178889339 0.24551216332911804
0 0.9950571737947299 0.3598046774608072 0.9697754149848066 0.3588683160234026 0.9687251972878589 0.4092787654768925 0.9940069560977823 0.4102151269142971
0 0.9754242081447964 0.5788901458019106 0.9645079185520362 0.5534188034188035 0.9377168174962291 0.5738310708898945 0.9486331070889893 0.5993024132730017
0 0.9887551909410052 0.6430666152924052 0.9847201708194193 0.6027164140765475 0.9675017659902386 0.6057774638239575 0.9715367861118245 0.646127665039815
0 0.9113752038014329 0.3392873743224496 0.9062238544214184 0.30322792866234755 0.8802492276998324 0.3098246592583059 0.8854005770798469 0.34588410491840793
0 0.9975881547874624 0.2617345904298461 0.9788032685702018 0.2500462167835506 0.9646441605839415 0.2905008110300083 0.9834290468012022 0.3021891846763038
0 0.969982962697274 0.1857763430575483 0.9529247369679578 0.17527897337796922 0.939169356767097 0.21501673840267838 0.956227582496413 0.22551410808225747
0 0.9138195148749156 0.040025636691458234 0.9021086883029074 0.0035919540229885794 0.8812172498309669 0.015529918864097412 0.8929280764029751 0.05196360153256707
0 0.8595110716700473 0.21104969574036528 0.8299611223799864 0.1883648861843589 0.8187364773495606 0.21435880099166119 0.8482864266396214 0.23704361054766757