0 0.09873680241327312 0.9865133232780292 0.08156108597285079 0.9464366515837104 0.06077488687782815 0.9622737556561086 0.07795060331825047 1.0023504273504276
0 0.1570159313725491 0.8988970588235295 0.1308210784313726 0.8639705882352943 0.11366421568627455 0.8868464052287583 0.139859068627451 0.9217728758169936
0 0.08561241610738266 0.8232382550335572 0.055966245558626206 0.8173822213449139 0.051885116462692546 0.8541123832083168 0.081531287011449 0.8599684168969601
0 0.14794441361450245 0.8283974596127759 0.11346420643729198 0.8197774078184733 0.10943049389567155 0.8484615858922185 0.14391070107288204 0.857081637686521
0 0.09141416633767606 0.7293859937711102 0.05790955224371632 0.7215025551607667 0.054421223187261517 0.7478588191428697 0.08792583728122125 0.7557422577532131
0 0.03400735294117653 0.6527777777777778 6.061326299088692e-17 0.6527777777777778 6.247049389032914e-17 0.693218954248366 0.03400735294117653 0.693218954248366
0 0.17748609275170746 0.7754507233605052 0.14513108614232215 0.7654953367114635 0.14008110266578544 0.7946730190203423 0.17243610927517075 0.8046284056693839
0 0.130514705882353 0.6772875816993464 0.1069240196078432 0.6772875816993464 0.1069240196078432 0.7230392156862745 0.130514705882353 0.7230392156862745
0 0.11168562832511944 0.6023841640166188 0.1113272124760742 0.5780118862815431 0.08181866136154692 0.5787833516701582 0.08217707721059217 0.6031556294052339
0 0.07394476555790466 0.5353516083809385 0.07356464124422449 0.511783900932768 0.030112778238534525 0.5130298324884868 0.030492902552214693 0.5365975399366574
0 0.14920791487326635 0.654220468675275 0.1345020325203252 0.611736808544556 0.11303353658536587 0.6249481906583771 0.127739418938307 0.6674318507890961
0 0.12916383861236802 0.47166415284062335 0.12762631975867267 0.4347637003519357 0.09906862745098038 0.43687908496732025 0.10060614630467571 0.473779537456008
0 0.19758930969648136 0.4962619751096786 0.1681103948428687 0.4815225176828723 0.16117294520547945 0.5061890052824783 0.19065186005909218 0.5209284627092847
0 0.07643519501663482 0.40552753592411694 0.07234639343101862 0.35509898303485055 0.04795604162242514 0.35861470942167484 0.05204484320804134 0.40904326231094124
0 0.14123774509803924 0.3410947712418301 0.10631127450980396 0.3410947712418301 0.10631127450980396 0.37173202614379086 0.14123774509803924 0.37173202614379086
0 0.09514233572562437 0.26953927903354424 0.05430794039394551 0.25507709735357464 0.04828599056498314 0.28530492394601326 0.089120385896662 0.29976710562598285
0 0.048275838554817804 0.20330213431424504 0.015261152155615836 0.18416318567702653 0.0058654025998316865 0.2129768176480979 0.038880088999033655 0.23211576628531644
0 0.20370656579583288 0.23541525209307473 0.18880943803500527 0.21589487778578345 0.16157809335740947 0.2528403278746854 0.17647522111823707 0.27236070218197667
0 0.15612519106552933 0.23130228621205398 0.12562789679996056 0.21413343906995602 0.11653276671104318 0.24285490250864247 0.14703006097661195 0.26002374965074043
0 0.11589970314337732 0.17285017266287506 0.10536673071036137 0.1456399938775839 0.07698334058356292 0.16517264944871402 0.08751631301657886 0.19238282823400518
0 0.18437499999999998 0.14395424836601312 0.1559436274509804 0.12500000000000003 0.14497549019607844 0.15424836601307193 0.17340686274509803 0.17320261437908502
0 0.14539890285767304 0.05439127543761987 0.11085950547411394 0.04886497185625041 0.1080644600111338 0.07992103255602981 0.14260385739469292 0.08544733613739926
0 0.2503063725490196 0.11764705882352945 0.21660539215686275 0.11764705882352945 0.21660539215686275 0.1486928104575164 0.2503063725490196 0.1486928104575164
0 0.07325616057233705 0.03404875463698994 0.0549566110227875 -0.00011040452216922947 0.03765484234234234 0.01636747041158806 0.05595439189189189 0.05052662957074723
0 0.2035056156150626 0.09484439778833684 0.1835854528098027 0.07843955783106395 0.17226885275086867 0.10286904367257232 0.19218901555612858 0.11927388362984521
0 0.15386419695266645 0.27125952291744726 0.13066418446359437 0.27015476041796765 0.1297684838266517 0.3035942508638275 0.1529684963157238 0.3046990133633071
0 0.22994438159879338 0.3883547008547008 0.22557268099547514 0.3592100301659125 0.18863122171945704 0.3690610859728507 0.19300292232277527 0.398205756661639
0 0.27441664800437937 0.21264577319929664 0.23927696078431368 0.19321895424836605 0.22865671966756246 0.22737031783948777 0.2637964068876281 0.24679713679041837
0 0.29730144730101066 0.3134664198220857 0.29658645673233663 0.2858201178333566 0.2637274550556565 0.287330876531135 0.2644424456243305 0.314977178519864
0 0.32812033442818755 0.4039161773000232 0.32572534089778044 0.35920963139909096 0.3016012242460436 0.36150716631830404 0.30399621777645064 0.40621371221923624
0 0.3104346885813149 0.06951172625913113 0.2866457612456747 0.04932718185313343 0.27246611880046134 0.07903690888119959 0.2962550461361015 0.0992214532871973
0 0.34144350276315505 0.24628333199847585 0.3143608747806587 0.22938069893138596 0.3046973407818382 0.2569071291098443 0.3317799687643346 0.2738097621769342
0 0.3475021626297578 0.14118127643214154 0.32050173010380617 0.11827181853133414 0.3071925461361015 0.14615772779700115 0.33419297866205305 0.16906718569780857
0 0.4676962312991725 0.009913306972130581 0.42997520993844524 0.007860462272227052 0.42891456218662105 0.042508288831818314 0.4666355835473483 0.04456113353172184
0 0.3757929642445214 0.04099384851980015 0.3429696510957324 0.037627354863514095 0.3413188437139562 0.06624134948096891 0.37414215686274516 0.06960784313725496
0 0.26569570135746606 0.4631724484665661 0.24811463046757168 0.42801030668677725 0.23227752639517346 0.44208773252890904 0.24985859728506787 0.47724987430869786
0 0.25337009803921573 0.5106209150326797 0.22579656862745104 0.5106209150326797 0.22579656862745104 0.5465686274509803 0.25337009803921573 0.5465686274509803
0 0.25364583333333335 0.6322303921568627 0.24589460784313721 0.6012254901960784 0.21556372549019606 0.6147058823529412 0.22331495098039214 0.6457107843137255
0 0.18903186274509812 0.6421568627450981 0.16605392156862753 0.6421568627450981 0.16605392156862753 0.6862745098039216 0.18903186274509812 0.6862745098039216
0 0.22106622914208665 0.7211260698166564 0.2010975862408 0.7060772374852521 0.18353427509972473 0.7475086381257373 0.20350291800101133 0.7625574704571418
0 0.20404411764705882 0.6045751633986928 0.1895267722473605 0.5755404725992962 0.17340686274509803 0.5898692810457516 0.1879242081447964 0.6189039718451482
0 0.03400735294117654 0.7716503267973857 0.011335784313725563 0.7716503267973857 0.011335784313725564 0.809640522875817 0.034007352941176544 0.809640522875817
0 0.2355375292318763 0.853847364633927 0.20788080140313014 0.8191408826527552 0.1933098354020508 0.8397830844876178 0.22096656323079694 0.8744895664687894
0 0.21773833496054038 0.9434098120576032 0.17829331421365235 0.9325817671466929 0.174781852575055 0.9553226615680852 0.214226873321943 0.9661507064789956
0 0.27259664190011224 0.6875900272813934 0.23819910216302478 0.6791661399988413 0.23388865518004143 0.7104567921716094 0.26828619491712885 0.7188806794541615
0 0.3192354826546003 0.7958019105077928 0.3113169306184012 0.7658873805932629 0.2841694947209653 0.7786626445449973 0.2920880467571644 0.8085771744595273
0 0.2891442930383163 0.9068994723271574 0.26912298749775143 0.8689643670924029 0.2555234192300774 0.881724455837381 0.2755447247706422 0.9196595610721355
0 0.34647748501173 0.879275035962194 0.3451483621513598 0.8331987768026953 0.32607542647782894 0.8341768760680046 0.32740454933819907 0.8802531352275033
0 0.34414190255193705 0.6705285122401873 0.3166493447418122 0.6517928432140281 0.30645196116817913 0.6783947134061143 0.3339445189783041 0.6971303824322735
0 0.31493572532747544 0.5938779730426057 0.2942872325278659 0.562755607083774 0.27842857578716135 0.5814606893933231 0.29907706858677086 0.6125830553521547
0 0.38002092383632513 0.4795406318588747 0.3493674466999991 0.44861099727087 0.3336330177681848 0.4763335625316855 0.36428649490451087 0.5072631971196901
0 0.32488752350255184 0.5052645715820575 0.2934218036529681 0.5008483301996598 0.29027078297072256 0.5407612588414362 0.3217365028203063 0.5451775002238339
0 0.4054163022086158 0.8444189323808832 0.3901067862089074 0.8287168646888744 0.371029685108244 0.8617838399300242 0.38633920110795256 0.8774859076220328
0 0.43646540272820866 0.9016719728863988 0.40788202855804373 0.8728768700186772 0.3929627159729028 0.8992050686983376 0.4215460901430677 0.9280001715660593
0 0.4079378052336176 0.7280483271375464 0.36869806472774996 0.7274102825764754 0.36843173700707055 0.7565287800374177 0.40767147751293825 0.7571668245984887
0 0.4011674828958712 0.5987518877211002 0.39285802312038004 0.5707278273017968 0.36067471890533576 0.5876926698337582 0.3689841786808269 0.6157167302530615
0 0.43227007665482303 0.6852943918059392 0.4287509047243059 0.6587050927753652 0.4014508487958942 0.6651286353467561 0.4049700207264114 0.6917179343773303
0 0.4825412372978388 0.6922141119221412 0.4761543759839703 0.6687956204379563 0.44326517103191637 0.6847419016268309 0.44965203234578505 0.7081603931110159
0 0.49576362655153805 0.7192368231696349 0.48204038496132395 0.7020155003897585 0.45830410145709655 0.7356419020207473 0.47202734304731064 0.7528632248006237
0 0.3337180568948891 0.9779465338047787 0.32659514625522335 0.9562386156648452 0.28863307618129214 0.978383156541305 0.2957559868209579 1.0000910746812386
0 0.4120642855558514 0.1913570594150179 0.3852071965664094 0.1632901916422678 0.37345995807825394 0.18327399964510696 0.40031704706769594 0.2113408674178571
0 0.4311291575648827 0.25475839097796504 0.42094450512300413 0.2339364348745688 0.39269281154106206 0.25850312494582284 0.4028774639829406 0.27932508104921905
0 0.4096381199538639 0.34486735870818924 0.40471813725490197 0.31862745098039225 0.369395184544406 0.33040176855055753 0.374315167243368 0.3566416762783545
0 0.44030175799380206 0.4163322527360057 0.4386357875269555 0.3752383145537895 0.41113433264784427 0.3772204013919236 0.4128003031146909 0.4183143395741399
0 0.4303863424932017 0.48402688325938653 0.4236774545584657 0.4594276274986881 0.39332197294976384 0.4741454367635133 0.40003086088449974 0.4987446925242118
0 0.46691176470588236 0.573937908496732 0.4322916666666667 0.573937908496732 0.4322916666666667 0.6029411764705882 0.46691176470588236 0.6029411764705882
0 0.48161764705882365 0.8259803921568627 0.45036764705882365 0.8259803921568627 0.45036764705882365 0.8566176470588235 0.48161764705882365 0.8566176470588235
0 0.4908088235294119 0.9162581699346405 0.4522058823529413 0.9162581699346405 0.4522058823529413 0.9473039215686274 0.4908088235294119 0.9473039215686274
0 0.5278952599677403 0.8781718878639717 0.5234461634911034 0.8552908202698389 0.4937815823630223 0.8655452433758424 0.4982306788396592 0.8884263109699752
0 0.5733433264245296 0.7562192942053778 0.5699968745887618 0.730934991446243 0.5334511531122518 0.7395339847348336 0.5367976049480195 0.7648182874939684
0 0.5506526313355531 0.8123342890615365 0.5391347576766556 0.7846913922801825 0.5099224241583425 0.8063301578493033 0.5214402978172401 0.8339730546306572
0 0.5583467548544319 0.9112823952851303 0.5438485415100373 0.8956086511290281 0.525287955089484 0.9261305043539381 0.5397861684338785 0.9418042485100401
0 0.6014493001986376 0.9949919163853652 0.5997950026809978 0.9655821827384361 0.5707305490561668 0.9684886281009192 0.5723848465738066 0.9978983617478483
0 0.6017290613380414 0.8825936923200385 0.6002619840569242 0.856186301259931 0.5687085373030522 0.8593026910627826 0.5701756145841693 0.88571008212289
0 0.5530024509803921 0.613562091503268 0.5254289215686274 0.613562091503268 0.5254289215686274 0.6576797385620915 0.5530024509803921 0.6576797385620915
0 0.49586397058823534 0.5533088235294119 0.4696691176470589 0.5183823529411765 0.45235906862745096 0.5414624183006538 0.47855392156862747 0.5763888888888891
0 0.4880809864964075 0.43841890282967777 0.47889174338224977 0.4127473665107609 0.44710478585628616 0.4329754303909196 0.4562940289704438 0.45864696670983646
0 0.49111519607843135 0.3080065359477125 0.4641544117647059 0.3080065359477125 0.4641544117647059 0.34272875816993476 0.49111519607843135 0.34272875816993476
0 0.45814498491704364 0.12460859728506794 0.4363478506787329 0.09450779286073409 0.42302337858220196 0.11166113624937164 0.4448205128205127 0.1417619406737055
0 0.5583394826593868 0.11430762639579167 0.532557521719517 0.08088656591818268 0.5147396671877796 0.10532248070456528 0.5405216281276495 0.13874354118217427
0 0.511024775610118 0.09798152131806905 0.5075777946739858 0.05508575855731111 0.4856719642459759 0.05821516290416964 0.48911894518210824 0.10111092566492758
0 0.5894406576499213 0.19671950288631265 0.5823739623586661 0.17080828681837704 0.5519692822384428 0.18554994990697019 0.559035977529698 0.2114611659749058
0 0.6202512254901961 0.2779820261437909 0.5853247549019607 0.26245915032679745 0.5790747549019607 0.2874591503267975 0.6140012254901961 0.30298202614379094
0 0.5481955001101564 0.3377680472938239 0.5218736230447234 0.31632059190717493 0.5112937871777924 0.33940387016229717 0.5376156642432254 0.3608513255489462
0 0.5298092812306815 0.42419595162236284 0.5026097393282294 0.41459611330385027 0.49663807519774283 0.4446756067018562 0.523837617100195 0.45427544502036876
0 0.5902856334841629 0.5516905480140774 0.5870427978883861 0.5171003016591251 0.5620805052790346 0.5212606837606838 0.5653233408748114 0.555850930115636
0 0.6267205383284534 0.6697485064915862 0.6057950159701889 0.6341510661579868 0.5882527615118445 0.652483512258599 0.609178283870109 0.6880809525921984
0 0.6170343137254903 0.9191176470588235 0.5863970588235295 0.9191176470588235 0.5863970588235295 0.9493464052287581 0.6170343137254903 0.9493464052287581
0 0.6795578808446455 0.9536827551533434 0.669612556561086 0.9337921065862244 0.6432409502262445 0.9572335344394168 0.6531862745098039 0.9771241830065359
0 0.776531862745098 0.952124183006536 0.758517156862745 0.9401143790849675 0.7422181372549019 0.9835784313725491 0.7602328431372549 0.9955882352941178
0 0.7507395199459094 0.8962277439711518 0.7352391818796484 0.8729772368717603 0.7081790906017579 0.9050484561640749 0.7236794286680188 0.9282989632634664
0 0.7047522902603665 0.8580172506160935 0.6985294117647058 0.8390522875816996 0.6651639344262296 0.8585154826958107 0.6713868129218901 0.8774804457302046
0 0.6726636593064523 0.809444759605128 0.6695225679292487 0.787742673726266 0.6318703816838307 0.7974309555671922 0.6350114730610343 0.8191330414460543
0 0.7150360992813414 0.6995238517729868 0.6889597750865053 0.6679161860822762 0.6754294760890782 0.6877606246118358 0.7015058002839144 0.7193682903025465
0 0.7003706360593016 0.7506994261119084 0.6777798854063202 0.7213925063458784 0.6646439180737962 0.7393936467645223 0.6872346687267776 0.7687005665305524
0 0.6882968234071175 0.6073446183740303 0.674899871591048 0.5676499463264171 0.65647930169989 0.5787022882611119 0.6698762535159594 0.6183969603087253
0 0.6321372969788774 0.531599764369267 0.6292892156862745 0.48856209150326807 0.6066676133972904 0.4912234564784427 0.6095156946898932 0.5342611293444416
0 0.5963878274902867 0.4624000332592559 0.5955168979696736 0.4205954162698233 0.5593758031354408 0.4219339753377578 0.560246732656054 0.4637385923271904
0 0.7349183642328526 0.39085921009129976 0.7273446440833142 0.3670560896213219 0.6965023460746167 0.3845022379898781 0.7040760662241551 0.40830535845985594
0 0.6795053325384208 0.3655769740328567 0.6528426404345522 0.3401839339339342 0.6393870892951774 0.3653009627274335 0.666049781399046 0.390694002826356
0 0.6226401033386327 0.39959812753930407 0.6027051868044515 0.36238628334216566 0.5831718667196608 0.3809894453276806 0.6031067832538421 0.418201289524819
0 0.7094645550527904 0.5014140271493215 0.6847190799396681 0.4794180492709906 0.6718042986425339 0.5052476118652591 0.6965497737556561 0.5272435897435901
0 0.735280348094294 0.5798496364838072 0.718288719982375 0.5656899463905414 0.702247191011236 0.5999118748623047 0.7192388191231549 0.6140715649555705
0 0.7659418647596026 0.6392666084698722 0.7482603914853613 0.628550564061241 0.7360159817351598 0.6644674993284986 0.7536974550094011 0.6751835437371297
0 0.7876838235294118 0.7091503267973858 0.7677696078431373 0.7091503267973858 0.7677696078431373 0.7442810457516341 0.7876838235294118 0.7442810457516341
0 0.8406359118990063 0.7253111290178174 0.8257474650819232 0.7162878279165549 0.8126322018533441 0.754759266720387 0.8275206486704272 0.7637825678216494
0 0.796875 0.9031862745098039 0.7806372549019608 0.9031862745098039 0.7806372549019608 0.9477124183006536 0.796875 0.9477124183006536
0 0.8614875554446019 0.9234730640512556 0.8266399458520084 0.9056785400039739 0.8186650671915036 0.9334429323775836 0.8535126767840971 0.9512374564248652
0 0.8952205882352942 0.7606209150326799 0.8606004901960784 0.7606209150326799 0.8606004901960784 0.792075163398693 0.8952205882352942 0.792075163398693
0 0.9237132352941176 0.8647875816993468 0.8910086971350615 0.8615575038564769 0.8892724467003719 0.892810011680889 0.921976984859428 0.8960400895237587
0 0.9951811568389972 0.853253362305762 0.985030602622559 0.8206713364258366 0.9510831760035462 0.8394729880917512 0.9612337302199845 0.8720550139716766
0 0.9716767480421795 0.9336949565404487 0.9488028520948185 0.8989605219537152 0.9312415405362683 0.9195201062173836 0.9541154364836294 0.954254540804117
0 0.9688040657439446 0.7546136101499424 0.934850778546713 0.7432958477508652 0.9297325547866206 0.7705930411380241 0.9636858419838522 0.7819108035371013
0 0.9258993726083472 0.7019736386738257 0.9134591639227551 0.682248623100274 0.8878933248791194 0.7109133517249564 0.9003335335647116 0.7306383672985081
0 0.8267463235294118 0.6493055555555556 0.8098958333333335 0.6268382352941179 0.7824754901960785 0.6633986928104577 0.7993259803921569 0.6858660130718954
0 0.7996612560118388 0.5196772105068443 0.7711339252682204 0.508809655937847 0.7649371069182389 0.537728141571094 0.7934644376618573 0.5485956961400913
0 0.7327447513947343 0.45378209520080914 0.7269792380346481 0.4168828096962579 0.7081747944602135 0.42210626624471204 0.7139403078202996 0.45900555174926333
0 0.8703935346327879 0.5075511466914183 0.8467466498433692 0.49441398847507456 0.8340385340526743 0.5350799590052985 0.8576854188420929 0.5482171172216422
0 0.8906771501531169 0.5919628651995603 0.8586793830091575 0.5735733438524571 0.8491018806620166 0.6031997511129463 0.881099647805976 0.6215892724600495
0 0.9441152855665592 0.5935416086651024 0.929887294674462 0.5685802211351072 0.9019921673030267 0.5968472835381619 0.9162201581951238 0.6218086710681571
0 0.9944340646094503 0.603447444551591 0.9933267036322725 0.5746560591449693 0.9575281260045001 0.577103825136612 0.9586354869816779 0.6058952105432337
0 0.9329543186052699 0.4659542927276492 0.9259673609262707 0.4398696507260523 0.8894605070534999 0.4572538668559431 0.8964474647324991 0.4833385088575401
0 0.8458212772938789 0.4157336700738442 0.8263576094738098 0.3969908788397035 0.8115653462196236 0.4242996725397393 0.8310290140396929 0.44304246377387996
0 0.7861519607843137 0.3876633986928105 0.7683823529411765 0.3876633986928105 0.7683823529411765 0.42238562091503284 0.7861519607843137 0.42238562091503284
0 0.8945560767410411 0.38338545188190226 0.8797973715348207 0.3601293103448277 0.8536342123056118 0.3896467207572685 0.8683929175118321 0.4129028622943431
0 0.85684511818426 0.28653863371832766 0.8235294117647058 0.2818627450980393 0.8214343271555197 0.3084004834810638 0.8547500335750738 0.3130763721013521
0 0.9480396629454703 0.30071322933066175 0.9382715221124946 0.27280425552216014 0.9054147434521252 0.29324847335527876 0.9151828842851008 0.3211574471637804
0 0.9882230392156862 0.368496732026144 0.95515318627451 0.3621977124183009 0.9521139705882355 0.3905637254901963 0.9851838235294119 0.3968627450980395
0 0.7865528995894386 0.17523698709327304 0.7682750672471156 0.16993906467520836 0.7618987576980252 0.2090470965762961 0.7801765900403482 0.2143450189943608
0 0.9190692890266646 0.18997072265067125 0.9056033885276475 0.16229081606935836 0.8750696229648671 0.18869839709662778 0.8885355234638843 0.2163783036779407
0 0.8443619724056078 0.23907618953424165 0.8360083945305739 0.21855862984117572 0.8067127268624978 0.23976311310568796 0.8150663047375318 0.2602806727987539
0 0.7936229765739967 0.10804448554269594 0.7673979835341844 0.08146982592901945 0.7527154053812194 0.10722873496930897 0.7789403984210318 0.13380339458298546
0 0.8481046747967479 0.13201099952176015 0.8330939143950262 0.11070540411286484 0.8085332974653274 0.14146819703491167 0.8235440578670491 0.162773792443807
0 0.9607843137254902 0.18831699346405242 0.9390318627450981 0.18831699346405242 0.9390318627450981 0.22263071895424855 0.9607843137254902 0.22263071895424855
0 0.7340580082265704 0.09098340146543196 0.6995157316677316 0.07672785875860959 0.6922959270361014 0.10782855563332426 0.7268382035949403 0.12208409834014664
0 0.6377684568302459 0.13462066226122138 0.6099857138988192 0.12006779691618835 0.6028470642400606 0.14429594121258094 0.6306298071714873 0.15884880655761396
0 0.7114756934363085 0.19421983172999355 0.6863180612817684 0.15915161721154386 0.6708267401234927 0.1789086644858666 0.6959843722780326 0.21397687900431628
0 0.6972431848320122 0.04645537874416685 0.6668166104851853 0.04553336133971754 0.6663803815279338 0.07112546016513656 0.6968069558747607 0.07204747756958586
0 0.8234703062640986 0.019891260338943947 0.7969986335242062 0.005452166117184415 0.7871404867256637 0.03758242234947081 0.8136121594655562 0.05202151657123034
0 0.9719730392156862 0.0928758169934642 0.9577144607843135 0.07971405228758174 0.9357107843137253 0.122091503267974 0.949969362745098 0.13525326797385645
0 0.9540734958366907 0.051711209597994474 0.947236771420897 0.027402856119616865 0.912117244157937 0.04496261975109689 0.9189539685737307 0.0692709732294745
0 0.5901816608996538 0.025975586312956638 0.5616349480968859 0.0164600153787006 0.5566608996539794 0.04298827374086897 0.5852076124567474 0.05250384467512501
0 0.9826168889601107 0.2996910764864761 0.9717967761287248 0.2641789112962871 0.9529860665976364 0.2743680456256266 0.9638061794290221 0.30988021081581557