0 0.15610388830367208 0.9355071827662893 0.14995333665982888 0.9100849026384039 0.1183455651346307 0.9236796430793495 0.1244961167784739 0.9491019232072349
0 0.10335207612456745 0.8225346020761245 0.09089532871972321 0.8031574394463667 0.06268742791234148 0.8353950403690886 0.07514417531718573 0.8547722029988464
0 0.1420016183056716 0.8623044547313488 0.12239612735689293 0.8479270947022443 0.1068587463776298 0.8855934728337913 0.12646423732640846 0.8999708328628957
0 0.05088119347607638 0.7602011457232917 0.05006030828888718 0.7175151159894533 0.030700864445646858 0.7181769773174274 0.031521749632836056 0.7608630070512656
0 0.13938291923267504 0.7380518392675963 0.12922846867155638 0.7070243514419561 0.09308016632090216 0.7280560909914275 0.10323461688202082 0.7590835788170679
0 0.09443344645550533 0.6890711412770237 0.08161293363499245 0.663430115635998 0.054392911010558036 0.6876256913021619 0.06721342383107091 0.7132667169431877
0 0.15849103985856638 0.8206136826315225 0.15088998714239793 0.797448569591771 0.12331043072966891 0.813536644165863 0.13091148344583733 0.8367017572056145
0 0.07800998948475293 0.6067014082183874 0.061949109296715585 0.589875724211872 0.044609582792107465 0.6193003752499949 0.06067046298014482 0.6361260592565102
0 0.14264379246269102 0.660343234035964 0.12632469078450737 0.6395304666782804 0.09979639684106616 0.6765093006600469 0.11611549851924981 0.6973220680177303
0 0.047256787330316775 0.5120789341377577 0.02475490196078435 0.4949346405228759 0.009728506787330334 0.5299962292609351 0.03223039215686276 0.547140522875817
0 0.11712632108225506 0.5689330269289203 0.10490105265975341 0.5464230088811396 0.0769229298583708 0.5734363688273021 0.08914819828087245 0.5959463868750828
0 0.11155515960650475 0.3978813937406589 0.07810095027772203 0.39263367463026166 0.07533836913605035 0.42394292756920743 0.10879257846483306 0.4291906466796047
0 0.12120322899802122 0.4677459974815615 0.09949069077172154 0.4404988906877736 0.08560330095340889 0.46017269293038315 0.10731583917970858 0.487419799724171
0 0.17353573779996462 0.5303050527483518 0.1422830763611826 0.5054802436622271 0.13170119576397213 0.5291635002369363 0.16295385720275413 0.553988309323061
0 0.12779874464864358 0.3236254996570402 0.10140598760614021 0.3105920393891372 0.09235524728588666 0.34317470454205007 0.11874800432839003 0.356208164809953
0 0.032324402363685216 0.32284112275047006 0.010702054794520584 0.31202994896588776 -0.0006043513295728905 0.35223050407377565 0.02101799623959174 0.36304167785835795
0 0.1402448296836983 0.22708840227088403 0.1181054994990697 0.21635418157530653 0.1057611456991556 0.26161681217499166 0.1279004758837842 0.27235103287056917
0 0.06449251206664756 0.2611328751558073 0.048174299693650426 0.24109296522405646 0.0254385638669106 0.2740056494684798 0.041756776239907735 0.2940455594002307
0 0.044574824748552275 0.06091892715635478 0.021546879762267608 0.05283894645941279 0.012316017728334863 0.09960864743133868 0.03534396271461953 0.10768862812828069
0 0.050759620446010116 0.17627003046959622 0.025416584419002512 0.1630834100978199 0.014977457813275037 0.1987504260007221 0.04032049384028264 0.2119370463724984
0 0.07989253393665159 0.17477375565610861 0.07325838989441931 0.13054612870789342 0.05322633861236803 0.13588800904977377 0.059860482654600304 0.18011563599798894
0 0.14610276968699215 0.13973094619979318 0.12533489916418666 0.1377990512674392 0.1231395040524283 0.17975549118104367 0.14390737457523375 0.1816873861133977
0 0.19029411764705884 0.033562091503267985 0.16863970588235297 -0.0049346405228758335 0.15123774509803922 0.01246732026143789 0.1728921568627451 0.050964052287581704
0 0.15963229871594656 0.08194335993984612 0.15776966206836718 0.04469062698825843 0.12474649705014748 0.04762601943432241 0.1266091336977269 0.08487875238591011
0 0.25453812213009513 0.0504051417089218 0.2229494461491589 0.026106160185124693 0.2104939228743662 0.05489225842020121 0.24208259885530245 0.07919123994399832
0 0.2069100812407681 0.11814425425512401 0.20588959365134532 0.08276735115513462 0.18421633793842504 0.08387880016605362 0.1852368255278478 0.11925570326604298
0 0.2509681303273147 0.13981903294575795 0.22523214345093606 0.1286667719659939 0.21302469546326164 0.17874860986414542 0.23876068233964023 0.1899008708439095
0 0.18382352941176472 0.2369281045751634 0.1645220588235294 0.2369281045751634 0.1645220588235294 0.28513071895424835 0.18382352941176472 0.28513071895424835
0 0.244449532482032 0.2639650640801991 0.23128488940060013 0.24573709673667812 0.20990117577280026 0.273192729048915 0.22306581885423213 0.291420696392436
0 0.25175378344293303 0.34561763704971527 0.23388893267873762 0.30530720455614613 0.21609398928024498 0.3193274629913221 0.23395884004444042 0.3596378954848912
0 0.19424019607843138 0.3174019607843137 0.17616421568627452 0.3174019607843137 0.17616421568627452 0.35580065359477125 0.19424019607843138 0.35580065359477125
0 0.19173674303975735 0.42963474524248 0.1650264732965009 0.39758242155057233 0.15085885873686486 0.41857148015744045 0.1775691284801213 0.45062380384934825
0 0.2448673851677703 0.3972017640661486 0.22605396155199442 0.396485062214119 0.2251620825736494 0.4381060812035528 0.24397550618942523 0.43882278305558237
0 0.22070962819089893 0.7050191145640645 0.2154839530151683 0.6806326304106548 0.18396226415094333 0.6926408928351214 0.18918793932667402 0.7170273769885311
0 0.22606900452488682 0.7964404223227751 0.2192533936651583 0.770692559074912 0.18760275263951734 0.7855869783810959 0.19441836349924585 0.8113348416289591
0 0.26480004272351143 0.7630138064400072 0.24948984754452244 0.7520218714397073 0.23430051493074294 0.7896335521976375 0.24961071010973196 0.8006254871979374
0 0.22964208477508652 0.9059097462514417 0.22758650519031146 0.8794156093810074 0.19568483275663207 0.8838158400615148 0.19774041234140718 0.9103099769319493
0 0.19837622549019615 0.9765114379084966 0.1638174019607844 0.9611519607843135 0.15744485294117652 0.986642156862745 0.19200367647058827 1.002001633986928
0 0.2686680616844123 0.9356703394824322 0.23652993974602926 0.932287379278392 0.23506934604536936 0.9569551840006478 0.2672074679837524 0.960338144204688
0 0.3100868656286045 0.7019583813917725 0.2902663638985007 0.6999255094194541 0.28733419838523655 0.7507497116493657 0.30715470011534035 0.752782583621684
0 0.2896186840120664 0.8872454751131221 0.27722944947209655 0.8660067873303167 0.2509709653092005 0.8932378079436901 0.2633601998491704 0.9144764957264957
0 0.34273686911587753 0.909890340010854 0.3161150854746232 0.9021738809844035 0.3111047329581653 0.9329040430853449 0.33772651659941966 0.9406205021117955
0 0.401214649321267 0.942539592760181 0.38670343137254903 0.9209150326797386 0.36462811085972857 0.9472505027652087 0.37913932880844653 0.9688750628456513
0 0.3520442679860048 0.8343773537915787 0.3480807866827028 0.7938617671356029 0.3244132225380858 0.7979778652477102 0.32837670384138784 0.838493451903686
0 0.38296568627450994 0.8178104575163399 0.36305147058823545 0.8178104575163399 0.36305147058823545 0.8558006535947712 0.38296568627450994 0.8558006535947712
0 0.3803898570151922 0.6906124603550089 0.36705402670451565 0.6502008533529587 0.3501234525311466 0.660133456868002 0.36345928284182305 0.7005450638700521
0 0.39542935537046675 0.794208022442015 0.39330372635779975 0.7516954421886748 0.3750433801839319 0.7533185840707963 0.3771690091965989 0.7958311643241367
0 0.31657028049556535 0.5854546162616501 0.2997289876904108 0.5398201454347796 0.2788340691246072 0.5535289808959418 0.29567536192976174 0.5991634517228122
0 0.3168929110105581 0.3468514328808447 0.2975671481610396 0.3450743512395097 0.29521261167188767 0.3905953900297793 0.3145383745214062 0.3923724716711143
0 0.29244844489519944 0.27997520847419427 0.29067887931034475 0.23986505521748927 0.2672054597701149 0.24170610773044848 0.26897502535496953 0.28181626098715346
0 0.31682382376256085 0.0942121696082318 0.30212012718285886 0.07554080887210218 0.27798919062274136 0.1093241200562667 0.29269288720244335 0.1279954807923963
0 0.28617739548649646 0.19766771488469606 0.26792395024047355 0.16209689850783085 0.24988959027007027 0.17854929707732156 0.2681430355160932 0.21412011345418674
0 0.3185598157948301 0.1382307709704413 0.29767644514553226 0.13749802112309753 0.2967692007598888 0.18346506999570306 0.31765257140918657 0.18419781984304684
0 0.42169117647058824 0.12859477124183008 0.40912990196078436 0.09509803921568623 0.3767769607843137 0.11666666666666663 0.3893382352941177 0.15016339869281048
0 0.34909947124917384 0.08878148637732253 0.327491865371905 0.0879341292840963 0.3264594137136272 0.13473860445935798 0.34806701959089603 0.1355859615525842
0 0.373978632168475 0.20114444605726314 0.35286047253571384 0.19392456242213113 0.3432119107667743 0.2440970836206167 0.3643300703995355 0.25131696725574876
0 0.37034660562338145 0.28131551362683443 0.35116652793192754 0.2740088173634234 0.34187130040695535 0.3173865458132939 0.36105137809840926 0.32469324207670497
0 0.3742340686274509 0.4136029411764706 0.36075367647058826 0.3956290849673204 0.33915441176470595 0.4244281045751635 0.35263480392156865 0.4424019607843137
0 0.3875765238221986 0.47795966048561206 0.3736539016058913 0.46108375476887586 0.3502392755744832 0.49542520628160774 0.3641618977907905 0.5123011119983439
0 0.4129596352256614 0.5167463286228873 0.37955662314801236 0.514519461151044 0.37850227372744616 0.542635445699477 0.4119052858050951 0.5448623131713202
0 0.41984270329079265 0.6030766629178688 0.4190083920101707 0.5808283621012827 0.3885697826512151 0.5828576027252131 0.38940409393183706 0.6051059035417992
0 0.4558263237201495 0.6846707230233209 0.4548070687418936 0.6629266168205286 0.4261582551308461 0.6653140179547824 0.42717751010910204 0.6870581241575748
0 0.4827385222381635 0.7499701099952175 0.45807926829268303 0.7236669057867049 0.4444793161166906 0.7463334927466921 0.46913857006217113 0.7726366969552049
0 0.46807433386022357 0.825872975549785 0.4457755871062437 0.8095205612635331 0.4377352188476159 0.8290123631026308 0.4600339656015957 0.8453647773888828
0 0.4578855580693816 0.8846782302664655 0.4426140648567119 0.8711035696329814 0.4262113499245852 0.9039089994972347 0.4414828431372549 0.9174836601307189
0 0.4645734874292295 0.4872856225143673 0.46399322881681226 0.46020688726822967 0.43401070154815596 0.4613490787832262 0.43459096016057314 0.4884278140293638
0 0.44477215328322 0.34410339524586037 0.42643827307799387 0.32644854764082787 0.4042377600127272 0.3674341102228587 0.42257164021795335 0.3850889578278912
0 0.46455372879488865 0.19309043842256013 0.4512316864948226 0.16467008151575246 0.4286220808548138 0.1835114195490931 0.44194412315487985 0.21193177645590078
0 0.47151788882974005 0.25248277289799786 0.4549465996805963 0.2439298494661817 0.4436876164492947 0.2827107917073316 0.46025890559843846 0.2912637151391477
0 0.5075513655335001 0.6197874748640224 0.47470206299010714 0.5863814044809109 0.4631588400888871 0.6065606682193402 0.49600814263228005 0.6399667386024517
0 0.5248161764705882 0.7066993464052288 0.5058210784313726 0.7066993464052288 0.5058210784313726 0.7467320261437909 0.5248161764705882 0.7467320261437909
0 0.5620268804243009 0.9518737276331295 0.5540632031501126 0.9067462230793957 0.5359450337512055 0.9124303546555235 0.5439087110253938 0.9575578592092573
0 0.664828431372549 0.9440359477124183 0.6458333333333334 0.9440359477124183 0.6458333333333334 0.9897875816993464 0.664828431372549 0.9897875816993464
0 0.6341911764705882 0.8774509803921569 0.6035539215686276 0.8774509803921569 0.6035539215686276 0.9072712418300654 0.6341911764705882 0.9072712418300654
0 0.5914632482115594 0.8337782905863245 0.565022286753872 0.804499033830919 0.5523274625644207 0.8248798400126234 0.578768424022108 0.8541590967680287
0 0.5651429305143808 0.77811519391134 0.5510343527331356 0.7544267176366568 0.5271119389400322 0.7797563322411193 0.5412205167212774 0.8034448085158025
0 0.6006127450980394 0.5883169934640525 0.5726715686274509 0.5696895424836602 0.5626225490196078 0.5964869281045753 0.5905637254901963 0.6151143790849676
0 0.5974470344122803 0.6959232708445787 0.5686925539625066 0.6698199127057771 0.5597316544155552 0.6873683409852238 0.5884861348653289 0.7134716991240253
0 0.5134129478543638 0.5188291588435309 0.4934488294330565 0.4933676744801244 0.47836489605713944 0.5143937634283724 0.4983290144784467 0.5398552477917788
0 0.5161155191426308 0.35771678325694667 0.5056831300182639 0.334018516604064 0.47655070815672496 0.3568178032783119 0.4869830972810918 0.3805160699311946
0 0.524203431372549 0.40196078431372556 0.49295343137254904 0.40196078431372556 0.49295343137254904 0.43586601307189543 0.524203431372549 0.43586601307189543
0 0.5981046962466734 0.48158259663719893 0.5649820478113243 0.4745164316376578 0.5615904415588389 0.502779817075036 0.594713089994188 0.5098459820745772
0 0.5509049773755657 0.3017848164906989 0.5428377712031558 0.2759697567389875 0.5132519723865877 0.29240631163708086 0.5213191785589976 0.31822137138879225
0 0.5810082140964494 0.4080617382087972 0.5556687201907791 0.38349010775481385 0.543162095919449 0.4064189189189192 0.5685015898251192 0.4309905493729025
0 0.5454332468281431 0.1847126105344098 0.5395581026528259 0.1533785082660515 0.5067582179930795 0.1643118031526336 0.5126333621683967 0.1956459054209919
0 0.5151490094307619 0.12950901237080764 0.4984199429039649 0.08797477823531157 0.4763449730437823 0.10378154677717068 0.49307403957057927 0.14531578091266673
0 0.46948601925977484 0.01518205901690073 0.44691125710639285 0.013106218818888581 0.44469087191089457 0.05603366593185605 0.46726563406427657 0.0581095061298682
0 0.5681372549019609 0.04076797385620913 0.5522058823529413 -0.0017156862745098225 0.5301470588235294 0.012990196078431401 0.546078431372549 0.05547385620915035
0 0.594938033181232 0.11699918162880668 0.5821316089673643 0.08171036823948241 0.5649703547101808 0.09278214517960084 0.5777767789240483 0.1280709585689251
0 0.6624991054816085 0.15649837793998375 0.6597806640904536 0.12508527741997041 0.6283946972949764 0.1299138876961977 0.6311131386861314 0.161326988216211
0 0.6404119889280634 0.07192016659450334 0.6214567096554711 0.05998536112657488 0.6080136234304448 0.09794231046782559 0.6269689027030371 0.10987711593575404
0 0.6220923510913798 0.18516463189049212 0.6144156955234923 0.14934023924035034 0.5802638272290047 0.1623504747811075 0.5879404827968923 0.1981748674312493
0 0.6326593137254902 0.26348039215686286 0.6194852941176471 0.24591503267973855 0.5966605392156862 0.27634803921568635 0.6098345588235294 0.2939133986928106
0 0.6501225490196079 0.3508986928104576 0.6191789215686274 0.3508986928104576 0.6191789215686274 0.3778594771241831 0.6501225490196079 0.3778594771241831
0 0.6973146276565371 0.4287067331300604 0.6680104591341486 0.41468080631592574 0.6598117370128016 0.44513320276664353 0.6891159055351901 0.45915912958077815
0 0.6827250717360115 0.505420054200542 0.6615330583452894 0.47010003188267185 0.644308943089431 0.48847242148892084 0.6655009564801532 0.523792443806791
0 0.6521995653931677 0.6364598072906139 0.6189915605417425 0.6263129169193451 0.6143498585001012 0.6533191833434405 0.6475578633515263 0.6634660737147092
0 0.6477778207079112 0.7407502073855682 0.619382509471048 0.7307283328313811 0.6140840228573241 0.7574170061449533 0.6424793340941874 0.7674388806991405
0 0.6512882592061215 0.7985114777618364 0.6378975370636059 0.7761936075243105 0.6105108201817313 0.8054061055316436 0.6239015423242468 0.8277239757691695
0 0.6762497687754347 0.8670027130348997 0.6520960506844248 0.8374815020347763 0.6350420828708843 0.8622872733999262 0.6591958009618942 0.8918084844000496
0 0.7266940599769323 0.9138408304498273 0.7015643021914652 0.8851211072664362 0.6887182814302194 0.905103806228374 0.7138480392156865 0.933823529411765
0 0.7843137254901961 0.9677287581699346 0.7604166666666666 0.9677287581699346 0.7604166666666666 0.9995915032679739 0.7843137254901961 0.9995915032679739
0 0.7084220757268423 0.8302597475771919 0.7063471940500338 0.7970616407482534 0.686418187964841 0.7992759747577192 0.6884930696416496 0.8324740815866577
0 0.7736123565279772 0.8218286704925876 0.747552905308465 0.8013374780806634 0.7364605750836921 0.8264157898931932 0.7625200263032043 0.8469069823051174
0 0.7967661884398598 0.895974334980015 0.7957209173902635 0.8541634929961626 0.7750229184348546 0.8550834040608474 0.7760681894844509 0.8968942460446998
0 0.7260067692772361 0.5749106817303664 0.709464182217433 0.5519348663695288 0.6960077692609099 0.5691590749538784 0.712550356320713 0.592134890314716
0 0.7523424915291895 0.6506832194634229 0.7388100247181025 0.6123412301653429 0.7188472060212187 0.6248669203280937 0.7323796728323057 0.6632089096261736
0 0.8194117647058822 0.7671241830065361 0.816813725490196 0.7428758169934642 0.7869607843137253 0.748562091503268 0.7895588235294114 0.77281045751634
0 0.8030024509803921 0.6082516339869283 0.7653186274509803 0.6082516339869283 0.7653186274509803 0.6384803921568629 0.8030024509803921 0.6384803921568629
0 0.8487545843520783 0.6915440177701072 0.831077862073925 0.6741234798727966 0.8100216782923438 0.7121071839493742 0.8276984005704972 0.7295277218466848
0 0.8782993966817495 0.7237933634992458 0.8613310708898944 0.708710407239819 0.841299019607843 0.7487745098039217 0.8582673453996982 0.7638574660633485
0 0.8687815472723742 0.8639827218015919 0.865823990487284 0.8245486313337216 0.8413141865657154 0.8278166051899307 0.8442717433508057 0.867250695657801
0 0.9494228354514095 0.8294125839336041 0.9248256162081973 0.8113180778236548 0.9147669892934386 0.8356264262009881 0.9393642085366508 0.8537209323109373
0 0.996607716362407 0.9251507212080233 0.995202628465179 0.8933020622041921 0.9634497549019607 0.8957924836601308 0.9648548427991885 0.927641142663962
0 0.9260650951557091 0.9607002114571321 0.9030041070482245 0.9246047518106344 0.8857235262944605 0.9442320780988603 0.9087845144019451 0.9803275377453581
0 0.9533340222183551 0.7440125014502844 0.9355401221139346 0.7422765111961946 0.9331656442162665 0.785544775109255 0.950959544320687 0.7872807653633448
0 0.8729181169509221 0.6031326139923426 0.8716070599837566 0.5777855126271417 0.8420190857408053 0.5805062458908614 0.8433301427079708 0.6058533472560622
0 0.8139208749537551 0.5412304229868048 0.7812719663337033 0.5330681958317919 0.7775781539030707 0.559335306449624 0.8102270625231225 0.567497533604637
0 0.7727995242214533 0.4941056324490582 0.7470047577854672 0.49146001537870065 0.7454440599769319 0.5185121107266437 0.771238826412918 0.5211577277970013
0 0.7433586604058936 0.43139359987848297 0.7302856642825537 0.4125496415024976 0.7052145041243174 0.44347073903098916 0.7182875002476572 0.4623146974069745
0 0.7211531975175391 0.30561551837860523 0.7099214112250405 0.2556964681897223 0.6863110496492174 0.2651406128200516 0.697542835941716 0.31505966300893445
0 0.7166053921568627 0.06535947712418312 0.6878063725490197 0.06535947712418312 0.6878063725490197 0.09395424836601318 0.7166053921568627 0.09395424836601318
0 0.7382607746068724 0.17640183135960652 0.7360463987575229 0.14687682003494468 0.706349495243642 0.15083640717012878 0.7085638710929917 0.1803614184947906
0 0.7797948315719946 0.1825076518938709 0.7645672659750822 0.1726459903644418 0.7500775037557955 0.21242180822130707 0.765305069352708 0.22228346975073612
0 0.815713175514108 0.3306332695679897 0.8131239538498326 0.2995626095966842 0.7801029710664753 0.3044546070460704 0.7826921927307507 0.335525267017376
0 0.7771088614925902 0.3958922178255136 0.7604445502056106 0.3547869166509642 0.7413742878440237 0.3685312498845403 0.7580385991310032 0.4096365510590897
0 0.8394607843137255 0.44934640522875835 0.8072916666666666 0.44934640522875835 0.8072916666666666 0.4779411764705884 0.8394607843137255 0.4779411764705884
0 0.8955269607843137 0.4685457516339871 0.8734681372549019 0.4685457516339871 0.8734681372549019 0.5102124183006538 0.8955269607843137 0.5102124183006538
0 0.8700682451879833 0.3856988667026444 0.864464719373988 0.3427385021286803 0.8450317053426877 0.3472447082808659 0.8506352311566829 0.3902050728548301
0 0.8449754901960784 0.2544934640522877 0.8244485294117647 0.2544934640522877 0.8244485294117647 0.3043300653594772 0.8449754901960784 0.3043300653594772
0 0.7757010799243557 0.06676329584287191 0.7638268886234697 0.04004636541587865 0.7370035831591519 0.0612400882518828 0.7488777744600378 0.08795701867887605
0 0.8270750529941706 0.0845433668963081 0.812355922098569 0.07027027027027033 0.7897671568627449 0.11168300653594784 0.8044862877583464 0.12595610316198563
0 0.8548576546003016 0.1410960281548518 0.8321200980392157 0.13941176470588248 0.8301244343891403 0.18730769230769242 0.8528619909502263 0.18899195575666178
0 0.9336754692149234 0.2460507743953614 0.9025442034790572 0.22194914930952941 0.8917250801098651 0.24679306223137779 0.9228563458457313 0.2708946873172098
0 0.9330249430794848 0.40214131579841633 0.9317373288136745 0.36093765929248645 0.9127878946205865 0.36199040563654694 0.9140755088863968 0.4031940621424768
0 0.9792540901711004 0.47140939178219077 0.9571468714874487 0.47035666708296914 0.955886255776196 0.5174196536364016 0.9779934744598479 0.5184723783356232
0 0.9305688783290534 0.3281319175939317 0.9215575593006896 0.2850778377917483 0.9047876206428381 0.2913178149667628 0.913798939671202 0.3343718947689462
0 0.8923158489453688 0.1375687802960828 0.8799640541071663 0.09051432376959695 0.8622367516048737 0.09878706493733347 0.8745885464430762 0.14584152146381932
0 0.9759484958366909 0.19837048974841096 0.9539064598442115 0.166720386784851 0.9395111469245232 0.18454315516160805 0.9615531829170024 0.21619325812516801
0 0.9959264413466038 0.27503571023492573 0.9768366402960317 0.2671364822139994 0.9672487080515504 0.3083290800051043 0.9863385091021224 0.31622830802603064
0 0.9402379665913498 0.06371032980520731 0.9150232044942673 0.020378294201332567 0.9012698115987905 0.03460594202423982 0.9264845736958728 0.07793797762811457