0 0.14117978272390042 0.9849408231761172 0.11671074354897885 0.9543545242074654 0.10171059068117899 0.975688074952781 0.12617962985610057 1.0062743739214328
0 0.09545513256716574 0.9048360132399149 0.0604294256262917 0.8773648705411901 0.04887547885478105 0.9035538165566144 0.0839011857956551 0.9310249592553391
0 0.1853198601925978 0.9505385388869553 0.16097466353405274 0.912952972115868 0.14577133368140158 0.9304598367946785 0.17011653033994664 0.9680454035657657
0 0.13271479266726902 0.8684115454319695 0.11348601435319483 0.8243135471650261 0.09288896187011592 0.84028025451625 0.11211774018419012 0.8843782527831936
0 0.08585082164538411 0.8270038145744656 0.0712730488102715 0.7898967564487244 0.052372261182052904 0.8030973065382738 0.06695003401716552 0.8402043646640149
0 0.1784333815493411 0.8363039751419694 0.15625100450016083 0.8293447980285011 0.14829134522661533 0.8744495339119255 0.17047372227579563 0.8814087110253938
0 0.08835784313725496 0.760702614379085 0.06090686274509809 0.7424019607843138 0.05128676470588238 0.7680555555555557 0.07873774509803926 0.7863562091503269
0 0.14614728197386112 0.7272868776585194 0.12379322045416144 0.6949267124109542 0.1064717499026587 0.7161986937899927 0.12882581142235838 0.7485588590375579
0 0.10151980210842594 0.6933722079761011 0.09366298533944621 0.6631089137548459 0.06435725710363403 0.6766346344790669 0.07221407387261376 0.7068979287003221
0 0.05200101702048073 0.5546807620769559 0.029972879453848356 0.5523310940698484 0.02796708906137976 0.5857609339443249 0.049995226628012125 0.5881106019514324
0 0.09554372701125594 0.621710132101736 0.06562638278160353 0.5945125464384157 0.051152548466495244 0.6228169335435163 0.08106989269614764 0.6500145192068366
0 0.1266678870718412 0.45033289941149357 0.09507464811650809 0.4259451360073768 0.0841952444878367 0.45100073224310483 0.11578848344316982 0.47538849564722163
0 0.11166037360890303 0.5593313902137432 0.09538950715421304 0.5289591061649885 0.07956577901430843 0.5440293234410881 0.09583664546899842 0.5744016074898428
0 0.08481288857006218 0.5132611987884584 0.06228329746532762 0.4892296349434082 0.05110443567670973 0.5078610712577715 0.07363402678144429 0.5318926351028217
0 0.052354150864436455 0.36781379959720667 0.029692254291667743 0.3401878685370695 0.014722638165982252 0.3620185587203609 0.03738453473875096 0.389644489780498
0 0.11158303503333579 0.41523257148949083 0.09700323824636506 0.36928412100934066 0.06584011427657639 0.3868633191461445 0.08041991106354714 0.4328117696262947
0 0.07281574394463668 0.2674500192233757 0.07135957324106112 0.24220972702806615 0.042261389850057667 0.24519415609381007 0.04371756055363322 0.2704344482891196
0 0.09568198648084154 0.30803580847014944 0.0552473369916075 0.2803091916775318 0.03758888561880532 0.32609036190331525 0.07802353510803936 0.35381697869593287
0 0.14577832750568895 0.28725546358184734 0.10475884652283886 0.2724428732269293 0.09726021423530999 0.3093592167963021 0.13827969521816008 0.3241718071512201
0 0.11177696078431373 0.17478758169934644 0.08731617647058823 0.1503267973856209 0.07470588235294119 0.17274509803921567 0.09916666666666668 0.1972058823529412
0 0.06281719795895974 0.1594076353611052 0.04581763985084871 0.13640325821978083 0.015830716408147802 0.17579784391901535 0.03283027451625882 0.1988022210603397
0 0.18927638089936288 0.25081055029793203 0.16500239685779675 0.22538066225438658 0.15128811777076762 0.24865337828086023 0.17556210181233375 0.27408326632440577
0 0.0902838628974906 0.0660166700531681 0.08368415371329878 0.032578143519929575 0.05910291577771004 0.04120313928680282 0.06570262496190185 0.07464166582004134
0 0.20498036474973375 0.19664941322641943 0.2041307437511746 0.16832871327444715 0.1732487823404122 0.16997575121635447 0.17409840333897134 0.19829645116832673
0 0.19662095429669088 0.02692756091962358 0.18550999420100753 -0.004183127348289866 0.1563972400420426 0.01430116100660847 0.16750820013772602 0.04541184927452191
0 0.233406862745098 0.10370915032679737 0.23026348039215683 0.07437091503267974 0.20246936274509805 0.07966503267973857 0.20561274509803923 0.10900326797385618
0 0.2737971693053589 0.1819696514637949 0.2406144076886772 0.17354228343416145 0.23690307632899987 0.19952160295190288 0.2700858379456816 0.20794897098153634
0 0.30540956278585335 0.027928723452429506 0.2792716682515962 0.003328352126069847 0.2644723882624643 0.0312825476610968 0.29061028279672146 0.05588291898745647
0 0.27478223739044777 0.11566035101603257 0.27299714701251904 0.09281119417854446 0.24410946484647958 0.09682337225716105 0.24589455522440834 0.11967252909464915
0 0.21652172464347597 0.28213012180748614 0.1842307194769151 0.2812690283363779 0.1838052769088443 0.30963186620776534 0.21609628207540518 0.3104929596788736
0 0.18686368778280546 0.3458396178984415 0.1614819004524887 0.3232780291603822 0.14748303167420818 0.35127576671694327 0.17286481900452494 0.3738373554550025
0 0.2420279749830967 0.42350969123281496 0.23988336713995942 0.3891959657426189 0.2013438133874239 0.3934781383817895 0.20348842123056116 0.4277918638719856
0 0.1770884738123438 0.513791562486292 0.14374300894854591 0.5005735403781199 0.13755469469667067 0.5283271921744089 0.17090015956046853 0.5415452142825811
0 0.18859068627450978 0.5858169934640524 0.1660955882352941 0.5650522875816993 0.15448161764705884 0.5874199346405229 0.17697671568627452 0.6081846405228759
0 0.21047794117647065 0.6421568627450981 0.1642156862745099 0.6421568627450981 0.1642156862745099 0.6928104575163399 0.21047794117647065 0.6928104575163399
0 0.233982843137255 0.8100653594771243 0.20462009803921574 0.7807026143790852 0.1916789215686275 0.8037091503267976 0.22104166666666678 0.8330718954248367
0 0.19087009803921579 0.7459150326797387 0.16927083333333337 0.7171160130718954 0.15655637254901958 0.7340686274509804 0.178155637254902 0.7628676470588237
0 0.2564338235294118 0.911356209150327 0.23468137254901963 0.8823529411764708 0.22120098039215694 0.900326797385621 0.2429534313725491 0.9293300653594773
0 0.26562500000000006 0.9750816993464054 0.24142156862745098 0.9428104575163399 0.22732843137254902 0.9616013071895425 0.2515318627450981 0.993872549019608
0 0.28353315482970204 0.8305100876494677 0.28281190677395257 0.7920435246761625 0.25824852114487273 0.7928623041971318 0.2589697692006222 0.831328867170437
0 0.2630340808674262 0.71987572942291 0.24491593226815697 0.676737280377031 0.2279087106828115 0.6894360058274223 0.24602685928208068 0.7325744548733014
0 0.24204281751251003 0.5739382234518069 0.211658786490695 0.5728128889695174 0.21109470195171365 0.5998889468406228 0.24147873297352868 0.6010142813229121
0 0.2984055051119414 0.3684169876714841 0.29719404379181513 0.3264196619071065 0.2669197294870681 0.3279721908458115 0.26813119080719433 0.3699695166101891
0 0.26114193884153386 0.49652045179621346 0.23708795749289677 0.4921864011027654 0.2335813764171379 0.5267846677169196 0.257635357765775 0.5311187184103676
0 0.3414865238936554 0.8814227518477733 0.3386402403483509 0.8552369432309714 0.3044583666114049 0.861842136223618 0.3073046501567095 0.8880279448404198
0 0.326116655413959 0.6967764508959969 0.29364622014516 0.6909259220187359 0.29087699911384934 0.718248902861001 0.32334743438264835 0.7240994317382621
0 0.333706832452082 0.5192200007343762 0.2974361092751708 0.5080597782184035 0.2916270792024676 0.5416230630829111 0.32789780237937877 0.5527832855988838
0 0.3266544117647059 0.6342320261437909 0.32009803921568625 0.6080065359477124 0.28921568627450983 0.6217320261437908 0.2957720588235294 0.6479575163398693
0 0.3572439650839439 0.47019146192887856 0.32339803607427925 0.458520451925546 0.31806361963843777 0.48602233221699565 0.35190954864810237 0.4976933422203283
0 0.3186177942096164 0.433537964904536 0.2980074862965825 0.4052942096163044 0.28403873744619806 0.4234158297465329 0.30464904535923193 0.4516595850347644
0 0.3158088235294118 0.2502450980392157 0.3020220588235294 0.2134803921568627 0.28351715686274515 0.22581699346405226 0.2973039215686275 0.26258169934640524
0 0.3232928072218987 0.2840184753769496 0.2966147350029121 0.2704677085355595 0.28976655018443026 0.294436355400246 0.3164446224034168 0.307987122241636
0 0.36055846564289434 0.09352225403435714 0.3254847735554399 0.07391115738330735 0.31711375368731565 0.10052670773324084 0.3521874457747701 0.12013780438429064
0 0.34579941006371007 0.19079954537019858 0.3426941261520381 0.15629639079606608 0.31878595286695116 0.16012169852167996 0.32189123677862314 0.19462485309581248
0 0.41556083270217953 0.24723870234789197 0.4101171316165951 0.216753976268619 0.3706443816797105 0.22928500799461413 0.376088082765295 0.2597697340738871
0 0.39981617647058826 0.10743464052287587 0.36825980392156865 0.10743464052287587 0.36825980392156865 0.1392973856209151 0.39981617647058826 0.1392973856209151
0 0.4467866791354946 0.3281186331556729 0.44565516356168405 0.2979448845207243 0.4102504156275976 0.3003052010496634 0.41138193120140815 0.330478949684612
0 0.4065432513961926 0.37681810770046065 0.4054879540173658 0.34234505999211884 0.36398421894745425 0.3446037666625902 0.365039516326281 0.379076814370932
0 0.40713825865086684 0.4192312278751469 0.3758452038837249 0.40006070783761843 0.36658768981054435 0.42692565063822085 0.3978807445776863 0.4460961706757493
0 0.43686068453930244 0.4518385967956505 0.4075378492104806 0.4358443229799294 0.3990998611834114 0.46334591358667365 0.42842269651223325 0.47934018740239465
0 0.4031470990035358 0.5298229401050037 0.39663793796207003 0.5076435765563057 0.37196339601414335 0.5205172506160934 0.3784725570556091 0.5426966141647915
0 0.38278286724525873 0.5901291117539913 0.3747388299582127 0.5656139504982322 0.3471432015429122 0.5817114004071574 0.3551872388299582 0.6062265616629164
0 0.41388501521298177 0.6497760311020959 0.4127102349560514 0.6231476786116745 0.3749408384043272 0.6261099842235744 0.37611561866125753 0.6527383367139958
0 0.441896735109138 0.6936798618818597 0.40564072327044026 0.6846158589221852 0.4016278209396966 0.7131520532741399 0.43788383277839443 0.7222160562338144
0 0.4346789215686275 0.7891568627450981 0.40442524509803923 0.7612303921568628 0.39177450980392153 0.7855947712418302 0.42202818627450983 0.8135212418300655
0 0.34866373356295866 0.7558684498502054 0.32043261037260296 0.7535871469661363 0.3191841352277417 0.7810536001530836 0.34741525841809745 0.7833349030371527
0 0.38432870513853595 0.8845977361791222 0.3768146681749623 0.8416603821015585 0.3547907110684105 0.8485122798680413 0.36230474803198415 0.8914496339456051
0 0.41302863679976387 0.9301567971396005 0.4050198969173617 0.9049171320556664 0.37526600979162045 0.9217013760753152 0.3832747496740227 0.9469410411592494
0 0.472502729257642 0.9618599623255414 0.4523142499357823 0.9582708993349887 0.4482792298141965 0.9986211005508463 0.46846770913605623 1.002210163541399
0 0.5244682116979328 0.8260901768285164 0.4920515145772992 0.8079971365751394 0.48400912942259294 0.8336136226234628 0.5164258265432266 0.8517066628768397
0 0.49554659350726254 0.9111961915600877 0.4598424693276583 0.9026115933966856 0.45650131799205906 0.9273158638780865 0.4922054421716633 0.9359004620414888
0 0.4977984861862194 0.7309807600338448 0.4788804123900968 0.7229549105445806 0.47086931630062906 0.756525217967112 0.48978739009675165 0.764551067456376
0 0.48654241271165094 0.6684630025396661 0.4852212913854067 0.644858968177435 0.4546309357814903 0.6479027846554366 0.45595205710773457 0.6715068190176677
0 0.4690563725490196 0.5396241830065359 0.4378063725490196 0.5396241830065359 0.4378063725490196 0.5690359477124183 0.4690563725490196 0.5690359477124183
0 0.5101580278375261 0.4419720325862193 0.508038261011877 0.4066425854920664 0.4756962303999502 0.4100924020906719 0.4778159972255993 0.4454218491848248
0 0.5174443493150686 0.23257173874115858 0.5138353517118123 0.2030123298002025 0.4780891973491188 0.2107711850107096 0.48169819495237504 0.24033059395166567
0 0.4965681830750028 0.3797946522149015 0.49441937834763244 0.35472526372891355 0.46178366592406506 0.35969832466964763 0.4639324706514354 0.38476771315563557
0 0.5200871190060182 0.17183152138743285 0.5179758784702 0.14368164757652235 0.4831828771112406 0.1483207144243836 0.4852941176470588 0.1764705882352941
0 0.45804430262671103 0.11670674559131829 0.449257769145394 0.07570292267850537 0.4302395486496484 0.08294795905783697 0.4390260821309655 0.1239517819706499
0 0.5035257999050958 0.08951197880477466 0.4889380179470231 0.04644328921427406 0.4684160883454504 0.058800580157156564 0.4830038703035231 0.10186926974765716
0 0.43474443522545203 0.030803355713232172 0.41274104486152435 -0.0024462119478141408 0.39593049038681616 0.01733091096360725 0.4179338807507439 0.05058047862465356
0 0.5484908594369206 0.05987671870154041 0.5185751145801027 0.03394973982563155 0.5057516196285193 0.060254344854520664 0.5356673644853371 0.08618132373042953
0 0.5892393867924528 0.10906014921691964 0.5733577275249723 0.09457161795535843 0.5567049343322235 0.12702321494635602 0.5725865935997041 0.14151174620791723
0 0.5954167303836612 0.19876020887846765 0.5944928339620076 0.169195523385553 0.5629401782376728 0.17094844870357156 0.5638640746593264 0.20051313419648625
0 0.6189876120131309 0.2497338301836572 0.6105658326679086 0.2260280809156243 0.5824613499245852 0.2437782805429865 0.5908831292698075 0.2674840298110194
0 0.5803943258719416 0.4468520446526693 0.5583599036959916 0.41327578228931705 0.542721347388513 0.43152076464804223 0.5647557695644629 0.4650970270113945
0 0.5603064125323866 0.5406064410538549 0.5595794649425838 0.5066822201963984 0.5252062641940952 0.5079916754630075 0.525933211783898 0.541915896320464
0 0.5404045629431419 0.6538798055845314 0.5397301653892089 0.6215087229957519 0.5041503204982841 0.6228264950287492 0.504824718052217 0.6551975776175286
0 0.591219362745098 0.8154330065359477 0.5880330882352941 0.7856944444444444 0.5496874999999999 0.7929983660130719 0.5528737745098038 0.8227369281045752
0 0.5588162779904862 0.8875232045480914 0.5349518505627103 0.8742651893104383 0.5265492661561666 0.901153459411378 0.5504136935839424 0.9144114746490313
0 0.62645400631236 0.9090290005230354 0.6011987644783019 0.8807865795473145 0.5855788176602345 0.9056182898734733 0.6108340594942925 0.9338607108491941
0 0.686830693815988 0.8980706385118151 0.6515742835595777 0.8921945701357467 0.6488829185520363 0.9209024635495224 0.6841393288084466 0.9267785319255907
0 0.6255727452386981 0.7239517399499255 0.6165716340338144 0.699487181290498 0.5869150350240527 0.718885208315751 0.5959161462289364 0.7433497669751784
0 0.583147589349158 0.6761665162310437 0.5495421815886004 0.6554021992407804 0.5396531898753626 0.6838547368016747 0.5732585976359202 0.7046190537919381
0 0.5426526523472459 0.5797514441461232 0.5254586689447563 0.5594713611585713 0.5107573631112196 0.5816298511105688 0.5279513465137092 0.6019099340981207
0 0.616421568627451 0.5690359477124185 0.5885416666666666 0.5690359477124185 0.5885416666666666 0.598856209150327 0.616421568627451 0.598856209150327
0 0.6244989003646892 0.4253730795047157 0.5886288081252378 0.4246372827408295 0.5882921318077633 0.4538158969219493 0.6241622240472148 0.4545516936858355
0 0.609053518667741 0.5230929358044588 0.6065169218372279 0.4909627092846271 0.5732171635777599 0.49563635956665775 0.5757537604082729 0.5277665860864894
0 0.6674844479739823 0.3922324956983759 0.6333760541342863 0.3702776674797211 0.6251326531094599 0.39304515602448 0.6592410469491559 0.4149999842431349
0 0.6272604099592186 0.03385025398869573 0.6010114042397384 0.008694956840860515 0.5865825000315644 0.03546161971979189 0.6128315057510447 0.06061691686762711
0 0.6579373429904407 0.09208984481202355 0.6537546695050732 0.06532073450567141 0.6203055161332419 0.07461216599784676 0.6244881896186094 0.10138127630419891
0 0.6568627450980392 0.12826797385620928 0.640625 0.10661764705882358 0.6159620098039215 0.1395016339869282 0.6321997549019608 0.1611519607843139
0 0.6998795508976877 0.2359025552224404 0.6955168381060685 0.20847978910369064 0.658904780057893 0.2188347146122655 0.6632674928495123 0.24625748073101528
0 0.7258814102564103 0.2692056309703369 0.6955081070889894 0.26695575666163907 0.6942694193061839 0.2966842634489694 0.7246427224736048 0.29893413775766725
0 0.6833355658463774 0.3147585590297711 0.6527684756400933 0.3105784441297665 0.6510374807047086 0.3330813782897675 0.6816045709109927 0.3372614931897722
0 0.6881947046334459 0.4957068814787063 0.6543571250156115 0.4824372424128889 0.648912670163607 0.5071187710753092 0.6827502497814413 0.5203884101411267
0 0.6708276976254886 0.6641700112566818 0.6467538322813347 0.6276944577049336 0.6308550584345552 0.6463490190184882 0.654928923778709 0.6828245725702365
0 0.7409973604826546 0.7643288084464558 0.7110906862745097 0.7377450980392158 0.6990243212669682 0.7618778280542988 0.7289309954751132 0.7884615384615388
0 0.7109209270258802 0.8338473771632823 0.6837785549094477 0.8108977291949165 0.672433281755638 0.834751893261901 0.6995756538720707 0.8577015412302668
0 0.7396722884245215 0.9200546067012498 0.7138974870314183 0.897538688242907 0.701228650778115 0.9233208813198049 0.7270034521712181 0.9458367997781478
0 0.7970376943881 0.9211488618435882 0.7637941599053415 0.9185415258057247 0.7628496872887086 0.9399495717827361 0.7960932217714671 0.9425569078205996
0 0.832521726397771 0.8273298824373668 0.8067323471369171 0.7877861675707241 0.7934735721522193 0.8031586603066057 0.8192629514130733 0.8427023751732483
0 0.8068946997829323 0.8605069246362772 0.7710110462300198 0.8401024941846212 0.7637048598030245 0.8629448241632732 0.7995885133559371 0.8833492546149292
0 0.7886872450322411 0.7189981137869017 0.7708395019081459 0.685002412598149 0.7550685123042505 0.6997220028951179 0.7729162554283457 0.7337177040838706
0 0.7144767999164816 0.6656218957411942 0.6884911878594612 0.6623736942340667 0.6865746540629805 0.6896310637840164 0.7125602661200009 0.692879265291144
0 0.6849886486095779 0.6033524111163678 0.6744401513956789 0.5713872680439468 0.6545731647216527 0.5830425668927088 0.6651216619355518 0.6150077099651299
0 0.7600256976957078 0.6310279150937091 0.7472912797844793 0.5945225837481874 0.7291323376838507 0.6057839431904377 0.7418667555950791 0.6422892745359595
0 0.7618080604883463 0.48098640399556053 0.7608490566037736 0.4515769515353311 0.7262543932667406 0.4535824392650142 0.7272133971513133 0.48299189172524354
0 0.7865053509027373 0.5240871513621951 0.7624899898078042 0.5097331424318904 0.7491967579110852 0.5492719860221317 0.7732121190060183 0.5636259949524365
0 0.7727676063261981 0.38922856152967406 0.7497231234900837 0.3614760660711277 0.7346211514691836 0.38376945334007545 0.757665634305298 0.41152194879862175
0 0.8952442904095735 0.8421072344888291 0.8856097954941289 0.7958616588946946 0.8667586662172033 0.8028435586268892 0.876393161132648 0.8490891342210236
0 0.8455987377811066 0.7345503415208722 0.8251729009429434 0.7245643768444369 0.8167129976378407 0.7553276615902648 0.8371388344760039 0.7653136262667002
0 0.8825414372854861 0.5875138761454902 0.8511034721514255 0.5857673225269312 0.8502193988513949 0.6140576681279099 0.8816573639854555 0.6158042217464689
0 0.860227806876175 0.6633349001701138 0.8383821850658072 0.6319668278270214 0.8211195608380338 0.6533396006804552 0.8429651826484017 0.6847076730235474
0 0.8930112167722004 0.7732623275519256 0.8734738727784407 0.7372888052777012 0.8572497495488055 0.7529534759821765 0.8767870935425653 0.7889269982564009
0 0.9450993593128454 0.8635994942561108 0.9353350406589923 0.8459307271681865 0.9090095531031083 0.8717943640651954 0.9187738717569612 0.8894631311531197
0 0.9590134803921566 0.7853513071895426 0.9539767156862744 0.7383415032679735 0.9309436274509802 0.7427287581699343 0.9359803921568627 0.7897385620915034
0 0.9238737508376309 0.6830831366722023 0.8939664182909419 0.6542363478328427 0.8813952196777671 0.6774067923355571 0.911302552224456 0.7062535811749168
0 0.977569925028835 0.6400134563629375 0.9417942618223759 0.6199288735101884 0.9310906862745097 0.6538235294117647 0.966866349480969 0.6739081122645137
0 0.944979362562869 0.5907530918191317 0.9419520828777607 0.5598075661491363 0.908657700998615 0.5655978934324659 0.9116849806837232 0.5965434191024613
0 0.9238448049776465 0.4661251334764907 0.8809073247791039 0.4562164841999039 0.877729190868448 0.48069988617828957 0.9206666710669907 0.4906085354548763
0 0.8265769043014589 0.4316841695716485 0.8050267785058486 0.40637132339902693 0.794197540570649 0.4227615213550048 0.8157476663662593 0.44807436752762625
0 0.799142053095582 0.3120434244824095 0.7700530042669057 0.30633968941796313 0.7670126263884046 0.33390578218303985 0.796101675217081 0.33960951724748617
0 0.7482873102866777 0.17624464063309425 0.7153954014152035 0.16099042202603367 0.7081705890619316 0.18868553604690905 0.741062497933406 0.20393975465396963
0 0.7044601850992763 0.14882231809653412 0.7020145203191687 0.1216482649842271 0.6763304493721778 0.12575771633574565 0.6787761141522854 0.15293176944805265
0 0.7854595588235295 0.16388071895424844 0.781764705882353 0.1293954248366013 0.754656862745098 0.1345588235294118 0.7583517156862745 0.1690441176470589
0 0.8271299019607843 0.21124836601307193 0.8237769607843137 0.18666013071895432 0.7939044117647059 0.1939019607843138 0.7972573529411765 0.2184901960784314
0 0.8394030934261164 0.26982159353181545 0.8193139046713057 0.23871575287920518 0.8020050094694501 0.2585889288517061 0.8220941982242608 0.28969476950431633
0 0.8635110294117647 0.35191993464052296 0.8393075980392158 0.3196486928104577 0.8213848039215687 0.34354575163398715 0.8455882352941176 0.37581699346405245
0 0.8481908852649971 0.4003065747751247 0.8215637740244612 0.3712588170581764 0.8098108983692487 0.3904116514592636 0.8364380096097845 0.4194594091762119
0 0.8940506055363323 0.185831410995771 0.8577483419838526 0.18082420222991172 0.8552061707035757 0.21358996539792402 0.8915084342560554 0.2185971741637833
0 0.925357485047326 0.3635999167682868 0.9195003556704024 0.3383119931091884 0.8848261207246967 0.35258961926330257 0.8906832501016201 0.377877542922401
0 0.8575367647058824 0.09885620915032693 0.8305759803921569 0.09885620915032693 0.8305759803921569 0.1266339869281047 0.8575367647058824 0.1266339869281047
0 0.9491421568627451 0.28880718954248397 0.9309129901960784 0.2645016339869284 0.9087009803921569 0.2941176470588237 0.9269301470588235 0.3184232026143793
0 0.7472426470588235 0.06127450980392166 0.716699660633484 0.034125188536953295 0.7049632352941175 0.05759803921568637 0.735506221719457 0.08474736048265473
0 0.8046262254901958 0.02209967320261448 0.7711703431372547 0.0072303921568628565 0.7646752450980391 0.033210784313725566 0.7981311274509802 0.04808006535947719
0 0.8836166005219093 0.05086667753977762 0.8452811831756734 0.04988371812064335 0.844840708926824 0.08042326604085888 0.88317612627306 0.08140622545999314
0 0.9289760002985966 0.12152259380909727 0.9264037150393152 0.07350660230251155 0.907374402806808 0.07531891775322651 0.9099466880660895 0.12333490925981225
0 0.9801387784843665 0.17370826709062 0.9641875331213566 0.14446431725843495 0.9466812400635929 0.1614401165871755 0.962632485426603 0.19068406641936056
0 0.9548312594268477 0.2175025138260434 0.9233078808446454 0.21224861739567635 0.920748491704374 0.23954876822523893 0.9522718702865762 0.244802664655606
0 0.9778936359026368 0.07991745548794241 0.9529115956727517 0.05173258958755922 0.9395241717376605 0.07282792427315757 0.9645062119675455 0.10101279017354076
0 0.846467262718459 0.5384373955755583 0.839578754723198 0.5049789281700047 0.8161943249770413 0.5135379351359183 0.8230828329723022 0.5469964025414717
0 0.9950980392156863 0.473856209150327 0.9699754901960784 0.473856209150327 0.9699754901960784 0.5085784313725492 0.9950980392156863 0.5085784313725492
0 0.2549019607843137 3.98460447516694e-17 0.22150735294117646 3.7119604778077456e-17 0.22150735294117646 0.03308823529411768 0.2549019607843137 0.03308823529411769
0 0.9757381716498755 0.9707428321236417 0.9478010575777273 0.9545058769364102 0.9404575953309502 0.9769682320441991 0.9683947094030984 0.9932051872314306