0 0.3246508619345989 0.2347471606554652 0.2976489681723246 0.20240590936957722 0.2832750787119299 0.22374073900890518 0.31027697247420427 0.2560819902947931
0 0.36958333333333326 0.26970588235294113 0.366329656862745 0.23933823529411763 0.3334313725490196 0.2456045751633987 0.3366850490196078 0.2759722222222222
0 0.2559224170437406 0.3905825791855203 0.23129713423831078 0.3650452488687783 0.21663131598793367 0.39018665158371046 0.2412565987933635 0.4157239819004525
0 0.23556849446312947 0.445009046987134 0.2194589110439975 0.41665618016946177 0.18760617578419933 0.44883066022986395 0.20371575920333126 0.4771835270475362
0 0.2648292631532251 0.48837540295152754 0.24883134815011973 0.4649117942803064 0.22205355558512999 0.49736972466211216 0.23805147058823528 0.5208333333333334
0 0.31185082140964493 0.37422937643525883 0.2920450781664017 0.36024885179296945 0.2767678524112347 0.39872482776894547 0.296573595654478 0.41270535241123485
0 0.17227692270026773 0.4843315887213192 0.14444836619442453 0.48309476398772616 0.14365336173315055 0.5148949424386847 0.17148191823899378 0.5161317671722778
0 0.12738838612368025 0.5512068878833586 0.12693552036199096 0.5167890899949724 0.08920955882352942 0.5176715686274511 0.0896624245852187 0.5520893665158372
0 0.11431268793459878 0.41343327799703483 0.08750508989538311 0.4120035394349433 0.08637356699868448 0.4497209693248972 0.11318116503790017 0.45115070788698874
0 0.19691567028316975 0.3425411674498324 0.17252887666986497 0.3287845146423271 0.16162785691440948 0.3631392435686111 0.18601465052771424 0.37689589637611637
0 0.1322578730752017 0.33517572667561785 0.12039685167712981 0.30845434513513403 0.08757548747444689 0.3343541971590199 0.0994365088725188 0.3610755786995037
0 0.1936274509803922 0.28022875816993476 0.1780024509803922 0.2593954248366014 0.155484068627451 0.28941993464052296 0.171109068627451 0.31025326797385633
0 0.1843137254901961 0.2299019607843138 0.1803578431372549 0.20089215686274514 0.14590196078431372 0.20924509803921573 0.1498578431372549 0.2382549019607844
0 0.13957101401664476 0.20227459139591009 0.12299509159774293 0.1790101388781531 0.09646427559197136 0.2126158391521304 0.1130401980108732 0.2358802916698874
0 0.21062043160459448 0.1280049889778397 0.19382178907065786 0.10866109757512477 0.17253524190741387 0.14152453880960672 0.1893338844413505 0.16086843021232164
0 0.1198043441514537 0.12275185936443546 0.10148326572008114 0.10208192472391257 0.07595186781609195 0.14231321839080463 0.09427294624746452 0.16298315303132752
0 0.14923171191553544 0.041151332327802916 0.1313089177978884 0.022564731020613373 0.1089555052790347 0.060884866767219714 0.12687829939668177 0.07947146807440926
0 0.2028987089885459 0.03561525270174079 0.1960359638905067 0.011595644858603532 0.15657942632498542 0.031637060764900034 0.1634421714230246 0.055656668608037294
0 0.253967360576811 0.13401631461145702 0.23085371931174378 0.1332646514808857 0.2299003578839384 0.18538174286757908 0.25301399914900563 0.1861334059981504
0 0.3117816091954023 0.09972954699121024 0.2973715348208249 0.051695965742618866 0.28057386747802565 0.06065472165877845 0.29498394185260307 0.10868830290736983
0 0.36877828054298645 0.13298139768728007 0.3496889140271494 0.09480266465560586 0.3317307692307693 0.11076546003016595 0.35082013574660637 0.14894419306184015
0 0.4048705787014968 0.2068920085592314 0.4028260260749357 0.17508785659050222 0.3815971891187594 0.1775140093854938 0.3836417417453205 0.20931816135422296
0 0.45437533121356655 0.08926205617382098 0.41666666666666674 0.08088235294117656 0.41255133810280875 0.11380498145204036 0.45026000264970856 0.12218468468468478
0 0.45160338763758284 0.03115053332361449 0.44544951344850203 0.0016865296304395744 0.40713791092645235 0.015911934786306103 0.41329178511553316 0.045375938479481015
0 0.3548766102074926 0.03395720381014502 0.33167459031429625 0.008719919014036646 0.32127270086828913 0.02572085660320952 0.3444747207614855 0.0509581413993179
0 0.4456385979049154 0.16896991673381684 0.4288363718775181 0.14129566210045666 0.4129104552780015 0.15848554033485548 0.4297126813053988 0.18615979496821566
0 0.539828431372549 8.582032614122893e-17 0.5033700980392157 8.284375405996801e-17 0.5033700980392157 0.02900326797385629 0.539828431372549 0.029003267973856297
0 0.5404309439885974 0.11354042271787572 0.5183167446742941 0.10683915019838987 0.5105761730035826 0.15225050399989734 0.5326903723178859 0.1589517765193832
0 0.5012242980849928 0.23322620228376692 0.4998283360036622 0.2034456778820478 0.46517128252079043 0.2063337656722871 0.46656724460212096 0.23611429007400625
0 0.4727328431372549 0.27410130718954256 0.44577205882352944 0.27410130718954256 0.44577205882352944 0.31290849673202625 0.4727328431372549 0.31290849673202625
0 0.4210501508295626 0.3449912016088488 0.39566836349924583 0.3224296128707894 0.3855345022624434 0.3426973353443942 0.4109162895927602 0.3652589240824536
0 0.3712098190167476 0.39378952553468716 0.3543747219309117 0.3671339551487802 0.3332131677630534 0.3908942966705861 0.35004826484888923 0.41754986705649305
0 0.3250875725826813 0.5606047855479819 0.2969341706639739 0.5375045583326321 0.28613092232601206 0.5609115963982161 0.31428432424471947 0.5840118236135657
0 0.25337009803921573 0.6151960784313726 0.22886029411764713 0.6151960784313726 0.22886029411764713 0.6478758169934641 0.25337009803921573 0.6478758169934641
0 0.2124708239814209 0.6002495791639391 0.1837633751831417 0.5851709191890854 0.17641506125502668 0.6100421355611668 0.20512251005330592 0.6251207955360206
0 0.14842752929574196 0.6169436709595081 0.14038207738716788 0.59089173144603 0.1117670625942685 0.6066019356460532 0.11981251450284257 0.6326538751595312
0 0.1392642082213596 0.6732772635280847 0.1338429692943167 0.6450211091204671 0.10500055986861748 0.6548588301648917 0.11042179879566039 0.6831149845725092
0 0.17401960784313733 0.6919934640522876 0.13939950980392163 0.6919934640522876 0.13939950980392163 0.7246732026143791 0.17401960784313733 0.7246732026143791
0 0.16951711623876073 0.8052395912324415 0.16358330625067707 0.7765595096233705 0.1274452253277001 0.7898516773191782 0.13337903531578377 0.818531758928249
0 0.23331850468008575 0.7859876499382696 0.2239211692522513 0.762247013067951 0.19606474907404117 0.7818496791192839 0.2054620845018756 0.8055903159896026
0 0.259349593495935 0.8077016578989319 0.23917981826877094 0.801938864976885 0.23258010521281683 0.8430037462139327 0.2527498804399809 0.8487665391359794
0 0.20386736425339383 0.8574817747611866 0.18337303486483358 0.8462299860772713 0.17237716092354108 0.881835673125266 0.19287149031210132 0.8930874618091814
0 0.12766308446455507 0.9058572146807442 0.11352281297134238 0.8775766716943187 0.08559577677224735 0.902400703871292 0.09973604826546004 0.9306812468577175
0 0.19178921568627458 0.9076797385620915 0.16023284313725497 0.9076797385620915 0.16023284313725497 0.9411764705882353 0.19178921568627458 0.9411764705882353
0 0.29595714522412436 0.955865851424384 0.2765867218692919 0.9241687950255673 0.2610587103761538 0.9410387334378654 0.28042913373098627 0.9727357898366822
0 0.3211464672075728 0.8975225377507324 0.2940973630831644 0.8755696416497635 0.2846255916159568 0.8963173315303133 0.3116746957403652 0.9182702276312825
0 0.34195968757152667 0.8387652272322677 0.3297930018310826 0.8005270720480151 0.3118305104142825 0.8106876732534778 0.32399719615472644 0.8489258284377305
0 0.3348274241203331 0.754359163756827 0.3155670829975826 0.7305130271286597 0.295030889067956 0.7600008953353031 0.3142912301907065 0.7838470319634704
0 0.3112480127186009 0.694901519166225 0.30782988871224165 0.6660373608903021 0.26893879173290935 0.674224960254372 0.2723569157392687 0.703089118530295
0 0.3598467297878056 0.6334262243710269 0.35749143835616437 0.6035925329035723 0.320268432715552 0.6088168143969916 0.32262372414719315 0.6386505058644463
0 0.42077193453446293 0.6324846875870024 0.3938108394980711 0.6266866026329396 0.3897714448355408 0.6600789318431904 0.41673253987193265 0.6658770167972531
0 0.39225400526064097 0.7422983421010682 0.3710694643711145 0.739159891598916 0.36867452773792453 0.7678991311971944 0.38985906862745107 0.7710375816993466
0 0.42756533345822406 0.8210992464926524 0.41669984076433125 0.7945391532409143 0.3897175908579993 0.8141626077182467 0.40058308355189215 0.8407227009699848
0 0.40053879310344837 0.8669540229885058 0.38651643847194056 0.8511339305837279 0.36785306795131845 0.8805428780707687 0.38187542258282625 0.8963629704755467
0 0.4116048868000808 0.9682501179165822 0.40809139377400444 0.9198419917795295 0.3920238907418637 0.9219152179772252 0.3955373837679401 0.970323344114278
0 0.5180637082054261 0.839442231993879 0.5152186350562793 0.8114656793606018 0.4771443485715866 0.8183491661826932 0.47998942172073344 0.8463257188159704
0 0.4799632352941176 0.9216503267973857 0.46286764705882344 0.9140522875816995 0.4524203431372548 0.9558415032679739 0.46951593137254904 0.9634395424836601
0 0.45596515633280343 0.704402932344109 0.434353471118177 0.6996003356297475 0.42894640964493913 0.7428568274156512 0.45055809485956544 0.7476594241300126
0 0.5002372301060503 0.7722177716741689 0.49825474937056535 0.7299248493171588 0.47788395513847565 0.7316224155031662 0.4798664358739605 0.7739153378601764
0 0.5174539215686275 0.6566450980392158 0.4997808823529412 0.6437228758169936 0.4838683823529412 0.682412091503268 0.5015414215686275 0.6953343137254903
0 0.48260541249694894 0.5859233043148103 0.4755880827434707 0.5508366555474195 0.45034095069563096 0.5598134136088736 0.45735828044910914 0.5949000623762645
0 0.4349903145591375 0.5334384433253014 0.43136309197528744 0.5003904153391118 0.3949595381250927 0.5074935477976864 0.3985867607089428 0.540541575783876
0 0.42935827645975516 0.46531163109811147 0.40554246560502655 0.43673265807243716 0.39306582439605675 0.45521657097461465 0.41688163525078537 0.4837955440002889
0 0.2628887762001352 0.2950050709939148 0.25460615280594995 0.26739632634663063 0.218264029749831 0.28677879197656075 0.22654665314401623 0.3143875366238449
0 0.46811955829263113 0.4001365588353271 0.44342416118071776 0.35922701210448077 0.4247046878318114 0.37931620301550223 0.4494000849437248 0.4202257497463486
0 0.5129141311697092 0.3687993013297274 0.5109723630831642 0.337731011945008 0.4779094827586206 0.34140466531440167 0.4798512508451656 0.3724729546991211
0 0.5542480037717679 0.25812256462384864 0.5516674524516492 0.21167264086171075 0.5226306074953856 0.21454047740060098 0.5252111588155044 0.26099040116273886
0 0.5827205882352942 0.2798202614379086 0.5674019607843137 0.25939542483660133 0.5418198529411765 0.2935049019607843 0.5571384803921569 0.3139297385620916
0 0.5800471342383107 0.3497021116138764 0.5453808446455505 0.347134238310709 0.5441977752639516 0.37552790346908 0.5788640648567119 0.3780957767722474
0 0.5790441176470589 0.5559640522875818 0.5416666666666666 0.5559640522875817 0.5416666666666666 0.5816993464052288 0.5790441176470589 0.5816993464052288
0 0.5505591171576784 0.4685946896784227 0.545683154709471 0.4373885300098964 0.5131760586930278 0.4464182789033529 0.5180520211412352 0.4776244385718792
0 0.5551470588235294 0.7234477124183006 0.5324754901960784 0.7234477124183006 0.5324754901960784 0.7565359477124183 0.5551470588235294 0.7565359477124183
0 0.571012399077278 0.928901191849289 0.5435997693194925 0.9123665897731643 0.5348256920415225 0.9382270280661288 0.562238321799308 0.9547616301422532
0 0.6132835101253618 0.8029947498124932 0.5784408148505303 0.8006123432979748 0.5771329556412729 0.8346166827386693 0.6119756509161042 0.8369990892531877
0 0.6143489274904593 0.761300829056455 0.5877212462166073 0.7364483265341932 0.5740187853664954 0.7625482519629777 0.6006464666403475 0.7874007544852395
0 0.5809781997661451 0.6682695478803143 0.5572093114768845 0.6459678749175513 0.5449530041374349 0.6691903519817715 0.5687218924266955 0.6914920249445345
0 0.6142278666030309 0.4567639767198294 0.5995695248180408 0.4419101903777063 0.5819645999880683 0.47279602341274585 0.5966229417730582 0.487649809754869
0 0.627465770791075 0.33790004507550153 0.5950843052738337 0.33536032228983553 0.5937447177146721 0.365724306964165 0.6261261832319134 0.3682640297498311
0 0.5752398292119395 0.1335042775071813 0.5540415808042962 0.12519123891594863 0.5457529349319346 0.16276643353732162 0.5669511833395778 0.1710794721285543
0 0.6267207622694048 0.09168310322156478 0.625283530571992 0.06389662373825271 0.5893027033298526 0.06720520555362185 0.5907399350272652 0.09499168503693392
0 0.6044914215686271 0.017736928104575195 0.5910465686274508 -0.008156862745097977 0.5608406862745096 0.01972549019607853 0.5742855392156859 0.0456192810457517
0 0.786705760095012 0.6468870802477762 0.7606739177262355 0.6456902139319703 0.7598919763867543 0.6759252790585751 0.7859238187555309 0.677122145374381
0 0.7156720613503132 0.7391664139882759 0.707799550232464 0.7118750421130652 0.6781540580149584 0.727077858634863 0.6860265691328078 0.7543692305100737
0 0.6987795983445281 0.6756663161227583 0.6690694119343239 0.6636100085939798 0.6624797518488365 0.6924789956351629 0.6921899382590406 0.7045353031639414
0 0.7161302178183128 0.6231238761970097 0.7004254051859857 0.5996912986186169 0.6736487682790205 0.6315953766354264 0.6893535809113477 0.6550279542138193
0 0.7614276960784314 0.58125 0.750765931372549 0.5386029411764705 0.7287990196078431 0.5483660130718953 0.7394607843137253 0.591013071895425
0 0.8456495098039215 0.527124183006536 0.8360906862745098 0.5016339869281048 0.8048406862745098 0.522467320261438 0.8143995098039215 0.5479575163398693
0 0.791861078709104 0.47984132274250596 0.7744065225240238 0.46888944435186736 0.7659634852524578 0.4928113832879707 0.7834180414375381 0.5037632616786092
0 0.8681234439526566 0.6335188789433588 0.8488173422711376 0.6042022060195704 0.8287792191112251 0.6276614721580044 0.8480853207927443 0.6569781450817928
0 0.8465367311308086 0.7714097054346855 0.8094026994359388 0.7528426895872505 0.801609085414988 0.780553317217298 0.8387431171098578 0.7991203330647328
0 0.725376686639836 0.8396962251608037 0.7233872301975157 0.8094564872375339 0.681601345868219 0.814343725170785 0.6835908023105394 0.8445834630940547
0 0.720878183747726 0.90407654470723 0.690901682838084 0.9022597870763426 0.6899111835455833 0.9313144329896907 0.7198876844552254 0.9331311906205781
0 0.783343084783565 0.8772786046754703 0.7656144899280318 0.8361025133981029 0.7454389448583144 0.8515455232045532 0.7631675397138477 0.8927216144819206
0 0.8169817246258917 0.9320868004361066 0.8015931902147201 0.8866539845555049 0.7788302659006556 0.9003606916693501 0.7942188003118272 0.9457935075499517
0 0.8680787459553638 0.8742919005872211 0.8549855326474736 0.8486873945629029 0.8267128342874526 0.8743898476174675 0.8398060475953426 0.8999943536417858
0 0.9469079700408083 0.8372167479512956 0.9205933674231113 0.8282412245778177 0.9144621839852691 0.860197695829601 0.9407767866029662 0.869173219203079
0 0.886925919763637 0.7044508812353261 0.8535692047454105 0.6918494555617739 0.8480568622409107 0.7177898908770675 0.881413577259137 0.7303913165506197
0 0.9048669670180212 0.6755810570856475 0.8787042389210019 0.6399390796781139 0.8630462286070497 0.6603722278892289 0.8892089567040691 0.6960142052967624
0 0.8842611785070111 0.9702548922635327 0.8824334889742247 0.9202980450340374 0.858854075754931 0.9218316654060241 0.8606817652877174 0.9717885126355194
0 0.6485906862745098 0.9628267973856209 0.6115196078431374 0.9628267973856209 0.6115196078431374 0.9906045751633987 0.6485906862745098 0.9906045751633987
0 0.6430422449878829 0.8996502533597712 0.6407358448997578 0.8673606521260191 0.6062389843577881 0.8717412058456342 0.6085453844459133 0.9040308070793862
0 0.9650776521710449 0.7419358828476723 0.9537410948399544 0.71526163030393 0.9200066170286448 0.7407499024280305 0.9313431743597352 0.7674241549717729
0 0.9270833333333335 0.5902777777777778 0.9104779411764706 0.5459967320261437 0.892953431372549 0.5576797385620914 0.9095588235294119 0.6019607843137255
0 0.8369840247262471 0.4288471521164239 0.8056461372385666 0.4106141993963189 0.7958183933112262 0.44064341695208137 0.8271562807989067 0.4588763696721863
0 0.8969056372549019 0.47283496732026153 0.8740808823529411 0.4424019607843138 0.8583026960784313 0.4634395424836602 0.8811274509803921 0.4938725490196079
0 0.9772789770551508 0.5031414684912096 0.9404935125704329 0.5001986313324321 0.939056773067936 0.5321261758323632 0.9758422375526539 0.5350690129911405
0 0.7852758113837208 0.4192847457950797 0.7780732590698808 0.3912748201301461 0.7480189848035634 0.4050139169376054 0.7552215371174035 0.433023842602539
0 0.7116703100158982 0.4670552905847024 0.6815008942766295 0.43832251369016084 0.6675692236354 0.46432829888712257 0.6977386393746687 0.49306107578166414
0 0.656969477192766 0.5347145066491094 0.6449415416743823 0.500172743109136 0.6272985978231795 0.5110945654932137 0.6393265333415632 0.5456363290331873
0 0.6732536764705882 0.39358660130718953 0.6508884803921569 0.36376633986928114 0.6355698529411765 0.3841911764705883 0.6579350490196079 0.4140114379084967
0 0.7262931034482758 0.34822233491097593 0.699940838404327 0.308693937345053 0.6819705037187288 0.32999211178724364 0.7083227687626773 0.36952050935316655
0 0.7523871624121347 0.29285577753113823 0.7263965963743988 0.26656646935503764 0.7123006844247133 0.29134110247872735 0.738291250462449 0.31763041065482794
0 0.789828431372549 0.2573529411764707 0.7702205882352942 0.2573529411764707 0.7702205882352942 0.2986111111111112 0.789828431372549 0.2986111111111112
0 0.8259803921568627 0.3280228758169936 0.7910539215686274 0.3280228758169936 0.7910539215686274 0.35866013071895436 0.8259803921568627 0.35866013071895436
0 0.864995757918552 0.26214492207139256 0.8597285067873304 0.2270299145299145 0.8240243212669683 0.23655103066867775 0.8292915723981901 0.27166603821015584
0 0.7864204670632298 0.16617555261805111 0.7534010795329368 0.13865939634280694 0.7408879984578102 0.1653539693030772 0.7739073859881032 0.19287012557832137
0 0.7272058823529411 0.21111111111111114 0.7215073529411765 0.18831699346405223 0.6919117647058823 0.20147058823529404 0.6976102941176471 0.22426470588235295
0 0.6633599560513861 0.2485773044850124 0.6555633029073699 0.2225884606716249 0.620119168356998 0.2414919990984899 0.6279158215010143 0.26748084291187735
0 0.6416728404208031 0.196270229334387 0.641335444757248 0.16792899359575905 0.6048765712204279 0.16870060996690867 0.605213966883983 0.19704184570553662
0 0.6940358488506729 0.15245865206360057 0.690644100089213 0.10422044745616862 0.6687300101550784 0.10695970869793542 0.6721217589165385 0.15519791330536734
0 0.7823835784313726 0.059191176470588365 0.7594975490196079 0.049019607843137344 0.7520220588235293 0.07892156862745105 0.7749080882352942 0.08909313725490206
0 0.8324142156862745 0.08333333333333347 0.8002450980392157 0.08333333333333347 0.8002450980392157 0.11478758169934654 0.8324142156862745 0.11478758169934654
0 0.8502450980392157 0.15261437908496728 0.8433210784313725 0.12491830065359476 0.8185968137254901 0.13590686274509806 0.8255208333333331 0.1636029411764706
0 0.9321719329623741 0.18921369899311075 0.9315557101218866 0.15388358947182476 0.8970967474827768 0.15495208443737857 0.8977129703232642 0.19028219395866455
0 0.8535539215686274 0.023692810457516478 0.8268995098039216 0.023692810457516474 0.8268995098039216 0.06372549019607857 0.8535539215686274 0.06372549019607857
0 0.9030844750459801 0.37889533131747677 0.8883600836996163 0.3337405311886282 0.8672651890644968 0.34596945561478437 0.8819895804108606 0.39112425574363296
0 0.9596134029621349 0.39494841879744785 0.9352229460667877 0.3601049089469518 0.9161638081598433 0.3838229472311492 0.9405542650551907 0.4186664570816452
0 0.9939450801984572 0.4587901133879317 0.9821468166989499 0.42375284602575874 0.963814693988514 0.4347271779884686 0.9756129574880213 0.46976444535064155
0 0.9531769990106134 0.274264331114709 0.9279096959884869 0.2561237033039517 0.9147174064579958 0.28879032499850105 0.9399847094801222 0.30693095280925836
0 0.9919135983570486 0.8399181784101837 0.9767019338907633 0.8039633351262367 0.9595687558065622 0.8168498280442683 0.9747804202728475 0.8528046713282154
0 0.9490142398991285 0.9563944015008924 0.939364503956289 0.9352028245283824 0.9125339208376734 0.9569228203863093 0.9221836567805128 0.9781143973588192
0 0.9397688433171434 0.1023767763986329 0.9231291599208491 0.07880389158721599 0.8986929978413383 0.10946887929483723 0.9153326812376326 0.13304176410625412
0 0.9134909674529709 0.019655535649116037 0.8960331753259677 -0.007202606084734897 0.8713872922265352 0.02127708105238719 0.8888450843535383 0.04813522278623813
0 0.9843276458656485 0.06032129552294231 0.9717679871137094 0.035800057007251924 0.9416565992522768 0.0632185565233531 0.9542162580042158 0.08773979503904349
0 0.9999340428156352 0.5792418940238414 0.978745511485116 0.5730619057191066 0.9708546337920071 0.6211586840390088 0.9920431651225263 0.6273386723437434
0 0.6433671922377198 0.6378630146216564 0.6170785324439053 0.6089970352402131 0.60426394784718 0.6297444579206254 0.6305526076409944 0.6586104373020688
0 0.19912264268764837 0.6455133008617461 0.16626369895091797 0.6326274405728323 0.1600240414637193 0.660913887848133 0.19288298520044966 0.6737997481370469
0 0.08157083824621161 0.7404262558772581 0.07155948403860432 0.7022877636578018 0.05220820232324558 0.7113183617916358 0.06221955653085287 0.7494568540110922
0 0.0919318373901285 0.8040384832093758 0.06686739350912788 0.7757606490872212 0.05088848039215697 0.8009395424836603 0.0759529242731576 0.8292173766058148
0 0.07619464732201607 0.5955185989384569 0.059717972759573655 0.5549606307847524 0.040610195420450086 0.5687606921963416 0.05708686998289251 0.6093186603500462
0 0.04578199523052467 0.3552265500794913 0.017692536994007607 0.3383728751375811 0.008451678488443227 0.36575319663554956 0.03654113672496029 0.3826068715774598
0 0.04619569473156675 0.17792838647706155 0.026701395414395788 0.1539354027020819 0.0017060937793647818 0.1900397272860156 0.02120039309653574 0.21403271106099522
0 0.061519607843137265 0.23218954248366017 0.04088188159879337 0.21078745600804424 0.01732418929110106 0.2511720713926596 0.03796191553544496 0.27257415786827555
0 0.06973906819364914 0.061039533807623336 0.06817195904910638 0.02969735091676788 0.031529259934062116 0.032954479726994036 0.033096369078604894 0.0642966626178495