0 0.9926972105698033 0.9224849313036938 0.9747999888772365 0.9023898051927417 0.9521174961070329 0.9383037520788976 0.9700147177995996 0.9583988781898498
0 0.8704044117647058 0.8374183006535948 0.8495710784313726 0.8374183006535948 0.8495710784313726 0.8852124183006536 0.8704044117647058 0.8852124183006536
0 0.9499314453504173 0.9767820164369378 0.9360190982333527 0.947411505856468 0.9044815327120949 0.9739694557691063 0.9183938798291594 1.0033399663495761
0 0.8989731237322516 0.9865111561866129 0.8972468728870858 0.9588911426639622 0.8652996112237998 0.9624408384043273 0.8670258620689655 0.9900608519269778
0 0.9419101592602108 0.8280885207066816 0.9210661229557326 0.7871318177926191 0.8986872805890916 0.8073793418386277 0.9195313168935698 0.8483360447526902
0 0.990563725490196 0.8625816993464054 0.9615196078431372 0.8432189542483661 0.9525122549019607 0.8672385620915034 0.9815563725490195 0.8866013071895427
0 0.8028433383904559 0.90316232980101 0.7828795668545846 0.882330568198362 0.7637429555863963 0.9149336836923125 0.7837067271222674 0.9357654452949605
0 0.70463411377087 0.9393474924524616 0.6778027327131434 0.9132040955244201 0.6646112820730995 0.9372727072185354 0.6914426631308261 0.9634161041465767
0 0.973232609818419 0.7660638885868583 0.9636486988510745 0.7300516170732002 0.9435300460295023 0.7395701194834063 0.9531139569968468 0.7755823909970644
0 0.8596869580039983 0.7591819363351914 0.8493534525559042 0.729042545444917 0.8192695714342455 0.7473793872714517 0.8296030768823396 0.7775187781617261
0 0.8449754901960784 0.9758986928104575 0.8183210784313726 0.9758986928104575 0.8183210784313726 0.9995915032679739 0.8449754901960784 0.9995915032679739
0 0.744720849405336 0.8381770331083255 0.722632393121183 0.7906018964963036 0.7029723159755704 0.8068292617593487 0.7250607722597234 0.8544043983713706
0 0.7546067001930307 0.7728504182329238 0.745816347912222 0.7283126333434928 0.7231955768058519 0.7362497460123946 0.7319859290866606 0.7807875309018255
0 0.6871025437201909 0.7701046634870164 0.6819190514043455 0.7286367249602544 0.6578729464758877 0.7339803038332452 0.6630564387917329 0.7754482423600072
0 0.8142399010757765 0.7339358762562197 0.8092359185399336 0.699463996564858 0.7762183609652487 0.7079846565841316 0.7812223435010915 0.7424565362754932
0 0.9321070037604082 0.6935155340675084 0.9235957225355895 0.6632532008237085 0.8945197085683587 0.6777912078073239 0.9030309897931774 0.7080535410511238
0 0.7950218197034912 0.6803762155268611 0.792410180535629 0.6490365455125139 0.7616085306073648 0.6535997529092938 0.764220169775227 0.684939422923641
0 0.7014940167243368 0.6915008650519032 0.6837874855824682 0.6521530180699731 0.6669820501730104 0.6655973663975394 0.684688581314879 0.7049452133794696
0 0.6435867453469398 0.6777145155194189 0.6285036228878011 0.6482186315993251 0.6118385118504384 0.6633687325423822 0.6269216343095771 0.692864616462476
0 0.6077925969657937 0.701431229426077 0.5854271772577645 0.7006252683555175 0.5845328824960642 0.7447438099327323 0.6068983022040934 0.7455497710032919
0 0.6219071786430795 0.9204939277387987 0.5909616461055874 0.907084196972552 0.5841779794167525 0.934914624413926 0.6151235119542446 0.9483243551801727
0 0.5452880590438423 0.9175295586399352 0.5131788389513108 0.8913664904163912 0.5025990030843798 0.9144497686715134 0.5347082231769112 0.9406128368950577
0 0.5679194605303263 0.8181448745301232 0.5496895001523927 0.803966016458397 0.535110611602154 0.8372891902875144 0.5533405719800875 0.8514680483592403
0 0.5413458301775647 0.8083326320513902 0.5299955819237567 0.783740427501473 0.5002695552469917 0.8081310134926647 0.5116198035007996 0.832723218042582
0 0.5779967263722099 0.7569811950154919 0.5773174062012348 0.7225623063527603 0.5577634167853993 0.723248411244544 0.5584427369563743 0.7576672999072755
0 0.5259699691732364 0.739522690519507 0.5098863578936729 0.7199426420052558 0.4860812108348494 0.7547057139006806 0.5021648221144128 0.7742857624149319
0 0.7468251549324393 0.5961512411527653 0.719031767499746 0.586399175386908 0.7131583041247587 0.6161580564868436 0.7409516915574519 0.6259101222527008
0 0.6466082756632064 0.5975826605151865 0.6148176182237601 0.5869857747020378 0.610474336793541 0.6101499423298733 0.6422649942329872 0.6207468281430221
0 0.6849701128464104 0.5910161891995802 0.6775080660245021 0.5681325789457279 0.6496130646217151 0.5843035942516912 0.6570751114436236 0.6071872045055435
0 0.5461104455827276 0.6280830028640672 0.5328169751046486 0.6134409194389367 0.5122142817801278 0.6466943893662335 0.5255077522582067 0.661336472791364
0 0.4895145173453997 0.6369268476621418 0.48294211915535445 0.6120977878330819 0.4560671191553545 0.6247448466566113 0.46263951734539976 0.6495739064856713
0 0.4805803349258485 0.6975486048903488 0.47906402408679205 0.6692441358946285 0.45049828306957296 0.6719646826581732 0.4520145939086294 0.7002691516538934
0 0.4673698584109522 0.7544787043403973 0.445596895772124 0.7444681468053038 0.4343968791023317 0.7877748779285006 0.4561698417411599 0.797785435463594
0 0.4237192344865023 0.682641067905893 0.4113203519084879 0.6464776603866844 0.3909530937628259 0.6588919891611832 0.40335197634084025 0.6950553966803917
0 0.3877699353683567 0.7355521347365972 0.3655770994366567 0.7068319941191029 0.3508507467575004 0.7270621351732974 0.37304358268920046 0.7557822757907916
0 0.36854614900434873 0.6378897408509447 0.35010514419775685 0.5955437298135856 0.3308365758754863 0.6104613310953434 0.3492775806820782 0.6528073421327026
0 0.421037725283435 0.5837525988720035 0.40228546383403974 0.5452864215399106 0.38352620266032605 0.5615444478904627 0.40227846410972135 0.6000106252225554
0 0.5000881345688961 0.5581016653236637 0.4977815269943594 0.5288846360461994 0.4616270480795058 0.5339589488763542 0.46393365565404243 0.5631759781538186
0 0.4150631416729782 0.5019679724536453 0.4080481307329799 0.46268391118965474 0.3751748821846335 0.4731198631097647 0.3821898931246318 0.5124039243737553
0 0.33134736970797823 0.5236996025646996 0.3301921050486703 0.4790293690714607 0.3069459969260864 0.4800981556518094 0.30810126158539425 0.5247683891450484
0 0.48049254005136366 0.4747723968312203 0.47026084342260815 0.428973373826315 0.4480299162284455 0.43780267824385477 0.458261612857201 0.48360170124876006
0 0.2802060820334524 0.5535881152247907 0.2516977737580655 0.55206767211677 0.2506465145962538 0.5871096441771596 0.27915482287164073 0.5886300872851803
0 0.30535917979597726 0.7064442007231959 0.282768461005772 0.6962030748716362 0.2715861375923622 0.7400553235516749 0.29417685638256746 0.7502964494032347
0 0.19855979904710486 0.7092431290891335 0.1743062950575437 0.6686133275339713 0.1585208439571647 0.6853652348241693 0.18277434794672587 0.7259950363793316
0 0.25594542964244527 0.7712105920799692 0.23759010957324114 0.7327518262206845 0.21883650519031148 0.7486639753940793 0.2371918252595156 0.787122741253364
0 0.2820367501600047 0.8149742537964741 0.267529600861116 0.7863804522798241 0.23961169779484498 0.8115613060258724 0.25411884709373367 0.8401551075425225
0 0.30616743008678887 0.856864620165006 0.27376024590163933 0.8466307725275902 0.2688494455159113 0.8742767598842816 0.30125662970106076 0.8845106075216971
0 0.33922625084516567 0.8084206671174218 0.31589967883705206 0.7734308091052513 0.3004014536849222 0.79179907595222 0.3237280256930358 0.8267889339643905
0 0.1485906862745099 0.6964869281045751 0.12653186274509812 0.6964869281045751 0.12653186274509812 0.7516339869281046 0.1485906862745099 0.7516339869281046
0 0.19032955538903468 0.8008981724324549 0.1667549307817199 0.7981041428493657 0.16387403810127682 0.8413175330560118 0.1874486627085916 0.844111562639101
0 0.2278647655533269 0.9017461696547505 0.18925076969725246 0.8901882389223201 0.18401388856494227 0.9212921389808899 0.22262788442101672 0.9328500697133203
0 0.26768240677773997 0.9684599909327894 0.24901450753711893 0.9218906078809175 0.22988906834410072 0.935520231213873 0.2485569675847218 0.982089614265745
0 0.06902710095812932 0.7423859507357752 0.05377443765563419 0.7064973312004926 0.03189804622437709 0.7230261602818868 0.047150709526872225 0.7589147798171695
0 0.10972453804942055 0.8299236764098452 0.08034010769735407 0.8035004677211653 0.06644149992710845 0.8309781750370533 0.09582593027917492 0.8574013837257332
0 0.12637631975867272 0.8880153343388638 0.11432880844645558 0.859904474610357 0.08766968325791863 0.8802161890397185 0.09971719457013578 0.9083270487682253
0 0.17394512831413775 0.9683492867142476 0.14647224691453456 0.9335503036080836 0.13027878694184636 0.956277966727646 0.15775166834144955 0.99107694983381
0 0.043656837005514045 0.6326203468551946 0.0166395686045714 0.6276516538159409 0.01364948692429136 0.6565557767253147 0.040666755325234 0.6615244697645685
0 0.09298160870187491 0.7057177615571776 0.08976268427078861 0.6685213014646247 0.06733084657220552 0.6719723534182529 0.07054977100329182 0.7091688135108057
0 0.8621323529411765 0.5874183006535949 0.8406862745098039 0.5874183006535949 0.8406862745098039 0.6311274509803924 0.8621323529411765 0.6311274509803924
0 0.9009545331894225 0.5434580560052767 0.8833057879114948 0.530787161959585 0.8676934363194818 0.5694463182826647 0.8853421815974096 0.5821172123283564
0 0.8201739456403716 0.5981425068318176 0.8151105849606177 0.5422044269412032 0.7958467264725989 0.5453043581921488 0.8009100871523528 0.601242438082763
0 0.7531105824682814 0.534390618992695 0.7476823817762399 0.501821414840446 0.7248450115340253 0.5085880430603614 0.7302732122260668 0.5411572472126105
0 0.6800127262443442 0.50572209653092 0.6592100301659126 0.4700603318250376 0.6403327677224737 0.489636752136752 0.6611354638009053 0.5252985168426344
0 0.8952681361228093 0.44061268849341134 0.8724605748766019 0.4242950836993769 0.8568102443055745 0.46318378390617243 0.8796178055517819 0.4795013887002069
0 1.0028248074114288 0.6210329770229338 0.9857568068427108 0.5803093265431859 0.9675671232566859 0.593862424117087 0.9846351238254037 0.6345860745968349
0 0.9143973407947251 0.38198782462837644 0.8917366172132569 0.3474571982185204 0.8760329906298802 0.36577809589912674 0.8986937142113481 0.4003087223089828
0 0.9452777558744679 0.32687667560321715 0.9176953556221418 0.2935479419649897 0.9033653340692847 0.31463119206574497 0.9309477343216108 0.34795992570397244
0 0.8646078658262657 0.37357484650884193 0.8454665654736785 0.3345833087535717 0.8311196658135597 0.3471042393660389 0.850260966166147 0.38609577712130916
0 0.8182287710636623 0.4288758545024895 0.8053817832728503 0.39150279911103614 0.7866882226348217 0.40292664172316467 0.7995352104256338 0.4402996971146181
0 0.7778186274509804 0.436029411764706 0.7557598039215685 0.4213235294117648 0.7450367647058823 0.4499183006535949 0.7670955882352942 0.4646241830065361
0 0.8057069810682894 0.35536398467432956 0.7940278482082488 0.31902890466531447 0.7739129056795133 0.3305231575388777 0.785592038539554 0.3668582375478927
0 0.7627217603702434 0.3767510603830151 0.7621335922953344 0.33440295898956085 0.7426459034933823 0.33488413649084364 0.7432340715682915 0.3772322378842979
0 0.723787568306011 0.38229936783456564 0.7066708855673416 0.3632808314582664 0.6844212070073931 0.39888031715418415 0.7015378897460623 0.4178988535304834
0 0.7334054531579612 0.47847483481907055 0.7286275907239446 0.44733025006399846 0.6923635313074165 0.45722044808668794 0.6971413937414331 0.48836503284176
0 0.6549267834214706 0.553270875497813 0.6538326831842615 0.5288359702001408 0.6200873620813475 0.5315221649148006 0.6211814623185568 0.5559570702124729
0 0.6260408630665381 0.49336145933783343 0.6241234731597557 0.44350932176149144 0.5998816698810671 0.4451668809600342 0.6017990597878494 0.4950190185363762
0 0.6364369842959806 0.3946337207582884 0.6121628515659656 0.3590316594209329 0.595876585928489 0.37877258746635917 0.620150718658504 0.41437464880371466
0 0.6734013783405508 0.30919994237718973 0.6595579186026614 0.28248449376021034 0.6277422022736149 0.31179351728757454 0.6415856620115041 0.3385089659045539
0 0.723579977126877 0.3154830701173023 0.7091049476262062 0.29179665820711376 0.6882031666747491 0.31450476590746235 0.7026781961754199 0.33819117781765085
0 0.5727894931557529 0.35884511037119254 0.5380306603773585 0.34560365026513756 0.532365658527562 0.37204032556418803 0.5671244913059564 0.385281785670243
0 0.5220182839947259 0.4110912622460408 0.48825350367912895 0.3873966795684289 0.47815184913444775 0.41298753774828795 0.5119166294500448 0.4366821204258999
0 0.34045973646039557 0.3616975169496878 0.3067105695160437 0.34405089371081105 0.298827167904816 0.370854459188985 0.3325763348491679 0.3885010824278618
0 0.31525735294117646 0.40890522875817004 0.29626225490196084 0.40890522875817004 0.29626225490196084 0.4497549019607843 0.31525735294117646 0.4497549019607843
0 0.26692438004613606 0.4473591887735487 0.2644481689734717 0.4044381968473664 0.2444870963091119 0.4064854863514033 0.24696330738177624 0.44940647827758556
0 0.23690163892401825 0.3595559277361924 0.2196977788791287 0.3532478457197329 0.21162795086076272 0.3923742845966588 0.2288318109056523 0.39868236661311834
0 0.2136853009102024 0.5212748494316897 0.20075397364488526 0.49684900904164603 0.173317002898157 0.5226720403326843 0.1862483301634742 0.547097880722728
0 0.1565441654141085 0.4324294392219136 0.13353238924413421 0.4259012757694387 0.12614176517293793 0.47221585328226867 0.14915354134291223 0.47874401673474365
0 0.19073136330003698 0.3486172770995191 0.17228831391046986 0.3349557590331731 0.15683962264150947 0.37203261807867805 0.17528267203107661 0.38569413614502407
0 0.2755051805033795 0.2984773490911637 0.27526686373676806 0.2759166951852803 0.23917815837163905 0.27659441735176155 0.2394164751382505 0.29915507125764496
0 0.1958563815434431 0.27454353300953416 0.15822034088864906 0.2594891167476165 0.15257915092642563 0.28456107213527615 0.19021519158121966 0.2996154883971938
0 0.4393657743996475 0.307166593229052 0.4281952247191011 0.28333608724388637 0.40087643203348755 0.306101747815231 0.4120469817140339 0.32993225380039665
0 0.5291289928953036 0.3098858540087456 0.5250819033034041 0.28182603283824226 0.496196347654611 0.28923258556870207 0.5002434372465105 0.3172924067392054
0 0.7677098416289593 0.27772900955253904 0.753554298642534 0.2595057817998995 0.7262828054298642 0.2971664152840624 0.7404383484162895 0.31538964303670197
0 0.9262254901960784 0.28292483660130713 0.9155943627450981 0.24040032679738552 0.8965686274509804 0.2488562091503267 0.9071997549019608 0.2913807189542483
0 0.9935544653014792 0.23704047603114076 0.9731111557250888 0.19550486292355396 0.9525798032523591 0.2134697963371924 0.9730231128287494 0.2550054094447792
0 0.8734839296543357 0.2782410214945086 0.8609368683040225 0.23474454214675572 0.8424187007277137 0.24424103833973457 0.854965762078027 0.2877375176874874
0 0.7960150439486139 0.21311978814514324 0.7769238083164302 0.2116224363308543 0.7746376352265045 0.2634423597025018 0.7937288708586884 0.26493971151679074
0 0.7426470588235293 0.16830065359477142 0.7261736425339366 0.15365761689291121 0.7073670814479638 0.19127073906485692 0.7238404977375564 0.20591377576671713
0 0.6976102941176471 0.2075163398692812 0.6813725490196079 0.18586601307189557 0.6490502450980392 0.22896241830065373 0.6652879901960784 0.2506127450980394
0 0.63004999049943 0.21167603389536718 0.605564146348781 0.19796396117100368 0.5902025996559793 0.24673077606878646 0.6146884438066285 0.26044284879314994
0 0.5731648211541149 0.2314177650474284 0.5446427012016208 0.2301064032105321 0.5439859286945182 0.2555016068184995 0.5725080486470123 0.25681296865539577
0 0.5628978684233874 0.17268321355691615 0.5529361857865317 0.14262339928429904 0.5232797389317718 0.16009541448555292 0.5332414215686275 0.19015522875817004
0 0.49001144549215614 0.1957203951436579 0.48185390721801036 0.16907243678144826 0.44850644202700707 0.18722071715750443 0.45666398030115285 0.21386867551971409
0 0.9632658949429951 0.1241441483450298 0.9272474484740388 0.12297281675254343 0.9267560137907719 0.1498379127711332 0.9627744602597281 0.15100924436361957
0 0.8898469410223382 0.14361676263243478 0.8588074968898283 0.11318593505154277 0.8473722834164547 0.1339217888165937 0.8784117275489645 0.16435261639748572
0 0.9040197757185067 0.04474885844748873 0.8688918546870803 0.04301414629778865 0.8681561408810099 0.06949984331632211 0.9032840619124363 0.07123455546602218
0 0.9815652467883705 0.06720081135902634 0.9756195064232591 0.03775524002704526 0.9460091277890467 0.04838460671624972 0.9519548681541582 0.0778301780482308
0 0.6808334356786327 0.11740724230717144 0.6726578467761989 0.09276198880418245 0.635586484052328 0.11462458733364475 0.6437620729547618 0.13926984083663374
0 0.6190846530920061 0.085972850678733 0.6147483031674209 0.05706385118149823 0.5781603506787331 0.066820638511815 0.5824967006033183 0.09572963800904975
0 0.5511642156862745 0.08946078431372559 0.5113357843137255 0.08946078431372559 0.5113357843137255 0.12091503267973866 0.5511642156862745 0.12091503267973866
0 0.5498127633016071 0.0442075813526118 0.5338293805585895 0.013209505729789737 0.5025842565142767 0.041850869437076374 0.5185676392572943 0.07284894505989843
0 0.47704312742288896 0.045199168492611935 0.4703450685431766 0.01304848586999269 0.4363245477274004 0.0256486787647246 0.44302260660711285 0.057799361387343845
0 0.46693859855442554 0.11317288403048448 0.4572121451398533 0.08876139310763657 0.42986122000209076 0.10813496508021841 0.439587673416663 0.13254645600306633
0 0.4222174521077265 0.20876758382443647 0.40985904919065164 0.1854712840727092 0.3799251634634821 0.2137016153276008 0.3922835663805569 0.23699791507932808
0 0.349103936128907 0.1634998058629393 0.3256812997476218 0.14377548048922542 0.3118126334692293 0.17305377596583188 0.3352352698505144 0.19277810133954576
0 0.4084425609580778 0.005814925587704067 0.3857016507591242 0.005273475344871831 0.3851233811184659 0.04845094184735849 0.40786429131741947 0.048992392090190726
0 0.3437922582826234 0.05569641649763359 0.32131085192697767 0.04284989858012174 0.30877598884381335 0.0818472503944107 0.33125739519945907 0.09469376831192254
0 0.36213235294117646 5.675497523009282e-17 0.328125 5.3978508834967075e-17 0.328125 0.031862745098039276 0.36213235294117646 0.031862745098039276
0 0.26839696887929493 0.08759219284043886 0.24328453858607668 0.05201624992504643 0.2260158076992265 0.07368681417521135 0.2511282379924447 0.10926275709060379
0 0.2365196078431373 0.15931372549019612 0.2177413273001509 0.1154977375565611 0.20008955505279036 0.12894670688788337 0.2188678355957768 0.1727626948215184
0 0.1921826538926563 0.10230598047977012 0.1784295655259423 0.05515253465103646 0.15820404904589183 0.06563983949254411 0.17195713741260582 0.11279328532127775
0 0.17104760974098768 0.22785820697386278 0.14015560775463645 0.20002757455372652 0.1278868775443979 0.22423786883526398 0.1587788795307491 0.2520685012554002
0 0.1241457349363103 0.11567315490673159 0.09472502504651498 0.10140856829349748 0.0851178975239731 0.13663470254281765 0.11453860741376844 0.15089928915605175
0 0.11397058823529412 1.6333626630784757e-17 0.08272058823529412 1.3782279132561105e-17 0.08272058823529412 0.03022875816993465 0.11397058823529412 0.030228758169934658
0 0.15471813725490197 2.3487404910117746e-17 0.13204656862745098 2.1636427313367248e-17 0.13204656862745098 0.02982026143790852 0.15471813725490197 0.02982026143790852
0 0.03821103314422217 0.1617273813078531 0.0006967253906638928 0.1581545900932285 -0.0010575296108290872 0.19090068345443084 0.036456778142729185 0.19447347466905546
0 0.3057264366142497 0.14464424383614838 0.28880011162881 0.1423874005047564 0.2857424529217628 0.18315618326538544 0.3026687779072025 0.18541302659677739
0 0.36082281655929876 0.2561154234284977 0.35834367409441337 0.23701684443975077 0.32288278417291516 0.24520012672932728 0.32536192663780056 0.2642987057180742
0 0.37411556603773594 0.9614394499938341 0.3429580558638551 0.9495699223085462 0.3355935534591196 0.9839376001973117 0.3667510636330005 0.9958071278825996
0 0.3253208333333335 0.9181741830065361 0.3052924019607845 0.9035297385620916 0.29330490196078446 0.9326758169934642 0.3133333333333335 0.9473202614379087