0 0.21461361680931032 0.18533770321061446 0.19564540596839194 0.14950886051110204 0.1783243898021102 0.16581099337348487 0.19729260064302856 0.20163983607299732
0 0.13649798154555942 0.3080545943867743 0.1311454728950404 0.27950788158400613 0.09856185121107267 0.2903690888119954 0.1039143598615917 0.31891580161476357
0 0.0768995098039216 0.37173202614379086 0.053615196078431404 0.37173202614379086 0.053615196078431404 0.4223856209150327 0.0768995098039216 0.4223856209150327
0 0.19442873303167418 0.40689416792357974 0.16522907239819007 0.3809389140271494 0.15283276772247362 0.4057315233785823 0.18203242835595773 0.43168677727501265
0 0.20044666622305032 0.34104486440126575 0.16987872637742885 0.32648870257001744 0.16281552213645645 0.35285799840298115 0.19338346198207793 0.3674141602342295
0 0.22297771754687282 0.2620804708744812 0.18663231716044085 0.2394655550784791 0.17711464147702877 0.26665891417394216 0.21346004186346074 0.2892738299699442
0 0.13939950980392157 0.18218954248366012 0.11856617647058826 0.18218954248366012 0.11856617647058827 0.2246732026143791 0.1393995098039216 0.2246732026143791
0 0.07612179487179488 0.26687405731523384 0.04847756410256411 0.24230140774258424 0.035279977375565624 0.2686965811965812 0.06292420814479639 0.2932692307692308
0 0.2610564446366782 0.22840974625144175 0.24143057958477507 0.18479671280276821 0.22147130911188004 0.20076412918108424 0.24109717416378318 0.24437716262975778
0 0.30825259515570935 0.1995203767781623 0.28609140715109566 0.18707900807381778 0.2728157439446366 0.2291186082276048 0.2949769319492503 0.2415599769319493
0 0.3189335246293639 0.10537940379403793 0.29669087757054036 0.07751992666985491 0.28450158417025345 0.09482085923800412 0.306744231229077 0.12268033636218714
0 0.27466484369548533 0.08448555578815159 0.2506317162096155 0.05362820691740518 0.23386692310376106 0.07684099737166515 0.2579000505896309 0.10769834624241156
0 0.22480641938303988 0.02920413388285254 0.1960550143624329 0.027835019358061732 0.19526117771949544 0.057471587361059104 0.22401258274010244 0.058840701885849916
0 0.136310553633218 0.10247981545559401 0.13574445349073888 0.07379740823665107 0.09662036094714702 0.0751701834136192 0.09718646108962614 0.10385259063256212
0 0.05277959910078682 0.11708869322675994 0.05194751467465968 0.08602420798468007 0.020005151742225554 0.08754527288622455 0.02083723616835269 0.11860975812830443
0 0.2931576575858109 0.41057864758340074 0.2616561130959977 0.397543525725547 0.2561772946705798 0.42108215303474983 0.287678839160393 0.4341172748926036
0 0.31143345952242285 0.31495583381867603 0.2923662880993982 0.27291027632174986 0.2759313725490196 0.2861601307189543 0.2949985439720443 0.3282056882158805
0 0.27077824176242293 0.3431361979893295 0.2426577600639221 0.31416358048178317 0.22937078291860083 0.3370901292815532 0.2574912646171017 0.3660627467890995
0 0.3846077513020195 0.2713948887909315 0.3630264709963918 0.2414208883664485 0.34863895079264007 0.25983691422725075 0.37022023109826774 0.2898109146517337
0 0.3616794615481873 0.1744985653226005 0.3363975527072732 0.13966571314178547 0.3205308789286806 0.160138840598034 0.34581278776959473 0.19497169277884902
0 0.39013902974983095 0.08130493576741046 0.37659525016903306 0.036159003831417624 0.3573677315753888 0.046413680414694625 0.37091151115618665 0.09155961235068746
0 0.334024362899734 0.038043030040617716 0.3314337268819199 0.009258185398239204 0.29766750943279524 0.014660780190099176 0.3002581454506093 0.043445624832477686
0 0.4122704954738829 0.18945318747401083 0.41145408510059817 0.15135403672072417 0.3871392000927613 0.15228031805435605 0.38795561046604604 0.1903794688076427
0 0.45582868895966033 0.0647857603763374 0.4338147480329711 0.03745810957079224 0.4170440708130386 0.0614753757129179 0.4390580117397277 0.08880302651846306
0 0.4690899988043998 0.2418250836920134 0.46685572094691535 0.21501374940219992 0.4326578192252511 0.22008010521281685 0.4348920970827355 0.24689143950263032
0 0.33609320440504964 0.3687818963201719 0.31423667069567557 0.3373981556092757 0.2995475758796669 0.3555846539529055 0.3214041095890411 0.3869683946638016
0 0.39362152195110883 0.33512936464742665 0.36987705886132405 0.30166097857801566 0.35511082324217275 0.32028505953910735 0.37885528633195764 0.35375344560851835
0 0.3678715279053533 0.44840413262952494 0.3339849251693183 0.4472745792049905 0.33360506913571186 0.467533567664001 0.36749167187174686 0.4686631210885355
0 0.24978039243506717 0.477368771004429 0.21425665186619489 0.4669715786428078 0.20941328787474128 0.49639053029459973 0.24493702844361362 0.5067877226562209
0 0.3303761101365057 0.5245170373212971 0.3263926959413775 0.5002371793700395 0.28703995577727826 0.5117150619179017 0.2910233699724064 0.5359949198691593
0 0.15639321557025176 0.4837737363189852 0.15230048551054468 0.4558825388750553 0.1185526497808955 0.46468632210887684 0.1226453798406026 0.49257751955280665
0 0.10725201845444059 0.49751537870049983 0.09135668973471743 0.4793492887351019 0.06905997693194928 0.5140330642060745 0.08495530565167242 0.5321991541714725
0 0.20109406884925915 0.5451638423091709 0.16345297601340242 0.5402273055438127 0.16169742950414132 0.5640247137804638 0.19933852233999805 0.568961250545822
0 0.277234406693712 0.5985364548118098 0.24971158722109538 0.5674850687401398 0.23656820486815416 0.5881958530538653 0.2640910243407708 0.6192472391255354
0 0.4369883547701929 0.4713527838417213 0.43381707622868604 0.4495061983335628 0.39797025881566267 0.4587569899240204 0.40114153735716956 0.4806035754321789
0 0.4690994946906376 0.33613640943419376 0.453493386295537 0.3269808258424014 0.44008075750407405 0.36762515551350133 0.4556868658991747 0.37678073910529364
0 0.5100168162312848 0.24770106391864516 0.5086479280210486 0.2020714569107728 0.4864652829981832 0.2032545313119923 0.4878341712084194 0.24888413831986467
0 0.5419910611303345 0.2852268358323722 0.5302083333333333 0.2605392156862745 0.5030096597462513 0.28361687812379854 0.5147923875432525 0.30830449826989625
0 0.47912180679260047 0.11858775678879434 0.44993026328667907 0.11047899470381616 0.44574249208834943 0.1372807303731255 0.47493403559427083 0.14538949245810365
0 0.5625298463272305 0.14347626938419475 0.527543384621262 0.12459468687621184 0.51912328801467 0.15233147569792657 0.5541097497206384 0.1712130582059095
0 0.5686745660428534 0.04975849167982906 0.5323174428436956 0.04698842515036942 0.5310176654062764 0.07731656535681816 0.567374788605434 0.08008663188627779
0 0.10463781367469277 0.7602793017034102 0.07063363557858385 0.7573542111144976 0.06909574062785744 0.7891373734295101 0.10309991872396636 0.7920624640184226
0 0.11449746421059775 0.713378055951331 0.11393348429337136 0.6848030734785264 0.0822055855214058 0.6859163330845603 0.0827695654386322 0.7144913155573649
0 0.09570230015082956 0.9140937657114129 0.09474076168929109 0.8910168426344898 0.06402809200603318 0.89329185520362 0.06498963046757164 0.9163687782805431
0 0.1654411764705883 0.8263888888888888 0.12775735294117654 0.8263888888888888 0.12775735294117654 0.8578431372549019 0.1654411764705883 0.8578431372549019
0 0.14897986221515636 0.950825825825826 0.1460983041865395 0.9277733615968912 0.1214560148383678 0.9332494258964849 0.12433757286698466 0.9563018901254198
0 0.10532920359924804 0.9695474080042975 0.07179022293849055 0.9648401826484017 0.06999899274778412 0.9875290983973498 0.1035379734085416 0.9922363237532457
0 0.2001921097620544 0.9066039820435887 0.18661359116600373 0.8878029562952108 0.1641465616495708 0.9166495127113716 0.17772508024562148 0.9354505384597493
0 0.2489583333333333 0.8328431372549019 0.24313725490196075 0.8095588235294117 0.2141850490196078 0.822426470588235 0.22000612745098036 0.8457107843137254
0 0.29801022746208977 0.8805662019293081 0.2797736835527413 0.8691236645744229 0.2646928636893852 0.9118526541872651 0.28292940759873364 0.9232951915421503
0 0.2609213634366074 0.9821082739841708 0.23790989698450243 0.9546003140874018 0.22438345806351545 0.9747165565852798 0.24739492451562037 1.0022245164820487
0 0.3241757831181253 0.97630220787502 0.32190414275466284 0.9490425235134705 0.2930191893830703 0.9533217758648176 0.29529082974653276 0.9805814602263669
0 0.38083362127335807 0.8878553587092842 0.3501042037498516 0.8623613234305232 0.3384443778401356 0.887346664665629 0.36917379536364203 0.9128406999443898
0 0.39312338986689566 0.8111415247364153 0.3910677866036925 0.7873878870282907 0.35539081508515813 0.792876651877296 0.3574464183483613 0.8166302895854206
0 0.457584790673026 0.8166423776717895 0.42736238076311606 0.8102797650591769 0.42420757154213035 0.8369203762586117 0.4544299814520403 0.8432829888712243
0 0.47452031451266646 0.8842853990744718 0.4498893033490769 0.8582388125566528 0.4371540450121654 0.8796488120795765 0.46178505617575505 0.9056953985973953
0 0.44944852941176483 0.9436274509803921 0.4132965686274511 0.9436274509803921 0.4132965686274511 0.9742647058823529 0.44944852941176483 0.9742647058823529
0 0.37336335556527445 0.9824528634254198 0.37082126066039794 0.956467004397794 0.3443769817406516 0.961066009427315 0.34691907664552807 0.9870518684549409
0 0.40422184145151285 0.6630456481235029 0.3730522469168663 0.6482029840593855 0.36552463179842076 0.6763060805015823 0.3966942263330672 0.6911487445656996
0 0.3303647617469029 0.6423428221215434 0.3141049547558535 0.6072422863948336 0.29471964897417946 0.6232066558620944 0.3109794559652289 0.6583071915888044
0 0.28458128160766577 0.6741582379558159 0.2589776860970633 0.6431235767308433 0.2468059622038861 0.6609754384408365 0.27240955771448855 0.6920100996658092
0 0.2336597333485924 0.7080694794130364 0.21151328965438318 0.6746037422751202 0.1988369764248112 0.6895170519569697 0.22098342011902042 0.7229827890948858
0 0.1697303921568628 0.7336601307189542 0.1338848039215687 0.7336601307189542 0.1338848039215687 0.7581699346405228 0.1697303921568628 0.7581699346405228
0 0.17226590453699725 0.6445225657172846 0.14821856662372976 0.6106781642097229 0.13253989552025183 0.6304828013930633 0.15658723343351935 0.6643272029006252
0 0.1259191176470589 0.5841503267973857 0.0912990196078432 0.5841503267973857 0.0912990196078432 0.6062091503267973 0.1259191176470589 0.6062091503267973
0 0.09626334703675093 0.6401714766582055 0.06684181059853589 0.6198807618732297 0.059396612772688866 0.6390728273798575 0.0888181492109039 0.6593635421648335
0 0.42468420060331824 0.7660759175465057 0.4223322021116138 0.7409879336349925 0.3804392911010558 0.7479700854700855 0.3827912895927602 0.7730580693815987
0 0.5335924851592014 0.7619633327337053 0.5061949091563231 0.7556102716315886 0.5026083828026624 0.7831069736763208 0.5300059588055407 0.7894600347784375
0 0.46406358295883915 0.6334829446792022 0.4442375760167236 0.5932562639270836 0.4299809469112616 0.6057477865718695 0.44980695385337716 0.6459744673239879
0 0.3828067289374442 0.5626895338439409 0.36948833151899235 0.545565880020217 0.3463998289335563 0.5774907231013138 0.3597182263520082 0.5946143769250377
0 0.5329350490196079 0.6031454248366015 0.5082720588235294 0.5702614379084969 0.4949448529411765 0.5880310457516341 0.5196078431372549 0.6209150326797387
0 0.4395111469245232 0.5781706061420001 0.43618721461187215 0.5360674635150864 0.42007957292506043 0.5383281851553406 0.4234035052377116 0.5804313277822544
0 0.5445995912691726 0.5310200011236588 0.5134865371650094 0.5194966477517464 0.5079209155008709 0.546211631739611 0.5390339696050341 0.5577349851115232
0 0.6026453684922245 0.5246788370520622 0.5719024678837052 0.5082826233941854 0.5638100067613252 0.5352574938021186 0.5945529073698446 0.5516537074599955
0 0.6023937493779238 0.6576735177996748 0.6008494451079924 0.6288465047609568 0.5700846645764904 0.6317764838591952 0.5716289688464218 0.6606034968979131
0 0.6012876040827291 0.7752148804727372 0.5668731533709375 0.7580076551168414 0.559872750470051 0.7828979765422153 0.5942872011818426 0.8001052018981111
0 0.5596138044704327 0.8580153775565035 0.5338593325251637 0.8182130118229058 0.5183927521857323 0.8360046336512713 0.5441472241310014 0.8758069993848691
0 0.5348435258249641 0.9326946835644828 0.5036443388330942 0.9057777379244382 0.4914133488761358 0.9309809899569583 0.5226125358680056 0.9578979355970031
0 0.5678799019607844 0.4754575163398695 0.542732843137255 0.45031045751634013 0.529718137254902 0.47344771241830086 0.5548651960784314 0.4985947712418302
0 0.5800219916733816 0.3950890858626556 0.5728579102874026 0.36961679649028567 0.5423045930701046 0.3848934550989346 0.5494686744560837 0.4103657444713046
0 0.6000356815169742 0.3201000215221849 0.5796207564481598 0.3189658590183619 0.5783724343290174 0.358912166830915 0.5987873593978319 0.36004632933473796
0 0.6237366554589503 0.27047247882986925 0.588720678802699 0.26242282902383446 0.5855773530543857 0.28673121481078967 0.6205933297106371 0.2947808646168245
0 0.9514861122642424 0.8712021623516496 0.9300551686800338 0.8366745310215359 0.9111381232097638 0.8575485122301096 0.9325690667939723 0.8920761435602234
0 0.9128385264997089 0.9260823141137646 0.9105998835177636 0.896233741021161 0.8718028052805281 0.9014066847861256 0.8740414482624734 0.9312552578787292
0 0.8319586902466523 0.8665453688192097 0.8316621130585498 0.8424237575202033 0.794560825404853 0.843234714627388 0.7948574025929555 0.8673563259263944
0 0.8342829792059174 0.9190028027818484 0.8016068749563885 0.9119376991603286 0.7983072098946342 0.9390682785569746 0.8309833141441633 0.9461333821784943
0 0.7810496794871795 0.8877733785822022 0.7472897812971344 0.8787707390648568 0.7437311463046758 0.9024949723479135 0.777491044494721 0.9114976118652591
0 0.7664120605138607 0.9340982082488168 0.737090094658553 0.9173427991886411 0.7309415145368493 0.9364717151228308 0.760263480392157 0.9532271241830066
0 0.65195842760181 0.944592131724485 0.6216275452488688 0.933562719959779 0.6162825226244345 0.959693941679236 0.6466134049773756 0.9707233534439419
0 0.6240939955748838 0.8350960682586914 0.5860990310521096 0.8319298212151269 0.5846911478599223 0.8619646626484576 0.6226861123826963 0.8651309096920222
0 0.6927083333333334 0.723856209150327 0.6534926470588235 0.723856209150327 0.6534926470588235 0.7553104575163401 0.6927083333333334 0.7553104575163401
0 0.7115068904920459 0.6461416327537305 0.6747603857325695 0.6287026135458433 0.6675703172651009 0.6556368382811225 0.7043168220245772 0.6730758574890096
0 0.7767234285410916 0.7050995729218282 0.7736291763998018 0.6669371298459217 0.7490915003185389 0.6704740921639415 0.7521857524598287 0.7086365352398482
0 0.6761672770568643 0.8082147091478151 0.6548478922698979 0.7808821645491403 0.6442508402284818 0.7955767433799039 0.6655702250154482 0.8229092879785788
0 0.7496936274509806 0.7961601307189544 0.7224877450980393 0.7780228758169936 0.7121323529411765 0.805637254901961 0.7393382352941177 0.8237745098039218
0 0.8184145918063684 0.7477543012708175 0.8117188274972721 0.7220872047526149 0.7823561443970507 0.7357046809730073 0.789051908706147 0.76137177749121
0 0.8928441308956016 0.7432763645998941 0.858166070482247 0.7355701289524821 0.8548456544780075 0.7621334569863983 0.8895237148913621 0.7698396926338105
0 0.9690854096415636 0.7758389534157614 0.9309154489821405 0.7526244744182176 0.9212937117522167 0.7807495524749178 0.9594636724116398 0.8039640314724618
0 0.8468793216278955 0.6235656311223063 0.8087563898355311 0.6075138703676266 0.8026212216624684 0.6334179137650023 0.8407441534548328 0.6494696745196821
0 0.7588797083282378 0.5847567024037613 0.7582153703477235 0.557297399209164 0.7224366617748972 0.5588362683950922 0.7231009997554116 0.5862955715896894
0 0.7240048912578131 0.5376880155264436 0.7164758862060108 0.5084846019921798 0.6862763828238718 0.5223260410423268 0.6938053878756741 0.5515294545765906
0 0.6366128074764364 0.5613410934862938 0.6018564757186833 0.5581992781861578 0.6005065791686993 0.5847472436691767 0.6352629109264525 0.5878890589693127
0 0.6723373239187372 0.49164277624407177 0.6420805461173639 0.46570839527146607 0.6317977100587527 0.48703575894858553 0.6620544878601261 0.5129701399211912
0 0.7737340596385253 0.519477204084568 0.7474982321779567 0.494895888265657 0.7362644721702861 0.5162112277673909 0.7625002996308546 0.5407925435863019
0 0.8457281410418246 0.5436446323880052 0.843528570226374 0.5104066733989734 0.8116616174366742 0.5141557266683497 0.8138611882521248 0.5473936856573817
0 0.8923659169550174 0.5040321030372934 0.8665801614763552 0.4745626682045368 0.8516796424452134 0.49774125336409075 0.8774653979238755 0.5272106881968475
0 0.8170760117145898 0.4568637891791434 0.8160810350498025 0.4236979003528994 0.7799011777234853 0.4256274927436363 0.7808961543882726 0.4587933815698803
0 0.7414970445228334 0.44803617016768893 0.7228823052721899 0.4185628330208367 0.7066927257126512 0.4367406065613713 0.7253074649632948 0.46621394370822355
0 0.9183612237998648 0.6195374126662161 0.8859829276538203 0.6159398242055445 0.8844933231913457 0.6397734956051387 0.9168716193373903 0.6433710840658105
0 0.9765976207556193 0.6412043679260324 0.9505828550932569 0.6251952813645787 0.9374820659971307 0.6630420054200545 0.9634968316594931 0.6790510919815083
0 0.9439802472476854 0.7140022251395992 0.912433711248791 0.6925038450514638 0.9005753901991495 0.7234385956157459 0.9321219261980438 0.7449369757038814
0 0.8907547692643936 0.8348203134757088 0.8848517312976145 0.8080598746929771 0.8505828884101411 0.8214986366096333 0.8564859263769203 0.8482590753923651
0 0.9682864297168244 0.41763004623032074 0.9537851103541822 0.4015670463209324 0.9286943955918733 0.44183609470488494 0.9431957149545155 0.45789909461427314
0 0.9188241493095292 0.40193121995880077 0.8981143186846722 0.385897802700847 0.8836988345922024 0.41900002543170334 0.9044086652170594 0.4350334426896571
0 0.9056749457252146 0.3621650183213297 0.9015949141079983 0.3365191052988272 0.8684299510665426 0.34589909484590553 0.8725099826837588 0.371545007868408
0 0.8169259049773757 0.34868024132730024 0.7824133239574417 0.3468020056255351 0.7815995577024989 0.3733850366203309 0.8161121387224329 0.375263272322096
0 0.7082596711969988 0.35252206177296447 0.6743669038012318 0.3476366178240251 0.6717539994337085 0.37986243835681094 0.7056467668294756 0.3847478823057503
0 0.6650367647058825 0.4081862745098041 0.6347549019607843 0.4024183006535949 0.6323161764705882 0.4251797385620917 0.6625980392156864 0.4309477124183009
0 0.6605344792514238 0.30401530018028367 0.6590911130522185 0.27033675553215586 0.6366503833022225 0.27204652541786983 0.6380937495014278 0.30572507006599764
0 0.6869913059563447 0.24297848070045638 0.6618225120236775 0.23339036872610694 0.655313540510544 0.2637655691207301 0.6804823344432113 0.2733536810950796
0 0.7543303395183577 0.27406292494626494 0.73538870246085 0.23798361626529807 0.7148267864192657 0.25717473790411016 0.7337684234767733 0.29325404658507703
0 0.816329656862745 0.2579656862745099 0.7807433069381599 0.2484759929612872 0.7762537707390649 0.27840623428858735 0.81184012066365 0.2878959276018101
0 0.8676027269790438 0.277442435904639 0.8399010302545088 0.25656579489484455 0.8286372303219283 0.28313681012041897 0.8563389270464633 0.30401345113021344
0 0.9256951487491548 0.2998253324318233 0.9246851757944556 0.2769326121253099 0.8898611815415821 0.27966390579220196 0.8908711544962812 0.30255662609871536
0 0.83965927122294 0.19105028523933676 0.8096419868525445 0.16965865729721574 0.7997140286750539 0.1944251766217085 0.8297313130454494 0.21581680456382948
0 0.7196619986168741 0.1715225232554986 0.715086241965666 0.14188905160957882 0.6773614840126921 0.15224486751823826 0.6819372406639005 0.18187833916415805
0 0.6522883047024118 0.18389076869685936 0.6209851639770951 0.16681632830123205 0.6129619989588755 0.19296590317542953 0.6442651396841922 0.21004034357105686
0 0.6268075980392157 0.09080882352941189 0.6064950980392158 0.0817810457516341 0.5981924019607844 0.1149918300653596 0.6185049019607843 0.12401960784313738
0 0.815777109565871 0.12557685481008166 0.8149627263045792 0.09843074610035706 0.7847537077930212 0.1000418937543068 0.785568091054313 0.12718800246403142
0 0.8721560175794454 0.1263043723236421 0.8434605307640295 0.09229490646833455 0.8265910243407706 0.11759916610322307 0.8552865111561861 0.15160863195853064
0 0.9159888698630135 0.08199872414719322 0.9026217935804457 0.042788633718327626 0.883347602739726 0.054469961500582066 0.8967146790222938 0.09368005192944767
0 0.9358293206663197 0.22246587425530703 0.9010685081554746 0.19529650355717518 0.8918179550581294 0.21633697726878376 0.9265787675689745 0.24350634796691562
0 0.9734669811320754 0.09073251942286369 0.9518590455049944 0.08250092489826137 0.9446910839807622 0.11595141201134554 0.9662990196078431 0.12418300653594785
0 0.7514427675385353 0.09401786042747307 0.7495355553103045 0.06477393959459955 0.7174095482470663 0.06849869403671412 0.7193167604752971 0.09774261486958763
0 0.7114583333333333 0.0361928104575164 0.6780024509803921 0.013888888888888982 0.6673406862745097 0.042320261437908596 0.7007965686274509 0.06462418300653601
0 0.8458331758153134 0.03183859233496322 0.8223220361409346 0.01339848278643079 0.8111776362215838 0.038659122603625966 0.8346887758959626 0.0570992321521584
0 0.9846813725490197 1.5838365057600164e-16 0.9522058823529411 1.5573225023471038e-16 0.9522058823529411 0.034722222222222376 0.9846813725490197 0.03472222222222238
0 0.9919944387733401 0.5509610749578214 0.9599532532644295 0.5377026533679273 0.9532841675173322 0.5663550217628631 0.985325353026243 0.5796134433527572
0 0.21637534771694147 0.12113270913901895 0.1893901808128096 0.10194325711830293 0.17907740518352672 0.12772519619151007 0.2060625720876586 0.1469146482122261
0 0.08460802204093316 0.1519846381374935 0.05796702805209677 0.13906779256714855 0.051893248175182496 0.16133831878250088 0.0785342421640189 0.17425516435284583
0 0.06773941784743102 0.797077608415629 0.04493546049806792 0.7962558441868232 0.044184512308573134 0.8333026215352322 0.06698846965793624 0.834124385764038
0 0.05133200092117386 0.707395161644076 0.040682573364916416 0.6811811861209808 0.013323710356625839 0.7009403649603018 0.023973137912883285 0.7271543404833969
0 0.03373795638945234 0.8541455375253552 0.02560851926977688 0.8288539553752536 0.003311992900608541 0.8415948275862071 0.011441430020284 0.8668864097363084
0 0.9599348222570411 0.18816419786012067 0.9365744579923213 0.14544810320463294 0.9209601363214596 0.16062869371797067 0.9443205005861794 0.20334478837345837