0 0.21191553544494723 0.1247800402212167 0.2066600678733032 0.08974358974358974 0.17054345776772248 0.09937468577174458 0.17579892533936653 0.13441113624937154
0 0.25643382352941174 0.06086601307189547 0.22732843137254902 0.06086601307189547 0.22732843137254902 0.09232026143790854 0.25643382352941174 0.09232026143790854
0 0.229055119554056 0.20372475673561194 0.22795416483301548 0.17436596417453099 0.1982642963669258 0.17634528873893696 0.19936525108796635 0.2057040813000179
0 0.2830300293805917 0.23442614327129904 0.25687901352910003 0.20472375489676528 0.24059012515976183 0.23021940625746856 0.26674114101125346 0.2599217946320023
0 0.2235680230996508 0.24902072701226613 0.2159758595218909 0.2220263676246755 0.1868998455546602 0.23656437460829086 0.19449200913242004 0.2635587339958815
0 0.25704656862745096 0.2749183006535948 0.22365196078431374 0.2749183006535948 0.22365196078431374 0.30310457516339867 0.25704656862745096 0.30310457516339867
0 0.24936678200692045 0.3853385236447521 0.24806660899653984 0.3587572087658593 0.21328806228373706 0.3617814302191465 0.21458823529411766 0.3883627450980392
0 0.1763848681751061 0.38084531953868306 0.14888829697751363 0.35409189891399845 0.13392525444400835 0.3814317790986748 0.1614218256416008 0.4081851997233594
0 0.16574852472836268 0.31879527288622456 0.15713789496690397 0.27976041796761164 0.1356079055826152 0.28820355105948964 0.14421853534407392 0.3272384059781025
0 0.12218884505021521 0.4610373824326479 0.11269279053084647 0.43360433604336035 0.08185975609756095 0.45257851107922836 0.09135581061692971 0.4800115574685158
0 0.2099775961826223 0.48563264574720044 0.1983461770802159 0.4569418119612647 0.16990739201276892 0.47743823363149673 0.1815388111151753 0.5061290674174325
0 0.2753840865614539 0.48705762792922047 0.24579298182687714 0.482673760561135 0.24303936513629848 0.5157171608480791 0.2726304698708752 0.5201010282161646
0 0.2897419261822376 0.4425365244136869 0.2721561418685121 0.4224384851980007 0.25381704152249135 0.4509659746251441 0.27140282583621683 0.4710640138408303
0 0.3133924440402687 0.34927434494275067 0.2831690039726224 0.34697160665188237 0.28194849949743933 0.37545004440615415 0.31217193956508565 0.3777527826970224
0 0.3946012188659247 0.2698242360007066 0.3915010598834128 0.24364511570393924 0.35306620959194496 0.25173666313372195 0.3561663685744568 0.2779157834304893
0 0.3379754139009689 0.22403105210955976 0.3364244773785 0.1909444062968897 0.31078932059205006 0.19308066936242718 0.31234025711451896 0.22616731517509728
0 0.29423073759705226 0.17166732464798007 0.26427408211606795 0.1646186998289249 0.2608258487958942 0.1906720182480151 0.2907825042768786 0.19772064306707027
0 0.4083810010393843 0.13665854355113588 0.37952843207483566 0.11491457853437463 0.3690863075172763 0.13954728261887378 0.3979388764818249 0.16129124763563504
0 0.3482344068849259 0.06415690710673412 0.3311695945346464 0.04041455948895396 0.3038339543962381 0.07534343299914237 0.3208987667465176 0.09908578061692253
0 0.31958318388330936 0.03117826398852228 0.3111407520325203 0.0006247010999522115 0.27100370636059296 0.0203411445879165 0.2794461382113821 0.05089470747648656
0 0.4183870663650075 0.33534439416792355 0.40113765956664094 0.3079643833768655 0.3792805935695103 0.3324442972936517 0.3965300003678769 0.35982430808470983
0 0.4253084739003226 0.41433848864853007 0.410666079182494 0.3784158136074568 0.3939918565930568 0.39049858359980255 0.4086342513108856 0.42642125864087577
0 0.3423158568843786 0.38494773536295157 0.3207296521918697 0.379377101893917 0.3146857852970677 0.42101262939144235 0.3362719899895765 0.4265832628604768
0 0.4044027537485583 0.47451701268742796 0.37871071222606695 0.4527177047289505 0.3685049019607844 0.47410130718954263 0.39419694348327566 0.49590061514802003
0 0.37901600586112877 0.5303529058028985 0.3578620144977224 0.5032757968577384 0.34482141107900277 0.5213877460504046 0.3659754024424091 0.5484648549955647
0 0.4834558823529411 0.44607843137254904 0.47043504901960786 0.4287173202614381 0.45006127450980393 0.45588235294117657 0.46308210784313725 0.47324346405228757
0 0.5110381322893327 0.39578750783137306 0.4996950381240818 0.37037897690121113 0.472462378630816 0.39199219872126334 0.48380547279606695 0.4174007296514253
0 0.4742647058823529 0.31658496732026153 0.4540441176470588 0.31658496732026153 0.4540441176470588 0.3480392156862746 0.4742647058823529 0.3480392156862746
0 0.4433459194488606 0.1873012718600955 0.4092640434552199 0.17972752163928643 0.4057034976152623 0.20821188835894727 0.4397853736089031 0.2157856385797563
0 0.5202876178095548 0.10704374751742318 0.5137363232585852 0.07537915718773698 0.47659686112013866 0.0890396490087748 0.48314815567110825 0.120704239338461
0 0.5123500201282315 0.04203916168370216 0.48786537649611655 0.01419388069031664 0.4756838075741061 0.03323633325805712 0.5001684512062209 0.061081614251442644
0 0.5376838235294118 0.27777777777777785 0.5153186274509803 0.27777777777777785 0.5153186274509803 0.32148692810457524 0.5376838235294118 0.32148692810457524
0 0.5056796757164406 0.23312594268476633 0.49025735294117656 0.19714052287581701 0.47125282805429863 0.21162016088486676 0.48667515082956264 0.2476055806938161
0 0.5839241627307857 0.310438433280855 0.5636552705023615 0.3073201421687897 0.5602015349935595 0.3472299747149469 0.5804704272219837 0.3503482658270122
0 0.5983588367779543 0.22910925631513876 0.5796932962374138 0.22145159865748112 0.5699754901960784 0.2635620915032681 0.5886410307366189 0.27121974916092567
0 0.5671613462458154 0.16018452096285668 0.5549034552845528 0.12477283596365372 0.5323469631755141 0.1386537541846006 0.5446048541367766 0.17406543918380357
0 0.6342803348158094 0.04522600766412129 0.6296716350591591 0.01327235601801349 0.5957407659925597 0.0219725788556031 0.6003494657492098 0.0539262305017109
0 0.6626838235294118 0.13194444444444453 0.6240808823529411 0.13194444444444453 0.6240808823529411 0.15931372549019618 0.6626838235294118 0.15931372549019618
0 0.6007722419888086 0.41881924029147705 0.5983266993158777 0.3888205835035244 0.5609315041990641 0.3942401769987148 0.563377046871995 0.4242388337866674
0 0.563574706118877 0.49915393378903633 0.5472501123489202 0.4910924060014034 0.5356419558173089 0.5328817695152046 0.5519665495872655 0.5409432973028375
0 0.4988782051282051 0.5440799396681749 0.48870427978883857 0.49434074912016096 0.4729425904977375 0.5000722724987432 0.483116515837104 0.5498114630467572
0 0.6009117153572838 0.5721147519410449 0.5909515232267403 0.5531429574066765 0.5673464436110014 0.5751743650480328 0.577306635741545 0.5941461595824012
0 0.07380938914027153 0.36011060834590247 0.03568156108597288 0.35728632478632477 0.03428355957767726 0.3908383609854198 0.0724113876319759 0.3936626445449975
0 0.09773284313725494 0.24428104575163398 0.05851715686274511 0.24428104575163398 0.05851715686274511 0.2777777777777778 0.09773284313725494 0.2777777777777778
0 0.6389666234140716 0.301875720876586 0.6170472895040369 0.2988523644752019 0.6144661908881199 0.3321198577470205 0.6363855247981547 0.3351432141484046
0 0.18655902885068879 0.767965272921444 0.15967278361441337 0.7345611500521322 0.1447916497259672 0.7558544798437299 0.17167789496224262 0.7892586027130418
0 0.2595833333333334 0.7692156862745098 0.24653186274509806 0.7460130718954249 0.22060049019607844 0.7719444444444444 0.2336519607843138 0.7951470588235294
0 0.2005041099409196 0.7105149556183463 0.1981093201472729 0.6865670576818792 0.1653782965151126 0.6923859063275966 0.16777308630875928 0.7163338042640637
0 0.2658647046838295 0.6711121897821883 0.2627163334771561 0.6431266679450917 0.2322288940025888 0.6492241558400051 0.2353772652092622 0.6772096776771018
0 0.29714569903303795 0.6980621586534158 0.27858707695406937 0.6868145089085863 0.2641812718237981 0.7290715372907155 0.28273989390276666 0.7403191870355449
0 0.20335207612456752 0.844511726259131 0.1895977508650519 0.8231161091887735 0.16454368512110726 0.8517493271818531 0.17829801038062285 0.8731449442522106
0 0.21071649357072217 0.8917638816159501 0.17737134171175895 0.8895950912511396 0.17599493803456107 0.9272167917612149 0.2093400898935243 0.9293855821260254
0 0.1479052806941848 0.9591153698643271 0.13150348770314985 0.9295278217236365 0.11323237271681302 0.9475341379420555 0.129634165707848 0.9771216860827461
0 0.2617244045269114 0.8840636925911305 0.2359603237268062 0.860017217177699 0.22391309711804186 0.8829643154801071 0.2496771779181471 0.9070107908935389
0 0.3009986328346368 0.8444701820998152 0.28375853592882244 0.8131245513619708 0.2681255667006687 0.8284101212739433 0.2853656636064831 0.8597557520117877
0 0.3736497998177517 0.8019624269175919 0.37243592229245026 0.772289865188 0.34542182067289673 0.7742545271239677 0.3466356981981982 0.8039270888535595
0 0.3498726084216616 0.6791273235672914 0.3318356913365979 0.6641778067039954 0.3160310324076945 0.6980776548413535 0.33406794949275814 0.7130271717046496
0 0.37408897521272666 0.8669086817116787 0.3395347761746209 0.8582701319521521 0.33539354421013695 0.8877188925884822 0.3699477432482427 0.8963574423480085
0 0.4118621481543908 0.9557781804221213 0.3842311190235408 0.9349547961495965 0.3730814406708244 0.9612566014944661 0.4007124698016744 0.9820799857669908
0 0.4402573529411766 0.7920751633986928 0.41819852941176483 0.7920751633986928 0.41819852941176483 0.8300653594771242 0.4402573529411766 0.8300653594771242
0 0.4062971342383107 0.72539592760181 0.3901065233785822 0.7110042735042734 0.3733267345399698 0.7445638511814983 0.38951734539969834 0.7589555052790348
0 0.44995783864004324 0.6617886910115728 0.4467468294657313 0.6371709540085148 0.41093215956107215 0.6454758050008994 0.4141431687353841 0.6700935420039574
0 0.42122747024574025 0.6111717612809316 0.4185570789451151 0.584467848274681 0.3810498544395924 0.5911357992978851 0.38372024574021746 0.6178397123041356
0 0.3605714803242313 0.6102733626167943 0.3288590912693022 0.6029831582363507 0.32577944572748274 0.6267990837597549 0.35749183478241187 0.6340892881401985
0 0.0698425781847865 0.8818363858986785 0.06166697489923984 0.8368705678281718 0.030082170552522804 0.8470797975159996 0.03825777383806946 0.8920456155865062
0 0.055746089761241055 0.941602296760327 0.033214531058181104 0.9347505946985779 0.025092700553012392 0.9822320653441796 0.04762425925607234 0.9890837674059287
0 0.12778553921568633 0.8264885620915033 0.10761274509803927 0.7876372549019608 0.0891960784313726 0.8046372549019608 0.10936887254901968 0.8434885620915034
0 0.05431763126020335 0.7702811130420536 0.023456014008110027 0.7659035786800545 0.021434558604104204 0.7912391530769276 0.05229617585619752 0.7956166874389267
0 0.43143770517256685 0.9066446337207583 0.41594440377961145 0.88786487445657 0.40105552967793456 0.909701889805696 0.4165488310708899 0.9284816490698844
0 0.5165081688575232 0.7514234104980161 0.497741285044011 0.7235136858522799 0.47967883593780286 0.7451055790367126 0.49844571975131513 0.7730153036824488
0 0.5069812506220763 0.6658434524401978 0.491419702398726 0.6535479081649581 0.4753303224843237 0.6897490129723634 0.49089187070767404 0.7020445572476032
0 0.5565795857592183 0.7170163287157867 0.5470506675366391 0.6818326306631869 0.5323849377635013 0.6888939079613644 0.5419138559860803 0.7240776060139642
0 0.5304958521870287 0.6010243841126195 0.49219928355957765 0.5908119658119658 0.48943014705882354 0.6092728758169934 0.5277267156862745 0.6194852941176472
0 0.6351525524002705 0.6428329952670724 0.6034060175794456 0.6259015100292991 0.5967714672075728 0.6480166779355421 0.6285180020283975 0.6649481631733154
0 0.6254857742065898 0.7249663095478743 0.5994441075399232 0.6963715383060444 0.587549272286234 0.7156298430024933 0.6135909389529007 0.7442246142443233
0 0.5873161764705884 0.7990196078431373 0.5539215686274511 0.7990196078431373 0.5539215686274511 0.8308823529411765 0.5873161764705884 0.8308823529411766
0 0.6038289000412608 0.876351813979633 0.6025327731733133 0.8478370228847869 0.5702131321421524 0.8504487110489211 0.5715092590101 0.8789635021437673
0 0.5387561274509803 0.8866421568627453 0.5180759803921569 0.8590686274509806 0.5015318627450981 0.8811274509803924 0.5222120098039216 0.9087009803921571
0 0.47866933510927473 0.9573484107136386 0.4782423389873509 0.927743346260254 0.44521934235801536 0.9285900897635704 0.4456463384799392 0.958195154216955
0 0.5755118223760092 0.9612408688965782 0.570371972318339 0.9304017685505577 0.5372837370242215 0.9402056901191851 0.5424235870818915 0.9710447904652056
0 0.6544117647058824 0.5032679738562092 0.6258058017727639 0.48896499238965 0.6179366438356164 0.5169442206106188 0.6465426067687349 0.5312472020771779
0 0.659226645357646 0.6061358682650646 0.6584782269211346 0.5826854239210368 0.6259898616021193 0.5845287354284987 0.6267382800386309 0.6079791797725265
0 0.1230433280694829 0.6513927271132166 0.09176495262534551 0.6452142825810413 0.08871356428477437 0.6726767776461816 0.11999193972891174 0.6788552221783569
0 0.16792350594309544 0.5846506657892758 0.13011874398902962 0.5799977720103139 0.12813555514907213 0.608643833031922 0.16594031710313795 0.613296726810884
0 0.08241421568627458 0.7071078431372549 0.04840686274509811 0.7071078431372549 0.04840686274509811 0.735702614379085 0.08241421568627458 0.735702614379085
0 0.04753961085393857 0.6630649956719733 0.016757461141846435 0.6614554715040206 0.016095084866960284 0.6839762648501498 0.04687723457905241 0.6855857890181025
0 0.0685187516787537 0.5957600277553943 0.06780905855492882 0.570211075297699 0.03416557547676605 0.5718724818694602 0.034875268600590925 0.5974214343271556
0 0.05269136500754148 0.5211287078934138 0.05142628205128205 0.49076671694318763 0.014944381598793365 0.4934690799396682 0.016209464555052792 0.5238310708898944
0 0.045913169099756686 0.24544183245074186 0.04529304422498927 0.21484900529554884 0.007280932445971091 0.21621881112542338 0.007901057320738513 0.24681163828061636
0 0.03855011832319135 0.15076346630606266 0.019119759972954703 0.1201459319359928 0.0018424611223799962 0.13963826910074378 0.021272819472616646 0.17025580347081365
0 0.08980137105603662 0.09821754420888493 0.05716414103712551 0.09510923658803624 0.05533679207723699 0.12921975050595536 0.0879740220961481 0.13232805812680404
0 0.16012729513770826 0.16959178661830823 0.14087151479088747 0.13334561184782204 0.12290993709622577 0.1503093241150025 0.14216571744304657 0.18655549888548872
0 0.6980190991490935 0.03274109014675052 0.6830523954864964 0.017602355407571865 0.6645257584165742 0.050164323591071654 0.6794924620791712 0.06530305833025031
0 0.7420395872118976 0.10817678450243697 0.7256761290024061 0.07635894909509247 0.7072903738119345 0.09316878241209504 0.723653832021426 0.12498661781943954
0 0.7272737101682589 0.21285298118767385 0.6975945176414102 0.18677126654286744 0.6868572464996081 0.20849264264582335 0.7165364390264568 0.23457435729062975
0 0.6619328371592539 0.25901183644189385 0.6517171807747488 0.22204088952654236 0.630945869201339 0.23224434082576123 0.641161525585844 0.26921528774111275
0 0.7991334808259586 0.19992842269651237 0.7841781624154085 0.1771393660709122 0.7569787870900572 0.20887197061715546 0.7719341055006073 0.2316610272427556
0 0.7832556193208994 0.2542822413518255 0.7552980033476807 0.23707755459907554 0.7449949186991871 0.2668420213613902 0.7729525346724057 0.2840467081141401
0 0.6964649321266969 0.3263511814982404 0.658305052790347 0.3199912016088488 0.6553167420814481 0.35186651583710415 0.693476621417798 0.3582264957264958
0 0.7976113505747127 0.29703487716925864 0.7637392241379309 0.2943782398016679 0.7625412018255577 0.321533412215461 0.7964133282623395 0.3241900495830517
0 0.8714093614099335 0.25469055975178656 0.8698083562218661 0.2205357824063478 0.8426282234683757 0.22280079346913864 0.8442292286564431 0.2569555708145775
0 0.8447610294117647 0.15763888888888877 0.8339460784313724 0.11437908496732022 0.8117034313725489 0.12426470588235286 0.8225183823529412 0.16752450980392145
0 0.9286560144731706 0.10136786976148285 0.9177199689217188 0.07669166441461722 0.8867233244752726 0.10111326306939315 0.8976593700267245 0.12578946841625877
0 0.8758700980392158 0.06000000000000014 0.8599877450980392 0.04411764705882362 0.8478186274509804 0.06575163398692821 0.8637009803921568 0.08163398692810472
0 0.9522133548541367 0.21151163717519528 0.9335022118603539 0.18032639885222385 0.9114956958393113 0.20380001594133593 0.9302068388330942 0.23498525426430736
0 0.9297853812011911 0.3453635035676163 0.8911192342266421 0.33104270839185734 0.8849742260801169 0.36053874749517784 0.923640373054666 0.37485954267093674
0 0.9886664204153847 0.2517926143609948 0.9625251169523997 0.21610766042739635 0.9461496610822576 0.2374338355140932 0.9722909645452426 0.2731187894476917
0 0.8642721993255901 0.5826124016485578 0.8559980329711503 0.5584263769201949 0.8239991569876358 0.5778876816119228 0.8322733233420758 0.6020737063402858
0 0.8025122549019608 0.7531862745098039 0.765655637254902 0.7368055555555556 0.7590073529411765 0.7633986928104576 0.7958639705882352 0.7797794117647059
0 0.7316488697389784 0.7998964447774863 0.7067487823154739 0.7817872902876649 0.6964218808542525 0.8070308271928728 0.7213219682777569 0.8251399816826942
0 0.6953967760180997 0.8197796631473104 0.657912613122172 0.8189028406234291 0.6574546568627452 0.8537075163398695 0.6949388197586729 0.854584338863751
0 0.6947608832881323 0.721918285067074 0.6679715507029522 0.7190607562579882 0.6664869345989589 0.7438043579912093 0.6932762671841391 0.7466618868002951
0 0.7147602113893415 0.6631651191122968 0.6911670556131772 0.6306928186891888 0.677224249271497 0.6487022768805257 0.7008174050476614 0.6811745773036337
0 0.7534623514833443 0.6971778798260321 0.7332463189736862 0.6621367568092913 0.7188547816896275 0.6768973078698642 0.7390708141992857 0.711938430886605
0 0.84607818981732 0.7195135829189321 0.8453603681945842 0.6821868585366693 0.8264327043235166 0.6828339581561929 0.8271505259462524 0.7201606825384558
0 0.850359248749094 0.6643398191858652 0.8488550120228435 0.632917985348633 0.8183420742056968 0.635514831120305 0.8198463109319473 0.6669366649575371
0 0.7792219092125585 0.5948972648898312 0.7730824009866534 0.5667022772288624 0.7388202774557081 0.5799656332257734 0.7449597856816134 0.6081606208867423
0 0.7322303921568627 0.5400326797385623 0.6951593137254902 0.5400326797385623 0.6951593137254902 0.5682189542483662 0.7322303921568627 0.5682189542483662
0 0.9408700980392157 0.5890522875816996 0.9059436274509803 0.5890522875816996 0.9059436274509803 0.6180555555555557 0.9408700980392157 0.6180555555555557
0 0.9141796424452134 0.6578719723183393 0.8901744521337946 0.6498702422145332 0.8817221741637832 0.6949490580545945 0.9057273644752019 0.7029507881584007
0 0.9307643443757179 0.7820086161964198 0.9288400566648679 0.7548120165497391 0.8885837415417825 0.7598757039866052 0.8905080292526326 0.787072303633286
0 0.8921668058704211 0.8203426400986358 0.8788448822733961 0.7957483196118206 0.8530611154197988 0.8205771321375069 0.8663830390168238 0.8451714526243221
0 0.8175310992753098 0.8341664848881457 0.7896750557454133 0.8275340935715038 0.786166351583897 0.8537324179774921 0.8140223951137935 0.8603648092941341
0 0.9587051273251422 0.6839059914125121 0.9260998667261536 0.6779096216471808 0.9227337011233898 0.7104492224738984 0.9553389617223784 0.7164455922392295
0 0.9031063324483533 0.5028393115591325 0.8820664461130011 0.461694644947777 0.859763907325977 0.48196968020870784 0.8808037936613292 0.5231143468200634
0 0.868560843764794 0.4498922908111403 0.8476428752298224 0.41196104120105853 0.8282541890984355 0.4309695570161437 0.8491721576334071 0.46890080662622535
0 0.8084798729699443 0.41604166782815866 0.8061090355249294 0.38495735466018455 0.7650487547876701 0.39052485035337225 0.767419592232685 0.42160916352134636
0 0.9511318572372769 0.45187541308658324 0.9387564716897994 0.42547459058529813 0.9097853326723948 0.4496172064331353 0.9221607182198722 0.4760180289344204
0 0.9683105138607166 0.546072796934866 0.9651918526031101 0.4961742168131621 0.9410032116294793 0.49886184358800995 0.9441218728870858 0.5487604237097139
0 0.9877215309200604 0.8204185520361991 0.9705646681749623 0.7861048265460031 0.9512631975867271 0.8032616892911012 0.9684200603318249 0.837575414781297
0 0.9255514705882353 0.8562091503267973 0.8949142156862745 0.8562091503267973 0.8949142156862745 0.8819444444444444 0.9255514705882353 0.8819444444444444
0 0.9628732047741613 0.9011495626813473 0.9270992524174667 0.8873699662180278 0.9205640494575223 0.9175324414177706 0.956338001814217 0.93131203788109
0 0.7269034058710189 0.47589160905209865 0.7231383883032982 0.443261456798519 0.6888813328799727 0.45028854509048316 0.6926463504476934 0.48291869734406284
0 0.6977469278477598 0.4067656368375772 0.6927570881004661 0.37749191032012025 0.6591620439924497 0.3876722267164889 0.6641518837397434 0.41694595323394584
0 0.8047746983408749 0.4823215183509303 0.7748727375565613 0.4773378582202113 0.7721200980392158 0.5066993464052288 0.8020220588235295 0.5116830065359479
0 0.9799387254901962 0.050506535947712365 0.9557829939668177 0.01940950226244344 0.9402995852187028 0.04079135243841132 0.9644553167420814 0.07188838612368025
0 0.7857433862730163 0.9299386103768748 0.7695432085629378 0.8892793408300105 0.7464184979018263 0.9056593442149643 0.7626186756119051 0.9463186137618286
0 0.7433374462798819 0.9020251365386339 0.730264151893634 0.8636768063389741 0.7110130439161967 0.8753441445071181 0.7240863383024444 0.9136924747067781
0 0.6873801030782015 0.9328168372849591 0.6637391374493892 0.905078104280486 0.6518328758464613 0.9231178945879523 0.6754738414752737 0.9508566275924256
0 0.8666726446676232 0.9449446038578034 0.8396475968436156 0.9283138051968757 0.8307343974175035 0.9540630479834212 0.8577594452415112 0.9706938466443489
0 0.7950790229885057 0.04752648185711079 0.7665546822177146 0.013719855758395459 0.7502598884381337 0.03816204642776664 0.7787842292089249 0.07196867252648197
0 0.1563991296392454 0.5261875767541149 0.12459395012733976 0.5136225675642262 0.11811569678312693 0.542774707613184 0.14992087629503256 0.5553397168030726
0 0.2926084215967592 0.6007952499507695 0.29035018777955945 0.5785140096210651 0.25200856436548796 0.5854224102362131 0.2542667981826877 0.6077036505659175
0 0.24302427068388338 0.9654734576757532 0.20824934241989487 0.9535078909612625 0.2031202175992349 0.980008369201339 0.2378951458632234 0.9919739359158298
0 0.34180363321799306 0.9867599000384465 0.3366854094579008 0.9594627066512879 0.3064806805074971 0.9695309496347557 0.31159890426758935 0.9968281430219144
0 0.13204074682129385 0.9899709685932965 0.10994699245493929 0.9624765187151664 0.09726273229006573 0.9805968903792712 0.1193564866564203 1.0080913402574014
0 0.9712742830112878 0.2804039824786493 0.93755912807952 0.26582445602166854 0.9308476860671565 0.2934159398502738 0.9645628409989243 0.3079954663072545
0 0.13162772796080952 0.021953672407458553 0.12243723377558123 -0.0008167252537262052 0.09172111061794687 0.021223301780863867 0.10091160480317513 0.043993699442048624