0 0.5355989515451676 0.9558539934930153 0.51157246502737 0.954621865979282 0.5105777724679237 0.989104541373418 0.5346042589857214 0.9903366688871512
0 0.47472426470588236 0.9470996732026146 0.4609375 0.9287173202614379 0.4368872549019608 0.9607843137254902 0.4506740196078432 0.9791666666666669
0 0.434502262443439 0.9118778280542986 0.41386453619909513 0.8764988687782804 0.39651175056561094 0.8944943501759677 0.41714947680995484 0.9298733094519859
0 0.3880892175136597 0.9216226875963185 0.3733348440669371 0.889220926301555 0.35029380099546803 0.9078731992641728 0.3650481744421906 0.9402749605589362
0 0.35101966438531285 0.8663244635868388 0.3324639973843098 0.849607646468818 0.3143028964344012 0.8854455523433045 0.33285856343540426 0.9021623694613252
0 0.31883038127486407 0.9706470740077137 0.31831870590259853 0.9406287855014661 0.28400877645844086 0.9416684803331071 0.28452045183070646 0.9716867688393548
0 0.28937415483434764 0.8667455487942302 0.26259930696416506 0.8637705656975433 0.26028777890466537 0.9007550146495379 0.28706262677484795 0.9037299977462248
0 0.20117711005274225 0.9335476289977039 0.19037346228300234 0.8873004350360101 0.1712040125947488 0.895261517966651 0.18200766036448873 0.9415087119283448
0 0.1517697339287033 0.8210492164243363 0.11677868292862953 0.801310674834551 0.10834709511157044 0.8278829515913432 0.1433381461116442 0.8476214931811283
0 0.18985414010263732 0.7908191743850742 0.16426192318714 0.7559283608499063 0.15007400156583595 0.7744292698118472 0.1756662184813333 0.8093200833470152
0 0.5254341063348416 0.8778450226244346 0.5061915535444947 0.86557440925088 0.4911246229260936 0.9075791855203622 0.5103671757164404 0.9198497988939167
0 0.5628654646790225 0.8725521532814039 0.542554055868923 0.8646257498433164 0.5329871743217836 0.9082082102247293 0.5532985831318831 0.9161346136628169
0 0.6519607843137255 0.9538398692810458 0.6289828431372549 0.9538398692810458 0.6289828431372549 0.9950980392156863 0.6519607843137255 0.9950980392156863
0 0.6888668929110104 0.9026520864756159 0.6782145550527904 0.8813474107591754 0.654388197586727 0.9025263951734539 0.665040535444947 0.9238310708898944
0 0.5033700980392158 0.8026960784313726 0.4785539215686276 0.8026960784313726 0.4785539215686276 0.8386437908496732 0.5033700980392158 0.8386437908496732
0 0.4676405683458302 0.8385213151687966 0.45208982381103247 0.8232433907135566 0.43504076900059846 0.8540940613229135 0.45059151353539617 0.8693719857781533
0 0.4384482697926567 0.8183120944368172 0.4207133144999473 0.8008882787106465 0.399744671207801 0.8388315380011969 0.4174796265005104 0.8562553537273678
0 0.3438146303146006 0.7836160495300217 0.3207353935489004 0.7786527728062151 0.3152449240345226 0.8240406541250714 0.33832416080022276 0.8290039308488779
0 0.3884808438672188 0.7666226399639596 0.3864186731640684 0.7189635837133724 0.36599504112371073 0.7205346323318615 0.36805721182686113 0.7681936885824487
0 0.3200008451656525 0.7000788821275638 0.2858772819472617 0.6818796484110887 0.27679175118323196 0.7121647509578546 0.31091531440162273 0.7303639846743296
0 0.25841612951421505 0.6851308375309486 0.24230733657759182 0.6598621427284024 0.2147560402971057 0.6910869451796199 0.23086483323372894 0.7163556399821661
0 0.20164701656524683 0.6625859251746675 0.16741569472616638 0.6599011156186612 0.16620182555780935 0.6874154834347532 0.2004331473968898 0.6901002929907596
0 0.12399728577933355 0.686010083762581 0.09082545391160823 0.6718567688323516 0.08528317894646976 0.6949495811870953 0.1184550108141951 0.7091028961173247
0 0.10704991616599137 0.8042961048235605 0.08207436775185135 0.7732154223526309 0.06792301243537803 0.793431644233307 0.09289856084951804 0.8245123267042367
0 0.14183546059933408 0.631565236157356 0.13811736958934517 0.6051254778641015 0.10036302256751758 0.6145640646195585 0.10408111357750649 0.641003822912813
0 0.13141562317996505 0.5924860868439785 0.12919821393904096 0.562920630298324 0.0910684818481848 0.5680045945771047 0.0932858910891089 0.5975700511227593
0 0.23524129479377962 0.5857561415370747 0.20423427991886411 0.5692190669371198 0.1960995605138607 0.596334798287131 0.2271065753887762 0.612871872887086
0 0.2978072308690013 0.6126163500419622 0.2963814660105287 0.5822000330612142 0.25617394331273363 0.585550659952697 0.2575997081712062 0.6159669769334452
0 0.7704643925708479 0.96658183106896 0.7523113780060967 0.9498695319458559 0.7306672453050317 0.991665098541016 0.7488202598697828 1.00837739766412
0 0.9368296815370443 0.9666129315260782 0.9024912817475984 0.9345637583892619 0.8904872351625215 0.9574286090275038 0.9248256349519673 0.98947778216432
0 1.0072524911603986 0.9429711775420551 0.9761531661845066 0.9084163720132862 0.9602820636451302 0.9338101360762884 0.9913813886210222 0.9683649416050573
0 0.9317167638164825 0.8733440631428194 0.9277760388872923 0.8490429260794805 0.8942828701613234 0.858698614360841 0.8982235950905135 0.88299975142418
0 0.9852941176470589 0.795343137254902 0.96893266375951 0.7675782458093648 0.9366214742994989 0.8014280633389004 0.9529829281870478 0.8291929547844376
0 0.8719362745098039 0.7634803921568629 0.8532475490196079 0.7634803921568629 0.8532475490196079 0.8031045751633988 0.8719362745098039 0.8031045751633988
0 0.9526523610877018 0.7268816600183533 0.9253774790718583 0.7197857557540689 0.9212761250632061 0.7478116748131921 0.9485510070790496 0.7549075790774765
0 0.7508074535327147 0.8849290354222341 0.7355226068222082 0.8504401505369887 0.7180889296760051 0.8641757749552093 0.7333737763865117 0.8986646598404546
0 0.8113265353311137 0.8096790603033669 0.7833021180170181 0.802672955974843 0.7796291157972622 0.8287920828708844 0.8076535331113578 0.8357981871994082
0 0.7637103885463535 0.7869811050010185 0.7420655585180248 0.7734000351793221 0.7272346969949454 0.815420809494714 0.748879527023274 0.8290018793164106
0 0.7132468663734095 0.7703547017178995 0.678892462650837 0.7602774099592782 0.6739228217040347 0.7903964460005038 0.7082772254266072 0.8004737377591252
0 0.7562133847441416 0.7048511477761837 0.7318679758488762 0.7012444205324407 0.7282961202773793 0.7441066873904034 0.7526415291726448 0.7477134146341464
0 0.8307891436609216 0.6696666638421432 0.8088484205263783 0.6688062433270631 0.8077097844323555 0.7204244129227607 0.8296505075668988 0.7212848334378409
0 0.912512254901961 0.6976797385620918 0.8900857843137256 0.6578104575163399 0.8686151960784316 0.6792810457516342 0.8910416666666668 0.7191503267973859
0 0.9573807274017435 0.6777606414303783 0.956119938743592 0.634053301281123 0.9343290214904278 0.6351707842171826 0.9355898101485794 0.6788781243664379
0 0.9603993460888712 0.5310742238166646 0.9372514615720441 0.5281807382520612 0.9333374262095933 0.5838470189624738 0.9564853107264203 0.5867405045270772
0 0.9357307554183051 0.5278956929384404 0.9278068566217843 0.49953647619299807 0.8913977580397452 0.5176220415017234 0.8993216568362659 0.5459812582471657
0 0.888196859720752 0.589635104255927 0.8775880210696103 0.565588403313339 0.8459095720550429 0.5904342456777055 0.8565184107061846 0.6144809466202935
0 0.8797948659552316 0.5164392822025566 0.8567152524726703 0.5143877610041068 0.8545801340447683 0.5570901295621494 0.8776597475273294 0.5591416507605993
0 0.8149605049273597 0.5823046835314437 0.8134429289850658 0.5509414473907007 0.7812693665549122 0.5537090656642623 0.7827869424972062 0.5850723018050052
0 0.7606784342272682 0.6205877595075747 0.7490556486737789 0.5969343713636317 0.7218320772568595 0.6207158820266878 0.7334548628103488 0.6443692701706308
0 0.6799224299264174 0.6953403017027492 0.6605398802688104 0.6817385124693406 0.6461051475904895 0.7183065019210866 0.6654876972480966 0.7319082911544952
0 0.6260301730764684 0.730117936800776 0.6060592285768349 0.7178834843145141 0.5908520261240806 0.7620141894715267 0.6108229706237139 0.7742486419577884
0 0.569387254901961 0.7427941176470588 0.5472254901960785 0.737421568627451 0.5416617647058823 0.7782222222222223 0.5638235294117648 0.7835947712418302
0 0.5586085225362866 0.8038188104319076 0.5322543503871608 0.77696430018537 0.5221657617496022 0.7945654090580032 0.5485199338987279 0.8214199193045407
0 0.5152873210516656 0.7584818833929827 0.49214663439478756 0.7158736349453978 0.47607498049922 0.7313910938790493 0.49921566715609805 0.7739993423266341
0 0.4635416666666667 0.6968954248366013 0.4424019607843137 0.6968954248366013 0.4424019607843137 0.75 0.4635416666666667 0.75
0 0.42403001636400495 0.6732502823876966 0.41145493925044163 0.6551421713441654 0.39041434058852487 0.6811182190749268 0.4029894177020882 0.699226330118458
0 0.38212240341681236 0.5733352747039411 0.34705639681615225 0.5686598071571863 0.3455821685109688 0.5883161845596325 0.3806481751116289 0.5929916521063873
0 0.3305871891439503 0.5182478479196557 0.2951451159732187 0.5129971704128806 0.2929183106169298 0.539718834688347 0.32836038378766147 0.544969512195122
0 0.25318627450980397 0.4902777777777777 0.2510161929940516 0.4598966365572446 0.21679403502974223 0.4642423074098553 0.2189641165454946 0.4946234486303884
0 0.1939515920603743 0.5224622948183375 0.166878812157552 0.49899921890255816 0.1553992642751301 0.522547009430603 0.18247204417795243 0.5460100853463823
0 0.1422102390268034 0.4583955335192181 0.11888168398093182 0.4490641115008695 0.10979169477423999 0.4894640635306109 0.13312024982011156 0.4987954855489596
0 0.16995197166892134 0.4543377752898675 0.1631413171930152 0.401366018255042 0.13984145402808226 0.4066917012641694 0.14665210850398844 0.4596634582989951
0 0.09423777464770233 0.47254316439681476 0.08919729981744874 0.43605972753021727 0.05406808570715626 0.44468795555730656 0.05910856053740987 0.48117139242390405
0 0.06631022835963657 0.5594243185078912 0.05909702295552368 0.5333193846644348 0.02773418818747012 0.548725689462777 0.034947393591583005 0.5748306233062331
0 0.0958026960784314 0.26139705882352937 0.06335784313725493 0.2469771241830065 0.05625000000000002 0.2754084967320261 0.0886948529411765 0.28982843137254904
0 0.0686038838612368 0.2934577677224736 0.044369633948253884 0.2799942955485942 0.033700980392156896 0.31413398692810457 0.057935230305139813 0.32759745910198396
0 0.05135626986289348 0.24308271826791555 0.03189931551565021 0.20911100827357862 0.015099471219163729 0.22621668190990837 0.034556425566407006 0.2601883919042453
0 0.07459821246585956 0.1465908782085253 0.04916610615140029 0.14549702417349478 0.047945393074069566 0.19595316470316473 0.07337749938852882 0.19704701873819525
0 0.06617647058823531 0.08496732026143791 0.04105392156862746 0.08496732026143791 0.04105392156862747 0.13112745098039216 0.06617647058823531 0.13112745098039216
0 0.14246323529411767 0.1911764705882353 0.12224264705882357 0.19117647058823528 0.12224264705882357 0.24019607843137256 0.14246323529411767 0.24019607843137256
0 0.19895833333333335 0.17557189542483662 0.18841911764705882 0.14746732026143794 0.16035539215686273 0.16617647058823531 0.1708946078431373 0.194281045751634
0 0.1605701971799956 0.11210710876110745 0.14677172835426305 0.08200135859587282 0.1256423496364838 0.09921788940295222 0.13944081846221634 0.12932363956818685
0 0.10998774509803921 0.038807189542483675 0.0784313725490196 0.038807189542483675 0.0784313725490196 0.07271241830065361 0.10998774509803921 0.07271241830065361
0 0.06308890287632563 0.03993254240736502 0.0611457618066682 -0.0015211337453269241 0.040145532921339745 0.00022888532845044625 0.04208867399099718 0.04168256148114239
0 0.292156862745098 0.10449346405228761 0.27156862745098037 0.09076797385620919 0.25410539215686273 0.1373366013071896 0.27469362745098036 0.15106209150326802
0 0.2742328431372549 0.04921241830065361 0.25851593137254897 0.018942810457516345 0.24158088235294115 0.03457516339869281 0.257297794117647 0.06484477124183007
0 0.3819691858702243 0.09270559598409815 0.37425459874671513 0.06596169395593293 0.3459640944006468 0.08046964490263461 0.353678681524156 0.10721354693079983
0 0.4519726315682199 0.0776148886443005 0.42020007847213736 0.061958847988259846 0.4123583425054014 0.09025060128001315 0.4441308956014839 0.10590664193605379
0 0.5477224786692806 0.059126143113179215 0.5130080749654954 0.04789800918368259 0.5081670378419614 0.07450636329869918 0.5428814415457467 0.0857344972281958
0 0.6006008524875245 0.007133991128585212 0.5635892371087252 -0.005660147520876284 0.557502740813549 0.02564183342574399 0.5945143561923484 0.038435972075205486
0 0.6890940703692644 0.06746624199595244 0.666824518512989 0.0332053929862978 0.6505066810988354 0.052061560664875176 0.672776232955111 0.08632240967452982
0 0.7638862380631971 0.04527879857031545 0.7319893916651571 0.03803979796934182 0.7282746413567627 0.0671386753850977 0.7601714877548027 0.07437767598607133
0 0.8298289229732008 0.0329337322321479 0.8235302896230126 0.002700292151244466 0.7903788485308164 0.014978603666872644 0.7966774818810046 0.04521204374777608
0 0.945140268945416 0.0740714979685568 0.9330079160042396 0.04351594241300126 0.9086976682564918 0.06067611729376433 0.9208300211976683 0.09123167284931986
0 0.9936909417149312 0.17194648008790478 0.9892681369265725 0.13993379781026044 0.9623500354595956 0.14654526132846526 0.9667728402479544 0.1785579436061096
0 0.8989509381338742 0.10498788595898144 0.8669107082488168 0.10247492675231026 0.8653608857336038 0.13760423709713784 0.8974011156186612 0.14011719630380903
0 0.8311301730317301 0.10910700081359112 0.7999961437606046 0.09495516932671588 0.7924126788614566 0.12461494315449467 0.8235467081325821 0.1387667746413699
0 0.7706544620260648 0.12066027657544727 0.7442617049835616 0.10762681630754446 0.7371696793916601 0.13315810843838963 0.7635624364341633 0.14619156870629244
0 0.6654349485695917 0.0988138862102219 0.6310623593699775 0.09646362370084656 0.6297938765670203 0.12944417657773502 0.6641664657666345 0.13179443908711036
0 0.5902662829933535 0.1573647947576341 0.5671805034635845 0.13353431266238872 0.5547757041984002 0.15489813361909496 0.5778614837281691 0.17872861571434037
0 0.4620621114299378 0.17791527179977681 0.4597008010521281 0.14957954726606087 0.42950442372070774 0.15405308464849354 0.4318657340985174 0.18238880918220948
0 0.38452759645449175 0.1735585837434623 0.38144506349579427 0.14302682872398265 0.34654997578399327 0.14929004959533154 0.3496325087426907 0.1798218046148112
0 0.423661800486618 0.2045703926339393 0.41562902533276086 0.175116883736463 0.38170665163875767 0.19156409522446452 0.3897394267926148 0.2210176041219408
0 0.3130619651175388 0.2030838117935941 0.2816892468313293 0.2008822175278952 0.28044090564402563 0.23250686093958767 0.3118136239302351 0.23470845520528655
0 0.3815027103188938 0.2664799583823453 0.38095537872683327 0.23291028740263228 0.349180912917836 0.23383128641158876 0.3497282445098966 0.26740095739130176
0 0.3301430592634811 0.27068418307319536 0.29150293467718547 0.26482961874193844 0.28947190809011003 0.2886603306969567 0.32811203267640565 0.2945148950282136
0 0.27969344638459814 0.3316450264905605 0.2433030129446003 0.31974375266112715 0.2380924162814891 0.348068021701629 0.274482849721487 0.35996929553106227
0 0.2636774853253404 0.40359997502185596 0.22206057980517052 0.387279619915907 0.21531843230922942 0.4178440218975064 0.2569353378293993 0.4341643770034554
0 0.32894607843137263 0.37509803921568635 0.2932598039215687 0.3683006535947713 0.2905882352941177 0.3932352941176471 0.32627450980392164 0.40003267973856216
0 0.41854540237666915 0.3265186514154056 0.4168379370821002 0.29521512101497405 0.37759031391247716 0.29902095114051325 0.37929777920704616 0.3303244815409448
0 0.48897033345562757 0.29745678936855413 0.4817024886877828 0.27123554550025136 0.44988305613305607 0.2869146861793921 0.4571509009009008 0.31313593004769485
0 0.5201311344353613 0.3706306430214933 0.5087003894060913 0.327765349161731 0.48555724076127604 0.3387369159266804 0.496987985790546 0.38160220978644277
0 0.5843372926093514 0.33569632981397696 0.5572256787330317 0.33117772750125696 0.5545955882352941 0.3592320261437909 0.5817072021116138 0.3637506284565109
0 0.6486998953471769 0.3477686590159252 0.6337088951141976 0.30079685828592334 0.6122006966834262 0.31300009143813395 0.6271916969164056 0.35997189216813585
0 0.7090670663169727 0.2957282169768119 0.7027493521293867 0.26708791265975607 0.6757124625327838 0.2776906144623455 0.6820301767203696 0.30633091877940133
0 0.7725450980392156 0.2798732026143792 0.742392156862745 0.2681470588235295 0.7360372549019607 0.2971980392156864 0.7661901960784312 0.30892418300653607
0 0.8471285971455955 0.28244014470605505 0.8391625061517343 0.25175594235933035 0.8102461179319812 0.265101967691524 0.8182122089258425 0.2957861700382487
0 0.846091861402095 0.4070194287760768 0.8378953464947623 0.3778762646611156 0.8027086690840719 0.39546960336646075 0.8109051839914048 0.4246127674814219
0 0.9065201787869889 0.4412716278968604 0.9026484657923067 0.41649266473089513 0.8701291352647548 0.4255258120996596 0.8740008482594369 0.45030477526562485
0 0.9278145871936603 0.3611441528916249 0.8897137338651424 0.3569801252054481 0.8881855515163889 0.3818385580785083 0.9262864048449067 0.3860025857646851
0 0.8001441596232107 0.4532902662758379 0.7809125010671905 0.44508475862526936 0.7718129250974702 0.4829996584991038 0.7910445836534905 0.49120516614967236
0 0.7668677021370347 0.5518423661599471 0.7470670852610708 0.535341852096644 0.7296830248953515 0.5724278475435118 0.7494836417713153 0.588928361606815
0 0.7509445255923005 0.5077732555574465 0.7417043058785713 0.4822526487290514 0.7113143352808818 0.5018140091137709 0.7205545549946111 0.527334615942166
0 0.6571697537146349 0.5056867268245245 0.6359157676911597 0.5049409729289641 0.635093968383201 0.5465788045321937 0.6563479544066763 0.5473245584277541
0 0.6859191176470588 0.6283169934640525 0.6651838235294117 0.5914542483660131 0.6465563725490197 0.6100816993464053 0.6672916666666666 0.6469444444444447
0 0.5850440429979098 0.6544822666799376 0.5835012939185826 0.6256842838658305 0.5458128048173583 0.6292736637802329 0.5473555538966854 0.6580716465943399
0 0.5962691437521754 0.5772982171172217 0.5949968267780484 0.5527000889507676 0.5651978673570018 0.5554402231504041 0.5664701843311288 0.5800383513168582
0 0.5418330387490179 0.4842501095374023 0.5235090193356199 0.4591200257704564 0.49464267311446586 0.49653936346454514 0.5129666925278639 0.521669447231491
0 0.4009359534548644 0.5295644615673745 0.39989595079245754 0.49489770615381395 0.3713264658898703 0.4964214120152853 0.37236646855227706 0.5310881674288458
0 0.3723608119157909 0.4711100111791825 0.3529210715827398 0.4362525457544012 0.33635399545084754 0.45267802294499526 0.3557937357838986 0.48753548836977656
0 0.4053211236099538 0.4088056113796185 0.39580793450860996 0.38228109945209193 0.37014689283980895 0.3986428769891047 0.3796600819411527 0.4251673889166313
0 0.693837011397537 0.43855869179054374 0.6787534422091334 0.3966598884894226 0.6589627317116705 0.40932594320779886 0.674046300900074 0.45122474650891997
0 0.5790088474414157 0.4155703012912483 0.5615550274988044 0.3937089510600989 0.5338453491152558 0.43303881715287745 0.551299169057867 0.45490016738402683
0 0.6318368270291002 0.42520314971954565 0.6179691619924254 0.4001869696533872 0.5903514370295796 0.4274044377327134 0.6042191020662544 0.4524206177988719
0 0.6034462771595125 0.4856584525702173 0.5992978272390038 0.45247085320614727 0.5750529941706413 0.4578585938880056 0.5792014440911499 0.4910461932520756
0 0.5271446078431372 0.21887254901960793 0.4918504901960784 0.19534313725490202 0.48204656862745093 0.22148692810457524 0.5173406862745098 0.24501633986928112
0 0.5958908929120863 0.21676345883098855 0.5694711773796537 0.1929004899629848 0.558099554907555 0.215282731019179 0.5845192704399876 0.23914569988718273
0 0.6553971250662427 0.19987634693517045 0.6517786168521462 0.1709282812223989 0.6207770270270271 0.1778175234057587 0.6243955352411236 0.2067655891185303
0 0.7246760799567936 0.1972130490828235 0.7186381701545211 0.16810722747186896 0.6846073690199377 0.18065759384774374 0.6906452788222102 0.20976341545869828
0 0.7605136919247014 0.1567619320671684 0.7252760412296159 0.14772663701714647 0.7213556963441581 0.17490769488965355 0.7565933470392437 0.18394298993967548
0 0.828125 0.19526143790849687 0.8017769607843137 0.19526143790849687 0.8017769607843137 0.22834967320261448 0.828125 0.22834967320261448
0 0.9065904901960785 0.25364888888888887 0.8854071568627452 0.22747111111111099 0.8730385294117647 0.24526457516339853 0.8942218627450981 0.2714423529411764
0 0.9580876572327045 0.2285770440251572 0.9423788383277841 0.19087587865334818 0.9248202229004809 0.20388226045135044 0.9405290418054013 0.24158342582315945
0 0.9896446078431373 0.2440359477124185 0.9744862368024134 0.24150955253896447 0.9712386877828054 0.2761500754147815 0.9863970588235293 0.2786764705882355
0 0.7698651215049912 0.4062064988267112 0.7496681481923396 0.36891977886489274 0.7305400608519269 0.38733941852603104 0.7507370341645785 0.4246261384878495
0 0.9996936274509803 0.5502450980392158 0.977328431372549 0.5502450980392158 0.977328431372549 0.6078431372549021 0.9996936274509803 0.6078431372549021