0 0.4876183231913456 0.5147199684471491 0.4792353363759298 0.4886395650214109 0.45091172244759975 0.5048244872661709 0.4592947092630156 0.530904890691909
0 0.4195275524002704 0.3011663286004057 0.38258430527383364 0.29826881902186164 0.3813450811359026 0.3263578994816318 0.4182883282623394 0.32925540906017586
0 0.48231650278454574 0.35041889043585867 0.47062902453880956 0.3125737227829987 0.44877867937115673 0.3245699907181807 0.46046615761689286 0.3624151583710407
0 0.5151539948252751 0.3961262300362647 0.49304061847314445 0.3937674698920374 0.49043669534586487 0.43716618868002954 0.5125500716979955 0.43952494882425686
0 0.39408088235294114 0.4432352941176471 0.37373651960784315 0.4244558823529412 0.35626593137254897 0.45810294117647066 0.376610294117647 0.47688235294117653
0 0.3987637034175771 0.5351284197231112 0.3962655887871096 0.4968239953892752 0.37554894143398454 0.49922592551717376 0.3780470560644521 0.5375303498510098
0 0.38171837045612733 0.5945599402120987 0.359784729818032 0.5646652003794354 0.3468248972494093 0.5815693298167693 0.3687585378875046 0.6114640696494327
0 0.3566383320844262 0.6466055742891637 0.33387172942425386 0.6183435847799843 0.32075234950668174 0.637131832563174 0.3435189521668541 0.6653938220723534
0 0.2568015915645626 0.6127523566188569 0.2387364990418675 0.5897128183290428 0.21615384801502047 0.6211916652149507 0.23421894053771555 0.6442312035047648
0 0.2602395520251896 0.5445303182100091 0.23902873193072854 0.5412671151185535 0.23551729998568774 0.5818436620390249 0.2567281200801489 0.5851068651304805
0 0.31967993079584783 0.500629565551711 0.2993403979238755 0.4946030372933488 0.29237673010380627 0.5363850442137639 0.31271626297577865 0.5424115724721261
0 0.29115799229834893 0.4656937826185615 0.2614463203593214 0.4604812085941707 0.2585348426300405 0.4899841829175509 0.28824651456906797 0.49519675694194176
0 0.18680891015449844 0.604070699658935 0.17650753128694308 0.5735480956069191 0.14678748318454196 0.5913801244683597 0.15708886205209732 0.6219027285203756
0 0.22751618996222345 0.5013169335012292 0.22691468789350602 0.47485084247766385 0.19184402545421836 0.4762678389398572 0.19244552752293578 0.5027339299634227
0 0.4754707675753228 0.660387772995377 0.46599922285987566 0.6114514586322334 0.4504139765662362 0.6168141240235931 0.45988552128168336 0.6657504383867368
0 0.4598799019607843 0.5581143790849674 0.44533455882352946 0.5446879084967321 0.42873529411764705 0.5766568627450981 0.44328063725490197 0.5900833333333334
0 0.563691695836535 0.4309006137530001 0.5428481352628134 0.4220073612415456 0.5339477681493497 0.45909222421431084 0.5547913287230714 0.4679854767257654
0 0.5782598338846541 0.5338782619812391 0.5748170753631525 0.5032759640123368 0.5369437353180881 0.5108506320213496 0.5403864938395896 0.541452929990252
0 0.45098039215686275 0.431781045751634 0.43075980392156865 0.431781045751634 0.43075980392156865 0.4636437908496732 0.45098039215686275 0.4636437908496732
0 0.3706008506343714 0.38902585544021534 0.3689067906574395 0.35966214917339484 0.3300154988465975 0.3636509996155325 0.3317095588235294 0.393014705882353
0 0.3149827737698853 0.339618787766679 0.31390642341842395 0.30661071032186454 0.28855207177210507 0.3080805278086077 0.28962842212356643 0.3410886052534221
0 0.2587986620377594 0.3369426240876546 0.2241346803973579 0.32721238362719096 0.21937574764653872 0.3573522910490457 0.25403972928694024 0.36708253150950926
0 0.273125425248964 0.29531117915094546 0.24488038906414303 0.2775272674790211 0.23608044164037856 0.30237417785200316 0.26432547782519955 0.32015808952392744
0 0.2049644274052033 0.29164123496350547 0.1777461470969711 0.2893730449378195 0.17632038223849855 0.3197893619185677 0.20353866254673075 0.32205755194425373
0 0.20128676470588236 0.35947712418300654 0.19039251730103807 0.3352676855055748 0.16299920703575552 0.3571823337178009 0.17389345444059978 0.38139177239523264
0 0.23199601715686283 0.3911674836601307 0.20029473039215692 0.3911674836601307 0.20029473039215692 0.4193619281045751 0.23199601715686283 0.4193619281045751
0 0.4962308703969393 0.22031125458313422 0.48776228479196554 0.1896630400127531 0.45299198947871827 0.20674318507890965 0.46146057508369204 0.23739139964929074
0 0.38612235624586916 0.2538049864140413 0.35739906917823316 0.22986891385767794 0.34626294337959906 0.25362598222809724 0.37498623044723506 0.2775620547844606
0 0.5445772058823529 0.27062908496732035 0.5215992647058824 0.23999183006535957 0.5056678921568627 0.26123366013071914 0.5286458333333334 0.2918709150326799
0 0.5754969418960245 0.34474126041854064 0.5565805450620617 0.33717470168495545 0.5469340259039397 0.3800481201654975 0.5658504227379025 0.38761467889908274
0 0.6182799899981247 0.42263436547130384 0.5969035860890584 0.4128061337889744 0.5889528765810256 0.4435488772200344 0.610329280490092 0.45337710890236377
0 0.6408974097722228 0.3696253905719332 0.6232622379205723 0.3363145104077043 0.6061817914232667 0.35239022475810955 0.6238169632749172 0.38570110492233844
0 0.6406551350048216 0.27250080360012857 0.6388018322082931 0.2453190292510447 0.6009020411443267 0.24991294331940428 0.6027553439408551 0.27709471766848814
0 0.6106904768190939 0.161005503338379 0.6067341456331187 0.13052710012790278 0.573269682648643 0.1382496685089356 0.5772260138346182 0.16872807171941184
0 0.48870467998520173 0.15769515353311137 0.4657995745467998 0.12970002466395358 0.4531712449130596 0.1480685041312122 0.4760763503514614 0.17606363300036998
0 0.4294388929382872 0.09699841088478259 0.42513100350655997 0.06581749690275754 0.39482084695901126 0.07326209675654143 0.3991287363907385 0.10444301073856647
0 0.3737452111924737 0.07094069422217916 0.3566896307162601 0.05241117469246566 0.3353299326738115 0.0873634078528362 0.3523855131500251 0.10589292738254968
0 0.5280793525463877 0.09380894415931923 0.505568166864061 0.05093049524060182 0.4844305171733123 0.07065896828530067 0.5069417028556389 0.11353741720401807
0 0.734034635752111 0.0857413768427078 0.7103764133390582 0.05585730642622013 0.69488693287534 0.07765731596774962 0.7185451552883928 0.1075413863842373
0 0.6744275259678943 0.14457544113018214 0.6566336166194523 0.13341063526449307 0.6437538188079766 0.16990339573034136 0.6615477281564184 0.18106820159603043
0 0.7182112068965518 0.22839193148523784 0.7072874408384043 0.19197937795807982 0.687426048005409 0.20257212080234402 0.6983498140635565 0.23898467432950202
0 0.7049225760964356 0.32216707223300617 0.6711226949531606 0.3054280834763366 0.6641627194277998 0.33041261100327274 0.6979626005710748 0.34715159975994236
0 0.6745902430917388 0.45565077996175046 0.6499790012217469 0.42812853098885645 0.6335220977517457 0.45429078778732007 0.6581333396217375 0.48181303676021414
0 0.6751121439141694 0.5212341225798496 0.6689037643359229 0.4922616845480331 0.6357230392156862 0.5049019607843138 0.6419314187939327 0.5338743988161303
0 0.7047969905175184 0.5858532894031929 0.6956073207971712 0.5545403407264544 0.6642674180327869 0.570891594342655 0.673457087753134 0.6022045430193935
0 0.6363357843137255 0.6993464052287583 0.6029411764705882 0.6993464052287583 0.6029411764705882 0.723856209150327 0.6363357843137255 0.723856209150327
0 0.5778271708436287 0.6898859496734334 0.5710019734155575 0.6708940959605397 0.5450162173058422 0.6874961068084133 0.5518414147339133 0.706487960521307
0 0.5076022828515797 0.7124738346541745 0.4684539558769642 0.7074548183753776 0.467010221549228 0.7274746010533198 0.5061585485238435 0.7324936173321167
0 0.42711744310349675 0.7767549535356945 0.42367868596506036 0.7525794488048687 0.3883434256055363 0.7615148019992312 0.3917821827439727 0.7856903067300568
0 0.3989215578586443 0.7236017063533088 0.39477556730073404 0.6975411942750153 0.3574349994830973 0.7081021629507105 0.3615809900410076 0.734162675029004
0 0.32725818986131033 0.7984218077474894 0.310108799617408 0.7801291248206601 0.2918161166905787 0.8106169296987088 0.3089655069344811 0.8289096126255382
0 0.24203431372549025 0.7606209150326797 0.2120098039215687 0.7606209150326797 0.2120098039215687 0.7904411764705882 0.24203431372549025 0.7904411764705882
0 0.269412632309561 0.7179095089363179 0.26827254685059865 0.6951077997570709 0.22935238807912547 0.6985673694256465 0.2304924735380878 0.7213690786048933
0 0.2745869561328182 0.8146721888268691 0.25576852547588386 0.8029629430847766 0.24112414126234438 0.8448040408377463 0.2599425719192787 0.8565132865798389
0 0.24064528164796223 0.8762557643655026 0.21962416664212017 0.8523493982804272 0.19512755653087488 0.8906429497186958 0.2161486715367169 0.9145493158037712
0 0.17713673772261207 0.805656742819452 0.14298434970318413 0.8042768483540206 0.14239409066378853 0.8302482460874259 0.17654647868321652 0.8316281405528573
0 0.38214937820765893 0.8420077203140764 0.3667690650085538 0.827652761328245 0.3496122022634558 0.8603324998903364 0.3649925154625609 0.874687458876168
0 0.49435446475887646 0.8596250662427134 0.46763712241653416 0.8407657657657657 0.4569132551669316 0.867774024024024 0.48363059750927395 0.8866333245009717
0 0.4827926015767133 0.7783378815443706 0.46567995755003044 0.7681970554544844 0.4526038508186781 0.8074253756485413 0.46971649484536093 0.8175662017384275
0 0.5337893726839598 0.8310875744333377 0.52301427121934 0.7972833345443348 0.5089947671763252 0.8052277201687098 0.519769868640945 0.8390319600577127
0 0.6025133426151524 0.8332318134354334 0.5710131685810418 0.8157317167498164 0.5638523900684534 0.8386462079900994 0.5953525641025641 0.8561463046757164
0 0.6120055780933064 0.7590010141987831 0.580575980392157 0.7422385620915033 0.5741315922920893 0.7637198557583954 0.6055611899932387 0.7804823078656751
0 0.6709558823529411 0.8345588235294119 0.6430759803921569 0.8345588235294119 0.6430759803921569 0.8615196078431373 0.6709558823529411 0.8615196078431373
0 0.6913872236792806 0.763995566379418 0.6589263691145248 0.7512658194912787 0.6531550518296492 0.7774291245160487 0.685615906394405 0.7901588714041882
0 0.6317156160458454 0.6168663501694853 0.6010608039777516 0.6055127160701913 0.5950738103264229 0.6342502855965692 0.6257286223945167 0.6456039196958633
0 0.5415554567022538 0.6173359616681786 0.525516690217012 0.6061342834880097 0.510207330263066 0.6451035633707813 0.5262460967483078 0.6563052415509502
0 0.7091546643641843 0.6831017072662919 0.7086284154511275 0.6550350985699298 0.6720091456320193 0.6562557408972335 0.672535394545076 0.6843223495935955
0 0.7551129901960782 0.7137003267973856 0.7543766666666666 0.6878471895424836 0.7173822058823529 0.6897203267973856 0.7181185294117646 0.7155734640522876
0 0.7310746281271129 0.8117928780707687 0.7101451572008114 0.7788131057020511 0.6960816007437458 0.7946796822177149 0.7170110716700473 0.8276594545864324
0 0.6730357564782267 0.9353801056022716 0.634945526576428 0.9335333065767298 0.6339813987661754 0.9688846596193227 0.6720716286679741 0.9707314586448644
0 0.5673661209766927 0.932315945246023 0.5458761098779136 0.906050376125293 0.5274359507954126 0.9328724256998399 0.5489259618941917 0.9591379948205698
0 0.419907145550528 0.9427633232780293 0.4141332013574662 0.9042703619909505 0.3925103695324285 0.9100364504776272 0.39828431372549034 0.9485294117647061
0 0.3507965686274511 0.889297385620915 0.321997549019608 0.889297385620915 0.321997549019608 0.9199346405228758 0.3507965686274511 0.9199346405228758
0 0.2776480524642289 0.9605635046811516 0.26053093534711186 0.9291821232997705 0.24493740063593006 0.9443031266560679 0.2620545177530471 0.9756845080374492
0 0.18085666277842585 0.9613881482715844 0.1674977781480864 0.9387808050510102 0.14060955118591345 0.967027023273899 0.1539684358162529 0.9896343664944733
0 0.7088002333521267 0.9212005888617429 0.6883134044352566 0.8959860301948257 0.6738659321556099 0.9168546012654263 0.69435276107248 0.9420691599323439
0 0.7795794025157233 0.8670689974102851 0.7418262116167222 0.8526868294487608 0.7359877913429523 0.8799327907263537 0.7737409822419535 0.8943149586878778
0 0.7942034313725489 0.9501470588235295 0.7666764705882352 0.9434738562091505 0.7630098039215686 0.9703627450980392 0.7905367647058823 0.9770359477124183
0 0.869485294117647 0.931372549019608 0.8534007352941176 0.9099264705882356 0.8301164215686276 0.9409722222222224 0.8462009803921569 0.9624183006535948
0 0.9086678134556575 0.8996844456437012 0.9080539440546862 0.8726741920009594 0.8657391167476164 0.8743838819931643 0.8663529861485878 0.901394135635906
0 0.8229166666666666 0.7982026143790851 0.8033088235294118 0.7982026143790851 0.8033088235294118 0.834967320261438 0.8229166666666666 0.834967320261438
0 0.8281677364941359 0.7784440142492717 0.8245996637685099 0.7471809008437862 0.7943563770773898 0.7533172198825642 0.7979244498030159 0.7845803332880497
0 0.8415759123618605 0.6965947687221896 0.8335140388075044 0.6735156797234444 0.8004956290534717 0.6940202629496929 0.808557502607828 0.7170993519484382
0 0.7828470400899213 0.6005895882769245 0.7524125374672163 0.5933061175637985 0.7486369348694893 0.6213534511469133 0.7790714374921944 0.6286369218600393
0 0.8793581983841852 0.6238646248532836 0.860572561978301 0.5784660035390639 0.8386642715427103 0.5945824470778893 0.8574499079485944 0.6399810683921092
0 0.8440887559687088 0.5674679975617191 0.8251552499238037 0.5288584950387756 0.8052946891191711 0.5461728300992247 0.8242281951640761 0.5847823326221682
0 0.9203485189558884 0.7115100745442468 0.8889954978227174 0.6938237549306632 0.879900038748247 0.7224882320138428 0.911253059881418 0.7401745516274264
0 0.8940856572955479 0.7783752336507221 0.8736098566105905 0.7633596464817535 0.8559313960709044 0.806216520517356 0.8764071967558619 0.8212321076863249
0 0.9393405920060331 0.815997360482655 0.9104308069381598 0.78601684263449 0.8950556184012065 0.8123743086978384 0.9239654034690798 0.8423548265460035
0 0.9643872549019609 0.9365522875816995 0.944791666666667 0.90171568627451 0.9274387254901963 0.9190686274509806 0.9470343137254902 0.9539052287581701
0 0.9883798094709583 0.7485093723023803 0.9547690066592673 0.7465609199654707 0.9538371716611173 0.775137193242077 0.9874479744728082 0.7770856455789865
0 0.9446305489200756 0.6621068478152682 0.9420147183238777 0.6132780100195747 0.9185873270628048 0.615509190139677 0.9212031576590025 0.6643380279353704
0 0.9259534865635098 0.5566459951431957 0.9078878544764887 0.5380642021394025 0.8869156029863327 0.5743125380483141 0.9049812350733538 0.5928943310521071
0 0.9071057302231237 0.4646720757268425 0.8699712643678162 0.44486702727067856 0.8615829952670724 0.4728279242731578 0.8987174611223798 0.4926329727293217
0 0.8480064200886211 0.33956954236406384 0.8207003009346466 0.33736298728091435 0.8192657037654953 0.36892412500224264 0.8465718229194699 0.371130680085392
0 0.7766609006203018 0.3165430224815576 0.7617268405351417 0.2925464131139498 0.7332212157651264 0.32408455115737095 0.7481552758502865 0.3480811605249788
0 0.7604923587081891 0.3734525182622068 0.7402573529411764 0.35032679738562084 0.7220047577854671 0.37871972318339087 0.7422397635524798 0.40184544405997685
0 0.7766454008073818 0.4291738754325259 0.76426434544406 0.40166041906958855 0.7387633362168398 0.42206122645136496 0.7511443915801614 0.4495746828143022
0 0.7849264705882353 0.5049019607843139 0.742953431372549 0.5049019607843139 0.742953431372549 0.5355392156862747 0.7849264705882353 0.5355392156862747
0 0.9287411618157507 0.3253546799976289 0.9093757821401989 0.29594799234216135 0.8882490433190405 0.32068173535229794 0.9076144229945925 0.3500884230077655
0 0.9478126156122827 0.39509341472438053 0.9145104975952645 0.38240689357504026 0.9085333425823159 0.4103002836354669 0.9418354605993341 0.4229868047848072
0 0.9056322200203007 0.21883911740538445 0.8955463450787053 0.1927839404729298 0.8642442340535229 0.214325178167679 0.8743301089951183 0.24038035510013364
0 0.8229291122239732 0.27136610910569947 0.8089418946057246 0.23007051423277472 0.7880423614994828 0.24265517932900627 0.8020295791177317 0.283950774201931
0 0.7738970588235294 0.16625816993464063 0.7455575980392157 0.1284722222222222 0.727328431372549 0.1527777777777778 0.7556678921568627 0.19056372549019618
0 0.786272670419012 0.0397215171246736 0.7591109333039032 0.002499877374339474 0.7424794448736342 0.024075862364958664 0.769641181988743 0.06129750211529279
0 0.8459225334783846 0.11271649787171584 0.8380292919677779 0.0823129009419708 0.8082079512782656 0.09607659664482257 0.8161011927888726 0.1264801935745676
0 0.8863357843137255 0.019607843137255047 0.8514093137254902 0.019607843137255044 0.8514093137254902 0.051470588235294254 0.8863357843137255 0.051470588235294254
0 0.9001315599769318 0.1232098231449444 0.8675118944636676 0.09711409073433314 0.8537521626297576 0.12769127258746651 0.8863718281430218 0.15378700499807776
0 0.9627579060127611 0.0711550851536181 0.9472099721717664 0.02585493223417645 0.926523493898747 0.0384771901634763 0.9420714277397418 0.08377734308291795
0 0.956834837895554 0.16785575616385176 0.9361819913609006 0.13419926551478698 0.9185807367501455 0.1534006341810653 0.9392335832847989 0.1870571248301301
0 0.8526811814175211 0.1744262307369433 0.8361446528152544 0.158910475505187 0.8244811341967979 0.18100977394015733 0.8410176627990646 0.19652552917191365
0 0.9866492532424997 0.2856829628659186 0.9742544707192455 0.2384647437297117 0.9541935510284293 0.24782650625209254 0.9665883335516835 0.29504472538829946
0 0.9664522058823529 0.36662581699346425 0.9396446078431373 0.33088235294117646 0.9227941176470587 0.35334967320261446 0.9496017156862745 0.38909313725490224
0 0.9041053921568627 0.9754901960784316 0.8731274509803921 0.9679803921568629 0.8695735294117647 0.9940424836601308 0.9005514705882354 1.0015522875816993
0 0.6876225490196078 0.030147058823529534 0.654939806805075 0.026794982698962053 0.6531520328719723 0.057783064206074694 0.6858347750865051 0.06113514033064218
0 0.6406648860649068 0.04536680054723205 0.6066509464341125 0.03741032344061356 0.6029843558803037 0.06527641164956093 0.6369982955110979 0.07323288875617942
0 0.5716911764705882 0.031045751633987023 0.5389093137254902 0.031045751633987023 0.5389093137254902 0.06413398692810467 0.5716911764705882 0.06413398692810467
0 0.3240733279613214 0.1784862118363328 0.3065404243889336 0.15677880741337638 0.28137758528068757 0.1929100635688066 0.2989104888530754 0.214617467991763
0 0.2961136187148126 0.14577266550184434 0.28757158804115707 0.11587555814404969 0.24854821879246744 0.135696952048146 0.257090249466123 0.16559405940594063
0 0.31066176470588236 0.06821895424836606 0.2806372549019608 0.06821895424836606 0.2806372549019608 0.10253267973856214 0.31066176470588236 0.10253267973856214
0 0.4816677251595751 0.0409465260065945 0.45729297396866514 0.013202906764908358 0.44408658809359935 0.03383002375072538 0.46846133928450934 0.061573642992411526
0 0.17969928355957765 0.12757667169431877 0.16508766968325791 0.09835344394167926 0.1396351809954751 0.12097787833081952 0.15424679487179488 0.15020110608345902
0 0.19031392490637342 0.22275046294724854 0.15764467572949548 0.20326354238560207 0.14638650108052453 0.2368173178099861 0.17905575025740245 0.2563042383716326
0 0.1367710174198435 0.28735027630508575 0.11908819321720107 0.24903749053269383 0.10074660228898429 0.26408700103789734 0.11842942649162669 0.30239978681028923
0 0.06617647058823531 0.2128267973856209 0.03308823529411766 0.2128267973856209 0.03308823529411767 0.2455065359477124 0.06617647058823531 0.2455065359477124
0 0.10707698487196202 0.1368252600049048 0.09755995879896738 0.11441476168371822 0.06816158194265937 0.13660952772875729 0.07767860801565402 0.15902002604994386
0 0.04343403807146201 0.14758932750819162 0.032297517813491446 0.09089431528579602 0.011224612524054716 0.09825310760909138 0.02236113278202528 0.15494811983148699
0 0.07903981868706324 0.08558254920303016 0.03730565834846567 0.06358314685400199 0.027695333278306648 0.09599443924747948 0.0694294936169042 0.11799384159650765
0 0.10698221701344293 0.05446296058452495 0.0922509151040329 0.028777613665553578 0.07005295294973886 0.05141082997973572 0.08478425485914888 0.07709617689870708
0 0.1920053209440135 0.025331325645777558 0.17819710658475757 0.0010288683734870853 0.14722916952662046 0.032309612876655916 0.1610373838858764 0.05661207014894639
0 0.258612547093073 0.04292694151896572 0.23697180837400458 0.020861874589719474 0.22038822352084936 0.049776843051631145 0.2420289622399178 0.0718419099808774
0 0.2382320569737329 0.19777654458009622 0.23042267850536444 0.17054384017758045 0.2002025527192009 0.18595017881366382 0.20801193118756936 0.21318288321617956
0 0.07551118049959714 0.36084586802757634 0.03542002417405322 0.3588660578386606 0.0344606164383562 0.3934047363237532 0.07455177276390011 0.39538454651266897
0 0.05256961646296658 0.4835283758729467 0.016775775557793762 0.4672584481887772 0.008569216094582286 0.4993552140893378 0.04436305699975511 0.5156251417735072
0 0.14417892156862747 0.43104575163398695 0.13026960784313726 0.39395424836601317 0.11004901960784315 0.4074346405228759 0.12395833333333334 0.44452614379084976
0 0.1531454461013974 0.49524178923695117 0.1251154678425249 0.46928810566392104 0.11082552490022562 0.4967247961131357 0.13885550315909814 0.5226784796861658
0 0.09851894340510652 0.5750951957439053 0.08855226479931899 0.5473618291886706 0.05880309015593532 0.5663682463219434 0.06876976876172285 0.5941016128771782
0 0.1329713442351401 0.6412750234343904 0.1007525087638199 0.6307545873621225 0.09541332004314501 0.6598235037302413 0.1276321555144652 0.6703439398025092
0 0.14496548481169105 0.6987061810840568 0.10769441162015862 0.6958391754539389 0.1064371887715647 0.7248949923992206 0.14370826196309713 0.7277619980293385
0 0.04503676470588242 0.6870915032679739 0.01164215686274516 0.6870915032679739 0.011642156862745162 0.7136437908496732 0.04503676470588242 0.7136437908496732
0 0.10195496994418216 0.7740595629979488 0.0727042185487335 0.7558590954630029 0.06393011127808805 0.7809279733791328 0.0931808626735367 0.7991284409140786
0 0.060211022008167414 0.8254886374263536 0.025629987686648658 0.8230185635462451 0.024491100096636503 0.8513642102309923 0.05907213441815525 0.8538342841111007
0 0.10385553185004576 0.9441417758813371 0.08603195164076001 0.9034021639743983 0.06667809610890996 0.9184551627213929 0.08450167631819572 0.9591947746283317
0 0.1639769246027374 0.8830487171763923 0.1370459854979835 0.849975634065291 0.12154197338358355 0.8724195373166128 0.1484729124883375 0.9054926204277142
0 0.58134396795631 0.9898712001579157 0.5775472101592315 0.9611845856910999 0.5462972101592315 0.9685375268675704 0.5500939679563102 0.9972241413343863