0 0.5787335727092393 0.4422867233793648 0.5659034771496146 0.4228990234225986 0.5432462138551918 0.4495546272983902 0.5560763094148164 0.4689423272551563
0 0.6591244460112812 0.4388558733995881 0.6583345923986034 0.4104211433431821 0.6217222334139135 0.412229161070821 0.6225120870265916 0.4406638911272271
0 0.46115615766854684 0.2916789775270839 0.45780872280419016 0.24927813591189896 0.4335834676336288 0.2526781717253111 0.4369309024979855 0.2950790133404961
0 0.5085507831181253 0.25220090068547746 0.47517186752749874 0.23580424039534517 0.4673048182687709 0.26427546628407467 0.5006837338593975 0.280672126574207
0 0.3761789215686274 0.44458169934640535 0.3696730392156862 0.41484052287581696 0.3312024509803922 0.4298013071895424 0.33770833333333333 0.45954248366013073
0 0.16482843137254904 0.36764705882352944 0.13388480392156865 0.36764705882352944 0.13388480392156865 0.3966503267973856 0.1648284313725491 0.3966503267973856
0 0.14609084722068946 0.43477694392328536 0.1170452350733915 0.4314093367178016 0.11496328127874043 0.46333262823578464 0.1440088934260384 0.46670023544126843
0 0.14693627450980395 0.5424019607843137 0.1183823529411765 0.5233660130718955 0.10759803921568627 0.552124183006536 0.13615196078431374 0.5711601307189543
0 0.20217660140183505 0.6211516464260508 0.20009271033609968 0.5871147590190399 0.16252791197157387 0.5912034445553148 0.1646118030373092 0.6252403319623258
0 0.23540754969807987 0.38278970757853314 0.2026251568966687 0.36948670760114893 0.19708182797340393 0.3937717676459281 0.22986422077481508 0.40707476762331235
0 0.26041176470588234 0.5645065359477125 0.25460294117647053 0.5219084967320262 0.2248651960784314 0.5291176470588236 0.23067401960784312 0.5717156862745099
0 0.2787990196078432 0.6311274509803924 0.2576593137254903 0.6029411764705884 0.24463848039215694 0.6203022875816996 0.2657781862745099 0.6484885620915034
0 0.22120375299441056 0.6943668115813446 0.1966475079850946 0.6928076849140863 0.19543796025197419 0.7266750214414575 0.21999420526129015 0.7282341481087158
0 0.36703431372549017 0.5420751633986928 0.3241421568627451 0.5420751633986928 0.3241421568627451 0.576797385620915 0.36703431372549017 0.576797385620915
0 0.2730357363765695 0.4535517308921465 0.2670033865281128 0.4143414568771777 0.2462272685099276 0.4200238139419805 0.25225961835838434 0.45923408795694926
0 0.36083502366463827 0.33660694162722554 0.3594405003380663 0.3049977462249267 0.3269692359702502 0.3075445120576966 0.32836375929682216 0.33915370745999546
0 0.32037377450980387 0.29040032679738564 0.2839767156862745 0.2742238562091504 0.27708333333333335 0.301797385620915 0.31348039215686274 0.31797385620915025
0 0.26589532871972316 0.22488946559015763 0.2382316897347174 0.202758554402153 0.22547217416378315 0.23111303344867362 0.2531358131487889 0.2532439446366782
0 0.19391911764705883 0.30136274509803923 0.18994852941176468 0.27224509803921576 0.1619362745098039 0.2790359477124183 0.16590686274509803 0.3081535947712418
0 0.28313112745098046 0.47876633986928124 0.25465073529411775 0.47334150326797403 0.2520649509803922 0.4974754901960785 0.280545343137255 0.5029003267973857
0 0.4066291810841983 0.5258621683967706 0.4052022779700115 0.4966899269511727 0.37175677623990777 0.4995982314494426 0.37318367935409463 0.5287704728950404
0 0.3185600087956408 0.6688702249681784 0.2827628234006951 0.6553814304715323 0.27540894366499336 0.6900766579425353 0.31120612905993905 0.7035654524391813
0 0.13507454311118844 0.7071217211650784 0.10021142873693058 0.7053338691458858 0.09939232339907905 0.7337295208580725 0.1342554377733369 0.7355173728772653
0 0.1769893280899745 0.4799699720010649 0.14447237091288556 0.4788582811574037 0.14390532001236767 0.5083449279843343 0.1764222771894566 0.5094566188279955
0 0.3352658371040724 0.1652526395173455 0.3075509049773756 0.140617144293615 0.2945418552036199 0.16663524384112632 0.3222567873303167 0.19127073906485684
0 0.30988141580161477 0.3688268935024991 0.28288530853517885 0.35416234140715114 0.27477328431372555 0.3807107843137255 0.3017693915801615 0.39537533640907346
0 0.234375 0.2945261437908497 0.20618872549019607 0.2945261437908497 0.20618872549019607 0.3161764705882353 0.234375 0.3161764705882353
0 0.45708936923221793 0.5783012377843346 0.4548945712222989 0.5531342206039299 0.42077147027434236 0.5584246238516751 0.42296626828426137 0.5835916410320797
0 0.47843385002119326 0.4261721468678211 0.47068181505989093 0.39759601799086336 0.4374730176297901 0.4136116082408411 0.4452250525910925 0.4421877371177989
0 0.4202818627450981 0.3119281045751634 0.40575980392156863 0.2732026143790849 0.388235294117647 0.2848856209150326 0.4027573529411764 0.3236111111111111
0 0.48222700838273647 0.35363278230451567 0.4510652684911977 0.3362401832952847 0.4423478203982928 0.3640068698134262 0.47350956028983154 0.3813994688226572
0 0.5557598039215687 0.3688725490196079 0.524203431372549 0.3688725490196079 0.524203431372549 0.3982843137254903 0.5557598039215687 0.3982843137254903
0 0.5869036537435628 0.23182405018272362 0.560438407039662 0.20762725319630002 0.5474023486407332 0.2329751445275503 0.573867595344634 0.25717194151397393
0 0.5508578431372549 0.31290849673202625 0.5369178921568627 0.2943218954248367 0.5168504901960784 0.3210784313725491 0.5307904411764706 0.33966503267973863
0 0.6159043396770473 0.32379613610149954 0.5956837514417531 0.3066392733564014 0.5779718137254901 0.34375 0.5981924019607843 0.36090686274509814
0 0.5324786486759653 0.53358938076949 0.4989355922781485 0.5137120140152283 0.4934145694360219 0.5302750825416078 0.5269576258338388 0.5501524492958696
0 0.4733114927210947 0.6177516184004074 0.44332156551014684 0.6003661533505825 0.4327227313819009 0.6328692446772032 0.4627126585928488 0.6502547097270281
0 0.522714071177604 0.7104159582908309 0.48700661623030717 0.7030913521477956 0.4832132636291511 0.7359670746911482 0.5189207185764481 0.7432916808341835
0 0.4639977216870281 0.16786711634943707 0.4314098294853167 0.1652337513230362 0.4300727781963656 0.19464887967995992 0.46266067039807696 0.19728224470636083
0 0.3944259017600213 0.101735204889692 0.3769924672087264 0.07229207098083834 0.35237705363715444 0.09820303263512463 0.3698104881884494 0.12764616654397828
0 0.33962783359950316 0.09213634548842169 0.31119964954307516 0.09033138142134689 0.30989444703220653 0.12687705172566774 0.3383226310886346 0.12868201579274252
0 0.2636672140625384 0.15641170730107185 0.25456329802937483 0.12772057798443515 0.22723809567741773 0.14313479469579554 0.23634201171058133 0.17182592401243224
0 0.21520648353681096 0.23039986434825502 0.21439685752214316 0.19801482376154309 0.18193700898783488 0.19945748369640123 0.18274663500250268 0.23184252428311317
0 0.15693669709263017 0.22544793779580802 0.1468897903989182 0.1941908947487041 0.116421568627451 0.21160130718954248 0.12646847532116298 0.2428583502366464
0 0.16450515551048006 0.16424104124408387 0.14096306626098712 0.13633930583727746 0.12575008451656522 0.1591587784539103 0.14929217376605816 0.1870605138607167
0 0.18650063197175182 0.13662738856342904 0.18477692065912307 0.1056005849361118 0.15220780501832384 0.10881728771544996 0.15393151633095256 0.1398440913427672
0 0.23972067275185935 0.06969799414018482 0.23186063218390804 0.04349785891368044 0.20328346855983773 0.05873901284651792 0.21114350912778906 0.0849391480730223
0 0.7064336689909255 0.36841150920225185 0.6746512839057439 0.36387116847579737 0.6722845269886013 0.3933241434446836 0.7040669120737829 0.3978644841711381
0 0.6280584249270641 0.5913633331071758 0.5945694670601804 0.5675489630685029 0.5853676894633285 0.5905534070606326 0.6188566473302123 0.6143677770993057
0 0.5409007352941176 0.6439950980392158 0.5171568627450981 0.6123366013071897 0.5027573529411765 0.6315359477124186 0.5265012254901961 0.6631944444444446
0 0.5689183841174456 0.6926966049818398 0.5354331353727643 0.691869808716539 0.5349772000846963 0.724697149457429 0.5684624488293776 0.7255239457227298
0 0.6496795508744039 0.6977841812400637 0.6186829292527823 0.675904213036566 0.6093079292527823 0.6995153241476773 0.6403045508744039 0.7213952923511748
0 0.6887531586464513 0.4837476464987226 0.6788377554383652 0.46008984235311345 0.6517283289386947 0.48028902288227965 0.6616437321467808 0.5039468270278887
0 0.664225474534862 0.32442862661571553 0.6376136417026874 0.3230093288646662 0.6368428161999623 0.34870351228883467 0.6634546490321369 0.350122810039884
0 0.6181028813964611 0.2906005898294277 0.6130431013868962 0.2644583931133429 0.5809274868483979 0.275508927148095 0.5859872668579628 0.3016511238641798
0 0.6440186651583711 0.205316742081448 0.6249764328808447 0.16723227752639522 0.6060284690799398 0.18407491201608855 0.6250707013574661 0.22215937657114135
0 0.7492507522811102 0.3478531676697082 0.7264942486895748 0.3230278910243966 0.7117383153756552 0.347074597165599 0.7344948189671905 0.37189987381091055
0 0.7227328431372549 0.650326797385621 0.6871936274509803 0.650326797385621 0.6871936274509803 0.6801470588235295 0.7227328431372549 0.6801470588235295
0 0.9390776666712978 0.280483176186551 0.9158023255948577 0.24807010861343445 0.899488095899673 0.2688967848200531 0.9227634369761131 0.3013098523931696
0 0.788206117988452 0.4104878830159367 0.785643349883481 0.3858853092082153 0.7551350451232727 0.3915349952749205 0.7576978132282437 0.41613756908264193
0 0.4301153651115618 0.7678752535496959 0.4281947261663286 0.7371450304259636 0.39705882352941174 0.7406045751633988 0.398979462474645 0.771334798287131
0 0.3402481933495047 0.7959794656694295 0.3381190620578127 0.766644767872785 0.30914664190418434 0.7703831446668015 0.3112757731958763 0.7997178424634459
0 0.20227621690699626 0.7976606012054626 0.20100781071183335 0.7706012690419877 0.17071865224689092 0.7731253655807329 0.17198705844205384 0.8001846977442078
0 0.47227400519031126 0.12249567474048448 0.46151744521337934 0.08729238754325266 0.4339082324106112 0.10228998462129954 0.44466479238754314 0.13749327181853135
0 0.5503044774610876 0.18107186173438453 0.5263534086314938 0.15191403881140084 0.5126898246411967 0.17186720908294592 0.5366408934707905 0.20102503200592958
0 0.5796471818281216 0.08411312170469187 0.5453835693199213 0.07815423257283097 0.5425032117865735 0.10759788735816518 0.5767668242947737 0.11355677649002612
0 0.7650040376559035 0.22042164930586686 0.731446859069748 0.20740553155123684 0.7260638158799028 0.2320778128380277 0.7596209944660582 0.2450939305926577
0 0.7071078431372549 0.2647058823529413 0.6821384803921569 0.23141339869281055 0.6660539215686274 0.2528594771241831 0.6910232843137255 0.2861519607843138
0 0.7630404088613132 0.1615733007198824 0.7247320327725411 0.1546081414310147 0.7223960197669332 0.17744915748584775 0.7607043958557054 0.18441431677471545
0 0.7030948051603312 0.11732571789245189 0.6739635317123239 0.08606288785068789 0.6595791746301408 0.1098915197848093 0.6887104480781483 0.1411543498265733
0 0.8471663722508771 0.2610780669760725 0.8356590006757898 0.2357284948106629 0.8027800863122745 0.2622623555250787 0.8142874578873619 0.2876119276904883
0 0.8007029226785054 0.4675776914539402 0.7797192933777285 0.4370560488346283 0.7625855530891602 0.4579972869651006 0.7835691823899372 0.4885189295844125
0 0.8225849160601851 0.5524750553493635 0.8011016884723577 0.5179333953061896 0.7812303455044338 0.5399049615146259 0.8027135730922613 0.5744466215577996
0 0.6321343363935168 0.8612573198836375 0.6059096962484415 0.8255309985265784 0.5902183922702029 0.8460075937889607 0.6164430324152782 0.8817339151460201
0 0.5799325348696179 0.7749855131055859 0.5498597634930261 0.7657966107405162 0.5454848898322217 0.7912504211306517 0.5755576612088135 0.8004393234957214
0 0.7467960822461283 0.7218458330154374 0.7222717345693141 0.7079734747336031 0.7094441424429695 0.7482887642735436 0.7339684901197835 0.7621611225553778
0 0.8563424375610438 0.39664588103973286 0.8270145437831892 0.3733697748668326 0.8142255096890157 0.4020172112377811 0.8435534034668702 0.4252933174106814
0 0.8191223604826545 0.3019105077928608 0.7920861613876319 0.2974044746103571 0.789635180995475 0.3235482654600303 0.8166713800904977 0.32805429864253405
0 0.8793559251183725 0.1987287814922065 0.8750209275743505 0.1804639918400606 0.836068420049348 0.19689964902360593 0.84040341759337 0.21516443867575183
0 0.8371629901960784 0.12152777777777787 0.8129595588235294 0.08925653594771252 0.8000919117647058 0.10641339869281065 0.8242953431372549 0.138684640522876
0 0.7877068104498539 0.6294996896765742 0.7644605688113462 0.6052427418798706 0.7544138478955473 0.6223593775141947 0.7776600895340551 0.6466163253108983
0 0.7316936274509804 0.5955326797385622 0.7275857843137256 0.5654084967320262 0.6976323529411763 0.572669934640523 0.7017401960784312 0.6027941176470589
0 0.643173269854191 0.5123060756227716 0.6128729578138611 0.5101222693495947 0.6119442451051796 0.5330305161637368 0.6422445571455095 0.5352143224369137
0 0.8203212813787935 0.866340910037051 0.8054866054702136 0.8300783689271888 0.7826472149369301 0.8466888347695768 0.7974818908455101 0.8829513758794391
0 0.8438636897238753 0.7871371802973652 0.8121319140906139 0.7826362192146331 0.8097634924605474 0.8123204369781337 0.8414952680938087 0.8168213980608657
0 0.810774219369829 0.7206437247345955 0.7908511489856058 0.7011633892477995 0.7758318103252861 0.7284712777211079 0.7957548807095093 0.747951613207904
0 0.8833661992566418 0.6638319730749731 0.8406542778596497 0.655839098895419 0.8380538564656167 0.6805431021387327 0.8807657778626088 0.6885359763182867
0 0.8852856088847468 0.5658444956112301 0.8809624152550116 0.5394936011061773 0.845913167224019 0.5497162984485502 0.8502363608537542 0.5760671929536029
0 0.9142886847879946 0.4159706000330339 0.8832605560274652 0.4114980769684531 0.8810812185885185 0.43837657204879565 0.9121093473490479 0.4428490951133765
0 0.9043417564989799 0.7909319270694705 0.9032701457279745 0.7609268254813238 0.871290258184722 0.762957294531689 0.8723618689557273 0.7929623961198357
0 0.8843114416662781 0.8814501018488285 0.8544124206978589 0.8532526511794252 0.8423006221719458 0.8760840874811467 0.8721996431403648 0.90428153815055
0 0.7488751349163519 0.9133327337051028 0.72721037956467 0.8861455897343649 0.7140785213167837 0.9047490555855371 0.7357432766684656 0.931936199556275
0 0.6468069329348367 0.7986799800751709 0.6310057510302042 0.7688333031441984 0.6133118518770093 0.7854863847001465 0.629113033781642 0.8153330616311191
0 0.5010840874811463 0.8493903971845148 0.49808163650075404 0.817364253393665 0.4635793740573152 0.8231146304675715 0.4665818250377074 0.8551407742584215
0 0.5427437083080655 0.873913482918941 0.5097407519708914 0.8543561754598747 0.5001389731150192 0.8831615120274917 0.5331419294521933 0.9027188194865576
0 0.3947883327815179 0.6430658254546348 0.3633233546701983 0.6394177120504237 0.3613667089725196 0.6694196127481636 0.39283168708383925 0.6730677261523746
0 0.36588235294117655 0.6079738562091505 0.3317401960784316 0.6014705882352942 0.3284436274509806 0.6322385620915034 0.36258578431372557 0.6387418300653596
0 0.28599877450980393 0.8355800653594773 0.2821455505279035 0.8098919054801408 0.25050669306184015 0.8183289341377578 0.2543599170437406 0.8440170940170942
0 0.14935861862887395 0.7861848658186061 0.128619553772162 0.7626805923143326 0.11520185904550499 0.7837279565914417 0.13594092390221696 0.8072322300957152
0 0.7591416404876503 0.5103427129466845 0.730169845375681 0.5069090187111919 0.7283937552237947 0.533550370989487 0.7573655503357639 0.5369840652249795
0 0.8057965686274511 0.5891176470588236 0.7745090447683499 0.5802929608421542 0.7706581858407081 0.6045650413557755 0.8019457096998093 0.6133897275724451
0 0.08658088235294119 0.6524509803921571 0.05726715686274512 0.623137254901961 0.04414215686274522 0.6464705882352942 0.07345588235294127 0.6757843137254903
0 0.10641940599769326 0.49207035755478656 0.06667182970167404 0.469028284339703 0.056009675332772256 0.5017255577376685 0.09575725162879146 0.524767630952752
0 0.07267700719340989 0.37526250145028417 0.04917805139807404 0.3482030978071702 0.03461502204432069 0.37068637119542097 0.058113977839656536 0.39774577483853496
0 0.09251669860578794 0.20993838989798 0.06508811031494753 0.19272829528411933 0.05615209965005834 0.21804699216797205 0.08358068794089878 0.2352570867818327
0 0.13296568627450983 0.28308823529411764 0.08976715686274513 0.28308823529411764 0.08976715686274513 0.30637254901960786 0.13296568627450983 0.30637254901960786
0 0.8884803921568627 0.2741013071895427 0.8694852941176471 0.2741013071895427 0.8694852941176471 0.3210784313725492 0.8884803921568627 0.3210784313725492
0 0.9559821412554044 0.6738667485902565 0.9317007853003964 0.6719046188161145 0.9301748089446207 0.7054760986431781 0.9544561648996287 0.7074382284173201
0 0.937117299341882 0.8416940882466017 0.9036124397856026 0.8178684103399143 0.890509447723726 0.850625890494606 0.9240143072800054 0.8744515684012935
0 0.676692444219067 0.86956276763579 0.6517600574712644 0.8562654947036286 0.6444071162947939 0.8807752986251972 0.6693395030425965 0.8940725715573586
0 0.7205882352941176 0.8288398692810458 0.7070465686274511 0.7927287581699348 0.6889093137254904 0.8048202614379086 0.7024509803921569 0.8409313725490196
0 0.5860378634212307 0.924456276763579 0.578473630831643 0.8992421681316205 0.5464629817444219 0.9163145143114717 0.5540272143340095 0.9415286229434302
0 0.44806034482758617 0.8670864322740592 0.4466024340770791 0.8437598602659457 0.4148073022312373 0.8472926526932614 0.4162652129817444 0.8706192247013749
0 0.39950980392156876 0.8839869281045751 0.36335784313725505 0.8839869281045751 0.36335784313725505 0.9178921568627451 0.39950980392156876 0.9178921568627451
0 0.3744768099547511 0.8481460532931121 0.37336538461538454 0.8214718451483156 0.33518665158371036 0.8242998994469581 0.3362980769230769 0.8509741075917546
0 0.5039807197631528 0.7758044554455445 0.4784523029508833 0.7605460913738432 0.47058520190254316 0.7839456739791626 0.4961136187148127 0.799204038050864
0 0.2954886988732145 0.7204533019844439 0.2605927269097685 0.703836172478041 0.25167187915890343 0.7371406707479372 0.28656785112234945 0.7537578002543401
0 0.9097946271205112 0.48804389733421466 0.888662838730998 0.46476830432547556 0.8697933878607623 0.4952242601160316 0.8909251762502755 0.5184998531247706
0 0.9618506670148635 0.21801484189680317 0.9574538298948879 0.19616389378540922 0.9199303333986203 0.20958693318244803 0.9243271705185959 0.231437881293842
0 0.9827096927678085 0.12408304811864933 0.9568544485494034 0.09152459243621332 0.9386890053737644 0.11716992397829185 0.9645442495921696 0.14972837966072786
0 0.586560496342405 0.6505670676339509 0.5840225618917458 0.6221511847796344 0.5463004106297455 0.6281407206854127 0.5488383450804047 0.6565566035397293
0 0.4576510354295946 0.928384550406632 0.4380144639595505 0.9216711926390954 0.43154680903823595 0.9553029982299316 0.45118338050827994 0.962016355997468
0 0.22291666666666674 0.919607843137255 0.20625000000000002 0.8751633986928105 0.1883578431372549 0.887091503267974 0.20502450980392165 0.9315359477124183
0 0.15138420122147223 0.9347637415621987 0.12269567663130838 0.9180287688846028 0.11512274991964007 0.9411081645773063 0.1438112745098039 0.9578431372549019
0 0.10745138219222122 0.92235883424408 0.08078190292510451 0.8927260795028393 0.06511170041787212 0.9177984035144112 0.09178117968498883 0.9474311582556519
0 0.0651215292429741 0.9037670783282228 0.06386825892480379 0.8544717791468573 0.021144628941964155 0.8564027906715054 0.022397899260134465 0.9056980898528708
0 0.2858455882352942 0.8905228758169934 0.2524509803921569 0.8905228758169934 0.2524509803921569 0.9191176470588235 0.2858455882352942 0.9191176470588235
0 0.30851715686274517 0.9526143790849673 0.28063725490196084 0.9526143790849673 0.28063725490196084 0.9808006535947712 0.30851715686274517 0.9808006535947712
0 0.3909313725490198 0.9685457516339869 0.35569852941176483 0.9685457516339869 0.35569852941176483 0.9995915032679739 0.3909313725490198 0.9995915032679739
0 0.05530547329853446 0.8211376843114947 0.027680184701867127 0.7920584331571081 0.012575913471190562 0.8175678690133619 0.04020120206785789 0.8466471201677486
0 0.07294649054311991 0.7555309734513275 0.0541954060385216 0.7269578923014635 0.040053466076696215 0.7434568222569263 0.05880455058129453 0.7720299034067905
0 0.1700637996741652 0.8709889718172107 0.1604195097570004 0.841715780792218 0.12657836304500986 0.8615366517646361 0.1362226529621747 0.8908098427896287
0 0.04526593137254907 0.4996887254901961 0.012744791666666713 0.4996887254901961 0.012744791666666713 0.5297847222222223 0.04526593137254907 0.5297847222222223
0 0.035413760992418476 0.4497318830884343 0.005100659626812622 0.44112790634994464 0.0017093506336893901 0.46236895623914714 0.032022451999295244 0.4709729329776368
0 0.05137859433317563 0.26193949429637814 0.041972217841560217 0.22968906061083952 0.01825750407401567 0.24198557886067742 0.027663880565631082 0.274236012546216
0 0.06677242814934195 0.144003491807682 0.03588755707762558 0.12528538812785392 0.02670687281762021 0.15221539529053632 0.05759174388933658 0.17093349897036442
0 0.09723476527540476 0.054920944864806226 0.09585036815556099 0.02477185203265262 0.05740404564315352 0.02791032733978791 0.05878844276299731 0.05805942017194151
0 0.17762399077277966 0.07105440215301809 0.17298875432525948 0.04324298346789696 0.14139273356401383 0.05260476739715493 0.146027970011534 0.08041618608227605
0 0.4791159024870158 0.04669065214572802 0.475907034342325 0.015671593413717117 0.44267973379550185 0.021782361330374252 0.44588860194019264 0.052801420062385154
0 0.5222413771207965 0.05893147414406179 0.4947916666666668 0.037581699346405324 0.4839241720004065 0.062421687155000315 0.5113738824545363 0.08377146195265678
0 0.6289828431372549 0.04044117647058834 0.600796568627451 0.040441176470588334 0.600796568627451 0.07802287581699356 0.6289828431372549 0.07802287581699356
0 0.6914828431372549 0.04575163398692821 0.6577818627450981 0.045751633986928206 0.6577818627450981 0.07312091503267985 0.6914828431372549 0.07312091503267985
0 0.7805634345726422 0.07897853998176917 0.7596746450805841 0.03780643315684334 0.740596999185431 0.055013721611295294 0.7614857886774888 0.09618582843622113
0 0.8962429775280897 0.0574098553278991 0.8759707534699271 0.05117224792538754 0.8681324355584928 0.09646030696922978 0.8884046596166554 0.10269791437174133
0 0.9506342954523784 0.06787335409582544 0.9352183438205101 0.05056421542144702 0.9150543625067529 0.0824905191682294 0.9304703141386212 0.09979965784260783
0 0.9885103577687399 0.4306653605793076 0.9844728532222333 0.38913674238666796 0.9588671345435307 0.39356242215829557 0.9629046390900373 0.43509104035093515
0 0.9672181372549019 0.5273692810457519 0.9408700980392157 0.5273692810457519 0.9408700980392157 0.5616830065359479 0.9672181372549019 0.5616830065359479
0 0.9939187061533366 0.6198548648259851 0.9856284040232711 0.594894815402132 0.9516901038268917 0.6149345736133274 0.9599804059569572 0.6398946230371805
0 0.9906031762019876 0.9416353299310594 0.988830412301907 0.9191803205300383 0.9613836287939834 0.9230325006715013 0.963156392694064 0.9454875100725224
0 0.9195961390174048 0.9820674524491443 0.9115099691562017 0.9353473599177499 0.8900070913196738 0.9419636300212969 0.8980932611808768 0.9886837225526912
0 0.8035348360655739 0.9268322082931535 0.7827065252330441 0.9243075645558771 0.7802706123432981 0.9600342869388195 0.8010989231758279 0.962558930676096
0 0.8530118778280544 0.9729763700351938 0.8344409879336351 0.9358345902463551 0.8181089743589746 0.9503519356460534 0.8366798642533939 0.9874937154348921
0 0.649360294117647 0.9623431372549023 0.6459044117647057 0.9370000000000002 0.6157892156862743 0.9443006535947713 0.6192450980392156 0.9696437908496734
0 0.7010545711837746 0.9606093273030322 0.6690522466149786 0.9364916334250991 0.6581650478959493 0.9621742560443474 0.6901673724647452 0.9862919499222805
0 0.3947945598981582 0.22797093542307323 0.3719578704162946 0.19672072876368096 0.3565759018615877 0.2167041409031292 0.37941259134345134 0.2479543475625214
0 0.9365395108773436 0.34885471828634146 0.9117993684700159 0.3479631816230143 0.9111530789323029 0.3798467988168505 0.9358932213396307 0.3807383354801776
0 0.3640474170437405 0.726187154348919 0.3567057880844645 0.7057195827048769 0.3327908182503771 0.7209697083961791 0.340132447209653 0.7414372800402211