0 0.08712143705463184 0.06608118702746342 0.048716728377811935 0.05095205936689799 0.04183142378091379 0.08202420318879731 0.08023613245773369 0.09715333084936273
0 0.04846818711211093 0.12479458829911134 0.01237281425995949 0.12204446465323313 0.011161284082388052 0.15031350212989997 0.04725665693453949 0.15306362577577817
0 0.08348651960784313 0.22120098039215685 0.06357230392156864 0.19464869281045757 0.04917279411764708 0.21384803921568632 0.06908700980392157 0.24040032679738563
0 0.14231004901960784 0.1047794117647059 0.12270220588235294 0.07863562091503268 0.10677083333333333 0.09987745098039216 0.12637867647058823 0.12602124183006538
0 0.19781030589091528 0.04785387590261729 0.1709726057453549 0.020489946342438045 0.15571953399263636 0.047085045808716544 0.18255723413819674 0.07444897536889579
0 0.26089565243977003 0.07088819588819593 0.2416438638865109 0.04350787439022738 0.2246041997880233 0.06480745451333692 0.24385598834128241 0.09218777601130547
0 0.13560794250132485 0.1637884207737149 0.13296734234234234 0.1414900194311959 0.10011758081611023 0.14840575869987635 0.10275818097509273 0.17070416004239533
0 0.1376935485625993 0.21710853227713584 0.11981359899675745 0.21071245275764772 0.11046260554721338 0.2571840565675031 0.12834255511305523 0.26358013608699127
0 0.10377582789412568 0.28818624114043173 0.0997756743950133 0.2684521505448107 0.06285913786889841 0.28175540695061785 0.06685929136801079 0.30148949754623894
0 0.07028186274509805 0.32181372549019605 0.054197303921568636 0.31466503267973855 0.0434436274509804 0.3576797385620915 0.05952818627450981 0.36482843137254906
0 0.20637975778546716 0.2686658977316417 0.17150735294117653 0.2583333333333333 0.16563220876585932 0.2935841983852365 0.20050461361014996 0.30391676278354485
0 0.1846542096219931 0.23502880533656767 0.17565885890438646 0.20804275318374776 0.1449300080857085 0.22625244255777915 0.15392535880331512 0.25323849471059906
0 0.2678739618117989 0.2350675714244941 0.23530623718791396 0.21784785495669287 0.22778362243947153 0.24314128425580356 0.26035134706335655 0.2603610007236048
0 0.22733187376074027 0.1414959242123816 0.18832410773298086 0.1365425570977455 0.1869953458911655 0.15514522288316077 0.2260031119189249 0.1600985899977969
0 0.12824754901960786 0.3995915032679739 0.11973039215686275 0.37687908496732025 0.08970588235294118 0.39689542483660134 0.0982230392156863 0.4196078431372549
0 0.194997674771748 0.39326213705876023 0.19316477801188242 0.3671942720295604 0.1545659890287189 0.37201912065245585 0.15639888578858452 0.3980869856816557
0 0.31975948958439526 0.1244605294457471 0.31899382369932366 0.09995922112345808 0.2860011638971013 0.10179214666802598 0.2867668297821728 0.12629345499031502
0 0.3700655997693194 0.029974048442906666 0.34657944059976925 -0.006559976931949182 0.3301542675893886 0.01221164936562869 0.3536404267589388 0.04874567474048454
0 0.42482498508322525 0.07896571885137411 0.38382327222599427 0.07738111159119127 0.38331185832150283 0.10090615119779991 0.4243135711787338 0.10249075845798276
0 0.3462999622926093 0.17507541478129715 0.34393853695324283 0.1498868778280543 0.3070607088989442 0.15603318250377074 0.3094221342383107 0.1812217194570136
0 0.3570319570135746 0.2519777526395173 0.3324849170437405 0.22269356460532932 0.318622737556561 0.24335093011563597 0.3431697775263951 0.27263511814982405
0 0.3415943627450981 0.325593137254902 0.3129338235294118 0.29913725490196086 0.30023897058823534 0.3235866013071896 0.32889950980392163 0.35004248366013074
0 0.33684760668973474 0.4084486735870819 0.3032403402537486 0.3984909650134564 0.2994989907727797 0.42093906189926955 0.33310625720876585 0.4308967704728951
0 0.2010151695813461 0.4492315845257023 0.17573032591414942 0.42471294824236006 0.16347542395336512 0.44718026850379794 0.18876026762056178 0.47169890478714016
0 0.14336617065223717 0.48904525707414515 0.09603924841449937 0.4768675694808091 0.09298015942281962 0.498003093423324 0.14030708166055741 0.51018078101666
0 0.05666465156987285 0.5170317480085423 0.044439154455007096 0.4973351137679254 0.017327021669641708 0.5272519499448802 0.02955251878450746 0.5469485841854973
0 0.1279390120219661 0.5237598052958217 0.09130443072939862 0.5102491795709032 0.08690956933656564 0.5314346652594315 0.1235441506291331 0.54494529098435
0 0.256403969335338 0.49200821169788467 0.22093376088454555 0.4901164672471758 0.22015608359957403 0.5160390434128923 0.25562629205036647 0.5179307878636012
0 0.3392082152730636 0.4981770346539686 0.30966086572611984 0.48718267203185006 0.30535166587959817 0.5077710712985647 0.334899015426542 0.5187654339206833
0 0.27680759803921573 0.5774101307189543 0.2643070199778025 0.5474087433715624 0.23626526082130964 0.5681804168208164 0.2487658388827229 0.5981818041682083
0 0.1480450913242009 0.6151625033575074 0.136146924523234 0.5728579102874027 0.11341659951651895 0.5842230727907602 0.1253147663174859 0.626527665860865
0 0.10824019607843144 0.6261732026143791 0.07335294117647066 0.6177156862745098 0.06963235294117655 0.6449999999999999 0.10451960784313732 0.6534575163398693
0 0.047937121672893684 0.6589607408694644 0.04708362296174008 0.6293727855494733 0.020833333333333332 0.6307189542483659 0.021686832044486924 0.660306909568357
0 0.10191924869087889 0.6697180999392414 0.06638456027225513 0.6689413854382878 0.06600558681290901 0.6997645601317727 0.10154027523153276 0.7005412746327262
0 0.11082393857056613 0.7522503734070615 0.08485079607207559 0.7230875467420897 0.07017669304350596 0.7463215432039917 0.0961498355419965 0.7754843698689634
0 0.04660501879116486 0.7814373917712091 0.011470833994994167 0.7648462489507952 0.003944561337840302 0.7931804518953746 0.039078746134010994 0.8097715947157884
0 0.03645833333333341 0.8521241830065359 7.839765584615179e-17 0.8521241830065359 7.967332959526362e-17 0.8799019607843137 0.03645833333333341 0.8799019607843137
0 0.15778186274509812 0.8243464052287581 0.1256127450980393 0.8243464052287581 0.1256127450980393 0.8529411764705882 0.15778186274509812 0.8529411764705882
0 0.1690460808529481 0.7391029100419277 0.16724287191940998 0.713617557114589 0.13631437931559356 0.717507933542742 0.1381175882491317 0.7429932864700808
0 0.08964990593099707 0.8868236033316405 0.05849178416350126 0.8642452542247595 0.04763014518102027 0.8908924751951127 0.07878826694851608 0.9134708243019938
0 0.24123940116587184 0.8029279279279279 0.2222211181770006 0.78448595654478 0.20054650238473776 0.8242227521639286 0.219564785373609 0.8426647235470764
0 0.22797712966158806 0.6698641037862477 0.19704647104021827 0.6524512885623655 0.18841488030669098 0.6797089435103463 0.21934553892806077 0.6971217587342285
0 0.21838096209480007 0.6238828927956218 0.19234153623618425 0.5914279562182165 0.17855948495413296 0.6110860758763362 0.20459891081274878 0.6435410124537415
0 0.3273714891361952 0.631436583642466 0.28654814316579025 0.6292149049501992 0.2858077534548123 0.6534009688421455 0.32663109942521723 0.6556226475344124
0 0.2836799959709911 0.7463850837138508 0.2766670024174053 0.7214499955233235 0.2463151356432984 0.7366259289103769 0.2533281291968842 0.7615610171009043
0 0.3143382352941178 0.7879901960784313 0.28492647058823534 0.7879901960784313 0.28492647058823534 0.8133169934640523 0.3143382352941178 0.8133169934640523
0 0.22757104855438046 0.9252269584368359 0.1912673019795642 0.9043248013180022 0.18527389732558247 0.9228307525302966 0.22157764390039872 0.9437329096491303
0 0.3121758283041277 0.866206968984545 0.2923489041784824 0.8477819485849554 0.2743753635570422 0.8821661132520583 0.2942022876826875 0.900591133651648
0 0.37315120013522657 0.7628324318233041 0.35488505747126436 0.7523946360153257 0.3413201487491549 0.7945965742618887 0.3595862914131171 0.805034370069867
0 0.4074360561056105 0.6873827088591212 0.4054825519316637 0.6613359865398305 0.37305559600077653 0.6656595806639487 0.37500910017472333 0.6917063029832395
0 0.33908660800385726 0.5929597932069002 0.33769537528126004 0.5725550466088074 0.3091324132111861 0.5760172238294226 0.31052364593378334 0.5964219704275152
0 0.37162990196078444 0.9366830065359477 0.337622549019608 0.9366830065359477 0.337622549019608 0.9673202614379085 0.37162990196078444 0.9673202614379085
0 0.14632713379469436 0.93911476355248 0.14499711649365632 0.9160611303344869 0.11500865051903116 0.9191368704344485 0.11633866782006921 0.9421905036524416
0 0.4167688739450214 0.882695294011285 0.4156954482362513 0.857648694139983 0.37686914676366884 0.8606068885378941 0.3779425724724389 0.8856534884091961
0 0.49286953813295364 0.8897163883203306 0.4877274850938863 0.8611494269921784 0.451029986502922 0.8728926265412871 0.45617203954198926 0.9014595878694392
0 0.4472026229651116 0.9446604160392261 0.41994933583781124 0.9235338368707763 0.4103829334886744 0.9454727862581304 0.43763622061597474 0.9665993654265801
0 0.4919770370507048 0.9739356533077473 0.48313951521637505 0.9460840693450112 0.45079702991610693 0.9643285482323419 0.4596345517504366 0.9921801321950781
0 0.5555379479377959 0.806907820599504 0.5234216531440162 0.7897791300428216 0.5153080628803245 0.816824430921794 0.5474243576741041 0.8339531214784764
0 0.47696449200699387 0.7499024291245161 0.4707297130635693 0.7216380979143251 0.44025930435868615 0.733587277798593 0.4464940833021107 0.761851609008784
0 0.5213875578321218 0.7432620988470295 0.5031566699713594 0.7280696922963943 0.4876314992289052 0.7611900565469634 0.5058623870896674 0.7763824630975986
0 0.6189644607843137 0.752001633986928 0.6128982843137255 0.7277369281045751 0.584313725490196 0.7404411764705883 0.5903799019607843 0.7647058823529411
0 0.5352167913765004 0.6387660311815744 0.5105662258606213 0.6069257173902307 0.4968342532226996 0.6258256367198434 0.5214848187385787 0.657665950511187
0 0.46317853150761495 0.6369987424898702 0.44744801127101674 0.6145265707233013 0.42987343393414373 0.6363971558536321 0.4456039541707419 0.6588693276202011
0 0.464119931609865 0.5464612702463362 0.45295529599768236 0.5352139336296188 0.4312738279058873 0.5734753479092571 0.4424384635180699 0.5847226845259744
0 0.42187218924266956 0.4888469149127542 0.3922186994063681 0.47698551897823366 0.38712560712358346 0.4996214846794989 0.4167790969598849 0.5114828806140195
0 0.4120521275520517 0.4380558924600768 0.3797171897109358 0.42147387305437634 0.37268167576308864 0.4458636547402466 0.4050166136042045 0.46244567414594706
0 0.44226623992827535 0.3684014678713925 0.4039096339248288 0.3666379457562915 0.40310731626379764 0.39766089531616294 0.4414639222672442 0.39942441743126395
0 0.43407941701368236 0.30444768131325506 0.4245846929640387 0.2844372951441136 0.3982931531476362 0.30661519267631704 0.4077878771972799 0.3266255788454585
0 0.40877947612685966 0.20922918493160217 0.38577783402218235 0.1818462776641293 0.3723509320335658 0.2018971179671301 0.395352574138243 0.229280025234603
0 0.4930054151624549 0.2725410561336448 0.4619589261697459 0.24592977985417996 0.45211408119204366 0.26634871758571066 0.4831605701847526 0.2929599938651755
0 0.49248380002686004 0.47328934998656996 0.4916188221864088 0.44215014773032507 0.46200938423314525 0.44361234219715284 0.4628743620735965 0.4747515444533978
0 0.5523897058823529 0.3043300653594772 0.5291053921568627 0.3043300653594772 0.5291053921568627 0.3468137254901962 0.5523897058823529 0.3468137254901962
0 0.5401348039215687 0.2026143790849674 0.5073529411764706 0.2026143790849674 0.5073529411764706 0.23447712418300662 0.5401348039215687 0.23447712418300662
0 0.5858060679893259 0.4889585025331631 0.5794610743705766 0.4686545229531655 0.5477868662257803 0.48625130525583016 0.5541318598445295 0.5065552848358278
0 0.6133578431372549 0.5543300653594773 0.5818014705882353 0.5543300653594773 0.5818014705882353 0.5776143790849675 0.6133578431372549 0.5776143790849675
0 0.5819582488167679 0.6026718503493351 0.5503509550371872 0.5924208361505522 0.546667511832319 0.6126115618661258 0.5782748056118998 0.6228625760649088
0 0.6006210401162881 0.4006865773438034 0.5761072861860296 0.37814519441942773 0.5646621360066992 0.40027248476613314 0.5891758899369578 0.4228138676905088
0 0.6120267072346179 0.30642889339643903 0.5835182133198107 0.29013832544512064 0.5749609110885734 0.31676104349785905 0.6034694050033805 0.33305161144917744
0 0.6527564102564102 0.24335972850678733 0.6517420814479639 0.21901583710407235 0.6088800904977374 0.22219079939668174 0.6098944193061839 0.24653469079939666
0 0.6709107145053755 0.3240616876194226 0.6625354423450686 0.29651634806996835 0.6322829790636456 0.31286903092479157 0.6406582512239526 0.34041437047424583
0 0.6663950715421303 0.48926426426426417 0.6635085453100159 0.4648891538597421 0.627811175145734 0.4724043896838014 0.6306977013778484 0.4967795000883235
0 0.6078671869771799 0.6813042338664704 0.5752306682058489 0.6761847799415557 0.573024367596868 0.7011895201766712 0.6056608863681991 0.706308974101586
0 0.42827396044624744 0.8411215348208245 0.42699247802569296 0.8120745999549246 0.3905161849222447 0.8149354856885284 0.3917976673427992 0.8439824205544285
0 0.583639705882353 0.9391339869281046 0.5459558823529413 0.9391339869281046 0.5459558823529413 0.9656862745098039 0.583639705882353 0.9656862745098039
0 0.626531862745098 0.9195261437908496 0.6003370098039215 0.8845996732026143 0.5863970588235293 0.9031862745098039 0.6125919117647058 0.9381127450980392
0 0.642632511363775 0.8337281204174234 0.6086402009529729 0.8303288893763432 0.6074777370550458 0.8509949142283805 0.6414700474658478 0.8543941452694608
0 0.6944935349410915 0.9499555172756016 0.6664442973501765 0.9231049650518198 0.6580221757900556 0.9387460479491871 0.6860714133809706 0.9655966001729688
0 0.7505448717948718 0.9072762694821519 0.7486378205128206 0.8615070387129209 0.7284285444947209 0.863004022121669 0.7303355957767722 0.9087732528909
0 0.7172037981309861 0.8102633659484453 0.6933382449881731 0.774771004864262 0.6775892418602245 0.7935973994080167 0.7014547950030375 0.8290897604922
0 0.7910450806293661 0.7973788201925239 0.7716215370720985 0.7824376328407797 0.7550294743313529 0.8207837333971695 0.7744530178886205 0.8357249207489138
0 0.7969115863856833 0.7497571155908426 0.78674687386244 0.7257115590842459 0.7575142748393888 0.7476803001682358 0.7676789873626318 0.7717258566748325
0 0.7289810743885183 0.7058304696449026 0.7176954467353952 0.6788703591402198 0.6837417879522943 0.7041381982346204 0.6950274156054174 0.7310983087393034
0 0.685946867668781 0.6883966412759096 0.6850829604367596 0.658447857232504 0.6492903198945753 0.6602833772603084 0.6501542271265967 0.690232161303714
0 0.6975784172050323 0.6126128678831841 0.6590622520684575 0.604712116060297 0.6557328856398051 0.6335666251086177 0.69424905077638 0.6414673769315049
0 0.723884757936946 0.5617803406540852 0.7224189980870397 0.539305356288857 0.6872654784240149 0.5433811266845701 0.6887312382739211 0.5658561110497983
0 0.7892940175313699 0.6507766999891236 0.7721445707632525 0.6452888770233259 0.7647916295867819 0.6861385502259404 0.7819410763548993 0.6916263731917378
0 0.8272887831603228 0.697092464436755 0.8071330738177622 0.6657391387927718 0.7920703575547865 0.6829536716647442 0.8122260668973471 0.7143069973087274
0 0.8827935022262182 0.7577348588634872 0.8493287899220825 0.7491906769986015 0.8450145560407569 0.7792305277278307 0.8784792683448926 0.7877747095927164
0 0.8747627913826472 0.676187971612107 0.8551417992089537 0.634039173609358 0.8390423819742486 0.6473628292518726 0.8586633741479422 0.6895116272546216
0 0.9303136922189692 0.722966388667081 0.8982549241416026 0.704079052435454 0.8895206725224029 0.7304350397776004 0.9215794405997695 0.7493223760092274
0 0.9415273878696874 0.6612084067811365 0.909138946921721 0.6597689205167825 0.9084275913473049 0.6882231434934315 0.9408160322952711 0.6896626297577856
0 0.9133502887456352 0.8418032053003851 0.8922449973139941 0.815672844480258 0.8769356030083266 0.8376555645089087 0.8980408944399677 0.8637859253290356
0 0.8400921819042523 0.8168899820250005 0.8256783075371507 0.8021557993386298 0.8065110491362395 0.835490161774997 0.8209249235033412 0.8502243444613676
0 0.7911171075882694 0.8431577859335532 0.7710207674924391 0.842041322594896 0.7698032419206852 0.8810021408910184 0.7898995820165154 0.8821186042296756
0 0.8054397409298863 0.9368030912758762 0.7914795965465663 0.9204054613653099 0.7694991019069612 0.9536732370360635 0.7834592462902813 0.9700708669466299
0 0.904457107222007 0.9400863868101729 0.8944783374576389 0.9181041693582316 0.8624668316388896 0.9439380161593274 0.8724456014032578 0.9659202336112687
0 0.96557418699187 0.9422824007651842 0.9635043041606887 0.9174438067910091 0.9328035329985652 0.9219920691853979 0.9348734158297466 0.946830663159573
0 0.9576015517672036 0.5850167561716831 0.9568670382165605 0.5575949169476709 0.9243564225053078 0.5591430415053495 0.9250909360559509 0.5865648807293619
0 0.8125853712271427 0.47995336711463626 0.8106837959903064 0.453331313798928 0.7879268561357128 0.45622108393919375 0.789828431372549 0.48284313725490213
0 0.7289281799343291 0.4935334327740627 0.6963258861236801 0.4685614630467572 0.6863926582375631 0.4916163623379917 0.7189949520482121 0.5165883320652972
0 0.7290134803921569 0.4099264705882354 0.7063419117647058 0.37969771241830075 0.6925551470588235 0.3980800653594772 0.7152267156862745 0.42830882352941185
0 0.735811873876188 0.32196677797756673 0.7096451162342666 0.295286946656392 0.6986183802123469 0.3145130504894827 0.7247851378542682 0.3411928818106575
0 0.7200626236733226 0.20277178149547292 0.686474073574384 0.18933636145589747 0.6811786067638065 0.21287176950290834 0.7147671568627453 0.2263071895424838
0 0.8041992833777678 0.38327826308922813 0.7742891093274341 0.36402573726372606 0.7644491439295102 0.39120278455323004 0.794359317979844 0.4104553103787322
0 0.8209430155075549 0.26237809231848 0.77863073516585 0.24588715228786687 0.7732932657362989 0.27023350407178437 0.8156055460780037 0.28672444410239756
0 0.838232040603852 0.32367618138700915 0.8091239371854936 0.30779903406790454 0.8008518783619641 0.33475981838163005 0.8299599817803226 0.35063696570073466
0 0.8599736998073788 0.40837901911394286 0.856118807724601 0.3760713521344726 0.8285060749740701 0.3819285984754943 0.8323609670568479 0.41423626545496456
0 0.9092093419226097 0.4268338972757244 0.9076923911157384 0.396494881138296 0.8745268848689919 0.3994429261380068 0.8760438356758633 0.42978194227543526
0 0.8858820046882054 0.2826441126834534 0.8514117154701176 0.2785587450724208 0.8497635182196348 0.3032817038296621 0.8842338074377227 0.3073670714406947
0 0.9696691176470589 0.31413398692810474 0.9301470588235294 0.31413398692810474 0.9301470588235294 0.3415032679738564 0.9696691176470589 0.3415032679738564
0 0.8972142016584056 0.23197159096813083 0.8866738169830729 0.19964774463044366 0.8663967276099627 0.21140257904963794 0.8769371122852956 0.2437264253873251
0 0.8526749492900606 0.18618154158215028 0.8297033468559837 0.15172413793103462 0.8128359533468559 0.1717151228307416 0.8358075557809329 0.20617252648185727
0 0.9832485947946765 0.24224266317020424 0.947685212037486 0.21888760583712394 0.9379356114532581 0.24528046398432693 0.9734989942104486 0.2686355213174072
0 0.9735822045506429 0.4453333079674303 0.9625658720797503 0.4263247342921645 0.9343843536767878 0.45536023810127757 0.9454006861476805 0.4743688117765434
0 1.000632929642445 0.49523836985774705 0.9696921856978084 0.47786812764321424 0.9615549307958476 0.5036361014994234 0.9924956747404843 0.5210063437139563
0 0.9004563781176719 0.4962189882790185 0.8963216538587667 0.4709512289190421 0.8622325113383946 0.480868070379514 0.8663672355972998 0.5061358297394903
0 0.8236394211314197 0.5524523009761946 0.7876794461470545 0.5386676438988546 0.7832047886263757 0.5594196787773658 0.8191647636107408 0.5732043358547056
0 0.9792782945197007 0.6470440042473353 0.951117631595225 0.6425382981794192 0.948528445289788 0.671307034906497 0.9766891082142637 0.6758127409744131
0 0.9727180527383369 0.7441091954022991 0.9463995943204869 0.7411849222447603 0.944831812035159 0.766269438810007 0.971150270453009 0.7691937119675459
0 0.8428006395691325 0.8922445229880223 0.8139193069931837 0.868342730511375 0.8014934675586974 0.8950352744817529 0.8303748001346464 0.9189370669584003
0 0.936533525081957 0.10187032226139685 0.9082409383311684 0.07223046947485631 0.8934316431619965 0.09736139461042059 0.9217242299127852 0.12700124739696114
0 0.7302624869890567 0.13684054444350682 0.7223135039525136 0.11371623015538118 0.6935241546403355 0.13130972140171232 0.7014731376768786 0.15443403568983793
0 0.6082815100930766 0.16227740265762225 0.5760922443907814 0.14129477019982978 0.5671142709774224 0.1657801522362633 0.5993035366797178 0.18676278469405574
0 0.5497696923597025 0.11994309217940048 0.5487491548343475 0.0968109082713545 0.5247728617308992 0.09869140184809555 0.5257933992562542 0.12182358575614154
0 0.5069822959215915 0.13790660565427468 0.4734944208418791 0.13251775219317152 0.4714516080384688 0.15508596983084677 0.5049394831181813 0.1604748232919499
0 0.49693627450980393 0.05923202614379092 0.46629901960784315 0.05923202614379092 0.46629901960784315 0.08292483660130726 0.49693627450980393 0.08292483660130726
0 0.6037546484110886 0.08613646608068513 0.595561823867478 0.060647678611674506 0.5663138100067614 0.07736082938922689 0.5745066345503719 0.10284961685823753
0 0.699578234578503 0.04711428366967239 0.6796036389008158 0.037429631219884706 0.6676886539287248 0.08111790945088512 0.6876632496064119 0.0908025619006728
0 0.43184331659493064 0.16755340347521125 0.4181536944045911 0.144737366491312 0.40044386657101866 0.1636278495137893 0.41413348876135814 0.18644388649768856
0 0.777390248134652 0.1484368673723177 0.7718787957660939 0.12026722193302108 0.7451267785875412 0.1295722713864307 0.7506382309560992 0.1577419168257273
0 0.6628507676655568 0.15448236527315326 0.6440952182759896 0.12151806634603525 0.6273381428042916 0.13846775188062643 0.6460936921938587 0.17143205080774446
0 0.7843188222608825 0.050598474140118095 0.7503063725490198 0.02900326797385607 0.7398353403283681 0.05832215819168071 0.7738477900402309 0.07991736435794274
0 0.8543322939839295 0.12159197735717567 0.8234794576541092 0.10142672485402518 0.8125009496979199 0.13128826649486003 0.8433537860277401 0.15145351899801052
0 0.8777573529411765 0.05269607843137264 0.8552389705882353 0.022671568627451073 0.8394607843137255 0.04370915032679757 0.8619791666666666 0.07373366013071914
0 0.9712338193499082 0.1803022975328988 0.9387027268276372 0.15601241511626987 0.9263522933533949 0.18541820910256104 0.9588833858756658 0.20970809151918998
0 0.4360131920415225 0.021205786236063038 0.4244431228373702 -0.004505478662053092 0.40425857843137253 0.011642156862745098 0.4158286476355248 0.037353421760861226
0 0.6595313556457065 0.3802794681090828 0.6415124239350912 0.35325107054315985 0.6206135902636917 0.37802005859815196 0.638632521974307 0.4050484561640749