0 0.3514093137254903 0.553513071895425 0.32705269607843146 0.5210375816993466 0.3137254901960784 0.5388071895424839 0.33808210784313725 0.5712826797385623
0 0.37582680452093503 0.47743456916973487 0.3628695200787739 0.4548423809116078 0.33472405064645944 0.4835397222935754 0.34768133508862054 0.5061319105517025
0 0.31597374565169706 0.4188512645335171 0.3089903449392544 0.3915827474658838 0.27744996839972 0.4059425936952653 0.28443336911216266 0.43321111076289864
0 0.3062013594097433 0.3638509871302473 0.3050643066504953 0.3304974395256384 0.2730865928845765 0.332435482784179 0.27422364564382457 0.3657890303887878
0 0.40208067578929063 0.3566973733801062 0.36536806381004844 0.3545218111887437 0.36433615153799326 0.3854791793503997 0.40104876351723545 0.38765474154176227
0 0.4497609742871004 0.4308375526670233 0.4080216550353626 0.42077988537744787 0.40411986238127534 0.44956644451426914 0.44585918163301314 0.4596241118038445
0 0.43045343137254904 0.5216503267973857 0.40625 0.5216503267973857 0.40625 0.5690359477124183 0.43045343137254904 0.5690359477124183
0 0.36957371677220036 0.3163587327806839 0.3352920146217614 0.30904530298859023 0.3318870254810193 0.3374202124947744 0.36616872763145825 0.34473364228686804
0 0.3380750809498112 0.6154996402230618 0.304767606583918 0.6021766504767047 0.2988903130059364 0.6282979552677341 0.33219778737182953 0.6416209450140914
0 0.25556324014754417 0.5778530058888242 0.2540890118423607 0.5581966284863781 0.23579766064841778 0.5606354753122371 0.23727188895360124 0.5802918527146832
0 0.40234461927898535 0.6111788504809239 0.37990466520782334 0.5949365980103686 0.3714006054817892 0.6158237622497508 0.3938405595529511 0.632066014720306
0 0.2536066503752837 0.6334443668664301 0.21598991970675518 0.6309977502375828 0.21482734043172172 0.6627749170884972 0.2524440711002503 0.6652215337173445
0 0.2354002639517345 0.5133775766716944 0.23502630090497734 0.4849563851181498 0.19924010180995474 0.48579348919054793 0.1996140648567119 0.5142146807440926
0 0.16268451574032233 0.5982651533274855 0.161770797338366 0.5696353100661864 0.13079200557312848 0.5713929720103134 0.13170572397508484 0.6000228152716125
0 0.49745626846629065 0.5066070149520996 0.4650479284179426 0.5050066030978602 0.46426982608111744 0.5330182872235653 0.49667816612946547 0.5346186990778047
0 0.5091911764705882 0.4334150326797386 0.48651960784313725 0.4334150326797386 0.48651960784313725 0.4660947712418301 0.5091911764705882 0.4660947712418301
0 0.5123264900019413 0.3942551608101988 0.4807306833624539 0.37820649712030036 0.4729506406523006 0.4054366466058371 0.504546447291788 0.4214853102957355
0 0.4697022390037096 0.3429937290231408 0.4659346846846847 0.31285329447094157 0.43518150503444625 0.3196873343932167 0.4389490593534711 0.349827768945416
0 0.5398398880058658 0.30522836396319697 0.5090566534213202 0.29002676663749544 0.5010259230350765 0.318937396027973 0.531809157619622 0.3341389933536745
0 0.5578647635524798 0.3896722414455979 0.5408556805074971 0.3752402921953095 0.519687139561707 0.41959342560553636 0.5366962226066897 0.43402537485582476
0 0.3953674791834543 0.8415256513564332 0.38601891955412304 0.8141032097770615 0.3500558185603008 0.8358990285611961 0.35940437818963206 0.8633214701405678
0 0.3282475490196079 0.847549019607843 0.29644607843137255 0.8334150326797385 0.28958333333333336 0.8608660130718955 0.32138480392156865 0.875
0 0.23765743652952515 0.9226347330839851 0.21882969228153687 0.8884024708149155 0.19813626317579053 0.9086360459405343 0.2169640074237788 0.9428683082096038
0 0.35621463350440863 0.9281539237618985 0.32613563462297673 0.9210765122603851 0.32140742202921435 0.9568007851910341 0.3514864209106463 0.9638781966925473
0 0.39429412456096696 0.9474272195949375 0.37613647363035496 0.930920264203472 0.3606255531126415 0.9612527309936671 0.3787832040432535 0.9777596863851327
0 0.25534262868080504 0.8273582619403181 0.2540954662930959 0.8003364102066197 0.21720181087054016 0.8033635819335986 0.2184489732582493 0.830385433667297
0 0.44542966590106764 0.8903771993251387 0.41281514503849276 0.8894712404122894 0.41242330717536485 0.9145488636524748 0.44503782803793973 0.9154548225653241
0 0.48686239826119126 0.8846952460229376 0.4854253375878653 0.8406253853742757 0.46201211616722165 0.8419826735725737 0.4634491768405476 0.8860525342212356
0 0.5063497646350958 0.8126887638328496 0.4883324042613435 0.7753194237984004 0.4688683460748921 0.7920029022439301 0.48688570644864443 0.8293722422783795
0 0.4678308823529412 0.7422385620915033 0.4384191176470588 0.7422385620915033 0.4384191176470589 0.7655228758169934 0.46783088235294124 0.7655228758169934
0 0.33308070668540457 0.7342356510294675 0.312683509837382 0.7214700584443106 0.29855910794351864 0.7615915478819514 0.3189563047915412 0.7743571404671084
0 0.3310589677047289 0.7034698193002691 0.3268490484429066 0.6782103037293349 0.29674524221453286 0.6871299500192234 0.3009551614763552 0.7123894655901576
0 0.36818438914027146 0.741817496229261 0.34265648567119167 0.7375628456510809 0.3400263951734541 0.7656171442936149 0.36555429864253397 0.7698717948717949
0 0.42929676798787014 0.6967106434956516 0.42893118912387196 0.6759945078690858 0.3864338116627201 0.6773277589266905 0.38679939052671836 0.6980438945532563
0 0.4890020535241123 0.624189630807278 0.4709045442501325 0.5910108638049816 0.4509207737148914 0.6103890655361245 0.4690182829888712 0.6435678325384209
0 0.5524879459980713 0.6751441122897246 0.5515449212471873 0.6506254687667415 0.5200869897139182 0.6527764384442301 0.5210300144648022 0.6772950819672131
0 0.17515290519877685 0.8397590993583979 0.14229908706601915 0.8321408226899323 0.13474601996762015 0.8900476704443245 0.16759983810037787 0.8976659471127901
0 0.2887332272070601 0.9892108226988962 0.28684273028485285 0.9584587394309921 0.25278794112412717 0.9621805743119458 0.2546784380463344 0.9929326575798498
0 0.5331787077247008 0.9370887616791683 0.5004431092906961 0.9293862679299909 0.49654765429661807 0.9588185945519148 0.5292832527306226 0.9665210883010922
0 0.5761810428735145 0.8822996305541166 0.5556234203048712 0.8694511164487145 0.5411338875021585 0.9106657875319863 0.5616915100708018 0.9235143016373885
0 0.5503137958158821 0.8428307738256477 0.5348981449646809 0.8006405714960445 0.5151532318559731 0.8134663270196497 0.5305688827071742 0.8556565293492531
0 0.5601841446185463 0.7699378514142193 0.5451205154550904 0.7403391414790079 0.529634386505694 0.7543504010046522 0.5446980156691499 0.7839491109398637
0 0.5861337256714145 0.5466932151788628 0.5791225512848392 0.5203481962717311 0.5441343531405168 0.5369017523830235 0.5511455275270921 0.5632467712901551
0 0.5599815969811196 0.2569668325452721 0.5377912864133849 0.24265050314673361 0.5292510870284033 0.26618349700757193 0.5514413975961379 0.28049982640611043
0 0.19949403028538149 0.42176680903384467 0.1959085614443797 0.3739605578204879 0.17603984663172198 0.37660971979550895 0.17962531547272373 0.42441597100886563
0 0.2598651960784314 0.3363562091503268 0.2356146304675717 0.31787958773252895 0.22622549019607846 0.3397875816993465 0.25047605580693816 0.3582642031171444
0 0.27646015030617926 0.30584807529741664 0.2543375394321767 0.2826720067627473 0.24094219706810172 0.3054034968351169 0.2630648079421043 0.32857956536978633
0 0.3400181148342913 0.26364090334678575 0.3165885766988708 0.23435398067751018 0.30014573396926336 0.2577393570040629 0.3235752721046839 0.2870262796733385
0 0.3309299579987378 0.19744220292630565 0.3156404036364823 0.17565019440998747 0.29219695300428716 0.20489148767165027 0.30748650736654265 0.22668349618796846
0 0.3895093813387424 0.23950304259634891 0.3660106068289385 0.21299160468785225 0.35164701656524683 0.23562514086094216 0.37514579107505075 0.26213657876943885
0 0.18403177872520218 0.30056477373842133 0.16448815079410803 0.2910101111943309 0.15364178237406617 0.33045145090357403 0.17318541030516027 0.34000611344766446
0 0.426182359896457 0.20458781394523676 0.4193367005963397 0.16899038558462667 0.39726029986331357 0.17653787301472104 0.4041059591634309 0.21213530137533118
0 0.3867140505287152 0.1192933578167543 0.36960962398953123 0.09946213864088876 0.34945301452120137 0.1303689398256612 0.3665574410603854 0.15020015900152675
0 0.3149805280170382 0.12198489884045043 0.28898647131072863 0.088192625122248 0.27257782117973745 0.11063180478856079 0.298571877886047 0.1444240785067632
0 0.1960623417857296 0.23518149053932297 0.18979008452396273 0.191275689706955 0.16587090251855666 0.19735040259721684 0.17214315978032352 0.24125620342958481
0 0.2520220588235294 0.18619281045751634 0.24129901960784314 0.14330065359477126 0.2178615196078431 0.15371732026143792 0.22858455882352938 0.196609477124183
0 0.32795208703513196 0.06594981659860553 0.32647136756133294 0.04127115870195455 0.2924610921475108 0.044898921412762235 0.29394181162130983 0.06957757930941323
0 0.251443303577453 0.005172136530684803 0.21721392015168073 0.0015690435384982488 0.2156021433005411 0.028790163691078667 0.24983152672631334 0.032393256683265224
0 0.2135511439852562 0.06671035953544617 0.17749359187458447 0.055893093902244645 0.1727350666620009 0.08409176182866566 0.20879261877267266 0.09490902746186719
0 0.4258585888716541 0.05304939081785527 0.407401662490554 0.0401854724310279 0.3912131358628644 0.08147794614803328 0.4096700622439645 0.09434186453486065
0 0.47898306434487153 0.03225354522073578 0.4591628618956607 0.016562551615110575 0.4425192008211226 0.053937790519336545 0.4623394032703334 0.06962878412496175
0 0.5023857118364038 0.15536643910346332 0.5005533214875775 0.12482659995635773 0.47219315985535704 0.12785168386379459 0.47402555020418335 0.15839152301090018
0 0.5321343402225756 0.07715730436318687 0.5149046104928457 0.06499514220102466 0.5014830087440381 0.09879769475357716 0.5187127384737679 0.11095985691573938
0 0.5685364651773981 0.14607113103673366 0.5453145532194481 0.14527721951680372 0.5445814330988638 0.183399465787191 0.5678033450568137 0.18419337730712093
0 0.5022818122094198 0.22027272420995897 0.46824906508995356 0.2098738292567887 0.4629514099454215 0.24069655009770244 0.4969841570648878 0.2510954450508727
0 0.7187365243639499 0.1683239056726617 0.6947055018643937 0.14356467037008872 0.678015926616442 0.17236236883714262 0.7020469491159981 0.19712160413971563
0 0.6668814432989691 0.23832625833838697 0.6449499065089954 0.2116269961592885 0.6290245350717607 0.23488309413112338 0.6509560718617344 0.2615823563102218
0 0.6063112745098039 0.28104575163398704 0.5735294117647058 0.28104575163398704 0.5735294117647058 0.3112745098039217 0.6063112745098039 0.3112745098039217
0 0.7037402542208638 0.3022966952948928 0.6730675255134532 0.28336291214217013 0.6633771201222652 0.3112712796687911 0.694049848829676 0.33020506282151374
0 0.7684709511924569 0.3546780692310202 0.7417765733581284 0.32653515926614685 0.7300149261035528 0.3463685252248432 0.7567093039378812 0.37451143518971647
0 0.6295955882352942 0.3835784313725491 0.6076899509803921 0.3543709150326798 0.592984068627451 0.37397875816993476 0.6148897058823529 0.40318627450980404
0 0.6977058548138356 0.40689340530219587 0.6692183024895352 0.3922179995593744 0.6607960178453405 0.4212831387236544 0.6892835701696409 0.43595854446647586
0 0.7843137254901961 0.4056372549019609 0.7521446078431373 0.4056372549019609 0.7521446078431373 0.43259803921568646 0.7843137254901961 0.43259803921568646
0 0.8152573529411765 0.28717320261437923 0.7928921568627451 0.25735294117647084 0.7794117647058824 0.27532679738562116 0.8017769607843137 0.30514705882352955
0 0.7329215569375603 0.20355411640013726 0.6994470681754418 0.1999835042655113 0.6976789722248199 0.22945177010920967 0.7311534609869385 0.23302238224383565
0 0.8235294117647058 0.1711601307189544 0.7858455882352942 0.1711601307189544 0.7858455882352942 0.2075163398692812 0.8235294117647058 0.2075163398692812
0 0.8599170437405731 0.15475741578682764 0.8358785822021115 0.13338989441930632 0.8240007541478129 0.1571455505279035 0.8480392156862744 0.17851307189542479
0 0.8246485446510209 0.07848005350672238 0.796447983338413 0.06858511971282487 0.7917730239764299 0.09227158048020602 0.8199735852890379 0.10216651427410353
0 0.8705654942389326 0.2571760663028099 0.8584685162724882 0.21523987601913622 0.8382258186779867 0.2256207465804191 0.850322796644431 0.2675569368640928
0 0.8705777895516731 0.4016879745454128 0.8510275595299632 0.3615849386034437 0.8363604448809403 0.3742964379659303 0.85591067490265 0.4143994739078994
0 0.9153272833296887 0.27921434992832334 0.8933345178219986 0.24109355638166052 0.872324650120271 0.26264213863984265 0.8943174156279612 0.30076293218650546
0 0.9436274509803921 0.18137254901960798 0.9151348039215687 0.18137254901960798 0.9151348039215687 0.21037581699346425 0.9436274509803921 0.21037581699346425
0 0.9307577949212471 0.10152282224365171 0.8918745981999356 0.08932417229186772 0.8864462793314046 0.12008464588021014 0.9253294760527162 0.13228329583199414
0 0.9439338235294118 0.3398692810457518 0.9105392156862745 0.3398692810457518 0.9105392156862745 0.3684640522875819 0.9439338235294118 0.3684640522875819
0 0.9938779715425992 0.315876424316039 0.9924816718722886 0.287950430909827 0.9606175711435015 0.29078279541905255 0.9620138708138122 0.3187087888252646
0 0.8472552623990774 0.47192185697808553 0.8213433535178779 0.4692642252979625 0.8193591407151097 0.5036572472126107 0.8452710495963093 0.5063148788927337
0 0.905321871395617 0.4993391964628991 0.8790098760092271 0.47828960015378713 0.8681967272202998 0.5023188196847367 0.8945087226066898 0.5233684159938486
0 0.6844676345148216 0.5240531238484999 0.660169755627161 0.5234051804114956 0.6595077655212425 0.5675378541393902 0.6838056444089031 0.5681857975763944
0 0.7359566238915949 0.6319639586195414 0.7003608170975398 0.6180048187003041 0.6937552688272762 0.6479499708588321 0.7293510756213313 0.6619091107780694
0 0.7974601213436193 0.5788432176149148 0.7946575658952104 0.5377390710382514 0.7680835141433622 0.5409601682202936 0.7708860695917711 0.582064314796957
0 0.76592740079939 0.5080735169943407 0.7611697925705823 0.48154624687007863 0.7257195988587658 0.49284920718399106 0.7304772070875737 0.5193764773082531
0 0.7843443627450981 0.6287990196078432 0.7533637592968222 0.626369168356998 0.7521488336713996 0.6539074825332433 0.7831294371196755 0.6563373337840884
0 0.8441472827605477 0.6034280854001284 0.8362683977614516 0.5775691807877106 0.8027312611968509 0.5957351297602026 0.8106101461959471 0.6215940343726204
0 0.8869947743248243 0.5867939943272908 0.8591148723640399 0.5761730792946111 0.8525480947095819 0.6068180416820818 0.8804279966703663 0.6174389567147616
0 0.6801470588235294 0.6650326797385623 0.6485906862745098 0.6650326797385623 0.6485906862745098 0.7054738562091505 0.6801470588235294 0.7054738562091505
0 0.6101958003622844 0.675957484560545 0.5826582709664092 0.6728103383438736 0.5804736906918359 0.7067926981705703 0.608011220087711 0.7099398443872419
0 0.6700284843667198 0.7586446740858507 0.6527846780604135 0.7264562356474121 0.6360045707472178 0.7424372902314079 0.6532483770535242 0.7746257286698465
0 0.6086546104928459 0.7997924394983219 0.6045392819289879 0.7668698109874581 0.5741835585585586 0.7736155272919979 0.5782988871224166 0.8065381558028617
0 0.7006884711431742 0.8349326365766434 0.6735571587125417 0.8148353681095082 0.6626028949315577 0.8411256011838699 0.6897342073621902 0.8612228696510053
0 0.6307942313523348 0.8567924162792263 0.5968990044471397 0.8394102486355367 0.5882289771578735 0.8694663432383263 0.6221242040630686 0.886848510882016
0 0.7577340587709614 0.7625111706881144 0.7492131235872366 0.733296535772486 0.7165979997897282 0.7502080814452682 0.7251189349734531 0.7794227163608966
0 0.7882400519031143 0.8496070742022299 0.7869225778546715 0.8226720492118417 0.7585506055363321 0.8251391772395233 0.759868079584775 0.8520742022299116
0 0.8235294117647058 0.7373366013071897 0.7892156862745098 0.7373366013071897 0.7892156862745098 0.7659313725490198 0.8235294117647058 0.7659313725490198
0 0.8525164807302229 0.7130042821726392 0.8251711460446246 0.6805949966193375 0.8093327417173765 0.7043526031102096 0.8366780764029749 0.7367618886635113
0 0.8390224703019894 0.8554189924144839 0.8326087734363818 0.8319021039072564 0.7993013811363961 0.8480511425981586 0.8057150780020038 0.8715680311053862
0 0.76433037263578 0.9193688906240963 0.7628269781363873 0.8893010006362426 0.7239474882873504 0.8927569552894904 0.7254508827867431 0.9228248452773441
0 0.6737132352941176 0.9338235294117647 0.6436887254901961 0.9338235294117647 0.6436887254901961 0.9640522875816994 0.6737132352941176 0.9640522875816994
0 0.8509921434327157 0.880949503088907 0.8362207896857373 0.8650058196794701 0.8150235864893903 0.8999188602381594 0.8297949402363686 0.9158625436475962
0 0.9054444234373459 0.9825625098185352 0.9027095047074168 0.9519314200433294 0.8681056757526936 0.9574240913059839 0.8708405944826226 0.9880551810811896
0 0.9302500911439757 0.9180480262706001 0.9249203976255012 0.8912021626219876 0.8895946767955363 0.903670064091387 0.894924370314011 0.9305159277399995
0 0.9130821078431373 0.8145016339869281 0.9021139705882353 0.7706290849673204 0.876470588235294 0.7820261437908498 0.8874387254901959 0.8258986928104575
0 0.9849319374589984 0.8271800665743374 0.9560008018077119 0.7975071069319922 0.942561411181573 0.8208020506839663 0.9714925468328596 0.8504750103263116
0 0.9479857538378893 0.6884474197125287 0.9205671863055023 0.6799171987024526 0.9152226156532159 0.7104576024298024 0.942641183185603 0.7189878234398784
0 0.9795914771659463 0.5589605650566937 0.9556180699116708 0.5243323101338515 0.9379943071477793 0.5460230950740257 0.9619677144020548 0.5806513499968678
0 0.9928002450980393 0.6591094771241833 0.9689950980392158 0.648529411764706 0.9590992647058824 0.6881127450980394 0.9829044117647061 0.6986928104575166
0 0.8854166666666666 0.04534313725490215 0.860140931372549 0.01164215686274519 0.8426776960784313 0.034926470588235385 0.867953431372549 0.06862745098039234
0 0.7529613449897709 0.06895685548033019 0.7209070209295622 0.054425561906368956 0.7146006237740704 0.07915653114359177 0.746654947834279 0.093687824717553
0 0.6454595063140617 0.1027901107707419 0.6228111630281646 0.07571622914162358 0.6066172431398401 0.0997994946165678 0.6292655864257373 0.12687337624568612
0 0.6855759422488424 0.06817717823753193 0.67365615654888 0.034007125897639386 0.6588361167054637 0.043197848281153355 0.6707559024054264 0.0773679006210459
0 0.6333472923192945 0.014578982480566287 0.6155341759484859 0.004799232316200751 0.603078953474881 0.04513042889739731 0.6208920698456897 0.05491017906176284
0 0.6229732277526395 0.6155731523378584 0.5979449472096531 0.5933257918552036 0.58710407239819 0.6150075414781299 0.6121323529411765 0.6372549019607846
0 0.6528871376083064 0.45071559284579804 0.6222079921154291 0.4476476782965103 0.6206508046040045 0.47533101183294957 0.6513299500968817 0.4783989263822373
0 0.05925245098039217 0.8861111111111111 0.04856004901960786 0.8433415032679739 0.028707107843137267 0.8521650326797385 0.039399509803921574 0.8949346405228759
0 0.12831762539269853 0.8385399740006502 0.12716491983533745 0.8093380998808364 0.09465049832087531 0.811619813671325 0.09580320387823638 0.8408216877911385
0 0.04759321761491483 0.7785077145612344 0.04598099485695919 0.7548617807778849 0.00863367888138862 0.7593887281688632 0.010245901639344262 0.7830346619522126
0 0.1505514705882353 0.7776960784313727 0.14705882352941177 0.7450980392156864 0.11416053921568625 0.7513643790849673 0.11765318627450978 0.7839624183006536
0 0.12501213356629778 0.7125800815375656 0.12290999320520286 0.684551543389633 0.08596328382838285 0.6894777713065424 0.08806542418947778 0.7175063094544749
0 0.06741881343510613 0.6808493966462938 0.041998102132249346 0.6577396590982422 0.027154805857463004 0.6867665495911578 0.05257551716031978 0.7098762871392092
0 0.11422661421256407 0.5817815661296365 0.07907358405145502 0.5733688751509096 0.07508898463844141 0.6029687565047251 0.11024201479955047 0.611381447483452
0 0.14135499036798133 0.5015359840939808 0.13212953564392635 0.4782526935999374 0.09911625205328439 0.5015073336134713 0.10834170677733938 0.5247906241075149
0 0.07518245634967988 0.4906451762584682 0.049383774808097726 0.48595450688727154 0.04587695879568871 0.5202433745641596 0.07167564033727086 0.5249340439353564
0 0.1473651960784314 0.43137254901960786 0.123468137254902 0.43137254901960786 0.123468137254902 0.46772875816993464 0.1473651960784314 0.46772875816993464
0 0.09923306539240383 0.39358402890963273 0.07767894626364405 0.3845086103291023 0.06680696522941673 0.4304125302513953 0.08836108435817651 0.4394879488319257
0 0.15257352941176475 0.3582516339869281 0.1271446078431373 0.3582516339869281 0.1271446078431373 0.4035947712418301 0.15257352941176475 0.4035947712418301
0 0.09867647058823531 0.3241666666666667 0.09378063725490197 0.2784722222222222 0.0731924019607843 0.2823937908496732 0.07808823529411764 0.3280882352941177
0 0.053447097865694945 0.2891216958759905 0.05093240282838799 0.2388277951298513 0.026876735207357276 0.24096607669616513 0.029391430244664236 0.2912599774423043
0 0.14270833333333333 0.20073529411764707 0.11898981575388776 0.16336066035609648 0.10007817782285328 0.1846968672526482 0.12379669540229886 0.22207150101419879
0 0.18058861431170406 0.12185162724883769 0.1515154386496867 0.12008961660265483 0.15059000404285428 0.1472356984030726 0.17966317970487164 0.14899770904925547
0 0.17704351021171033 0.014346235316772602 0.1425853595337615 0.012431893612442112 0.1417570386040031 0.03893816336471044 0.17621518928195196 0.04085250506904093
0 0.0609969723183391 0.18595732410611304 0.05799992791234141 0.13400855440215304 0.03757028546712803 0.13610390234525183 0.04056732987312572 0.18805267204921186
0 0.040980841878035634 0.19858187923487436 0.020827711818672434 0.19052062721112908 0.010751146788990834 0.23530536067638066 0.030904276848354034 0.24336661270012594
0 0.04076433655654046 0.3494773480168323 0.01974634031694872 0.3389683498970364 0.006123254096159038 0.38740598979317753 0.027141250335750777 0.3979149879129734
0 0.19043695064232594 0.6633846067162498 0.18283045977011497 0.6380296371422132 0.15324966193373904 0.6538060626549471 0.16085615280595 0.6791610322289836
0 0.2346759553526715 0.7268473040820783 0.2302248256866597 0.7007340100414757 0.1946434762510112 0.7115162371431873 0.199094605917023 0.7376295311837899
0 0.9751383226557953 0.4336132142626029 0.9388589594253544 0.42877596583187744 0.9367750194137061 0.45656183265385386 0.973054382644147 0.4613990810845793