0 0.38265931372549034 0.9415849673202614 0.3498774509803923 0.9415849673202614 0.3498774509803923 0.9714052287581699 0.38265931372549034 0.9714052287581699
0 0.4563661511429114 0.9614518035416536 0.43156283638320764 0.9326943371535912 0.41571984687308716 0.9569869210691093 0.44052316163279087 0.9857443874571717
0 0.5961552043442778 0.9241360097934584 0.5732518127314961 0.9205850963651202 0.5688834698767448 0.9706754277662686 0.5917868614895266 0.9742263411946068
0 0.10338911426639635 0.9061049132296598 0.07352539722785677 0.8831792314627 0.06291899087221108 0.9077414356547218 0.09278270791075065 0.9306671174216813
0 0.13673226643598618 0.7756632064590543 0.11054282006920424 0.7457324106113035 0.09704801038062287 0.7667243367935411 0.12323745674740481 0.7966551326412921
0 0.15068004660880746 0.8733727097396337 0.14818637495982 0.8367988588878175 0.11476163211186113 0.8408503428693883 0.1172553037608486 0.8774241937212045
0 0.08345811244775214 0.80115412716213 0.059933798042614 0.799847220806289 0.058609015529955566 0.8422402612113591 0.08213332993509372 0.8435471675672002
0 0.056988273429306936 0.6049373152826771 0.03555957431595009 0.6024883210982935 0.03251620745542955 0.6498295833730574 0.05394490656878639 0.6522785775574411
0 0.08393945416004239 0.4850777247836071 0.07192302596714362 0.4630476064299593 0.04886062533121358 0.48541114644055816 0.06087705352411235 0.507441264794206
0 0.07508445945945952 0.5285351527998586 0.047835519342872355 0.5227985338279455 0.0445689255431903 0.5503831036919272 0.07181786565977746 0.5561197226638404
0 0.09336333671399592 0.41538201487491555 0.09145960108181202 0.384922244759973 0.05603870858688302 0.3888578994816318 0.057942444219066934 0.4193176695965744
0 0.11618111899932387 0.26835868830290743 0.08355624577417174 0.24331333107955827 0.07276115618661257 0.26831248591390583 0.10538602941176471 0.29335784313725494
0 0.13878676470588236 0.48161764705882354 0.12450509049773759 0.4689228255404727 0.10649981146304678 0.5049333836098542 0.12078148567119155 0.5176282051282052
0 0.07934147923875433 0.3253195886197616 0.05874062860438295 0.2821559015763168 0.03893634659746253 0.2989595347943099 0.059537197231833906 0.3421232218377547
0 0.033762017096618725 0.154066154275423 0.016471190675493994 0.1362513634172945 -0.004133056844988963 0.17180379051146114 0.013157769576135766 0.18961858136958964
0 0.12436676501810916 0.16314240664418636 0.11852714812039465 0.1366694767078806 0.08959933495691272 0.14801371716414805 0.09543895185462722 0.1744866471004538
0 0.16571840818589648 0.21484407816254183 0.13135427692928073 0.20296511920963758 0.12623809163768338 0.22927692928070975 0.16060222289429912 0.24115588823361397
0 0.1158757655206855 0.5861013641381485 0.09599851167008362 0.5744400418791288 0.08221544314776853 0.6162069161891746 0.10209269699837041 0.6278682384481944
0 0.1342647518669757 0.6721687267777655 0.12690548780487806 0.6413299059461184 0.09573366166353973 0.6545543170363831 0.10309292572563737 0.6853931378680304
0 0.22014800150829572 0.9447976370035193 0.18614347662141792 0.9422787833081949 0.18506787330316748 0.9680932629462042 0.21907239819004534 0.9706121166415286
0 0.21706891953672666 0.7808616106200685 0.18958111094178612 0.7594822039351147 0.1775579726709337 0.7869636628399204 0.20504578126587428 0.8083430695248741
0 0.2436954405049692 0.9058857104485631 0.22082410018802046 0.8730448115319187 0.205030385441848 0.8925989345509894 0.22790172575879672 0.9254398334676338
0 0.17193460555428403 0.5787937743190661 0.15339489394979786 0.5772487983520256 0.1516675249866484 0.6140993362325474 0.17020723659113457 0.6156443121995879
0 0.20128676470588241 0.5571895424836601 0.1807598039215687 0.5571895424836601 0.1807598039215687 0.6017156862745098 0.20128676470588241 0.6017156862745098
0 0.29992151354923996 0.7846855034148491 0.2662016000220313 0.7743101454064771 0.2608314744437101 0.8053375376367776 0.29455138797091873 0.8157128956451496
0 0.2795104969725772 0.626440739371751 0.27482690226000633 0.5852251059011276 0.2522284890167916 0.5897904419098579 0.2569120837293625 0.6310060753804814
0 0.2374784963224323 0.5346322578568881 0.219691883019994 0.505270229548101 0.20527235065915356 0.5207989567059291 0.22305896396159183 0.5501609850147162
0 0.24832458448392644 0.4086121531576906 0.2453631640876014 0.3821003896096378 0.21263584596814808 0.3885994315056995 0.21559726636447316 0.41511119505375227
0 0.24151708477508652 0.4622765282583623 0.21380298442906573 0.43876153402537493 0.20402609573241062 0.45924644367550943 0.2317401960784314 0.4827614379084968
0 0.29442401960784315 0.5498366013071896 0.27910539215686275 0.5089869281045751 0.26207107843137256 0.520343137254902 0.27738970588235295 0.5611928104575165
0 0.35000000000000003 0.6261437908496733 0.3340073529411765 0.5834967320261438 0.3159926470588236 0.5955065359477124 0.33198529411764705 0.6381535947712419
0 0.332107843137255 0.6846405228758171 0.3144325037707391 0.6492898441427853 0.2974641779788839 0.6643728004022121 0.3151395173453998 0.6997234791352438
0 0.27821670774303064 0.449943281974277 0.2736646441317926 0.42732090523963945 0.24474304150072904 0.437666844392215 0.24929510511196706 0.4602892211268526
0 0.2212423820879704 0.30399885179296954 0.20002815315315317 0.2992845786963435 0.19379305776364603 0.3491653418124007 0.21500728669846322 0.35387961490902675
0 0.16666666666666666 0.08782679738562094 0.13848039215686275 0.08782679738562094 0.13848039215686275 0.11274509803921572 0.16666666666666666 0.11274509803921573
0 0.2240961402107379 0.06920971775954818 0.20341697481555943 0.055153291608577126 0.18536109515518134 0.10237636148956582 0.20604026055035987 0.11643278764053688
0 0.22979107942041882 0.2490998648303374 0.20422083240610234 0.21722970188495744 0.18993042677348362 0.23761291612063068 0.21550067378780008 0.26948307906601066
0 0.2726905818744988 0.3627278132691723 0.25483325382339117 0.3278068161914508 0.2358675398932493 0.3450483743097616 0.2537248679443569 0.37996937138748316
0 0.26577413984461706 0.16445924281662355 0.2515001849796522 0.13937168578123074 0.22177464853866075 0.16943889505487728 0.2360486034036256 0.19452645209027009
0 0.336360294117647 0.027434640522875874 0.3207720588235293 0.011846405228758239 0.3006617647058823 0.04759803921568638 0.3162499999999999 0.06318627450980402
0 0.2900418425934811 0.06306376547356303 0.2740015153696062 0.042864834895350194 0.24330378562517985 0.08620280629924619 0.2593441128490548 0.10640173687745902
0 0.31755895601483836 0.16992050874403816 0.30169349496555375 0.14775922981805337 0.28104299152093265 0.17404168874757114 0.29690845257021725 0.19620296767355594
0 0.3593278657616893 0.12958773252890904 0.34313725490196073 0.11519607843137257 0.3213612368024132 0.1587481146304676 0.33755184766214175 0.17313976872800405
0 0.31659035317981143 0.23773515491389255 0.2993638885574514 0.22114670749976803 0.27952238197510243 0.2577771811902584 0.2967488465974625 0.2743656286043829
0 0.38817401960784315 0.06903594771241837 0.36887254901960786 0.06903594771241837 0.36887254901960786 0.1217320261437909 0.38817401960784315 0.1217320261437909
0 0.35782819225251083 0.2322553004941814 0.354368424198948 0.19073808385142674 0.3357731049736968 0.19349294595887137 0.3392328730272597 0.235010162601626
0 0.3275609140715109 0.3312644175317186 0.3182911620530565 0.3009270472895041 0.28514453575547866 0.31893262206843526 0.294414287773933 0.34926999231064976
0 0.37190940484868873 0.2992805161467193 0.3501185477765939 0.2780786011576542 0.33823879885605335 0.29978480906185173 0.3600296559281482 0.32098672405091694
0 0.34673298471012953 0.391416554588141 0.3411834386281588 0.3573793386187207 0.3188099472641042 0.3638644085793162 0.3243594933460749 0.3979016245487365
0 0.3395143543665011 0.45042101647469734 0.3131759457221002 0.4424396805218487 0.3080025232096768 0.4727904259280661 0.33434093185407765 0.48077176188091486
0 0.38755669038188834 0.5362339657392468 0.3864419832771013 0.5065084429449253 0.3559269717862207 0.5085427770443173 0.35704167889100774 0.5382682998386387
0 0.4076485674370929 0.5700575339748041 0.3756478771947227 0.5552166341522556 0.36785268491882417 0.5850982045432002 0.39985337516119435 0.5999391043657486
0 0.4536215348208249 0.6178724363308542 0.44434584178498987 0.5869534595447374 0.41402552400270465 0.6031242956952896 0.4233012170385397 0.6340432724814064
0 0.3972120098039216 0.7624591503267976 0.38204656862745096 0.7422385620915034 0.3604473039215687 0.7710375816993466 0.37561274509803927 0.7912581699346406
0 0.34777745098039226 0.7694032679738563 0.34043774509803926 0.7358503267973857 0.30719068627450985 0.7487797385620916 0.3145303921568628 0.7823326797385621
0 0.38488197826901455 0.8660677115856961 0.3732788497564631 0.8377045085550147 0.3451159922567753 0.8581865867366056 0.35671912076932677 0.886549789767287
0 0.4990196078431373 0.9136437908496734 0.4876838235294118 0.8834150326797388 0.46366421568627453 0.8994281045751634 0.47500000000000003 0.9296568627450981
0 0.43832447096190535 0.8346661717177677 0.4155475003441698 0.8287882438164166 0.41166084036422995 0.8555630125671132 0.43443781098196554 0.8614409404684643
0 0.4645216507801789 0.7422222403574822 0.4633053415594873 0.6935698715298179 0.44246452743139436 0.6944961299355109 0.4436808366520859 0.7431484987631753
0 0.4147717613056783 0.4545742188975782 0.4083892950243681 0.3992595111262231 0.3898794344327326 0.4030564056065586 0.39626190071404277 0.4583711133779137
0 0.41080452799676564 0.28760275587898393 0.39952085860117237 0.2484860353075939 0.380530498281787 0.25822468162522744 0.39181416767738025 0.2973414021966175
0 0.46788916786226664 0.13395106009883626 0.45311154949784777 0.09126016260162605 0.4351207556193208 0.10233142037302731 0.4498983739837397 0.14502231787023753
0 0.39848996105291434 0.21451114692452325 0.3878760408272898 0.17677276390008062 0.368503223207091 0.18645917271018 0.3791171434327156 0.22419755573462266
0 0.45817920029569315 0.22835674236732184 0.4387423425798008 0.1911731884760497 0.4247391478222933 0.2041862583517132 0.4441760055381856 0.2413698122429854
0 0.48650914634146336 0.2957137733142038 0.465526362984218 0.28280129124820663 0.4520848278335724 0.32163239279451616 0.47306761119081775 0.3345448748605133
0 0.488507860040568 0.39261606941627236 0.4695676977687628 0.39051160694162734 0.4668779580797838 0.4335474419652919 0.4858181203515889 0.43565190443993695
0 0.45527967020861937 0.48820125860773583 0.45432268629145695 0.4448179876963751 0.43444368888436957 0.44559755622214325 0.435400672801532 0.488980827133504
0 0.5222220548055287 0.5567241240758599 0.520197986981678 0.527037795992714 0.4900604709096754 0.5306908282438658 0.49208453873352626 0.5603771563270117
0 0.5361425097031102 0.6721619453265455 0.5051870684006252 0.6478831678344004 0.49232572206260405 0.6770355528672483 0.523281163365089 0.7013143303593933
0 0.5364881301647841 0.7499775887079686 0.5355949892425799 0.7261604974491874 0.5134230905579189 0.7276386240281649 0.5143162314801232 0.751455715286946
0 0.5429118321640583 0.845948012232416 0.5342687533729088 0.8075343287161959 0.4991623943155244 0.8215768723391497 0.5078054731066738 0.8599905558553698
0 0.49152730782578513 0.8432095552085139 0.49023539172306085 0.8173712331540285 0.4603844026548673 0.8200246544045345 0.4616763187575915 0.8458629764590201
0 0.5625000000000001 0.8888888888888888 0.5431985294117648 0.8888888888888888 0.5431985294117648 0.9293300653594772 0.5625000000000001 0.9293300653594772
0 0.6230859677550855 0.8625157963393257 0.601149438465615 0.8493538787656435 0.587001523582406 0.8912736265677442 0.6089380528718765 0.9044355441414266
0 0.5868566176470589 0.7820669934640523 0.5703125000000001 0.7600081699346406 0.5467218137254902 0.7914624183006538 0.563265931372549 0.8135212418300655
0 0.5662720822685391 0.6213429041073053 0.5542450364960652 0.5885418701823764 0.5379141219062356 0.5991872071001911 0.5499411676787095 0.6319882410251201
0 0.5661764705882353 0.4861111111111111 0.5386029411764706 0.4861111111111111 0.5386029411764706 0.5285947712418301 0.5661764705882353 0.5285947712418301
0 0.5069117647058825 0.24104575163398695 0.486029411764706 0.20392156862745103 0.47044117647058836 0.21950980392156869 0.49132352941176477 0.2566339869281046
0 0.5865248391168922 0.09289770258464948 0.564142491321231 0.053971880331325495 0.5466734673225483 0.07182910486331223 0.5690558151182096 0.11075492711663622
0 0.5369717714672074 0.18704642776650907 0.5134856744421906 0.15003803245436112 0.49877662271805273 0.16663286004056793 0.5222627197430697 0.2036412553527159
0 0.607552845033041 0.17401847939912618 0.6061166179178855 0.1376340591485213 0.5769629847795472 0.1396799281406854 0.5783992118947028 0.17606434839129026
0 0.5185331825037707 0.14139643036701866 0.5096813725490195 0.0981209150326798 0.49228648190045243 0.10444632981397693 0.5011382918552035 0.1477218451483158
0 0.6622005761067311 0.10935499629405027 0.6496550939963612 0.07171854996294058 0.6320023499090357 0.08217943534802244 0.6445478320194056 0.11981588167913212
0 0.6306612933634992 0.037284439416792256 0.5996672322775264 0.01752011060834579 0.589893947963801 0.0447668426344896 0.6208880090497737 0.06453117144293606
0 0.6150958171484574 0.25299107238663443 0.5960615982073239 0.23919816011045064 0.5813018407837415 0.2754087649896394 0.600336059724875 0.2892016772658232
0 0.6423889784685514 0.3615297108126022 0.621084846758159 0.3383844813000771 0.6101160528102418 0.35633341685121434 0.6314201845206341 0.3794786463637394
0 0.5932778072569234 0.4802258102553737 0.5812834798868001 0.4386454753722795 0.5636891676773802 0.44766819958223847 0.5756834950475035 0.4892485344653326
0 0.6110798731257209 0.5940936178392926 0.6090578143021915 0.5590445982314495 0.5812950547866205 0.5618920607458671 0.5833171136101499 0.5969410803537102
0 0.6469621015260353 0.7219493546809083 0.6381469512396967 0.6938430784056261 0.6061860186533814 0.7116637196052685 0.6150011689397199 0.7397699958805507
0 0.583366877773007 0.7152569056819809 0.5552991269500501 0.7016482992223655 0.5483844997853157 0.7270019321597254 0.5764522506082725 0.7406105386193409
0 0.6973039215686274 0.7618464052287583 0.663296568627451 0.7618464052287583 0.663296568627451 0.7904411764705884 0.6973039215686274 0.7904411764705884
0 0.6857995417101753 0.8425329697954131 0.6670256120199559 0.8321030088564024 0.658106363847314 0.8606446030088565 0.6768802935375334 0.8710745639478674
0 0.6674649749489702 0.9431996247500055 0.6555367415104844 0.9229577740665144 0.6321287189954847 0.9474804643203235 0.6440569524339707 0.9677223150038147
0 0.7380514705882353 0.9101307189542484 0.7162990196078431 0.9101307189542484 0.7162990196078431 0.9428104575163399 0.7380514705882353 0.9428104575163399
0 0.7428231190666312 0.7557466802709017 0.718058235737734 0.7257286398722386 0.7027534712980213 0.7481756277171503 0.7275183546269185 0.7781936681158135
0 0.6922824373577223 0.6435084609916877 0.6716021340182677 0.6431145504518887 0.6710763434633189 0.6921883355804406 0.6917566468027735 0.6925822461202397
0 0.7127205882352942 0.5123529411764708 0.6825245098039215 0.4821568627450982 0.6702450980392156 0.5039869281045752 0.7004411764705883 0.5341830065359479
0 0.6929462060475032 0.5646707253600778 0.6670253524457256 0.555783575553754 0.6611179454553644 0.5864145747630346 0.687038799057142 0.5953017245693584
0 0.7330569626407824 0.6711332413939427 0.7059420251418872 0.6393183813952391 0.6908814247069431 0.6621374729633362 0.7179963622058382 0.6939523329620398
0 0.6554693403730661 0.43200675469646965 0.6274268683132482 0.4064721459915948 0.6149472517201606 0.4308371117209562 0.6429897237799787 0.456371720425831
0 0.6814338235294117 0.2334967320261438 0.6701593137254902 0.18839869281045749 0.6497549019607842 0.1974673202614379 0.6610294117647059 0.2425653594771242
0 0.6980322789493155 0.3616506350968061 0.6696263411024788 0.3406091996547048 0.6585131104328524 0.36728095326180793 0.6869190482796892 0.3883223887039092
0 0.7060936443542933 0.1436781609195403 0.6980645706558485 0.11691458192472393 0.6710192697768763 0.13133874239350912 0.6790483434753212 0.1581023213883255
0 0.7617268402918915 0.17588304653878678 0.7444538402725355 0.15180553136029026 0.7161632236803903 0.18788631773867834 0.7334362236997464 0.21196383291717488
0 0.6963695738410971 0.0280134308058484 0.6828519919528505 0.002568570780913529 0.6577414853224525 0.026284049265178185 0.6712590672106993 0.051728909290113055
0 0.7227135518027916 0.2976546096916178 0.6994070039969028 0.27305325367429084 0.6848946889321363 0.2974950474675818 0.708201236738025 0.3220964034849088
0 0.7497862864658059 0.3669615813805197 0.7336367168818747 0.3203072692491631 0.7153544954567193 0.3315578670492587 0.7315040650406504 0.37821217918061534
0 0.7497180847292039 0.46402536816137285 0.7372361732665207 0.42090603765392215 0.7200349098921649 0.42975814979978955 0.7325168213548479 0.47287748030724025
0 0.782578199617956 0.5443599359514579 0.7642217434968258 0.5010575266400734 0.7457472154334513 0.514980359383486 0.7641036715545817 0.5582827686948704
0 0.7791053921568627 0.6250000000000002 0.7561274509803921 0.6250000000000002 0.7561274509803921 0.6711601307189544 0.7791053921568627 0.6711601307189544
0 0.7488103778096605 0.8699127211860354 0.7422824007651841 0.8292941973537381 0.7212547824007652 0.8353020883150006 0.7277827594452416 0.875920612147298
0 0.7913284231477827 0.9129586678071675 0.7560935238189236 0.9046681032592008 0.7520531073167521 0.9351956946089397 0.7872880066456114 0.9434862591569065
0 0.8407357052245819 0.9619961003570758 0.8035892571884985 0.960014956461818 0.8028800977259913 0.9836536052120528 0.8400265457620748 0.9856347491073106
0 0.8624560673325935 0.8977524972253054 0.8240352155012949 0.869292606979899 0.8133844339622641 0.8948544826735727 0.8518052857935627 0.9233143729189791
0 0.8731617647058824 0.7414215686274511 0.8535539215686274 0.7414215686274511 0.8535539215686274 0.7798202614379087 0.8731617647058824 0.7798202614379087
0 0.8489583333333334 0.8153594771241832 0.8183210784313726 0.8153594771241832 0.8183210784313726 0.8492647058823529 0.8489583333333334 0.8492647058823529
0 0.8272058823529411 0.5175653594771243 0.8082107843137255 0.5175653594771243 0.8082107843137255 0.5539215686274511 0.8272058823529411 0.5539215686274511
0 0.8059412422687197 0.3979013686011317 0.8051544611133044 0.36590560161424746 0.7706518127385182 0.36741391411150587 0.7714385938939335 0.3994096810983901
0 0.827104256336681 0.4609417344173442 0.8265231946437112 0.4361497688506297 0.7999713055954089 0.43725609756097567 0.8005523672883788 0.46204806312769015
0 0.8400735294117647 0.3063725490196079 0.805453431372549 0.3063725490196079 0.805453431372549 0.337826797385621 0.8400735294117647 0.337826797385621
0 0.2438494265630781 0.9077876433592305 0.22162518853695332 0.8729260935143289 0.20500369959304482 0.8917637809840918 0.2272279376191696 0.9266253308289933
0 0.7846634782231475 0.2504591069466135 0.7694804138469546 0.23274553184105512 0.7533673867777199 0.25729871594655573 0.7685504511539127 0.2750122910521141
0 0.7879289215686275 0.15792483660130716 0.775061274509804 0.12361111111111098 0.7558210784313726 0.13643790849673199 0.7686887254901961 0.17075163398692816
0 0.8613511184806276 0.19732123415303138 0.844505699052846 0.1708498607665172 0.8182952338703767 0.2005021042052701 0.8351406532981586 0.22697347759178427
0 0.876078568044318 0.27995237748135204 0.8518220624681099 0.27366365381344626 0.8449051042350025 0.3210942245547539 0.8691616098112107 0.32738294822265973
0 0.9074934736434596 0.34824542588291096 0.8888560827212423 0.32857262435390383 0.8702683915081507 0.35987820955489996 0.888905782430368 0.3795510110839071
0 0.8957165993167804 0.4274929872798979 0.8757871951896903 0.41792687329889466 0.8635431421152028 0.46327521801921906 0.8834725462422929 0.47284133200022227
0 0.9191176470588235 0.5208333333333335 0.8875612745098039 0.5208333333333335 0.8875612745098039 0.5543300653594773 0.9191176470588235 0.5543300653594773
0 0.8741894748155048 0.6305398326606323 0.8599216940125625 0.5965689259869598 0.8408247205703232 0.6108279994904985 0.8550925013732655 0.6447989061641709
0 0.9276183644189384 0.7734815877570541 0.9212786944045911 0.7340347521122269 0.9016110712577713 0.7396540730113182 0.9079507412721185 0.7791009086561455
0 0.9768821777365827 0.8368933148457951 0.9635529701888442 0.8198045872204892 0.9373841388976806 0.8560920332775694 0.950713346445419 0.8731807609028753
0 0.9684680645494849 0.7014723654788215 0.9536708965062624 0.6794663206965933 0.928053142812827 0.7100898423531137 0.9428503108560496 0.7320958871353419
0 0.9519205482622235 0.6208694493534183 0.9353225195657663 0.6072505540127354 0.919690945047547 0.6411189654688773 0.9362889737440041 0.6547378608095601
0 0.9951659485450233 0.4845614254194247 0.9732538716123394 0.45736022646850655 0.959528576558012 0.47701620457100025 0.9814406534906959 0.5042174035219185
0 0.9950599070100142 0.5711099890600018 0.9554497496423463 0.5664499705461585 0.9527136981402003 0.6077947488008081 0.9923238555078683 0.6124547673146514
0 0.9834558823529411 0.411356209150327 0.9512867647058824 0.411356209150327 0.9512867647058824 0.44362745098039236 0.9834558823529411 0.44362745098039236
0 0.938247549019608 0.28305555555555556 0.9247549019607845 0.2590686274509804 0.8994607843137256 0.28436274509803927 0.912953431372549 0.3083496732026144
0 0.8344163218296485 0.10535373309679938 0.80357880746958 0.0852522422546806 0.7931367420423728 0.11373060251070014 0.8239742564024414 0.13383209335281893
0 0.9198912211305346 0.08121021365885495 0.9001424864956827 0.06735145251159048 0.8830294861979497 0.1107043865991806 0.9027782208328016 0.12456314774644507
0 0.8442302596714363 0.05498145204027573 0.8214758876523583 0.049924924924925076 0.8198198198198199 0.06317346758523247 0.8425741918388978 0.06822999470058312
0 0.8488357843137254 0.07279411764705866 0.8346813725490196 0.03504901960784312 0.8137254901960785 0.049019607843137254 0.8278799019607844 0.0867647058823528
0 0.9188112745098039 0.18464052287581714 0.8949142156862745 0.18464052287581714 0.8949142156862745 0.22508169934640543 0.9188112745098039 0.22508169934640543
0 0.960513985005767 0.013672625913110446 0.9272959919261822 0.003830257593233464 0.9214208477508651 0.039081122645136655 0.9546388408304498 0.04892349096501364
0 0.9534250162720689 0.18859158462831882 0.9450601558050605 0.14676728229327696 0.9258197054755513 0.15360833129932472 0.9341845659425596 0.19543263363436658
0 0.9982075626642409 0.3328385048177348 0.9723879371336164 0.3295069402331381 0.9696353219122701 0.36743186106057557 0.9954549474428948 0.3707634256451723
0 0.0837982987312572 0.03785563244905807 0.04824466551326414 0.02732122260668974 0.04299668396770474 0.05880911188004614 0.0785503171856978 0.06934352172241447
0 0.8351715686274511 0.6258169934640525 0.8134803921568629 0.611356209150327 0.8047794117647059 0.634558823529412 0.8264705882352942 0.6490196078431375