0 0.0937901453684923 0.9397171512283077 0.059332741717376715 0.9358885508226281 0.05728110209601092 0.9687147847644807 0.09173850574712653 0.9725433851701603
0 0.05724503328040013 0.8700900616804257 0.03269827459990322 0.8362324635004298 0.015973606559223398 0.8577887023084171 0.04052036523972031 0.8916463004884129
0 0.11999198717948718 0.8571361236802414 0.11437122926093517 0.819664404223228 0.07613357843137254 0.8298611111111112 0.08175433634992457 0.8673328305681248
0 0.041666666666666734 0.7418300653594772 0.014399509803921639 0.7418300653594772 0.014399509803921639 0.7704248366013072 0.041666666666666734 0.7704248366013072
0 0.07110199849170439 0.6178041729512317 0.045013197586727026 0.594614127702363 0.03322963800904981 0.6181812468577174 0.05931843891402716 0.6413712921065862
0 0.08519025678663329 0.6814427711935052 0.05708836214707692 0.6636002984064853 0.048055751875611584 0.6888916071665883 0.07615764651516796 0.706734079953608
0 0.16099453005383516 0.7485182990072604 0.12625751654566109 0.724433969641593 0.11497112226502694 0.7533734421560395 0.149708135773201 0.7774577715217069
0 0.04692034756140728 0.48973891602368985 0.01993545161747014 0.4858492012930322 0.015882043250513248 0.5358412378188339 0.042866939194450386 0.5397309525494914
0 0.10355392156862749 0.5388071895424836 0.08026960784313729 0.5388071895424836 0.0802696078431373 0.576797385620915 0.1035539215686275 0.576797385620915
0 0.1482206295439525 0.6378951861643534 0.12703100903282669 0.6313753029301608 0.11874345946243672 0.6792589226701917 0.13993307997356252 0.6857788059043842
0 0.1044498124159411 0.47162938580967884 0.08518815919869756 0.4316792902479885 0.06660671940256246 0.44760623864467575 0.08586837261980602 0.48755633420636607
0 0.0987087517934003 0.38559301769488297 0.08837278813964612 0.34818667304320106 0.05718032639885222 0.36350928582815245 0.06751629005260643 0.4009156304798343
0 0.059908448673587064 0.2552960399846213 0.04035827566320644 0.22488465974625144 0.02620386389850057 0.24106113033448673 0.04575403690888119 0.2714725105728566
0 0.0438897109673745 0.1468606771892713 0.042856561711821665 0.1243609822905649 0.005830485721259459 0.127383519106121 0.0068636349768123 0.1498832140048274
0 0.12225141878719213 0.19397109008448077 0.1102421252207286 0.1709132464368708 0.08415277224893082 0.19507005474409098 0.09616206581539435 0.21812789839170096
0 0.10529142665968465 0.09736113535424061 0.09356944929307034 0.07425694808091386 0.06306128905568162 0.10177411221659781 0.07478326642229592 0.12487829948992454
0 0.17289489657360876 0.08512352375400044 0.16602440279837943 0.05706900750514736 0.1295305546945914 0.0729574855911503 0.13640104846982073 0.10101200184000338
0 0.20986519607843138 0.1719771241830066 0.18106617647058823 0.1719771241830066 0.18106617647058823 0.20138888888888892 0.20986519607843138 0.20138888888888892
0 0.24858803656597778 0.04935788729906381 0.23106352676205616 0.02705396573043633 0.20338765235824058 0.06571232997703587 0.22091216216216217 0.08801625154566335
0 0.2555147058823529 0.11928104575163404 0.22732843137254902 0.11928104575163404 0.22732843137254902 0.14460784313725494 0.2555147058823529 0.14460784313725494
0 0.2541465216223476 0.24860103858895163 0.22208232608111736 0.23256894081833657 0.21515746709642763 0.25719066165278903 0.24722166263765782 0.27322275942340407
0 0.20455343761708508 0.3029198409724825 0.1731445922317972 0.2737869988759835 0.16117381666042213 0.29673098538778575 0.19258266204571 0.3258638274842846
0 0.1668403428250281 0.35860809291869616 0.14865703446983888 0.31416000582823367 0.12830765267890595 0.3289595562216394 0.14649096103409517 0.37340764331210197
0 0.1807598039215687 0.4199346405228758 0.14552696078431376 0.4199346405228758 0.14552696078431376 0.4493464052287582 0.1807598039215687 0.4493464052287582
0 0.1712495375508694 0.5126818966580343 0.15608583055863856 0.4941484770008633 0.13726415094339622 0.5215254655321249 0.15242785793562708 0.5400588851892959
0 0.16354754230459315 0.5587082549914945 0.13608481063658345 0.5548538365117738 0.1337614155251142 0.5842835079237174 0.1612241471931239 0.5881379264034381
0 0.20586417059405368 0.6205950233703769 0.18744908942805613 0.6067837124958787 0.17055314336417063 0.6468333624250888 0.18896822453016818 0.660644673299587
0 0.2240664648212226 0.6955017301038062 0.21349661188004615 0.6720131680123029 0.18416594579008075 0.6954777008842753 0.1947357987312572 0.7189662629757785
0 0.22487745098039222 0.8014705882352942 0.19411764705882356 0.7809640522875818 0.18541666666666676 0.8041666666666666 0.21617647058823541 0.824673202614379
0 0.2427891843165665 0.8965626297206478 0.2166672437509174 0.8609593922089482 0.19975615970851032 0.8830173279164356 0.2258781002741594 0.9186205654281352
0 0.1772978048412226 0.8373237902091184 0.15381928716533871 0.8275027109198597 0.1429618815499599 0.8736466847852197 0.16644039922584375 0.8834677640744784
0 0.19259758149591544 0.9347333382738008 0.15953659142625493 0.9142303986957168 0.15033860364955243 0.9405979636555972 0.18339959371921294 0.9611009032336812
0 0.30821078431372556 0.9750816993464052 0.2742034313725491 0.9750816993464052 0.2742034313725491 0.9995915032679739 0.30821078431372556 0.9995915032679739
0 0.3060301326412918 0.8123077662437523 0.2784566032295271 0.7902489427143407 0.26661620530565167 0.8165609381007305 0.2941897347174164 0.8386197616301423
0 0.33422148191406537 0.9276695335173781 0.30611705422241103 0.9035800240673887 0.29311668259361506 0.9305437578160027 0.32122111028526934 0.954633267265992
0 0.24969362745098045 0.7148692810457519 0.23406862745098045 0.6940359477124185 0.2159926470588236 0.718137254901961 0.2316176470588236 0.7389705882352943
0 0.22662078550932577 0.5108709947393593 0.2119678084648494 0.49934899569583935 0.1949701099952176 0.537778574844572 0.20962308703969398 0.549300573888092
0 0.31103088235294124 0.33730653594771254 0.29137205882352946 0.3296614379084968 0.28071078431372554 0.3783986928104576 0.3003696078431373 0.38604379084967333
0 0.31286764705882353 0.10032679738562097 0.2919117647058823 0.08635620915032681 0.27377450980392154 0.13472222222222224 0.29473039215686275 0.1486928104575164
0 0.3178972889917388 0.28303328522610394 0.29539523614014135 0.2484147423774925 0.2797539066387976 0.2664891675790452 0.3022559594903951 0.30110771042765666
0 0.37709747360482654 0.08955505279034702 0.3585737179487179 0.07308949220713935 0.33378110859728505 0.12267471091000515 0.35230486425339363 0.1391402714932128
0 0.3543602086360805 0.19667001808681397 0.3404481472888097 0.17133423156820685 0.31045836437128305 0.2006099720353161 0.3243704257185539 0.22594575855392324
0 0.3607565667776545 0.3943149586878777 0.3429164354421013 0.35954957454679987 0.32501387347391786 0.3758817363423357 0.342854004809471 0.4106471204834135
0 0.33701996982918087 0.43957251627608324 0.3351239283937387 0.41492397761533584 0.3017970932680164 0.4194814935299645 0.3036931347034585 0.4441300321907119
0 0.3290140492536538 0.48436118479221935 0.2970212786706195 0.47538075796189394 0.2932797953398867 0.4990768190565352 0.3252725659229209 0.5080572458868606
0 0.36767347025016917 0.47938500112688753 0.3601779073698445 0.4560654721658778 0.33233498140635565 0.47197571557358575 0.3398305442866802 0.4952952445345955
0 0.32689950980392163 0.5637254901960785 0.30683210784313725 0.536968954248366 0.29319852941176466 0.5551470588235294 0.31326593137254904 0.581903594771242
0 0.29064309816685013 0.632162486638268 0.2887390513569138 0.5877347277397533 0.2673627730180762 0.5893633965655696 0.26926681982801254 0.6337911554640842
0 0.2598195118448305 0.6099542811213409 0.241612903835397 0.6092799623061768 0.24085299597865367 0.6457555394298558 0.2590596039880872 0.64642985824502
0 0.3712874855824683 0.6554450211457131 0.36373630334486734 0.6151720492118417 0.339586937716263 0.6232218377547097 0.3471381199538639 0.6634948096885812
0 0.3669117647058823 0.7398692810457517 0.3552696078431372 0.7088235294117647 0.3231617647058824 0.7302287581699347 0.3348039215686275 0.7612745098039216
0 0.30703049662487947 0.690613950498232 0.28415802796528455 0.6652000964320155 0.2708484008357442 0.6864954998392802 0.2937208694953391 0.7119093539054967
0 0.38905674579476474 0.8252708105238713 0.35952087687867035 0.8019338276765868 0.3478557031949837 0.8281804684648819 0.377391572111078 0.8515174513121664
0 0.473070214595113 0.9006498749021813 0.465361819263962 0.871101026132769 0.4338839772839997 0.885699445601737 0.44159237261515066 0.9152482943711493
0 0.4708946078431374 0.9726307189542484 0.4381127450980394 0.9726307189542484 0.4381127450980394 0.9995915032679739 0.4708946078431374 0.9995915032679739
0 0.4267085085709995 0.7191708181304228 0.4007045884105319 0.6798135335632285 0.38397212938798253 0.6994675330500325 0.4099760495484501 0.7388248176172268
0 0.38366426046667146 0.5799195744071075 0.3669044505743832 0.5400152651397546 0.34968265625373174 0.5528742048991744 0.36644246614601994 0.5927785141665273
0 0.41428404526110646 0.36886012011295394 0.4110699300003977 0.3374332153415795 0.3752498210237442 0.3439459624282438 0.37846393628445296 0.3753728671996182
0 0.40609681372549017 0.20118464052287588 0.3900122549019608 0.1797385620915033 0.3707107843137254 0.20547385620915037 0.3867953431372549 0.22691993464052296
0 0.4049205422241099 0.26700939100068427 0.3868346074892051 0.25150716122790884 0.36804080838111425 0.2904868927113566 0.386126743116019 0.3059891224841321
0 0.4237916666666667 0.05653921568627461 0.40873651960784313 0.04264215686274511 0.3894791666666666 0.07973039215686274 0.4045343137254902 0.09362745098039224
0 0.44786270116822996 0.16074901839598643 0.43223486087883856 0.1462261769149358 0.410206712474854 0.18836698255734113 0.4258345527642454 0.20288982403839173
0 0.5398284313725492 0.9758986928104575 0.5082720588235295 0.9758986928104575 0.5082720588235295 0.9995915032679739 0.5398284313725492 0.9995915032679739
0 0.48457440020418585 0.7896141738982475 0.4649628036513227 0.7741626129778099 0.45039767438368916 0.8070275200432394 0.4700092709365523 0.8224790809636771
0 0.43753004659533556 0.6598208366889644 0.4240892029485726 0.6157072985662553 0.40522918618411324 0.6259231409803374 0.4186700298308762 0.6700366791030465
0 0.5301225490196079 0.8773529411764707 0.5183210784313727 0.8563725490196079 0.4989093137254903 0.8757843137254903 0.5107107843137255 0.896764705882353
0 0.5879199106113033 0.9434712610534407 0.5751063292964244 0.9149966359092655 0.5526690455594002 0.9329464628988849 0.5654826268742791 0.9614210880430601
0 0.5533550684424714 0.7739086200517943 0.552140459402407 0.7253242584492176 0.5314322593632348 0.726244622895403 0.5326468684032992 0.7748289844979798
0 0.5425171146044625 0.6490238336713996 0.5325811359026369 0.6181118999323868 0.5027045300878973 0.6351842461122381 0.5126405087897229 0.6660961798512508
0 0.49669692898114826 0.6028155115077605 0.46544269164078034 0.5852205334494793 0.4559230570895584 0.6152825372954435 0.4871772944299262 0.6328775153537246
0 0.47599223026480314 0.567964632711847 0.47551118049959706 0.5384602471125436 0.44555411028369774 0.5393285679883668 0.4460351600489038 0.5688329535876703
0 0.4310158138597906 0.48838302444265386 0.4039857809562182 0.4720011863192766 0.39494149543379 0.49853109051839933 0.4219715283373624 0.5149129286417765
0 0.447659612625538 0.22640881555874387 0.43035628885700616 0.22146500876773478 0.42383727881396455 0.26202773792443806 0.4411406025824964 0.2669715447154472
0 0.45680975092739806 0.3157017311429077 0.4350490196078432 0.31086601307189554 0.4307184022257553 0.3455109521285993 0.45247913354531016 0.3503466701996115
0 0.43340200304259635 0.4259029186387199 0.4318384465855308 0.39046230561189993 0.41001732589587553 0.3921737660581474 0.41158088235294116 0.4276143790849673
0 0.5026985062893082 0.4854811012455296 0.4970958194598595 0.43105500061659896 0.47842836662967075 0.43447126649401907 0.4840310534591195 0.4888973671229498
0 0.48711122379986477 0.24502760874464732 0.4760606828938472 0.20819247239125532 0.4573613928329952 0.2181654270903764 0.46841193373901274 0.2550005634437683
0 0.47970215589325976 0.10327292227150447 0.46213174701277304 0.09908949158567432 0.45525067258052787 0.15046818067977094 0.47282108146101465 0.15465161136560113
0 0.5799632352941178 0.8492647058823529 0.5496323529411766 0.8492647058823529 0.5496323529411766 0.877859477124183 0.5799632352941178 0.877859477124183
0 0.631019319492503 0.8658448673587086 0.618992241735762 0.8380489543209072 0.5907012360993232 0.859811266348937 0.6027283138560642 0.8876071793867383
0 0.653729417730581 0.9586059406859433 0.6496129638467963 0.9183561693778257 0.6294333910034602 0.9220251826220688 0.6335498448872451 0.9622749539301864
0 0.6835171568627451 0.9538398692810458 0.6596200980392157 0.9538398692810458 0.6596200980392157 0.9995915032679739 0.6835171568627451 0.9995915032679739
0 0.5575980392156863 0.16339869281045766 0.5402714932126697 0.12297008547008548 0.5232466063348417 0.13594142785319258 0.5405731523378583 0.17637003519356476
0 0.5444220229728387 0.26363775657499305 0.5306019810168818 0.2218705186636566 0.5155992655932757 0.2306956453834249 0.5294193075492326 0.27246288329476137
0 0.49916062315337084 0.31945563613573275 0.4880053048616706 0.27979228220968755 0.47000906526994346 0.2887904020055511 0.48116438356164365 0.3284537559315963
0 0.5754843434170406 0.3274642559411652 0.5543667634497014 0.31418275910636057 0.5405313752612285 0.35329078971911043 0.5616489552285678 0.36657228655391505
0 0.5814570280775031 0.42838979773368924 0.5638578286344123 0.41861246470974983 0.5510228129713423 0.4596845148315737 0.5686220124144331 0.4694618478555131
0 0.5478409746251441 0.48235774702037687 0.5263336216839677 0.47598519800076905 0.5196799307958477 0.5159073433294887 0.5411872837370242 0.5222798923490966
0 0.6105645139067495 0.5611507615746697 0.5794871235502322 0.5601148485627857 0.5789315960612854 0.5897429813066182 0.6100089864178027 0.5907788943185021
0 0.623772994358502 0.7154609782907393 0.6001906430338005 0.676871676123046 0.5813756304252946 0.697312677475497 0.6049579817499959 0.7359019796431902
0 0.6250000000000001 0.7577614379084969 0.6023284313725491 0.7577614379084969 0.6023284313725492 0.7826797385620917 0.6250000000000001 0.7826797385620917
0 0.6720248513048179 0.8294131876262842 0.6638395016932752 0.7953075642448563 0.6371375110276329 0.8067004135955304 0.6453228606391757 0.8408060369769582
0 0.7132552858011066 0.9024852328098178 0.6961534001855227 0.8809495249976009 0.6724227721267952 0.914451588139334 0.6895246577423791 0.935987295951551
0 0.7552083333333335 0.9714052287581701 0.7421875000000001 0.954044117647059 0.7210477941176472 0.9822303921568629 0.7340686274509806 0.9995915032679741
0 0.6717699263821051 0.7535039286472712 0.6448569229135697 0.7321978009013472 0.6350766705599206 0.7541604728534012 0.661989674028456 0.7754666005993252
0 0.7354158272898199 0.7547900438714298 0.7273074469513832 0.7259602471125437 0.694840350523771 0.7421937953263498 0.7029487308622078 0.771023592085236
0 0.657833267535202 0.6496660744834847 0.6412521384392683 0.6180829714436111 0.6257278918278721 0.6325722682809143 0.6423090209238057 0.6641553713207877
0 0.7045879848289681 0.6040366633271316 0.6879405503077142 0.5830083249844953 0.6651732682123944 0.6150511664519823 0.6818207027336483 0.6360795047946188
0 0.6580583452893353 0.52037501992667 0.6284336142993784 0.5159861708911209 0.6250485712577715 0.5566066873904034 0.6546733022477284 0.5609955364259526
0 0.7456211847946725 0.4610810519176225 0.7145619450610432 0.4380742076704897 0.7040701304106548 0.463254562831422 0.7351293701442841 0.4862614070785548
0 0.6828671373228669 0.5111601024002901 0.6691087266795801 0.4703017920050746 0.6524521485370578 0.48027307687950965 0.6662105591803447 0.5211313872747252
0 0.6553039555813914 0.39629903335037414 0.6347420801794224 0.34504334394256736 0.6203437299015485 0.35531193483841544 0.6409056053035175 0.4065676242462222
0 0.5938011859856595 0.27598435676985994 0.5776737774832638 0.23711316704613686 0.5592663625242125 0.2506902674414654 0.5753937710266083 0.2895614571651885
0 0.6084885137486947 0.17052925706771865 0.5954722125536606 0.12887709324360908 0.5786561666086553 0.13821934099083422 0.5916724678036895 0.1798715048149438
0 0.625215397294289 0.21986400091332023 0.6029097364928505 0.18097207951594035 0.5875576622570426 0.1966251748151954 0.6098633230584811 0.23551709621257524
0 0.572591885466633 0.022733807399927145 0.5347759141210132 0.010728737131476406 0.5305846587562063 0.03419976717439487 0.5684006301018262 0.04620483744284561
0 0.6465908180835302 0.015935265642449493 0.6118307772394186 0.009837012862780792 0.6093103468412552 0.03537737423083606 0.644070387685367 0.041475627010504765
0 0.6754559187536399 0.12361879570309976 0.6524552271403611 0.08613618714812671 0.6353211148320713 0.10482794602989719 0.6583218064453503 0.14231055458487024
0 0.6976330379313296 0.20222907212375488 0.6942294931072864 0.16819362388332332 0.6648297692439421 0.17342024145902898 0.6682333140679853 0.20745568969946054
0 0.7029167665901539 0.28050616480333174 0.6824991863373188 0.27073364775923964 0.6715200931857891 0.3115131366077786 0.6919376734386242 0.3212856536518706
0 0.7191109320440505 0.06666330915928032 0.6866438356164383 0.05042976094547418 0.6789005842062852 0.0779613215149074 0.7113676806338974 0.09419486972871352
0 0.7466299019607843 0.10661764705882366 0.725796568627451 0.10661764705882366 0.725796568627451 0.14746732026143805 0.7466299019607843 0.14746732026143805
0 0.7708567722396676 0.2644885081993808 0.7566787340573767 0.219478863176235 0.7375057086758539 0.23021575738988787 0.7516837468581448 0.27522540241303367
0 0.7847217240554758 0.05955284552845536 0.7724414155906264 0.03424796747967476 0.747136537541846 0.056079626972740305 0.7594168460066953 0.0813845050215209
0 0.7958265809254533 0.16930585246994462 0.7819460726846423 0.1456575791707852 0.7589146150840171 0.16969040449317674 0.7727951233248282 0.19333867779233618
0 0.7312118432565723 0.39215189118243643 0.7086943930716302 0.37046842063397367 0.6984747245754285 0.38933550093465374 0.7209921747603707 0.4110189714831165
0 0.787788557915179 0.3985074860615174 0.7645786349683644 0.3699414270500534 0.7478759475036021 0.39406753116582105 0.7710858704504167 0.422633590177285
0 0.8011590245023882 0.5452630447035093 0.7714124284358224 0.5119108006288747 0.7583959983388213 0.5325494645664619 0.7881425944053871 0.5659017086410963
0 0.7818854313587212 0.5954283511712162 0.7542974259520453 0.5884692146722349 0.7499144403882853 0.6193588272168296 0.7775024457949612 0.6263179637158109
0 0.7806805113937467 0.7245101572160395 0.7801263248542663 0.6742639109697932 0.7597659644939058 0.6746631337219572 0.7603201510333863 0.7249093799682035
0 0.7871936274509804 0.8009803921568628 0.7557598039215687 0.7870098039215687 0.7489889705882352 0.814093137254902 0.7804227941176469 0.828063725490196
0 0.7759329024197456 0.872953266698964 0.7571680817970883 0.8609437815004634 0.743695657716923 0.8983671817231444 0.7624604783395804 0.9103766669216453
0 0.8407819292875521 0.8878907520776034 0.8184721852541921 0.8608486380977731 0.8047755301215509 0.8809370656256471 0.827085274154911 0.9079791796054774
0 0.8288096543218334 0.777948361445141 0.7982250376854294 0.7633095705764349 0.7904060248152842 0.792351618379831 0.8209906414516882 0.8069904092485373
0 0.822172538838382 0.7020062504741257 0.7950375133254278 0.671661705814478 0.7802253269970174 0.695209284080156 0.8073603525099716 0.7255538287398038
0 0.8671615529857808 0.7011177716296069 0.8659754306733451 0.6560451237570548 0.8442067804681047 0.6570635401409257 0.8453929027805404 0.7021361880134778
0 0.8712139098758769 0.5760590933621156 0.8534372751394136 0.5320407597289681 0.8348384938837922 0.5453937308868502 0.8526151286202555 0.5894120645199976
0 0.8385516233664485 0.49569130617972634 0.8273064286982775 0.4517814984278208 0.8089497020171948 0.46013903252652505 0.8201948966853658 0.5040488402784307
0 0.8112428496835936 0.3285164489749265 0.788977991832663 0.303227968452882 0.7739382169799557 0.32676848561364147 0.7962030748308863 0.352056966135686
0 0.8362132352941178 0.3999999999999999 0.824325980392157 0.3524509803921568 0.8051164215686275 0.36098856209150315 0.8170036764705881 0.40853758169934634
0 0.8511587517172473 0.21311248490903797 0.836265533283377 0.18456714957745302 0.8046771574871987 0.21386651263477788 0.8195703759210691 0.24241184796636284
0 0.9368872549019608 0.10457516339869281 0.9229166666666668 0.06732026143790848 0.9028186274509804 0.08071895424836598 0.9167892156862747 0.11797385620915031
0 0.9200705638127138 0.1523067708696763 0.9047492106273116 0.11330696276137958 0.8842914834973137 0.12759489916963218 0.8996128366827159 0.1665947072779289
0 0.8760999090357793 0.18879994609527673 0.8617791085506367 0.15458914493632514 0.8443894026682838 0.1675303214069133 0.8587102031534264 0.2017411225658649
0 0.9498784700990583 0.23656801597978064 0.9391471505442094 0.204771513595043 0.9073506481594715 0.2238494150258857 0.9180819677143205 0.2556459174106233
0 0.8676470588235294 0.2683823529411767 0.8480392156862745 0.2683823529411766 0.8480392156862745 0.30228758169934655 0.8676470588235294 0.3022875816993466
0 0.9321053163533456 0.3495173842732971 0.8995287548008895 0.330212755205175 0.8901164847382252 0.3584495653931678 0.9226930462906813 0.3777541944612899
0 0.8950149613981148 0.42990245351443285 0.8946135623261366 0.3983257265188289 0.8591260833023617 0.39912770344591986 0.8595274823743398 0.4307044304415238
0 0.9161389266689335 0.4905242925686652 0.9134223053383203 0.46698024103668434 0.8871309361895047 0.47237334240054396 0.889847557520118 0.4959173939325248
0 0.9177114439651768 0.5836759965871924 0.9145948871087517 0.5473161665955665 0.8945658742949235 0.550368206643388 0.8976824311513486 0.5867280366350139
0 0.958942454507678 0.633687149083389 0.9356293003894511 0.6323056288393459 0.9343639470327315 0.6702662295409376 0.9576771011509584 0.6716477497849807
0 0.9507652011309142 0.932580583589817 0.9148231025822399 0.8992057777946194 0.900891276362381 0.9258786758565714 0.9368333749110553 0.9592534816517689
0 0.8815824365501814 0.9464312454905596 0.845847244533083 0.9352639979852161 0.840617782058438 0.9650138289520857 0.8763529740755364 0.9761810764574289
0 0.9627782242882383 0.8105438014693814 0.9616504836794394 0.7714487936976859 0.9411891418310308 0.7724980932796556 0.9423168824398297 0.8115931010513512
0 0.9403668109972895 0.8516511481911736 0.9069774285387405 0.8449058184015679 0.9033265348329639 0.8770336830124031 0.9367159172915128 0.8837790128020092
0 0.9844975490196081 0.4570261437908498 0.9647365196078433 0.44824346405228777 0.9526960784313726 0.4964052287581701 0.9724571078431373 0.5051879084967322
0 0.9680210446247465 0.3168103448275864 0.9447631423258958 0.3035201149425289 0.930944683908046 0.34651087446472856 0.9542025862068967 0.35980110434978607
0 0.9827724959410516 0.034663419507930573 0.9687597570875484 0.0078056700387160545 0.9397925252903709 0.034673827067982076 0.9538052641438743 0.0615315765371966