0 0.6344254613610152 0.4591262975778548 0.6035955106024311 0.4571688403868336 0.6027616504746696 0.4805169239641559 0.6335916012332535 0.4824743811551771
0 0.4542927913871119 0.12106022780464971 0.45029450772351387 0.09573776460186198 0.42049429188120874 0.10410273746987744 0.4244925755448068 0.1294252006726652
0 0.44004656862745095 0.2312973856209151 0.4360857843137254 0.2022516339869281 0.40308578431372544 0.21025163398692812 0.407046568627451 0.2392973856209151
0 0.4128370098039216 0.2743055555555556 0.3947610294117647 0.2502042483660131 0.37454044117647056 0.27716503267973863 0.39261642156862747 0.30126633986928114
0 0.4232065422322776 0.3614096279537457 0.41887019230769235 0.33250062845651085 0.38039687028657615 0.3427601809954751 0.38473322021116135 0.37166918049270997
0 0.4896342836915948 0.32878802505684984 0.4855233942592354 0.3000117990303342 0.4557898378169648 0.3075631784442442 0.4599007272493242 0.33633940447075983
0 0.4802615718418516 0.2621276652737598 0.4782135505526297 0.23664117811899876 0.44742639331899225 0.2410393434380898 0.4494744146082141 0.26652583059285084
0 0.5267139450849291 0.194314367340473 0.5039760576190359 0.16809410071313668 0.4920335455536163 0.18650547348065855 0.5147714330195095 0.21272574010799486
0 0.5796568627450981 0.29983660130718964 0.5407475490196079 0.29983660130718964 0.5407475490196079 0.3247549019607844 0.5796568627450981 0.3247549019607844
0 0.5904681585215431 0.19894907348333404 0.5871989441112672 0.17239908978775895 0.5522541310450427 0.18004870060822595 0.5555233454553188 0.20659868430380107
0 0.570998598962095 0.1205137807737921 0.5406978105020999 0.11752111030860739 0.5391212248883183 0.14589965135667737 0.5694220133483133 0.14889232182186207
0 0.35033985243581967 0.38815527929384813 0.3493948352536891 0.3604347752846843 0.31593010915706493 0.36246294050266153 0.3168751263391955 0.39018344451182535
0 0.3545007861635221 0.43467443581206083 0.3323032278949316 0.40754408681711685 0.318759248982612 0.4272444197804909 0.3409568072512025 0.4543747687754348
0 0.44332107843137253 0.41380718954248374 0.4227941176470588 0.41380718954248374 0.4227941176470588 0.4579248366013072 0.44332107843137253 0.4579248366013072
0 0.43865138564451045 0.4908139850404663 0.4044996947334891 0.48091494419669195 0.39960271112054935 0.5109497770227225 0.4337544020315707 0.5208488178664968
0 0.2959576405885166 0.35263172700931167 0.2772377064168566 0.3336146510254031 0.2588746940670099 0.36574992263763473 0.2775946282386699 0.3847669986215433
0 0.2908087053529223 0.28702114886456037 0.2822674995745646 0.26343115195290595 0.24911013103409155 0.2847738259559691 0.2576513368124492 0.3083638228676235
0 0.3472139746634996 0.29498121497213303 0.3195676726747706 0.29371012062782365 0.319022969936193 0.3147719598528248 0.3466692719249221 0.31604305419713413
0 0.6350201845444059 0.2793396770472895 0.6275951557093425 0.2397395232602845 0.6073385236447519 0.2464917339484814 0.6147635524798154 0.2860918877354864
0 0.6666666666666669 0.360294117647059 0.6456801470588237 0.3323120915032682 0.6294424019607843 0.35396241830065384 0.6504289215686274 0.3819444444444447
0 0.5312964841108858 0.44502479152580576 0.5009444726166329 0.4426442416046879 0.4998436443542934 0.4675963488843814 0.5301956558485463 0.46997689880549925
0 0.5116028062601188 0.372646459195299 0.49811819796726026 0.34709667506146197 0.47044854065479397 0.37305832883612167 0.4839331489476525 0.3986081129699587
0 0.5811670567048038 0.3985748359592693 0.5539281896452098 0.3903206338199983 0.5496425854231674 0.41546284525598076 0.5768814524827613 0.4237170473952516
0 0.7064903846153845 0.4583836098541981 0.6934577677224736 0.436041980894922 0.6654176093514328 0.46512066365007526 0.6784502262443438 0.4874622926093515
0 0.6818980462010635 0.3124559255957529 0.677890185988442 0.2876453623747621 0.6445481763730148 0.29722050359765406 0.6485560365856363 0.32203106681864485
0 0.6565816527986439 0.1392307741695238 0.640061310624446 0.10424652015357562 0.6215426249085095 0.11979307112497924 0.6380629670827073 0.15477732514092743
0 0.7388471231846655 0.11029810039062761 0.7034990294053923 0.09584465760088037 0.6968612396209704 0.12470461318532411 0.7322093334002434 0.13915805597507136
0 0.9657235131621709 0.15224289531650614 0.9293658934568304 0.1496914834073594 0.928222497562561 0.1786575127288486 0.9645801172679016 0.18120892463799534
0 0.969243193783046 0.33523973072047697 0.96604528532438 0.3061032314304096 0.932231534139573 0.31270103653964015 0.935429442598239 0.3418375358297076
0 0.9033748114630468 0.3280542986425341 0.8641538429032091 0.3183701088746729 0.8603099645030426 0.34604603335587125 0.8995309330628803 0.3557302231237324
0 0.8654421191553544 0.2931146304675717 0.8322181372549019 0.2906535947712419 0.8312905354449471 0.312916038210156 0.8645145173453997 0.3153770739064858
0 0.8769809662866335 0.2388483792248568 0.8699923206500197 0.21301156808343633 0.8329970885500454 0.23080162504954424 0.8399857341866592 0.2566384361909647
0 0.8808210784313726 0.13643790849673215 0.8452818627450981 0.13643790849673215 0.8452818627450981 0.16258169934640537 0.8808210784313726 0.16258169934640537
0 0.9621704317349195 0.2518433186048129 0.927282821017544 0.2486335071193303 0.9256861100686384 0.2794863706060541 0.9605737207860139 0.28269618209153663
0 0.9622206609672829 0.38929446465751133 0.9278814135593457 0.37672585122715535 0.9235385251705258 0.39781988054428086 0.9578777725784628 0.41038849397463684
0 0.7415997149658586 0.386627148196872 0.71893989225083 0.3854186243187372 0.717918487283092 0.41946545657666706 0.7405783099981207 0.4206739804548019
0 0.7708758008153758 0.3196021808063159 0.7694804406911281 0.30099737914967967 0.7303800232964474 0.306210768135637 0.7317753834206951 0.32481556979227333
0 0.786866103202847 0.22897913613844117 0.7837561492568559 0.20340840369362456 0.7563404943828065 0.2093361128555812 0.7594504483287976 0.2349068453003978
0 0.7959558823529411 0.13276143790849687 0.7653186274509803 0.13276143790849687 0.7653186274509803 0.15849673202614392 0.7959558823529411 0.15849673202614392
0 0.8689054222462305 0.4042471024175745 0.8365898558553435 0.37590011435539306 0.8265464928117211 0.39625466345713456 0.858862059202608 0.424601651519316
0 0.7944240196078431 0.4452614379084969 0.7761948529411765 0.4209558823529412 0.7601102941176471 0.4424019607843137 0.7783394607843137 0.46670751633986945
0 0.8389231871994082 0.4888241460106057 0.8038811043285238 0.4754747811074116 0.798239224935257 0.5018035516093231 0.8332813078061414 0.5151529165125172
0 0.9239920449148517 0.4847145894113127 0.9089130029174298 0.447016984417758 0.8880022813623717 0.4618868308569104 0.9030813233597935 0.4995844358504651
0 0.9957472835704679 0.4942205823364246 0.9638469331776032 0.48497410396168117 0.9594034251787358 0.512227619688068 0.9913037755716004 0.5214740980628113
0 0.7907838715383061 0.027733559059362724 0.7602350540731757 0.01206749882083432 0.7528836921366485 0.037552220200795225 0.7834325096017789 0.053218280439323626
0 0.8374085292457372 0.10712818150122036 0.8344265203964734 0.08009130126789643 0.7972405198319802 0.08738267392760098 0.800222528681244 0.1144195541609249
0 0.8884568250377073 0.07041855203619922 0.856674553029467 0.06673365093379455 0.85516970625023 0.0898079682154289 0.8869519782584704 0.09349286931783357
0 0.8555543320628987 0.0284704244370936 0.826213729685028 -0.0004449518193584869 0.8143389843712546 0.02097615737411515 0.8436795867491251 0.04989153363056724
0 0.9725742502883507 0.08115628604382924 0.9680615628604383 0.0540801614763552 0.9327350057670125 0.06454728950403686 0.937247693194925 0.0916234140715109
0 0.9449189570311648 0.012296190227294317 0.9119219188971405 0.0036695135909480658 0.9081367830360577 0.029408437446310273 0.941133821170082 0.03803511408265652
0 0.6257359182438703 0.09663064846469847 0.6126375280489667 0.052387197139690735 0.597563411224286 0.060320942836891094 0.6106618014191896 0.10456439416189883
0 0.5838253184485472 0.03570917418062134 0.5568891333905824 0.018948881255665517 0.5474184199227136 0.04600806259243382 0.5743546049806783 0.06276835551738964
0 0.687759646752982 0.05623378756470825 0.6585289147721479 0.05460985801021748 0.6575614582271383 0.0855684674505274 0.6867921902079722 0.08719239700501819
0 0.6781865175019115 0.03228906125129081 0.6546114232209737 0.001978225747227873 0.6433870102899057 0.01749840165191446 0.6669621045708435 0.047809237155977395
0 0.44518910842535503 0.05353179534069513 0.41155406712306286 0.05084099203651177 0.4102367506388765 0.08011469168509712 0.44387179194116866 0.0828054949892805
0 0.5366115196078431 0.5390114379084968 0.5005538273001509 0.5293960532931121 0.49730156485671195 0.5510778029160383 0.5333592571644042 0.5606931875314229
0 0.4948010233850784 0.591279026619784 0.4662510364365009 0.5789633459752995 0.4611892916916179 0.5998238697723934 0.4897392786401954 0.6121395504168778
0 0.6288189125923366 0.5420423944462289 0.5859268844034885 0.5412135629836424 0.5856824683359275 0.5636998411992546 0.6285744965247755 0.564528672661841
0 0.41813725490196085 0.5708333333333333 0.40931372549019607 0.5355392156862744 0.39056372549019597 0.5438725490196078 0.39938725490196075 0.5791666666666666
0 0.49101536682088565 0.6956378056840715 0.462595009914078 0.6719541749283985 0.45304238268341046 0.6923331130204893 0.4814627395902181 0.7160167437761623
0 0.4186377781449659 0.6917263347286481 0.40425616875963866 0.6603482778879343 0.3881333994271866 0.6734853491958582 0.40251500881251384 0.7048634060365719
0 0.6331529519723625 0.6735340534766945 0.5967074289818065 0.6570304204243672 0.5909691777285443 0.6795583697890264 0.6274147007191003 0.6960620028413537
0 0.7202169838523648 0.6978133410226838 0.6961469146482124 0.6703046905036526 0.6807706170703578 0.6942233756247599 0.70484068627451 0.7217320261437911
0 0.6764705882352942 0.5906862745098042 0.6470588235294118 0.5906862745098042 0.6470588235294118 0.6139705882352943 0.6764705882352942 0.6139705882352943
0 0.7781815610859729 0.6556875314228257 0.7470352564102564 0.6504964806435396 0.7445041478129713 0.6774949723479137 0.7756504524886878 0.6826860231271997
0 0.7670345948012234 0.5805431882233018 0.7348115106134199 0.579241245427835 0.7341855549559274 0.6067832943574986 0.7664086391437309 0.6080852371529654
0 0.7028191272430669 0.5220354998987088 0.6742797496241565 0.5209482855132265 0.6737986997409078 0.5433972800648265 0.7023380773598182 0.5444844944503088
0 0.7800824721780607 0.5248630983925104 0.7534529014308428 0.5189454160042398 0.7507535108638052 0.5405405405405408 0.7773830816110231 0.5464582229288114
0 0.8329916979606381 0.6014132159542911 0.810018896305027 0.5817783427443671 0.8006678236299178 0.6012285739085942 0.823640625285529 0.6208634471185183
0 0.8424616797333767 0.7171407238024128 0.8209560524923971 0.6876472921576408 0.8074503824734971 0.7051546421821407 0.8289560097144767 0.7346480738269128
0 0.5088848039215688 0.9366830065359477 0.4748774509803923 0.9366830065359477 0.4748774509803923 0.9665032679738562 0.5088848039215688 0.9665032679738562
0 0.5693101471182773 0.9006177491210756 0.5387680181987896 0.8956166987716858 0.5364153222689926 0.9211602545809107 0.5669574511884803 0.9261613049303004
0 0.6246864186851212 0.893017108804306 0.5919225778546714 0.8833093041138025 0.587864042675894 0.9076605151864667 0.6206278835063438 0.9173683198769705
0 0.6542159344306346 0.970019899280364 0.6496438458283702 0.949597903523583 0.619754004588131 0.9614943577485539 0.6243260931903954 0.9819163535053348
0 0.5118411410956134 0.8818265278620039 0.4995862391348291 0.845061821979651 0.47451422579341007 0.8599193113671586 0.4867691277541944 0.8966840172495115
0 0.6811104826546003 0.8475314228255407 0.651527149321267 0.8336098541980896 0.644462669683258 0.8602978883861239 0.6740460030165913 0.8742194570135748
0 0.7300857843137255 0.954248366013072 0.6908700980392157 0.954248366013072 0.6908700980392157 0.9742647058823529 0.7300857843137255 0.9742647058823529
0 0.7374387254901961 0.8941993464052288 0.7227328431372549 0.8549836601307189 0.7038602941176473 0.8675653594771242 0.7185661764705884 0.9067810457516341
0 0.40999143210292727 0.9194594265595446 0.3736797011068039 0.9060106373017212 0.3678287754930053 0.9340950802479542 0.40414050648912875 0.9475438695057776
0 0.09957107843137258 0.8496732026143791 0.08768382352941177 0.8179738562091504 0.06047794117647058 0.8361111111111111 0.07236519607843139 0.8678104575163399
0 0.11996214327315098 0.9052958972367825 0.09069780139778691 0.89043146961755 0.08375254804892261 0.9147398563385751 0.11301688992428667 0.9296042839578077
0 0.21267641313318084 0.8975025767721402 0.20684015481525586 0.874713377625957 0.1734058833975785 0.8899354849380703 0.1792421417155035 0.9127246840842534
0 0.15566680121603543 0.7500927299703265 0.13767764153139003 0.7433767770213923 0.12845328227730266 0.7873022972789513 0.14644244196194803 0.7940182502278855
0 0.1651348039215687 0.7111928104575165 0.15180759803921576 0.6934232026143793 0.12944240196078438 0.7232434640522878 0.14276960784313733 0.741013071895425
0 0.20496291381190468 0.7689803098574163 0.18849916671810388 0.7587884664183968 0.17711901785897996 0.7914699195522911 0.19358276495278073 0.8016617629913105
0 0.23508488761358204 0.7970369041925714 0.22417503586800572 0.7788538179499442 0.1986190817790531 0.8061135023114937 0.20952893352462942 0.8242965885541209
0 0.2911976395958514 0.7905695459706331 0.2792999397221478 0.7700790628548102 0.25247569750086113 0.7977686032122674 0.2643733973745648 0.8182590863280902
0 0.33932490207735894 0.7749935883984987 0.3254816715627987 0.7556130656781144 0.3027988097736122 0.7844166996961289 0.31664204028817244 0.8037972224165133
0 0.39872973227752645 0.7470871040723981 0.37918080693816 0.7135746606334842 0.36452441553544496 0.7287738813474108 0.3840733408748115 0.7622863247863247
0 0.25061011268354005 0.7019904293508547 0.23879522893096428 0.6856537999645772 0.21504437035885074 0.7161906181287232 0.22685925411142652 0.7325272475150006
0 0.31718372280419016 0.6880036261079775 0.30678468305130263 0.6730716715910108 0.2825535522428149 0.7030721192586623 0.2929525919957024 0.7180040737756289
0 0.3623161764705883 0.8526143790849674 0.3537990196078431 0.8299019607843137 0.32573529411764707 0.8486111111111111 0.33425245098039225 0.8713235294117649
0 0.28967524509803927 0.8939950980392157 0.28288685558493065 0.8700360762282441 0.24861059916620065 0.8873011535354564 0.25539898867930927 0.9112601753464279
0 0.2329667080936389 0.9748656740819562 0.20176191060087126 0.9624567487631949 0.196796475797781 0.9846551631770101 0.22800127329054867 0.9970640884957714
0 0.34450431034482754 0.959091165201713 0.3428858181203516 0.9224053414469237 0.31815521467207575 0.9243449966193376 0.31977370689655166 0.9610308203741268
0 0.3816467898134864 0.839565399330464 0.37880723935915833 0.805490793878527 0.36347366690578675 0.8077624342419895 0.3663132173601148 0.8418370396939264
0 0.1615808823529412 0.6281862745098039 0.1520833333333334 0.6028594771241831 0.122671568627451 0.622467320261438 0.13216911764705883 0.6477941176470589
0 0.10435297429782732 0.6552894806571277 0.088413321409645 0.6401088588588587 0.06976185744568102 0.674924924924925 0.08570151033386333 0.6901055467231938
0 0.05172982654600302 0.71741452991453 0.04579091251885369 0.6778217697335345 0.02646587481146304 0.682975113122172 0.03240478883861237 0.7225678733031675
0 0.23694613765580586 0.6320833940763417 0.2070332431299658 0.6182461367446607 0.20080454114731403 0.6421838933838715 0.23071743567315406 0.6560211507155526
0 0.25780264479308285 0.5193164607087891 0.22233155442064403 0.5181340910297078 0.2217934409866383 0.5468334741766788 0.2572645313590771 0.5480158438557602
0 0.17383724678375978 0.5625961051736819 0.14632818543881268 0.547749945082758 0.13928310912772324 0.5709572552839939 0.16679217047267034 0.5858034153749176
0 0.12700075881287942 0.540292766674161 0.11194043097021547 0.502245622650589 0.09667764208882101 0.5129861037152741 0.11173796993148495 0.5510332477388461
0 0.18086938242450268 0.48724118601211774 0.14694700873049957 0.4707939745241163 0.14064959925576076 0.49388447593149193 0.1745719729497639 0.5103316874194934
0 0.22058823529411772 0.4611928104575164 0.18493135085892765 0.44879041587136337 0.18068551535658514 0.4704913528833363 0.2163423997917752 0.4828937474694894
0 0.31439950980392156 0.48178104575163405 0.30232843137254906 0.4495915032679739 0.2799019607843138 0.46454248366013073 0.2919730392156863 0.49673202614379086
0 0.3169487114562234 0.5636943219781725 0.2925413075425985 0.5488174281641536 0.2844320543882645 0.5724694165309611 0.3088394583018894 0.58734631034498
0 0.36487102462936394 0.6370307269249164 0.36307015184122426 0.6154202534672405 0.32799796747967475 0.6206161326319145 0.3297988402678145 0.6422266060895904
0 0.3538675411029012 0.5338349246713366 0.3529174363464799 0.4894967027050081 0.33483870709784735 0.4901854162001941 0.3357888118542687 0.5345236381665227
0 0.22937152147082115 0.3919079805318802 0.22864852591868107 0.3639521525157965 0.19680251851334354 0.3654163367643178 0.19752551406548363 0.3933721647804015
0 0.07100591715976333 0.4826110917739877 0.046782544378698276 0.4693119851490893 0.03899089221487416 0.4945420969176626 0.06321426499593921 0.507841203542561
0 0.11709269792822792 0.3123435380441485 0.09871843784683687 0.31127836354667654 0.09755422216056235 0.34698097792576155 0.11592848224195341 0.3480461524232335
0 0.14348006094329624 0.2627804274863099 0.12796767355590885 0.2518305069775658 0.1132344660837308 0.2889363628334217 0.1287468534711182 0.2998862833421657
0 0.20362382317547956 0.3203882636086926 0.1937092977985418 0.29982480356763647 0.15951944857365327 0.3291303886175409 0.16943397395059104 0.34969384865859704
0 0.24074337006782995 0.22072551973405088 0.23122140187217038 0.19612710189526375 0.20146449602848535 0.2166049725833911 0.21098646422414488 0.24120339042217823
0 0.19247029666885343 0.22029818742862703 0.18055707413076752 0.19964860169594484 0.15532746555871418 0.22552512330830726 0.16724068809680007 0.24617470904098945
0 0.2671369389170386 0.5990062786856519 0.2333102112065591 0.5951840495658237 0.23203613483328303 0.6152295178387005 0.26586286254376257 0.6190517469585287
0 0.18717113680708822 0.06390141701052361 0.1738206905927134 0.0470897439998294 0.151772362697118 0.07821679514655237 0.1651228089114928 0.09502846815724657
0 0.22515439035876358 0.05789237092216803 0.20524686402945455 0.05435325513029087 0.2011262201387105 0.09555969403773158 0.22103374646801954 0.09909880982960874
0 0.10486425339366516 0.13121543489190549 0.08778987556561087 0.11350867269984918 0.06954421191553545 0.1447869532428356 0.08661858974358974 0.1624937154348919
0 0.09482771049596309 0.0998077662437524 0.09048803344867358 0.07376970396001536 0.05843786043829295 0.08326605151864666 0.06277753748558246 0.1093041138023837
0 0.18198889607909 0.13595545148974383 0.17036670437405732 0.11830693815987935 0.14033272655719997 0.15346866828693187 0.15195491826223265 0.17111718161679634
0 0.2347336800573888 0.12481069663637812 0.2186304399808704 0.10763390722142516 0.19884325681492107 0.14061254583134064 0.2149464968914395 0.15778933524629363
0 0.3187960675054419 0.1623526750320074 0.30905412958153683 0.1369645943818305 0.28146943786087086 0.15578205850135457 0.29121137578477596 0.18117013915153146
0 0.31767448001299964 0.0845994475138122 0.30138934026649333 0.06047331455602498 0.27694724298559203 0.08980383129310654 0.29323238273209834 0.11392996425089376
0 0.34520927601809953 0.18352312719959782 0.3125113122171945 0.1811010558069382 0.3112490573152338 0.211395173453997 0.3439470211161388 0.21381724484665662
0 0.09418789808917198 0.2329165105532659 0.08116804046459349 0.20796178343949046 0.051787888722367934 0.2352129386786562 0.06480774634694643 0.26016766579243167
0 0.3770145173453996 0.0854587732528909 0.3641666666666666 0.04964052287581706 0.34635510935143277 0.0609986173956763 0.3592029600301658 0.09681686777275016
0 0.36432664281928984 0.011040452216922876 0.33670343137254904 0.0049019607843137835 0.33431041335453104 0.02404610492845793 0.3619336248012719 0.030184596361067025
0 0.13162216730954676 0.036259107468123865 0.12987182577949213 0.010587431693989069 0.09625371665059466 0.014662354012643307 0.0980040581806493 0.04033402978677811
0 0.7187490926775447 0.202559939737659 0.6985067287033271 0.17674359148068586 0.6862905391672954 0.1937722193187905 0.7065329031415131 0.21958856757576364
0 0.6979572400337849 0.24623540231329283 0.6633823507598126 0.23549982025562108 0.6589527643114917 0.26086137403816406 0.6935276535854641 0.27159695609583584
0 0.8863573345516401 0.568391835045859 0.8544608274142013 0.5632054111210723 0.8523641688504241 0.5861288780850364 0.884260675987863 0.5913153020098232
0 0.8877845826224564 0.6377190325478658 0.8859382340578098 0.6147422504100422 0.8530632618747372 0.619438675007624 0.8549096104393838 0.6424154571454476
0 0.7626329109820593 0.7479845307671174 0.7403185116748636 0.7208572218054285 0.726931319292006 0.7404341913115431 0.7492457185992017 0.7675615002732318
0 0.6918446255133502 0.7963282008473579 0.6902605899413837 0.768167568456842 0.6649434400857919 0.7706992834424012 0.6665274756577585 0.7988599158329172
0 0.7461216839677047 0.8047241445597848 0.7177047289504037 0.79630430603614 0.7131992502883506 0.8233371780084583 0.7416162053056518 0.8317570165321031
0 0.6167910178777395 0.7482338523644754 0.5813322076568185 0.7459824993345756 0.5804304187738445 0.7712325880578478 0.6158892289947655 0.7734839410877474
0 0.601027249134948 0.8359429065743946 0.5814316608996539 0.8037860438292966 0.5675677623990772 0.8188052672049214 0.5871633506343714 0.8509621299500193
0 0.7929749602543721 0.8686186186186186 0.776952503974563 0.8387100335629749 0.7601723966613673 0.8546910881469707 0.7761948529411766 0.8845996732026143
0 0.8483368666809792 0.8035348385096133 0.8087195416487765 0.8021071871571014 0.8081944593530844 0.8280112470779067 0.8478117843852871 0.8294388984304186
0 0.9262659679676679 0.7970360333985499 0.9251408912071749 0.7692841399730564 0.8953276958999187 0.7714328387339399 0.8964527726604116 0.7991847321594333
0 0.9206019692359703 0.7147213770565699 0.9126626943881001 0.6900214108631959 0.8845979124408384 0.7060584291187739 0.8925371872887087 0.7307583953121479
0 0.902627329659029 0.8332108083854246 0.8702581761932824 0.8290001867963843 0.8676880408910765 0.8641253692598629 0.9000571943568233 0.8683359908489031
0 0.9259144042232278 0.9233345902463549 0.9105297888386125 0.887437154348919 0.8937028657616893 0.9002576671694318 0.9090874811463048 0.9361551030668677
0 0.5330882352941178 0.7495915032679739 0.49571078431372556 0.7495915032679739 0.4957107843137256 0.7728758169934641 0.5330882352941178 0.7728758169934641
0 0.4741921191553544 0.7813461538461537 0.4726527149321267 0.7444004524886877 0.44860859728506786 0.7461814982403218 0.4501480015082956 0.7831271995977878
0 0.45992549926179205 0.8055048307301785 0.4295675007123061 0.7914934467842619 0.4225083857849613 0.81868411168959 0.45286638433444726 0.8326954956355067
0 0.4716251885369532 0.8860608345902464 0.44305005656108604 0.8784407993966818 0.43911434766214175 0.9046788587229766 0.467689479638009 0.9122988939165412
0 0.8112118547592345 0.9448904634066223 0.8103734453053317 0.9180613608817302 0.7767563589560607 0.9199289767900231 0.7775947684099636 0.9467580793149152
0 0.8773031345565749 0.9755209270252443 0.85029625382263 0.9416299394375488 0.8353385276128801 0.9628200515680281 0.862345408346825 0.9967110391557236
0 0.9813859995217599 0.9292503586800577 0.9746540231946434 0.9048870157819227 0.9447393591582973 0.9195819384664436 0.9514713354854136 0.9439452813645787
0 0.9675915854507484 0.847497776230808 0.9523853550295857 0.8390498704412732 0.9424871649843368 0.8707240785860696 0.9576933954054995 0.8791719843756044
0 0.9788602941176471 0.6825980392156865 0.9595588235294118 0.6825980392156865 0.9595588235294118 0.7250816993464054 0.9788602941176471 0.7250816993464054
0 0.9018791595105197 0.5106790587281145 0.8764524742378704 0.4948580101140216 0.8698777640618293 0.5136428963312822 0.8953044493344785 0.5294639449453752
0 0.9600986675757193 0.6028418429084869 0.921554987899366 0.5927470696599181 0.919184433828797 0.608838103351053 0.9577281135051504 0.6189328765996217
0 0.9914911203693484 0.5472108793486126 0.9658454962660485 0.5363309176078187 0.9596088318066439 0.5624655115329434 0.9852544559099435 0.5733454732737373
0 0.5412127316680098 0.6598348106365836 0.5183924254633361 0.6403952905363061 0.5078631144238518 0.6623695048795776 0.5306834206285255 0.6818090249798551
0 0.06598543829296422 0.5935890042291426 0.049787341407151096 0.5683919646289889 0.02296712802768167 0.5990436370626682 0.039165224913494785 0.6242406766628219
0 0.09699210912449137 0.4288784010575859 0.07334394747698252 0.3962009413264828 0.05825776078681394 0.4156100704015535 0.08190592243432279 0.44828753013265654
0 0.05461905766690894 0.3692727423106881 0.026507025687915686 0.3509478622058628 0.017684863901718542 0.37500830344094593 0.0457968958807118 0.3933331835457712
0 0.581179574466178 0.9932268726854757 0.5550487320042312 0.9575147213208153 0.5400180816764377 0.9770667867878635 0.5661489241383845 1.012778938152524
0 0.5869388390340162 0.6159275877550168 0.5624559528284157 0.6146218338240513 0.5618975325753304 0.6332358422602269 0.586380418780931 0.6345415961911922