0 0.11008488761358207 0.9897278016897817 0.08277289574366334 0.9605950103618685 0.06986041367766618 0.982115813805197 0.09717240554758491 1.0112486051331104
0 0.06282408194491675 0.8879184139937286 0.027807293437606323 0.88073548301787 0.02379788620650577 0.9154836790207415 0.05881467471381619 0.9226666099966
0 0.17329187036744997 0.967742995321453 0.15878558192714082 0.9180071492403932 0.13598752168427689 0.929828365662619 0.15049381012458604 0.9795642117436788
0 0.13499677137143812 0.8773845562776575 0.11602354468699658 0.8452760188116795 0.09918260151085928 0.8629675146734803 0.11815582819530082 0.8950760521394582
0 0.09687500000000002 0.8449346405228758 0.08492647058823531 0.8130718954248366 0.058578431372549 0.8306372549019608 0.07052696078431371 0.8625
0 0.04001419572353829 0.7891066305858694 0.03863205350013309 0.7504066483305237 0.019912829385147726 0.7515951704965547 0.021294971608552923 0.7902951527519002
0 0.049325980392156916 0.6062091503267973 0.02665441176470594 0.6062091503267973 0.026654411764705944 0.6544117647058824 0.049325980392156916 0.6544117647058824
0 0.07873380038710763 0.7197116328648772 0.05911543802070183 0.6772051810709978 0.04103025330303798 0.6920443069931835 0.06064861566944378 0.7345507587870628
0 0.059436274509803974 0.5269607843137255 0.03584558823529417 0.5269607843137255 0.03584558823529417 0.5698529411764706 0.059436274509803974 0.5698529411764706
0 0.0350796568627451 0.40216503267973863 0.01378676470588237 0.3737745098039217 0.00030637254901960784 0.391748366013072 0.021599264705882335 0.4201388888888889
0 0.0699566365007542 0.45559326294620406 0.04205316742081452 0.4509426847662141 0.03930524132730019 0.48025389643036687 0.06720871040723989 0.48490447461035685
0 0.0818937837143591 0.3454901247252904 0.07877921911122528 0.3143444786939521 0.04117165425122013 0.3210302680023974 0.04428621885435396 0.3521759140337357
0 0.10223651960784315 0.38484477124183003 0.09537377450980394 0.3573937908496732 0.06522671568627451 0.3707924836601307 0.07208946078431372 0.3982434640522875
0 0.0665480107788972 0.22465627595421225 0.03745869894919295 0.2226149207380926 0.03608594680966311 0.2573913082728487 0.06517525863936736 0.2594326634889683
0 0.11861331070889894 0.22926093514328805 0.11395173453996983 0.17953745600804424 0.08857466063348417 0.18376696832579184 0.09323623680241327 0.23349044746103564
0 0.10114064856711921 0.2847159376571141 0.07901819381598796 0.26177413273001504 0.06522671568627454 0.2854166666666667 0.0873491704374058 0.3083584715937658
0 0.06527338830060177 0.09464652236786865 0.04526441821772326 0.09007304349178213 0.03961559842017696 0.1340083085838089 0.05962456850305547 0.1385817874598954
0 0.13982649055097152 0.16247264365776481 0.11681389184633129 0.12872083222429245 0.10068011933280097 0.1482769201194807 0.12369271803744121 0.18202873155295307
0 0.19966854191340966 0.19346295565205954 0.17846817837873402 0.18847463482037113 0.17181228615607316 0.23876359828047555 0.1930126496907488 0.2437519191121639
0 0.13317567195417493 0.06834288022325033 0.12614803646177575 0.02773876404494381 0.10249710839391936 0.03501597268120731 0.10952474388631855 0.07562008885951382
0 0.19883578431372548 0.07761437908496735 0.17493872549019607 0.07761437908496735 0.17493872549019607 0.1245915032679739 0.19883578431372548 0.1245915032679739
0 0.1606646482122261 0.4592637447135718 0.14272202998846598 0.44919069588619764 0.12969434832756632 0.49044502114571314 0.14763696655132644 0.5005180699730871
0 0.24096105438017204 0.04520980256274374 0.2300029809220986 0.006690514043455235 0.20800339366515844 0.017816742081447963 0.2189614671232319 0.05633603060073647
0 0.11856853318250384 0.5872391905480141 0.10070937028657619 0.5687185771744595 0.08417939291101054 0.5970556812468577 0.1020385558069382 0.6155762946204123
0 0.1727941176470589 0.5383986928104575 0.14981617647058826 0.5383986928104575 0.14981617647058829 0.5825163398692811 0.1727941176470589 0.5825163398692811
0 0.16826511674033778 0.6727993124031887 0.15153823812762102 0.6413134232498394 0.13414619460500968 0.6577392421323057 0.15087307321772644 0.689225131285655
0 0.143977621299168 0.7269423542969478 0.10669337959903072 0.7044916281119189 0.09754774857220337 0.7314930149530282 0.13483199027234063 0.7539437411380572
0 0.1987109313589965 0.9199837685511951 0.16887293865569453 0.8829123230713353 0.15436687185241807 0.9036689715052918 0.18420486455572005 0.9407404169851518
0 0.20585492657761809 0.8184553115278136 0.17548056340440113 0.7874853726061022 0.16167105488483605 0.811563490024831 0.192045418058053 0.8425334289465425
0 0.20904977375565614 0.6736488185017598 0.19008295625942687 0.6293929110105583 0.17196926847662145 0.6431938159879338 0.1909360859728507 0.6874497234791355
0 0.239889705882353 0.4987745098039216 0.2193627450980393 0.4987745098039216 0.2193627450980393 0.5441176470588235 0.239889705882353 0.5441176470588235
0 0.27367494952847154 0.3797371793098999 0.244166390110346 0.3529112162025131 0.23412609931137482 0.3725455626538346 0.26363465872950037 0.3993715257612214
0 0.2564237785278046 0.45807216329154604 0.233320274831244 0.42110655737704916 0.2182829074252652 0.43781474338369225 0.24138641112182582 0.4747803492981892
0 0.3054102393331328 0.21997772812558192 0.287208375406408 0.20810133464147776 0.27242293465961986 0.24838630363272654 0.2906247985863447 0.2602626971168307
0 0.2532737111698612 0.15698667107292358 0.2363647003745319 0.14289582874348242 0.21825773848865393 0.18152401410002203 0.2351667492839833 0.19561485642946316
0 0.3367022853405702 0.04639493993773741 0.322824602097697 0.025943617264029474 0.30073139760891887 0.052595736964777595 0.3146090808517921 0.07304705963848553
0 0.29534313725490197 0.08741830065359482 0.27481617647058826 0.08741830065359482 0.27481617647058826 0.12418300653594776 0.29534313725490197 0.12418300653594776
0 0.3365150185293544 0.15965768499715077 0.31747205538154416 0.1436978682637479 0.29942457893046054 0.18198039406907687 0.31846754207827077 0.19794021080247975
0 0.33588535901319916 0.3069567708232187 0.2983236192297982 0.30513559556099323 0.29755955906628084 0.33315113488996345 0.33512129884968184 0.3349723101521889
0 0.32632914055924434 0.4054664526117814 0.29549900246267036 0.3875939087876804 0.28732094984257617 0.41267327015596916 0.31815108793915015 0.43054581398007014
0 0.31763763197586725 0.5012883358471594 0.29967948717948717 0.4653720462543993 0.2798831070889895 0.48296882855706386 0.29784125188536953 0.518885118149824
0 0.3418309005758437 0.5909489880214788 0.3147949467891246 0.5632198046504848 0.30170862489977407 0.5859027625920257 0.3287445786864932 0.6136319459630197
0 0.2708333333333333 0.6213235294117647 0.25249811463046756 0.5846530920060332 0.23446926847662136 0.6006787330316742 0.25280448717948717 0.6373491704374057
0 0.26234568580500145 0.7148807742192957 0.24579138936328795 0.6768249203302992 0.22965203928024364 0.6893060177278535 0.24620633572195716 0.7273618716168501
0 0.24276073551592586 0.7609443852955965 0.22447680995475114 0.7387820512820514 0.20892251131221723 0.7615950226244346 0.22720643687339193 0.7837573566379796
0 0.24894722989867085 0.8965708207220249 0.2331145545466509 0.8664133438610345 0.21621265956046845 0.882188445848138 0.2320453349124884 0.9123459227091283
0 0.303246680996932 0.9964213792406856 0.2808274307791372 0.9548320455033269 0.26277255912023534 0.972134630843108 0.28519180933803023 1.0137239645804665
0 0.3023123252430162 0.8610597979319875 0.28210776096312457 0.8171870297813658 0.26442984575367917 0.8316601767364673 0.28463441003357076 0.8755329448870891
0 0.33486519607843146 0.6658496732026143 0.3143995098039217 0.6522058823529412 0.29914215686274515 0.6928921568627452 0.31960784313725493 0.7065359477124185
0 0.31573774509803926 0.7350392156862745 0.28047303921568634 0.7264901960784313 0.2764289215686275 0.7561470588235295 0.31169362745098045 0.7646960784313727
0 0.3771021403610951 0.8838291917427038 0.3560297757716948 0.8731257684591989 0.3429983255678509 0.9187358441726526 0.3640706901572511 0.9294392674561576
0 0.38791242458521874 0.7995632227249874 0.3715639140271494 0.7715372046254398 0.347108314479638 0.7968985671191554 0.36345682503770743 0.8249245852187029
0 0.404042315455594 0.604707324106113 0.4023176182237601 0.5748125720876587 0.36780745386389857 0.5783520761245674 0.36953215109573245 0.6082468281430218
0 0.3947913575896942 0.7107420732059112 0.388257470390426 0.6813395808092048 0.36141761244220255 0.6919429814801079 0.3679514996414707 0.7213454738768144
0 0.3961989303156207 0.48686736156668375 0.37419477549384067 0.4487268265422651 0.3571973631460019 0.46616006997594583 0.37920151796778195 0.5043006050003646
0 0.4074489533616733 0.3769328193926498 0.3882708151092422 0.3345810974185309 0.3666614392300097 0.351977324541435 0.38583957748244085 0.39432904651555384
0 0.37836443496067557 0.2201638819421793 0.36946207549563265 0.19523727544005903 0.33989740766916743 0.21400849310765593 0.34879976713421046 0.23893509960977619
0 0.4114583333333333 0.25612745098039225 0.37683823529411764 0.25612745098039225 0.37683823529411764 0.2875816993464053 0.4114583333333333 0.2875816993464053
0 0.39581838833094213 0.13258209787980232 0.3798272357723577 0.11552486848397896 0.3590237924438068 0.15019727403156388 0.3750149450023912 0.16725450342738724
0 0.43443627450980393 6.871128997667033e-17 0.4028799019607843 6.613492926767978e-17 0.4028799019607843 0.03022875816993471 0.43443627450980393 0.03022875816993471
0 0.38265931372549017 0.05596405228758177 0.36519607843137253 0.05596405228758177 0.36519607843137253 0.099264705882353 0.38265931372549017 0.099264705882353
0 0.456440818003777 0.23785292951901338 0.44055024655522135 0.2156061294910355 0.4154575697698818 0.24746984604384767 0.43134814121843745 0.26971664607182555
0 0.45742589713528387 0.9844424338192815 0.45661350545417473 0.9584459000237876 0.41749127077174025 0.9606193575061451 0.41830366245284945 0.9866158913016391
0 0.4513858852364474 0.7294910611303346 0.425434328143022 0.708729815455594 0.4130532727797002 0.7362432718185314 0.43900482987312567 0.7570045174932719
0 0.4808877595155709 0.8860173971549402 0.44858347750865046 0.860173971549404 0.4389327422145328 0.8816200499807767 0.47123702422145325 0.907463475586313
0 0.4975605808361079 0.6814265014181773 0.48946772105068426 0.6436598224195338 0.463651498335183 0.6534945739302009 0.47174435812060656 0.6912612529288444
0 0.48997981545559405 0.5689638600538255 0.47805831891580164 0.5424716455209535 0.44989907727797 0.5649990388312188 0.4618205738177624 0.5914912533640907
0 0.48469362745098044 0.4547712418300656 0.4662622549019608 0.43633986928104596 0.44629901960784313 0.4718300653594773 0.4647303921568628 0.49026143790849697
0 0.47763480392156865 0.31576797385620925 0.4543504901960784 0.31576797385620925 0.4543504901960784 0.36356209150326807 0.47763480392156865 0.36356209150326807
0 0.46427161468614286 0.4100621792341098 0.4506267272009474 0.38407191735754714 0.42502714172917494 0.4079648637978682 0.4386720292143703 0.4339551256744309
0 0.4720091857217665 0.18324290646030925 0.45719148193401987 0.14811946044491 0.4400418921277711 0.16098165279959664 0.4548595959155176 0.19610509881499588
0 0.5196596280060735 0.8432525591418916 0.49521487404287273 0.8119632740689948 0.48344159687188776 0.828315047917585 0.5078863508350885 0.8596043329904819
0 0.53690941280008 0.5343186345914914 0.5158928807320451 0.5030940726618397 0.5010029070805305 0.5209111351508314 0.5220194391485655 0.5521356970804832
0 0.5828160157505625 0.7665139826422372 0.5655185229829638 0.7472945462337942 0.5408580440372871 0.7867513125468768 0.5581555368048859 0.80597074895532
0 0.54988904345522 0.7013778484366721 0.5325624337572867 0.6690348436671967 0.5144781730259672 0.6862579491255963 0.5318047827239005 0.7186009538950716
0 0.5654209887873871 0.5039497898820874 0.5547170700646005 0.459350128537143 0.5331953989868806 0.4685327081969702 0.5438993177096673 0.5131323695419145
0 0.5399714523720626 0.42336455162946107 0.527478064220495 0.38612935556988703 0.5092523449079576 0.39700083726508484 0.5217457330595251 0.4342360333246588
0 0.5673510913799482 0.2683083610802813 0.5508566870144285 0.24431650018497975 0.5270081853496115 0.2734646688864226 0.5435025897151314 0.29745652978172415
0 0.51383775353757 0.20747941692219704 0.49473276577488956 0.19580414662278117 0.48349104706444984 0.2285073283258785 0.5025960348271303 0.24018259862529437
0 0.47630965512817736 0.0916959224407296 0.4645953375360465 0.07416429067019362 0.43995312601634823 0.10343625102086546 0.45166744360847916 0.12096788279140144
0 0.5039130751310424 0.11712531547272378 0.48969860221316247 0.10161861774412742 0.46703916715200927 0.13854510451045116 0.4812536400698892 0.15405180223904752
0 0.5538320969980912 0.36749161316443973 0.5518488092139511 0.3278258574816357 0.5315753513794897 0.3296279426224767 0.53355863916363 0.36929369830528075
0 0.6246619337390129 0.8742816091954022 0.6174991548343476 0.8504056795131846 0.5868090770791075 0.8667737209826459 0.5939718559837728 0.8906496506648636
0 0.6104688901209434 0.6769177129030436 0.5931476692963961 0.6608212248640704 0.5730052836956786 0.6993544842741384 0.590326504520226 0.7154509723131117
0 0.6079377395434095 0.5629212260919477 0.5946066280619897 0.5251497435612585 0.5761192579014609 0.536749662093355 0.5894503693828806 0.5745211446240442
0 0.6243872549019608 0.4015522875816994 0.6004901960784313 0.4015522875816994 0.6004901960784313 0.4452614379084969 0.6243872549019608 0.4452614379084969
0 0.6178002450980392 0.16809640522875832 0.6018688725490197 0.14685457516339884 0.5798100490196079 0.1762663398692812 0.5957414215686274 0.19750816993464065
0 0.5795532284078141 0.11625394150266391 0.5742999868616578 0.05944110700349148 0.5491980514479359 0.06356745255095261 0.5544512929940922 0.12038028705012503
0 0.6211631580399515 0.35272888079559533 0.6184937506897694 0.31179796809280313 0.5983323676562557 0.31413551974886267 0.6010017750064379 0.3550664324516549
0 0.7008130240523837 0.945637969245989 0.6966257824768408 0.9197532031426335 0.6588720627854375 0.9306104820081351 0.6630593043609804 0.9564952481114906
0 0.6535084394582575 0.759450171821306 0.6295450525571052 0.7452496462502528 0.6144854204568426 0.7904285425510412 0.6384488073579947 0.8046290681220943
0 0.6909611817700052 0.9047319378201732 0.6876076444091149 0.8779036389330508 0.6493027954425014 0.8864158275922981 0.6526563328033916 0.9132441264794207
0 0.623825201343237 0.6033330724645931 0.5969829196192267 0.6004312041701055 0.5949659299496288 0.6335994787368262 0.6218082116736392 0.6365013470313139
0 0.6325725867269983 0.4640912518853696 0.6098689668174964 0.46240950226244343 0.6078459653092008 0.5109615384615386 0.6305495852187027 0.5126432880844646
0 0.6681985294117647 0.3537581699346406 0.6381740196078431 0.3537581699346406 0.6381740196078431 0.38684640522875824 0.6681985294117647 0.38684640522875824
0 0.5416560903314556 0.010493089217869874 0.5231591035634744 -0.0013815195714513876 0.508802240272501 0.03837594800355183 0.527299227040482 0.050250556792873095
0 0.6676599142719875 0.05966179223093028 0.645457522595562 0.042168998788897995 0.6312888478515449 0.07413934180103902 0.6534912395279704 0.0916321352430713
0 0.7080947423217074 0.15658438891780915 0.6762905604719763 0.1388014055179595 0.6666718180635086 0.16938407368847255 0.6984759999132396 0.1871670570883222
0 0.6739984787018255 0.2745802343926077 0.6593253829474715 0.2559477318473962 0.6391871255041851 0.28414129226799734 0.6538602212585392 0.3027737948132088
0 0.7189877028397564 0.4212376042370972 0.7040314401622718 0.3976701600180304 0.6852434077079108 0.4188669145819249 0.7001996703853954 0.4424343588009917
0 0.7004621606008088 0.5549035183108483 0.6989398554049002 0.5061897520417757 0.681188300710232 0.5071759495248128 0.6827106059061405 0.5558897157938854
0 0.6542883839055984 0.5904995859580636 0.6280748158992104 0.5587255641321386 0.6147801880933369 0.578224351580753 0.640993756099725 0.609998373406678
0 0.6981776014829174 0.8075013179599682 0.6906142118599391 0.7659026750335868 0.6698061217114772 0.7726285223543017 0.6773695113344557 0.8142271652806831
0 0.7509824548631333 0.836775868763347 0.7255944234129297 0.8163079984469037 0.7154677489807805 0.8386386138613864 0.7408557804309843 0.8591064841778296
0 0.7263713685015292 0.7712062271391736 0.7251880396654076 0.7191397583498232 0.7024166891527253 0.7200598129159922 0.703600017988847 0.7721262817053426
0 0.7594975490196079 0.9763071895424836 0.7254901960784313 0.9763071895424836 0.7254901960784313 0.9995915032679739 0.7594975490196079 0.9995915032679739
0 0.8145109675917845 0.7955710226721746 0.8032033659160994 0.7687678187001805 0.774126156397277 0.7905757258392974 0.7854337580729621 0.8173789298112916
0 0.7929417740104315 0.902323576361324 0.7637215421649722 0.8854998065109081 0.7554042677149222 0.9111812153391325 0.7846244995603815 0.9280049851895485
0 0.8549891156501034 0.8999558220674897 0.8160707355578667 0.8989383480781501 0.8156419081852573 0.9280986094155829 0.854560288277494 0.9291160834049225
0 0.8218839502092972 0.7171596166556512 0.7806011098259529 0.7044572042300067 0.7753290923110818 0.7349177498714843 0.8166119326944261 0.7476201622971287
0 0.7582720588235294 0.4803921568627453 0.7441789215686274 0.4616013071895427 0.7204350490196079 0.4932598039215688 0.7345281862745098 0.5120506535947714
0 0.837205133144961 0.6434715443673832 0.8025074385649457 0.637303065330936 0.7997407205240176 0.6649702457402177 0.834438415104033 0.6711387247766649
0 0.7710225262785527 0.2994630584192442 0.744528881140085 0.26720992520719644 0.7297708838690116 0.2887612863014623 0.7562645290074794 0.32101441951351006
0 0.7210784313725489 0.2043300653594772 0.6984681372549018 0.19428104575163402 0.6898284313725489 0.22883986928104583 0.7124387254901959 0.238888888888889
0 0.6900082017242694 0.004906729228656552 0.6704957274738688 0.0032806897077898352 0.668829156176089 0.0388342107270925 0.6883416304264895 0.04046025024795922
0 0.7470694120424375 0.028900507322853725 0.7258833597178249 0.028227934233183476 0.7248974129311782 0.083440954285397 0.7460834652557907 0.08411352737506723
0 0.7872379739833677 0.13491995371430038 0.7649025806820783 0.13305867093919294 0.7630011635004198 0.17362223748124428 0.7853365568017091 0.1754835202563517
0 0.7984068627450981 0.03676470588235303 0.7714460784313726 0.0008169934640523804 0.7562806372549019 0.021037581699346497 0.7832414215686274 0.056985294117647155
0 0.8537071078431374 0.10151143790849664 0.8344139175940648 0.06549748277689449 0.8164455816110228 0.08261018371312492 0.8357387718600955 0.11862413884472707
0 0.8759821943483277 0.16312235678585163 0.8747400685387278 0.1283428341170556 0.8434734329252064 0.1303280173306125 0.8447155587348062 0.16510753999940853
0 0.8250906526994359 0.23954696033664624 0.791851329572925 0.22292729877339076 0.7842213940370668 0.2500559584564421 0.8174607171635777 0.2666756200196975
0 0.9049151583710408 0.0415258924082452 0.8845776772247361 0.028557063851181397 0.8700914404223228 0.06894293614881844 0.8904289215686273 0.08191176470588225
0 0.9335784313725489 0.14934640522875817 0.9223651960784314 0.10449346405228761 0.9008578431372549 0.11405228758169937 0.9120710784313726 0.15890522875816993
0 0.9025372305209993 0.19028679675131963 0.8731314123910786 0.17966802909329269 0.867570248884026 0.20704606482032104 0.8969760670139467 0.217664832478348
0 0.8650315515736384 0.3030135810850858 0.8492450556067439 0.2563118638496894 0.8301645874755508 0.26777806066092286 0.8459510834424452 0.31447977789631926
0 0.8310150315197071 0.36355836283127174 0.815275685578491 0.33594547521510304 0.8015339756592291 0.3498704079332884 0.8172733216004453 0.37748329554945714
0 0.8526541005679953 0.4250910311637779 0.8351842033364207 0.406076177034173 0.811063395303135 0.4454734968218731 0.8285332925347094 0.464488350951478
0 0.9246010848385909 0.25279438095739654 0.9084415099970158 0.23539176189723887 0.8917780798532483 0.2628996465790137 0.9079376546948235 0.2803022656391714
0 0.9854622260668972 0.058672049211841666 0.9581646482122261 0.04220684352172248 0.9495713667820069 0.06753440984236833 0.976868944636678 0.08399961553248751
0 0.9996936274509807 0.13725490196078433 0.9811642156862747 0.10431372549019603 0.9647426470588237 0.12073529411764704 0.9832720588235295 0.1536764705882353
0 0.9699178536620033 0.3176882046110354 0.9499720171983188 0.279941245281912 0.9313963439189967 0.29739112018066916 0.9513421803826813 0.3351380795097926
0 0.9570277639664448 0.18717543367585454 0.9312695217879089 0.186621492983843 0.9309455397893879 0.21340400486158934 0.9567037819679237 0.21395794555360087
0 0.940672754867071 0.4101874142302235 0.9340601231595838 0.3819735189449445 0.9053635911660035 0.39393040727560297 0.9119762228734908 0.4221443025608819
0 0.9447022390037096 0.48155582052640894 0.933553590355061 0.45347774244833056 0.9041898516163223 0.4742050874403814 0.915338500264971 0.5022831655184598
0 0.8717708875585632 0.5465288622823761 0.8702458029672046 0.5160271704552027 0.8392764185320145 0.5187800046272196 0.8408015031233732 0.549281696454393
0 0.8885055046608807 0.5850075002678667 0.8498322484731599 0.5803198328511734 0.8481924019607845 0.6043709150326799 0.8868656581485053 0.6090585824493733
0 0.9759424966994279 0.6423718074095807 0.9747727800596548 0.6111793636822975 0.9377330265023714 0.6136486805861163 0.9389027431421445 0.6448411243133996
0 0.9393382352941176 0.5498366013071897 0.9087009803921569 0.5498366013071897 0.9087009803921569 0.5833333333333335 0.9393382352941176 0.5833333333333335
0 0.8856649340770792 0.6871830628803246 0.8522058823529413 0.6845588235294119 0.8510807555780934 0.7100616970926302 0.8845398073022313 0.7126859364435429
0 0.8897622370115928 0.8339076141405467 0.8541666666666665 0.8284313725490197 0.85174341634464 0.8564333762702162 0.8873389866895663 0.8619096178617432
0 0.9636830102914548 0.8337281736764913 0.9390124023909606 0.8052791843858313 0.9268855290758177 0.8239747807466768 0.9515561369763116 0.8524237700373368
0 0.9410369495259908 0.8869470697758324 0.9057852317861596 0.8848580790949535 0.9051142019153645 0.9049889752188046 0.9403659196551957 0.9070779658996835
0 0.9578649610529143 0.7043614020950847 0.9321649207628258 0.7030922643029816 0.9313234454740801 0.7333853746978245 0.9570234857641686 0.7346545124899276
0 0.9319421801526042 0.7732209135539587 0.9044674940111793 0.7570342767574604 0.8960967305474227 0.7822934226480941 0.9235714166888476 0.7984800594445924
0 0.9811218311289014 0.5191111207796729 0.9723657399350273 0.49075806358046165 0.9419786590671771 0.5074411668020264 0.9507347502610513 0.5357942240012378