0 0.06812740321463542 0.05452859178588204 0.043358246160827306 0.03603428785237197 0.025522214062238778 0.0785010309442494 0.0502913711160469 0.09699533487775946
0 0.08856397313754626 0.12345705989181213 0.0754368426419602 0.08990994862531441 0.036183371937184974 0.11721671085472327 0.049310502432771026 0.15076382212122097
0 0.0470630493576741 0.179561077304485 0.03203600405679514 0.15702050935316655 0.001971348884381334 0.19265269326121254 0.0169983941852603 0.21519326121253096
0 0.06852774393781182 0.2362005453068802 0.03988191060447849 0.22047342112387366 0.031208304327648248 0.24855938430599064 0.059854137660981584 0.2642865084889972
0 0.07083333333333335 0.3277777777777778 0.05857843137254903 0.2950980392156863 0.026102941176470586 0.31674836601307194 0.0383578431372549 0.34942810457516343
0 0.09709653092006032 0.48136626445449976 0.08824472096530918 0.43809074912016094 0.06659832202111615 0.4459621669180494 0.0754501319758673 0.48923768225238823
0 0.10528125277260224 0.6213179842072575 0.09491865184988023 0.5826309407624287 0.07438475955993258 0.5924089847100228 0.08474736048265459 0.6310960281548517
0 0.11526893618571446 0.6849790078595303 0.08804304641038957 0.6575078397979411 0.07295807605438834 0.6840861209013719 0.10018396582971323 0.711557288962961
0 0.06073609177398773 0.7646986309316626 0.05212502900568513 0.7371432300730942 0.021125203039795766 0.7543653556096994 0.02973626580809836 0.7819207564682678
0 0.09588943457307882 0.8299703245901237 0.06374388404517532 0.8163328183055585 0.056823198322481026 0.8453337870482776 0.08896874885038453 0.8589712933328428
0 0.10845588235294125 0.8905228758169934 0.07116091628959281 0.8805775515334339 0.06652997737556568 0.9114504776269483 0.1038249434389141 0.9213958019105079
0 0.15049888900196762 0.7894927290408669 0.1386849938937513 0.7599579912703259 0.1094576887848565 0.7807418526810956 0.12127158389307283 0.8102765904516365
0 0.18933823529411772 0.6633986928104575 0.1534926470588236 0.6633986928104575 0.1534926470588236 0.6911764705882353 0.18933823529411772 0.6911764705882353
0 0.23248882733745752 0.9058712162035939 0.23082561395756546 0.8828079906690904 0.19220852732811702 0.8877588992113274 0.19387174070800908 0.9108221247458309
0 0.2231010310807804 0.7694239423386 0.21993453749721834 0.7300186888542722 0.19780153549439955 0.7331805462832465 0.2009680290779616 0.7725857997675741
0 0.21461172742597284 0.7893532668932791 0.18359617406244508 0.7884542653465102 0.18305521015680726 0.8216333848922974 0.21407076352033502 0.8225323864390663
0 0.19777815445784405 0.6061071175709913 0.19532264841926028 0.5753314418874084 0.1620697070233644 0.580048171163422 0.16452521306194814 0.6108238468470049
0 0.16068719379278973 0.5270079609465661 0.12821782112737168 0.5249943564401836 0.12673704803022132 0.5674431852251605 0.15920642069563937 0.5694567897315429
0 0.2222668020437573 0.5318964074122596 0.1910761659897812 0.5118727892047688 0.18048925444342545 0.5411903904100615 0.21167989049740163 0.5612140086175523
0 0.16973443935037688 0.5000609777156129 0.16265346957805582 0.4727861311851909 0.13479987437511332 0.48564163666347204 0.1418808441474344 0.5129164831938939
0 0.15040865803379594 0.43219922058984833 0.14982706434004994 0.3973035989650879 0.11179437532663611 0.3984304934543742 0.11237596902038212 0.4333261150791347
0 0.1424313725490196 0.30634313725490203 0.12135416666666668 0.2868872549019608 0.10406004901960786 0.32019444444444445 0.1251372549019608 0.33965032679738566
0 0.20732295004996726 0.10942866455310889 0.2028848556118405 0.08153207094202647 0.16863601218167407 0.09121861251823515 0.17307410661980083 0.11911520612931757
0 0.15848814804042757 0.08043699556460412 0.1401421508034611 0.06338819005146355 0.12138469030999299 0.0992720275172286 0.1397306875469595 0.11632083303036918
0 0.1532374678663239 0.2180490448107264 0.14180953551086242 0.19214573147168043 0.1110817077473663 0.21624598854108912 0.12250964010282775 0.24214930188013506
0 0.22095741220272608 0.2352962648046516 0.20183428989204097 0.2084567948949181 0.18265480469454537 0.23275080947841248 0.20177792700523048 0.259590279388146
0 0.2003269695654869 0.37982663209294965 0.18781573482923206 0.35665767887766286 0.16294112481662845 0.38053730448976225 0.1754523595528833 0.40370625770504903
0 0.23253676470588241 0.4701797385620915 0.20251225490196084 0.4701797385620915 0.20251225490196084 0.49836601307189543 0.23253676470588241 0.49836601307189543
0 0.20608412622161618 0.9756838984276538 0.20256665297836732 0.946874117578187 0.1712488571561396 0.9536717786868875 0.17476633039938846 0.9824815595363543
0 0.38979054828872417 0.9631455088462122 0.38504098618882 0.9387191894752761 0.35017712901355913 0.950770893190181 0.35492669111346337 0.9751972125611171
0 0.3594702111613876 0.8919142785319257 0.3218684012066365 0.8891289592760182 0.3206165158371041 0.9191742081447963 0.3582183257918552 0.9219595274007039
0 0.3198837273969556 0.8331314022097226 0.29608995137763383 0.8064155835213611 0.2833543871357296 0.8265802269043763 0.30714816315505133 0.8532960455927374
0 0.279718137254902 0.6866830065359477 0.2579656862745099 0.6866830065359477 0.2579656862745099 0.7271241830065359 0.279718137254902 0.7271241830065359
0 0.34378813950188036 0.7825882825989262 0.3207906111781263 0.753882147953673 0.308263115258166 0.7717243391124041 0.3312606435819201 0.8004304737576574
0 0.25324054015020225 0.6516131727098696 0.2227200997383356 0.6499175926869881 0.22182169011452071 0.6786667006490639 0.2523421305263874 0.6803622806719453
0 0.276739816501822 0.4970664150616 0.25256214211348255 0.49491728844930305 0.25090691697032796 0.5280217913123952 0.27508459135866736 0.5301709179246922
0 0.2871783865830596 0.37095443084171065 0.27087299069373943 0.3458692063966027 0.24394097740619095 0.37699064397332543 0.26024637329551115 0.4020758684184334
0 0.2589460784313725 0.33145424836601306 0.24767156862745096 0.30138888888888893 0.2105392156862745 0.32614379084967327 0.22181372549019607 0.3562091503267974
0 0.220326794093947 0.18700295723983926 0.21671056113823453 0.14481357275652676 0.1759785652778436 0.15102035307811013 0.1795947982335561 0.19320973756142262
0 0.2854650681420185 0.1770520486460819 0.27829841735398464 0.1490224811195495 0.2412320174483491 0.1658708447130202 0.24839866823638296 0.1939004122395526
0 0.2725262524734665 0.2905832134076873 0.27176144540384967 0.25693170234454643 0.2432300098938658 0.25808448761767705 0.24399481696348269 0.2917359986808179
0 0.2792570617355854 0.01672814340257561 0.25532699247433394 0.012058861595502157 0.24975447371726794 0.06283069915988143 0.27368454297851935 0.06749998096695489
0 0.34766432080095117 0.11513071141914628 0.32072741334255617 0.08287972017644207 0.3060845432823809 0.10462216359912663 0.3330214507407759 0.13687315484183082
0 0.33690030105047397 0.26134465443876764 0.3213852749016594 0.2414535952736207 0.29780094685837444 0.27415719682697587 0.31331597300718905 0.2940482559921228
0 0.3478860294117647 0.44955065359477125 0.3238357843137255 0.417483660130719 0.3094362745098039 0.4366830065359477 0.33348651960784315 0.46875
0 0.3328906778228532 0.5782017692134324 0.33159757437457743 0.5488914243858463 0.29251711460446245 0.5519565584854631 0.2938102180527383 0.5812669033130493
0 0.355677400270453 0.6262959206671175 0.3334918018931711 0.6144636015325672 0.32176512846517924 0.6535525129592067 0.34395072684246114 0.665384832093757
0 0.36405780377844565 0.7183280854921045 0.3512371189351653 0.6816975573684462 0.3338107825246887 0.6925406111349649 0.34663146736796907 0.7291711392586231
0 0.3820371417797889 0.4911136249371545 0.3477234162895928 0.48539467068878844 0.34523944193061845 0.5118903971845148 0.3795531674208145 0.5176093514328809
0 0.3915350174723355 0.2878688604154533 0.3891143709959231 0.2555935740632887 0.35908379440885263 0.2595976509415648 0.361504440885265 0.2918729372937294
0 0.3918027564761994 0.15157371904776748 0.38991873577729974 0.1201733740661076 0.3575645281960161 0.12362448954144453 0.3594485488949157 0.15502483452310442
0 0.4429158071728459 0.22871358250685325 0.4179223245266523 0.2034949333503335 0.4072959072156498 0.22221766861257589 0.43228938986184345 0.24743631776909566
0 0.4519349633958386 0.3446151568342039 0.42657561113965226 0.3187585623769159 0.41516624389930634 0.3386518180780319 0.4405255961554927 0.3645084125353199
0 0.45895484584930946 0.4074615272712158 0.4488041241933975 0.3763326475264192 0.415128471897503 0.3958547647994015 0.425279193553415 0.4269836445441982
0 0.4445532248807791 0.5371685185842594 0.4302798140982404 0.5011093755546878 0.41067714804690736 0.5149038442574776 0.4249505588294461 0.5509629872870492
0 0.4146511396436748 0.6217734978932351 0.39366228724992536 0.6197745595700209 0.39199667811286953 0.6508659301283966 0.41298553050661896 0.6528648684516107
0 0.450093253750708 0.7001375107358879 0.4385019210386858 0.6746820349761528 0.412310922738154 0.6958842716956308 0.4239022554501763 0.7213397474553661
0 0.42265271493212664 0.7497171945701359 0.4086233475290568 0.732711900748233 0.38929830982166624 0.7610552893857393 0.40332767722473606 0.778060583207642
0 0.43451474832631426 0.849500048145389 0.43154485883265176 0.8003978751835015 0.41478852137908667 0.8021996318989386 0.41775841087274923 0.8513018048608261
0 0.5036444298981478 0.8047456234006137 0.48703808446455504 0.7947461035696332 0.4733177843306726 0.8352536563458574 0.4899241297642654 0.8452531761768379
0 0.43853321022979336 0.9597619628545235 0.4195141291810843 0.9592224144559786 0.4188711627184811 0.9995149794457753 0.43789024376719016 1.0000545278443203
0 0.5415808823529411 0.721830065359477 0.5382720588235292 0.6909477124183006 0.49859681372549014 0.6985049019607843 0.5019056372549019 0.7293872549019607
0 0.47831353695324286 0.5850804424333836 0.4563678355957768 0.5814228255404725 0.4523331447963802 0.624459527400704 0.47427884615384625 0.628117144293615
0 0.5266782938119569 0.6191900665240113 0.5059896174505436 0.6095353508886852 0.4961120027075417 0.6471643594334542 0.516800679068955 0.6568190750687803
0 0.5070656030092144 0.4593884590628497 0.4845730385677074 0.42828762921780317 0.46906609223332435 0.44822513164772415 0.4915586566748313 0.4793259614927708
0 0.5401362093002339 0.5379283594171616 0.5232182609282244 0.5257821400731547 0.5078223376506565 0.5639053786652276 0.524740286022666 0.5760515980092344
0 0.5734023792443806 0.35182528295871196 0.5707944763271162 0.3205304479515384 0.5368655846484935 0.3255569504224454 0.5394734875657581 0.356851785429619
0 0.6025028280542987 0.46019356460532934 0.5999764328808446 0.4332453494218201 0.5634379713423832 0.43933509301156365 0.565964366515837 0.46628330819507297
0 0.4924632352941177 0.2664215686274511 0.4574142156862745 0.2430555555555556 0.4465073529411765 0.2721405228758171 0.4815563725490197 0.29550653594771253
0 0.43002533783783786 0.08329910793146086 0.41786317567567566 0.05266847730083023 0.4010416666666667 0.06454248366013073 0.41320382882882883 0.09517311429076135
0 0.5007965686274509 0.16535947712418306 0.4759191176470588 0.14877450980392162 0.46292892156862736 0.18341503267973863 0.48780637254901954 0.20000000000000007
0 0.5355223123732251 0.25013804372323645 0.533553076402975 0.21863026819923373 0.5010987153482083 0.22223630831643001 0.5030679513184584 0.25374408384043273
0 0.524888264129181 0.10863610149942335 0.5195898212226067 0.08037773933102654 0.4862132352941176 0.09150326797385623 0.49151167820069197 0.11976163014225304
0 0.5778579407426687 0.09561896292440288 0.5484746442824918 0.09300711435016493 0.5461158467811903 0.14018306437619305 0.5754991432413673 0.142794912950431
0 0.6048816800891139 0.1629336926490192 0.591011241299625 0.14058687459928684 0.5634288471916642 0.17102261982186429 0.5772992859811531 0.1933694378715966
0 0.6504316904122698 0.21886749126522134 0.6169022398837528 0.2169651110933906 0.6159492039020759 0.24682690518593348 0.6494786544305927 0.24872928535776423
0 0.6965379901960784 0.2743055555555557 0.6741727941176471 0.2444852941176472 0.6587009803921569 0.26511437908496743 0.6810661764705882 0.29493464052287593
0 0.6030060046343216 0.23116484116901645 0.5690289097925023 0.22762556045632693 0.5673446413872514 0.2563704079059434 0.6013217362290706 0.2599096886186329
0 0.6644942184638809 0.07735496437119793 0.6638747865358107 0.048861095679964876 0.6273672021274406 0.05027201681652025 0.6279866340555109 0.0787658855077533
0 0.684793142423451 0.1326038878370438 0.6791769357576549 0.10469304258884463 0.6431800314465409 0.11756998396843013 0.648796238112337 0.1454808292166293
0 0.7489156650690515 0.22802678750346567 0.7214762138580757 0.19036479564526368 0.703709565514572 0.21337683540446858 0.7311490167255478 0.25103882726267057
0 0.6373804644808744 0.33762589735347703 0.6231868772099003 0.3218552448301726 0.6038251366120218 0.35283402978677825 0.6180187238829958 0.3686046823100827
0 0.6808577167980593 0.41624553601509334 0.6687417879522942 0.37989774947779803 0.6498382858297956 0.39109982480964894 0.6619542146755609 0.42744761134694426
0 0.6672303921568626 0.5175163398692812 0.6392892156862745 0.489575163398693 0.6269730392156863 0.5114705882352942 0.6549142156862745 0.5394117647058826
0 0.6040826511016778 0.550585371605687 0.5811552456033959 0.5254101812546325 0.5673590054578532 0.5477469510140827 0.590286410956135 0.5729221413651372
0 0.5785709980713597 0.6089922854387657 0.5578572002571521 0.602493839065681 0.5523043233686917 0.6339601414336227 0.5730181211828994 0.6404585878067075
0 0.6374300129312716 0.7061605434191137 0.6293203114969094 0.6788101777973428 0.5978764284011079 0.6953852479563699 0.6059861298354702 0.7227356135781409
0 0.5938642686804452 0.8063880056527116 0.5637668918918919 0.7940403638933051 0.5575135797562267 0.8211380498145204 0.58761095654478 0.8334856915739269
0 0.5407211375929682 0.8796836263240929 0.5340020706558486 0.8587798625197205 0.5064549526707235 0.8745210727969348 0.5131740196078431 0.8954248366013072
0 0.5989583333333335 0.8880718954248366 0.5655637254901962 0.8880718954248366 0.5655637254901962 0.9117647058823529 0.5989583333333335 0.9117647058823529
0 0.572124978309908 0.9423043553704666 0.5394068302099602 0.9393960755393603 0.5382599665972585 0.9623333477933947 0.5709781146972064 0.9652416276245013
0 0.6371842006033182 0.641685520361991 0.6093985671191553 0.6169871794871795 0.5957296380090498 0.6443250377073907 0.6235152714932126 0.6690233785822022
0 0.653596876895088 0.9552759248029108 0.6220215534667475 0.9390834512499158 0.6152229255104104 0.9626520281652179 0.6467982489387508 0.978844501718213
0 0.6665765570934256 0.7760717031910805 0.6607735005767014 0.7451220684352173 0.6266039504036909 0.7565119184928873 0.6324070069204152 0.7874615532487506
0 0.6724061349430602 0.8474255786739734 0.6360427904786369 0.8409609841025204 0.6332894511516397 0.868494377372492 0.6696527956160631 0.8749589719439452
0 0.717434012066365 0.9018313222724987 0.7163546380090497 0.8759263448969332 0.6798218325791855 0.8786324786324787 0.6809012066365008 0.9045374560080442
0 0.7923568155978453 0.9497126047842056 0.7644991901500592 0.9341641626738133 0.7553807648231866 0.9632080359371853 0.7832383902709726 0.9787564780475774
0 0.8520220588235294 0.9591503267973857 0.8244485294117647 0.9591503267973857 0.8244485294117647 0.9995915032679739 0.8520220588235294 0.9995915032679739
0 0.8038492446158793 0.8866843458694954 0.7958684908389585 0.8623620486445945 0.7633709016393443 0.8813189756777028 0.7713516554162649 0.9056412729026037
0 0.7439645182650922 0.7869884977130316 0.7134910835816504 0.783455345865676 0.7116574467498069 0.8115711106206085 0.7421308814332488 0.8151042624679641
0 0.8816228772244997 0.8989906260076467 0.8496632061203494 0.885204101217621 0.842706605939165 0.9138737262067448 0.8746662770433153 0.9276602509967705
0 0.9503740187582833 0.936887608885264 0.9171010041798349 0.9350391080753502 0.9162020635810649 0.9638052072359852 0.9494750781595135 0.965653708045899
0 0.9926789062818475 0.9565142065142066 0.9811848401002814 0.9161108223608224 0.9637384839590724 0.9249342668460316 0.9752325501406385 0.9653376509994157
0 0.9728558147396891 0.83873506874014 0.9626508620689654 0.8151025467658329 0.9341956135902637 0.8369469799414019 0.9444005662609872 0.8605795019157089
0 0.9074302922910152 0.8505384820391199 0.9041485313581755 0.8006557158599541 0.8810580165175418 0.8033563608705546 0.8843397774503816 0.8532391270497204
0 0.8387351347230692 0.8165676418226733 0.8269826721923452 0.767990796695681 0.8036102871874479 0.7780434354074649 0.8153627497181717 0.8266202805344571
0 0.8059887809508717 0.7579356695287116 0.788463830982857 0.7176484282229305 0.7684088544876195 0.7331576100459141 0.7859338044556342 0.7734448513516952
0 0.7469650507379832 0.7208669793847431 0.7455283709014779 0.6916544893758058 0.7057104334241056 0.6951358391006033 0.7071471132606107 0.7243483291095406
0 0.7224517012687428 0.5621203383314111 0.70272130911188 0.5395713187235679 0.6846633506343714 0.5676614763552479 0.7043937427912341 0.590210495963091
0 0.7386596700994938 0.618135557882896 0.7269675117821611 0.5904208122418106 0.7014976799325072 0.609523186129051 0.7131898382498401 0.6372379317701363
0 0.8700674019607844 0.6520833333333335 0.8310049019607842 0.6347222222222223 0.8238970588235294 0.6631535947712419 0.8629595588235295 0.6805147058823531
0 0.8883690682934794 0.7440293301272061 0.8704542755785131 0.7259688886909799 0.8493490105163942 0.7631867754671893 0.8672638032313605 0.7812472169034155
0 0.9697727962866564 0.7172238128289666 0.9431152394586155 0.7097050147492628 0.9378877103938922 0.742654288854185 0.9645452672219331 0.7501730869338888
0 0.7389328234127315 0.5058833252768379 0.7258002148861812 0.4818694125425743 0.6966634822673757 0.5101967914775243 0.7097960907939259 0.5342107042117877
0 0.8092935988263921 0.5274635036496352 0.7837343012022329 0.5265424478793952 0.7830927078860742 0.5581943848098851 0.8086520055102335 0.5591154405801252
0 0.9098144301856934 0.5855736262558829 0.8760898826743813 0.5722503482267226 0.8703348694458868 0.5981479077549474 0.9040594169571989 0.6114711857841078
0 0.891178827300151 0.5163555806938158 0.8730651395173457 0.4853035444947209 0.8517698906485673 0.5073875062845652 0.8698835784313727 0.5384395424836601
0 0.9284025406089649 0.5554907766110487 0.9004533464165564 0.5212064317350279 0.8850962232813404 0.5434631319309932 0.9130454174737488 0.577747476807014
0 0.7860051307867544 0.4567696892034822 0.7690917134488651 0.41781757654652457 0.7501913239362135 0.43240735090716786 0.7671047412741028 0.4713594635641256
0 0.7350998326159734 0.3497927626335087 0.7057329029172646 0.3184680376215528 0.6901901004304162 0.34437270843296686 0.719557030129125 0.3756974334449228
0 0.8154019856673633 0.3686237185229423 0.8019977978501044 0.3480018911117747 0.7879777545535981 0.3642028300321822 0.8013819423708569 0.3848246574433498
0 0.8680906939178997 0.4104275372657726 0.8605307442623618 0.3838531687796393 0.8272173474379355 0.40070132349544113 0.8347772970934735 0.42727569198157433
0 0.9493868923308969 0.4725968789882817 0.9352284922844879 0.42728999883977264 0.9166938594964613 0.437587017055343 0.9308522595428703 0.4828938972038519
0 0.9198039215686273 0.34954248366013085 0.8944117647058822 0.3241503267973858 0.8805882352941176 0.3487254901960787 0.9059803921568625 0.3741176470588237
0 0.8610305377893882 0.3133383879330193 0.831384559949554 0.2878099070153844 0.8180763557337175 0.31528490926743374 0.8477223335735518 0.34081339018506873
0 0.8077060210876803 0.2995532741398446 0.7994397428782835 0.27072727833271687 0.7706111265260823 0.2854242200024665 0.7788774047354793 0.3142502158095942
0 0.7748161764705884 0.17728758169934658 0.7516850490196079 0.14644607843137264 0.735140931372549 0.1685049019607844 0.7582720588235294 0.19934640522875835
0 0.8489583333333334 0.20874183006535962 0.8140318627450981 0.20874183006535962 0.8140318627450981 0.23937908496732035 0.8489583333333334 0.23937908496732035
0 0.8134540484840017 0.13958071352056275 0.7934896197196218 0.13866280874978668 0.7924689843276979 0.1781273772375143 0.8124334130920777 0.1790452820082904
0 0.749582181866035 0.09117866385927977 0.7440126990393472 0.06850989165241048 0.7141740689564418 0.08154285651620828 0.7197435517831294 0.10421162872307757
0 0.8850185774946923 0.14649421339661128 0.8840506744098914 0.11035916489738147 0.8481414699637818 0.11206912701386287 0.8491093730485826 0.1482041755130927
0 0.809623087039694 0.05290530846484935 0.7858904232424677 0.013350868802805607 0.7665366451458633 0.03399489877251705 0.7902693089430896 0.0735493384345608
0 0.5952818627450981 0.011029411764705978 0.5707720588235294 0.011029411764705977 0.5707720588235294 0.046977124183006626 0.5952818627450981 0.046977124183006626
0 0.4683823529411765 0.05498366013071892 0.4561887254901961 0.02246732026143791 0.4365808823529412 0.03553921568627456 0.44877450980392153 0.06805555555555556
0 0.8731720370461682 0.032367801828750466 0.864845791627632 0.0050406373781700185 0.8402825715365777 0.01834571492749107 0.8486088169551139 0.04567287937807152
0 0.9543504901960784 0.036356209150326946 0.9206495098039216 0.036356209150326946 0.9206495098039216 0.07066993464052303 0.9543504901960784 0.07066993464052304
0 0.9261191608996538 0.2548659169550174 0.9070069204152248 0.21482122260668995 0.8883127883506342 0.2306829104190698 0.9074250288350632 0.27072760476739727
0 0.9815073904753329 0.2677198750863289 0.9525028713629404 0.24486782972505006 0.9404079587424558 0.2721589146122975 0.9694124778548482 0.29501095997357635
0 0.9764093137254899 0.1678921568627452 0.9546551700790812 0.13566379590510252 0.9365436437005741 0.157397627559311 0.9582977873469829 0.18962598851695367
0 0.9996936274509803 0.38112745098039236 0.9626225490196079 0.38112745098039236 0.9626225490196079 0.4133986928104577 0.9996936274509803 0.4133986928104577