0 0.06097528992141603 0.9838127209379212 0.05967469672693979 0.9560667327890947 0.02768797207598992 0.9587322931766739 0.028988565270466154 0.9864782813255003
0 0.11759431175626633 0.914103745276207 0.09127748122204407 0.8873691872731875 0.08011620178918052 0.9069014262806988 0.10643303232340277 0.9336359842837183
0 0.22993259803921576 0.9446486928104577 0.20618872549019615 0.9129901960784316 0.1933210784313726 0.9301470588235295 0.21706495098039222 0.9618055555555557
0 0.14726257758669786 0.8153211187669647 0.10889156606495462 0.8105247423267467 0.10720458924131133 0.8345173015963403 0.14557560076305456 0.8393136780365583
0 0.07169117647058833 0.8541666666666666 0.03829656862745106 0.8541666666666666 0.03829656862745106 0.8766339869281046 0.07169117647058833 0.8766339869281046
0 0.04255159681898518 0.9113281578725914 0.014364007405537378 0.8881998793795058 0.005727720272658439 0.9069118348340769 0.033915309686106246 0.9300401133271623
0 0.1801133510196952 0.9768674396261846 0.15667278047076286 0.9446662518013889 0.1449522904930346 0.9598339447137431 0.16839286104196693 0.9920351325385388
0 0.053592604570935724 0.7734375660570393 0.04122870849504099 0.7521037845927505 0.01146895530527865 0.7827653484852328 0.023832851381173383 0.8040991299495218
0 0.02297794117647065 0.641748366013072 5.909371043679783e-17 0.641748366013072 6.151373857849527e-17 0.6944444444444444 0.02297794117647065 0.6944444444444444
0 0.10018382352941184 0.7308006535947712 0.06709558823529418 0.7308006535947712 0.06709558823529418 0.7610294117647058 0.10018382352941184 0.7610294117647058
0 0.22434053583569746 0.8622226325098925 0.19112371931634356 0.8405701891491286 0.18140161106291863 0.8670850298402875 0.21461842758227254 0.8887374732010516
0 0.19709457180610238 0.7502525672537317 0.16171821579715775 0.7350369302606372 0.15470427685683139 0.7640278778806527 0.19008063286577603 0.7792435148737472
0 0.1404819224644173 0.6799272585514748 0.1143897121031154 0.6497762599117481 0.09960062705285164 0.6725286984506155 0.12569283741415355 0.7026796970903421
0 0.08138674677187947 0.5808076279292205 0.07910389765662364 0.5534134385461502 0.04588115734098517 0.5583353260003189 0.048164006456241026 0.5857295153833891
0 0.14514988687782807 0.608314479638009 0.11339319381598797 0.5998460281548517 0.10911576168929113 0.6283622423328306 0.14087245475113122 0.6368306938159879
0 0.08618378976387964 0.4940953353248377 0.08337504369657102 0.45040372983337046 0.062163586058410394 0.4528278964205888 0.06497233212571901 0.496519501912056
0 0.1692848871199856 0.5334911105114828 0.1337864274150027 0.5080050368771362 0.12324046591113513 0.5341188463152845 0.15873892561611802 0.5596049199496312
0 0.030281592132121 0.434371198531989 0.0133885770396487 0.40570426382961183 -0.0007374203624667228 0.4205029277746852 0.01615559473000558 0.44916986247706236
0 0.08194729078461399 0.37062189092073783 0.08044967795694082 0.34216724719494734 0.0431430726961535 0.3456579237105766 0.04464068552382668 0.37411256743636706
0 0.15958840432724813 0.45884043272481406 0.14786173089925625 0.4197515212981745 0.1268910581473969 0.4309358800991661 0.1386177315753888 0.4700247915258057
0 0.09432607982341012 0.26966584470163996 0.06202863371514935 0.26272015736653015 0.058254906932346986 0.2939162987710297 0.09055235304060776 0.30086198610613957
0 0.06253768480235544 0.23859276138570443 0.06175707103927832 0.2125723026164672 0.026470392470087076 0.21445425880682403 0.02725100623316419 0.24047471757606126
0 0.06976102941176471 0.10093954248366013 0.05701593137254901 0.04995915032679738 0.03100490196078431 0.06151960784313724 0.04375 0.11249999999999999
0 0.08821821014651214 0.17425346842578424 0.0847484556090094 0.1387848664868674 0.06131665026605438 0.14285996306825088 0.06478640480355712 0.1783285650071677
0 0.12708874574951537 0.18550948877660195 0.10287935575364669 0.18274270134850268 0.10070967203737251 0.21649333693499012 0.1249190620332412 0.21926012436308942
0 0.16178262399332796 0.3927287943681387 0.13611465853510216 0.37269526035196243 0.12543220655563955 0.3970275120829605 0.15110017201386539 0.4170610460991368
0 0.2766649763353618 0.9115252422808205 0.2587238973838873 0.8767304224961427 0.2403122887085869 0.8936077304485013 0.25825336766006146 0.9284025502331792
0 0.27602201257861636 0.7954757060056727 0.27257445431002586 0.770959736095696 0.23298880873103955 0.7808561474904426 0.23643636699963003 0.8053721174004194
0 0.23834370286576173 0.6766214177978884 0.20568910256410258 0.6711789844142786 0.20338423831070893 0.6957642031171444 0.23603883861236805 0.7012066365007542
0 0.21595651878478841 0.6135451837900331 0.1888722762631019 0.5855581331842903 0.17617426461017832 0.6074041747377071 0.20325850713186483 0.6353912253434499
0 0.20163331726133077 0.5050827708132434 0.1986348842815815 0.4611057537769206 0.1716188524590164 0.4643804243008679 0.17461728543876567 0.5083574413371906
0 0.1759964934879061 0.32342505128572113 0.16805317017317875 0.29429953246505425 0.13848486474881924 0.3086356805495922 0.1464281880635466 0.3377611993702591
0 0.2200340327213688 0.3581085300362183 0.20234950668165355 0.3242131884600974 0.18079688085425252 0.34420402980725195 0.19848140689396776 0.37809937138337285
0 0.16882547546915766 0.2507864876995147 0.13867815366489947 0.225836979999439 0.1258594210216276 0.25337351678868975 0.15600674282588578 0.27832302448876545
0 0.2830882352941177 0.6380718954248368 0.2587316176470589 0.6055964052287583 0.2447916666666667 0.6241830065359479 0.2691482843137255 0.6566584967320264
0 0.3142112027737925 0.7212956320739679 0.2800469273075084 0.7162342579308146 0.27848891080822574 0.7349304559222063 0.31265318627450983 0.7399918300653595
0 0.32722710908843916 0.8281870292381774 0.31290118530091027 0.814703806849915 0.2937461791876105 0.8508854850639257 0.3080721029751394 0.8643687074521882
0 0.3504499487462546 0.9353195254866916 0.3200796404352626 0.917502277944243 0.31141948233717076 0.9437451812717939 0.3417897906481628 0.9615624288142425
0 0.2580228927670653 0.5841706668836276 0.23968312688145796 0.5419336302985925 0.2224493531852575 0.5552368942044316 0.24078911907086487 0.5974739307894665
0 0.3082930319778918 0.4383937579506076 0.2790951111988419 0.41114236522349434 0.2660979240689564 0.435898912137562 0.2952958448480063 0.4631503048646753
0 0.2503882416981044 0.5052080907580768 0.2492970169065251 0.4630140654836757 0.22486908213404128 0.4641371889214911 0.2259603069256206 0.5063312141958922
0 0.28046688187470104 0.30179539295392954 0.27110533237685314 0.27475091662681334 0.24330314442850307 0.2918599553642595 0.252664693926351 0.3189044316913758
0 0.2642140337327266 0.37759883939381284 0.24490538763411676 0.34876459455322223 0.23187640031172152 0.3642752937465499 0.25118504641033135 0.39310953858714054
0 0.25149648485260157 0.14161345831635197 0.21528013630394421 0.13328786094884457 0.21162560000905672 0.16154960829597434 0.2478419485577141 0.16987520566348174
0 0.20045013197586725 0.07816427853192555 0.16792750754147814 0.057425213675213645 0.1590045248868778 0.0823014077425842 0.19152714932126697 0.10304047259929609
0 0.1820730833475694 0.019312444241975615 0.14744141848414097 0.01498348613404706 0.14521347018962472 0.04666986187827828 0.17984513505305313 0.05099881998620683
0 0.3179395578986311 0.04805617215439637 0.31102594339622636 0.01579263780984092 0.2748103958564557 0.029589036872610695 0.28172401035886047 0.06185257121716615
0 0.3406391402714932 0.14592760180995482 0.32891214177978884 0.11856460532931123 0.304661576168929 0.13704122674710914 0.31638857466063347 0.16440422322775272
0 0.18572141245878881 0.1841994910058419 0.16580990803401005 0.16096940251026667 0.15385324483775809 0.1791890797616982 0.17376474926253685 0.20241916825727344
0 0.2622926889537801 0.216740547293636 0.24101673038713955 0.19485670419652001 0.22893461376362217 0.215739374903834 0.2502105723302628 0.23762321800095002
0 0.3158560401582337 0.2277986637723796 0.3148041536352342 0.2018521295383898 0.28471024699027464 0.20402105974703552 0.28576213351327423 0.22996759398102531
0 0.3353724880836312 0.3512008901166361 0.3206769309933918 0.30624977431119776 0.30278714386307004 0.3166472574296754 0.31748270095330944 0.3615983732351137
0 0.35803891678622674 0.4601506456241033 0.35713803204208516 0.4217128965407302 0.3335034074605452 0.42269767256496094 0.33440429220468676 0.4611354216483341
0 0.33092348240666125 0.5418199928373176 0.30989625302175666 0.5116270480795059 0.2949016250335751 0.530191825588683 0.3159288544184797 0.5603847703464948
0 0.3396139705882353 0.6051879084967321 0.3160232843137255 0.5737336601307191 0.30208333333333337 0.5923202614379087 0.32567401960784315 0.6237745098039216
0 0.3844692240103589 0.8504385559255148 0.3830599102848687 0.8072196016771489 0.36707882445431006 0.8081460414354421 0.3684881381798002 0.8513649956838081
0 0.410765396762732 0.9033836689038032 0.3896935452033162 0.8632468087906303 0.37525908014212395 0.8767189761810765 0.39633093170153966 0.9168558362942494
0 0.47860423766483934 0.873507597833424 0.45325233367906365 0.8407613885184637 0.4404198770188177 0.8584232643519205 0.4657717810045934 0.8911694736668808
0 0.4147025248455547 0.6050228310502282 0.39865363953800703 0.5969983883964546 0.3867680633897395 0.6392582147014058 0.40281694869728707 0.6472826573551796
0 0.4153015630163296 0.5116376240690392 0.41330331669627646 0.4859934629616906 0.37954497771910367 0.49066994282000026 0.38154322403915686 0.5163141039273489
0 0.4239103864357415 0.3878900764549853 0.3951372093930411 0.38253692723773863 0.39238522000312065 0.4088337147414227 0.4211583970458211 0.4141868639586694
0 0.40018413937740044 0.3247233171619163 0.36715812613705273 0.32046189609864567 0.3652052380230442 0.3473683545583182 0.3982312512633919 0.35162977562158887
0 0.4085963094714196 0.16387544211367008 0.3827807931152512 0.13273291444591134 0.36415624541587216 0.1601796163186804 0.38997176177204057 0.19132214398643912
0 0.39940494139296095 0.2673533793117667 0.39715208835900284 0.24232167893445491 0.3642073745902145 0.24759283313746103 0.36646022762417263 0.2726245335147729
0 0.3923517983414977 0.06404163236756047 0.37314183889316227 0.03403750522920801 0.35857923262216107 0.05061282944010371 0.3777891920704965 0.08061695657845616
0 0.4313196898931246 0.09867457712698818 0.4002031526129765 0.0889644520182895 0.395242021164689 0.11722786754186659 0.42635855844483705 0.1269379926505653
0 0.4546684604441145 0.22643605286488933 0.45211986608523536 0.19811833776623164 0.42261821921197495 0.2028386012659533 0.4251668135708542 0.23115631636461098
0 0.48826931949250296 0.2795082660515187 0.48694232987312575 0.25237870049980776 0.4489538638985006 0.2556820453671665 0.4502808535178778 0.2828116109188774
0 0.5157664027149321 0.32422071392659635 0.4801211349924585 0.3147153092006034 0.4759497549019608 0.3425245098039217 0.5115950226244343 0.3520299145299146
0 0.5070150598532631 0.40677693396833575 0.47188948062813746 0.3978561519429071 0.46749434182863514 0.4286221235394231 0.5026199210537607 0.4375429055648518
0 0.457985294117647 0.5141960784313726 0.45217156862745095 0.47156209150326805 0.4299828431372549 0.4769411764705883 0.4357965686274509 0.5195751633986928
0 0.4866792696272696 0.5582766186615552 0.4777074510451473 0.5336480970635722 0.4498728776517212 0.5516742969755053 0.45884469623384355 0.5763028185734883
0 0.4900699250288351 0.8013264129181086 0.45936058246828154 0.791089965397924 0.45420631487889285 0.8185793925413304 0.4849156574394464 0.828815840061515
0 0.5475424992643715 0.9276604115952884 0.5459040539817563 0.8981683965082169 0.5154678430035042 0.9011744420369331 0.5171062882861194 0.9306664571240046
0 0.5107549150754238 0.733551570648077 0.4780970949616471 0.7324895277175476 0.47757833811289097 0.7608482354495506 0.5102361582266677 0.76191027838008
0 0.5822463873486112 0.8313083528291563 0.547412414207608 0.8287749729643561 0.5463318299468767 0.855189254893344 0.5811658030878799 0.8577226347581443
0 0.5454853343671091 0.7868543845080528 0.5131999699188232 0.7855882917845907 0.5125639225007204 0.8144224414052572 0.5448492869490061 0.8156885341287193
0 0.5254535208243882 0.6654292495587043 0.5186283454987834 0.6404036066981539 0.48859265421497067 0.6549663661084874 0.4954178295405753 0.6799920089690378
0 0.5697182933683028 0.5403162857499689 0.5344624235044337 0.5334925690021234 0.5317893717996753 0.5580450439199036 0.5670452416635444 0.5648687606677492
0 0.5479462983223924 0.5923783627236454 0.5280253786416098 0.5873190815348752 0.5223564808855709 0.6270013658271479 0.5422774005663535 0.632060647015918
0 0.48010171356237463 0.0342124862654479 0.4438722304346348 0.03219973720279569 0.442834174397662 0.06541753038592683 0.4790636575254018 0.06743027944857903
0 0.5087577714012435 0.07341981508050384 0.47711546508847447 0.06873206599713064 0.4746495396939264 0.0983231707317074 0.5062918460066953 0.1030109198150806
0 0.47785687261481763 0.15232541562486304 0.4671626200815896 0.13195541079966666 0.4443594551914725 0.15323836469710927 0.4550537077247006 0.17360836952230566
0 0.5440280249110321 0.17014048798641646 0.51182412689275 0.1693303270299817 0.5114115597306539 0.19848507315144334 0.5436154577489359 0.1992952341078781
0 0.5620584009465855 0.2976729772368718 0.560545554428668 0.2734674329501916 0.5282179682217714 0.2770593869731801 0.5297308147396889 0.30126493125986037
0 0.5719300640476964 0.3597655109878038 0.5524896266835886 0.3525318598755776 0.5453930976555198 0.3864374985652399 0.5648335350196275 0.39367114967746597
0 0.5982851618155913 0.45771846801004124 0.5676426063504987 0.43592820634597546 0.5578471656828822 0.4604168080150167 0.5884897211479748 0.48220706967908267
0 0.6292892156862745 0.5081699346405231 0.6050857843137255 0.5081699346405231 0.6050857843137255 0.5412581699346407 0.6292892156862745 0.5412581699346407
0 0.6075478098964908 0.5431337484922438 0.5834419443743163 0.5402977643131643 0.5812723533619456 0.573082695166765 0.6053782188841201 0.5759186793458443
0 0.6568030973451328 0.63885635375094 0.6371600078084332 0.6089240268378739 0.6164676600728787 0.6330650991960207 0.6361107496095783 0.6629974261090869
0 0.6111118028921985 0.6786974315551793 0.5808408460759411 0.6727619498265014 0.5783413545350402 0.6954240064640025 0.6086123113512977 0.7013594881926805
0 0.6181985294117647 0.7595588235294118 0.5857230392156862 0.7379084967320264 0.5770833333333333 0.760947712418301 0.6095588235294117 0.7825980392156864
0 0.6713584943156252 0.8036972183059864 0.6618090760016399 0.7768918335649746 0.6319811070782213 0.7957828805498063 0.6415305253922068 0.8225882652908181
0 0.7050532872893565 0.8551259161811686 0.7042247110505543 0.8275067082210946 0.6688768558541627 0.8293919271649022 0.6697054320929648 0.8570111351249763
0 0.657044767454749 0.9150118969766163 0.61957136939004 0.900110194822229 0.6135975376583648 0.9268167366814826 0.6510709357230738 0.94171843883587
0 0.721511851069955 0.9381070807877256 0.6955526500975594 0.9371181588459202 0.694699005213831 0.9769549200865775 0.7206582061862266 0.977943842028383
0 0.7192108559130681 0.7902486883830587 0.6944538267254406 0.7657032577354963 0.6822024269064105 0.7876712849972054 0.706959456094038 0.8122167156447678
0 0.6880157040191641 0.7162370981575135 0.6665141735427201 0.690174636973945 0.6524432171058469 0.710812039748026 0.6739447475822908 0.7368745009315943
0 0.7926250575733649 0.8932433543887354 0.7552321851559416 0.8784209545115587 0.7495030184892749 0.9041153989560031 0.7868958909066981 0.9189377988331799
0 0.7951161585460894 0.7947320157527771 0.7661456872097011 0.7779375396157403 0.7568229994700584 0.8065271153506449 0.7857934708064467 0.8233215914876817
0 0.7619485294117647 0.6956699346405231 0.7267156862745098 0.6956699346405231 0.7267156862745098 0.7279411764705884 0.7619485294117647 0.7279411764705884
0 0.7002144607843137 0.5398284313725492 0.6769301470588235 0.5087826797385623 0.6600796568627451 0.5312500000000001 0.6833639705882353 0.562295751633987
0 0.6650626547547346 0.44505649244908424 0.6625280231546542 0.4163306676481741 0.624416532824734 0.42230894064110275 0.6269511644248142 0.4510347654420129
0 0.614478388040299 0.2824721048640451 0.6131961935326617 0.24998984400389998 0.5782375622901095 0.25244308128407905 0.5795197567977468 0.28492534214422416
0 0.6571013713307972 0.3061264819398529 0.624073874113328 0.2857391379784522 0.6143704905006341 0.3136848827830106 0.6473979877181032 0.3340722267444113
0 0.698057116104869 0.3638943967099949 0.6961156091650145 0.3367132995520306 0.6640910718219872 0.3407799074686055 0.6660325787618417 0.3679610046265698
0 0.6173497407105182 0.20679321688466307 0.5924082804110788 0.19151376372824977 0.5842973535916176 0.21505135528276462 0.609238813891057 0.23033080843917791
0 0.5872252974223398 0.05289435999118761 0.5595526272306677 0.030346258353528763 0.5458526107072043 0.06023720349563052 0.5735252808988766 0.08278530513328937
0 0.6556372549019608 0.07271241830065364 0.6321997549019608 0.04146241830065364 0.6165747549019608 0.06229575163398707 0.6400122549019608 0.09354575163398707
0 0.6394097422859124 0.15357310245643782 0.6068496836357332 0.12623873223159607 0.594100011075157 0.15323803883046347 0.6266600697253362 0.18057240905530522
0 0.6828645413644912 0.1554274106903035 0.68192359991942 0.12155351866774107 0.6487673751007251 0.12319086310323216 0.6497083165457963 0.15706475512579463
0 0.693609429065744 0.20638696655132652 0.6642697520184545 0.19660707420223003 0.6595299884659747 0.22188581314878905 0.6888696655132641 0.23166570549788554
0 0.6994485294117647 0.05351307189542495 0.6617647058823529 0.05351307189542495 0.6617647058823529 0.08455882352941188 0.6994485294117647 0.08455882352941188
0 0.7625347774244833 0.12470632397102997 0.7282392686804451 0.11063637166578354 0.7223635400105988 0.1360978625684509 0.756659048754637 0.15016781487369735
0 0.7401420580826789 0.016704120775094325 0.7052595754926654 0.0020167596845623932 0.698920673433101 0.028781012824945364 0.7338031560231144 0.043468373915477296
0 0.7566670271049596 0.23775519031141862 0.7540167243367936 0.2035957324106113 0.7313134371395615 0.2067272202998847 0.7339637399077278 0.240886678200692
0 0.7452893715289582 0.2912257735464129 0.7193938427972344 0.2559478068684122 0.7037325031168535 0.27638529978465387 0.7296280318485775 0.3116632664626546
0 0.7918866583144415 0.3046780747457875 0.7697942767370639 0.28340392952312765 0.7572963896511951 0.30647695183550083 0.7793887712285725 0.32775109705816063
0 0.8165362711118741 0.39191140702906496 0.7829153209076408 0.3675483996346929 0.7722939960369409 0.39360604998414317 0.8059149462411743 0.41796905737851525
0 0.7611300894295394 0.37099603769742096 0.7315745986779981 0.37005776814975294 0.7311095720157752 0.39609926123423883 0.7606650627673166 0.39703753078190684
0 0.7861429498269896 0.4633914840445983 0.7568122837370241 0.4399269511726259 0.7459991349480968 0.46395617070357564 0.7753298010380623 0.48742070357554795
0 0.7612797405547587 0.5259993224932251 0.7256695361071259 0.5207237366491314 0.7232409732185558 0.5498664913119721 0.7588511776661886 0.5551420771560659
0 0.8147752063291805 0.5450704410450509 0.7836533406928455 0.528933177381766 0.7758741063449509 0.5556048380031191 0.8069959719812859 0.5717421016664039
0 0.7626770982783357 0.6211591343854617 0.7290844691535151 0.6161824485891919 0.7268912900526066 0.6425005978000957 0.7604839191774272 0.6474772835963655
0 0.8379077924273158 0.7741717376605817 0.812362660581474 0.7453515889114266 0.7979293441514537 0.7680949966193374 0.8234744759972956 0.7969151453684925
0 0.8640482830149472 0.892227986324482 0.8326466042510872 0.8864128606274708 0.8302948876371139 0.908989340121615 0.8616965664009738 0.9148044658186262
0 0.918680505738881 0.9383817551410808 0.9155345827355333 0.9006306791009085 0.8868177606408417 0.904885023114937 0.8899636836441894 0.9426360991551092
0 0.9772699107732982 0.9099287655136962 0.9604435172945583 0.8959067709480796 0.9467083884115445 0.9252083792318425 0.9635347818902843 0.9392303737974592
0 0.9377227917296236 0.8285001186775274 0.9119834271175254 0.803078523998912 0.8983716936730406 0.8275796441989849 0.9241110582851387 0.8530012388776003
0 0.9155755242173405 0.6885457914249367 0.9013321583634323 0.6718868839934652 0.8748969343347008 0.7120684245171369 0.889140300188609 0.7287273319486084
0 0.9742676948828313 0.7498824326478558 0.9661615255858442 0.6994440459110473 0.9451129842180773 0.7054579148732664 0.9532191535150645 0.7558963016100749
0 0.993064670087102 0.7746523220512008 0.9744067061408742 0.7706398566864207 0.9690451865330312 0.8149617521112572 0.9877031504792588 0.8189742174760373
0 0.8596813725490197 0.6629901960784316 0.8379289215686274 0.6629901960784316 0.8379289215686274 0.7026143790849675 0.8596813725490197 0.7026143790849675
0 0.9591455916276546 0.6597001718795941 0.941011517063573 0.6425410475608931 0.9235429812063235 0.6753607209896649 0.9416770557704051 0.6925198453083659
0 0.8520617213199677 0.6257096079294775 0.8441356975418964 0.603951895597517 0.8134255931566813 0.6238403441517516 0.8213516169347526 0.645598056483712
0 0.8816218313798857 0.4906859688059821 0.8453214131770573 0.46971239384434793 0.8383430547148698 0.49118426603569404 0.8746434729176983 0.5121578409973282
0 0.9681859222508973 0.4718798512849417 0.9599486258194654 0.42611709333254233 0.9407250229895286 0.4322686462381221 0.9489623194209604 0.4780314041905214
0 0.9070350464709278 0.4558834148910866 0.8800455895096337 0.41676825987471844 0.8671561724776563 0.43257927810061075 0.8941456294389504 0.4716944331169789
0 0.8710962481146307 0.5495446204122677 0.8371315987933636 0.5487501256913023 0.8368331447963802 0.5714326294620414 0.8707977941176472 0.5722271241830067
0 0.9189605579492943 0.3615781503684278 0.8984092044461096 0.3535187960534534 0.8911987167478456 0.3862063402855836 0.9117500702510303 0.394265694600558
0 0.8638765999860112 0.3424926946601075 0.8420964625445897 0.31483537727417565 0.8276703591662586 0.3350319220038393 0.8494504966076799 0.36268923938977116
0 0.9696755713695661 0.3912519074335411 0.9429275806285066 0.36883454376484354 0.9305672678667722 0.39505338901700715 0.9573152586078318 0.4174707526857047
0 0.8345272745942542 0.25954401272385763 0.8205334625040305 0.22303841596675208 0.8022014918927634 0.23553131445739348 0.8161953039829871 0.27203691121449897
0 0.9342200834983164 0.2929438889075312 0.913211979743409 0.259745897788665 0.8944430346297103 0.2808609610415761 0.9154511383846178 0.3140589521604423
0 0.9983680626229731 0.31094262387769445 0.9689618105027477 0.28311735305425534 0.9554301088947689 0.3085405500147004 0.984836361014994 0.3363658208381395
0 0.8614779350027163 0.15505280617704698 0.837805446485899 0.13863988080538692 0.8226164678717834 0.17758597981593988 0.8462889563886008 0.19399890518759996
0 0.9256810897435896 0.15232214680744097 0.9051069947209653 0.13098604826546015 0.888758484162896 0.15901206636500767 0.9093325791855204 0.1803481649069885
0 0.9567160880745743 0.21775554484088733 0.92541837431694 0.2139618825672347 0.9234872227579557 0.24228543876567038 0.95478493651559 0.24607910103932304
0 0.8379899049881234 0.09028903326968167 0.805402199478366 0.07412148945088734 0.7975800207256298 0.10215096331485889 0.8301677262353871 0.11831850713365323
0 0.9981428957320366 0.09070746072605176 0.9537821864969651 0.08563766538490075 0.9519670408682112 0.11387326405440636 0.9963277501032828 0.11894305939555738
0 0.84375 1.3559661556735706e-16 0.8115808823529411 1.329702284368327e-16 0.8115808823529411 0.030228758169934773 0.84375 0.03022875816993478
0 0.9017070287311028 0.058277706129142626 0.8763555772491702 0.03531790101343012 0.8670699141410524 0.053545313781216956 0.8924213656229849 0.07650511889692947