0 0.06456723047580806 0.8553322068303999 0.0620263250351335 0.8265352785027548 0.02866099511476945 0.8317690557451649 0.031201900555444008 0.8605659840728098
0 0.1064361652304234 0.8302344823279632 0.09154294679655305 0.7938288372673911 0.06941192081928313 0.8099241288872238 0.08430513925315349 0.8463297739477957
0 0.058311803201018635 0.7599617475146784 0.057123636013680576 0.7100587256464796 0.036048936942005595 0.7109507764008363 0.037237104129343654 0.760853798269035
0 0.09966204751131226 0.7384986173956761 0.07201640271493216 0.7055178481649069 0.056303261689291145 0.7289335093011563 0.08394890648567124 0.7619142785319255
0 0.059120098039215745 0.6311993464052287 0.031242647058823597 0.6244411764705882 0.02695833333333339 0.655859477124183 0.05483578431372554 0.6626176470588236
0 0.11685038563206855 0.5304522463137701 0.10165577109683463 0.4872907325615115 0.08465042160208792 0.4979335363269312 0.09984503613732185 0.5410950500791898
0 0.07807869684397692 0.5810953474588828 0.047534760610308896 0.5483697014942385 0.03465090744687726 0.5697473541505992 0.06519484368054529 0.6024730001152434
0 0.14876516194458134 0.6104848517467277 0.12915811549988385 0.5683191604678084 0.11051108358685859 0.5837340401825759 0.1301181300315561 0.6258997314614954
0 0.14518369390066854 0.6928543318602189 0.12213221334099147 0.6910980285794817 0.12012546068061081 0.7379222573216973 0.14317694124028787 0.7396785606024346
0 0.21537990196078438 0.8823529411764706 0.17953431372549025 0.8823529411764706 0.17953431372549025 0.926062091503268 0.21537990196078438 0.926062091503268
0 0.2263037761148115 0.9691991792169345 0.1954312036888425 0.9337134637847861 0.17957966355027682 0.9582305125324345 0.21045223597624582 0.9937162279645828
0 0.23835784313725497 0.8088235294117647 0.2190563725490197 0.8088235294117647 0.2190563725490197 0.8472222222222222 0.23835784313725497 0.8472222222222222
0 0.19350302960020876 0.6212673585944976 0.19224371611631347 0.583487954077639 0.17288516872988724 0.5846351272560939 0.17414448221378254 0.6224145317729525
0 0.1726933883309422 0.43567033317391995 0.13684451219512198 0.43417663000159407 0.13608560497369684 0.4665566714490675 0.17193448110951703 0.4680503746213934
0 0.11418753960937951 0.437026287824957 0.10019882708225308 0.38615824227177 0.08089825670718827 0.39559407667735724 0.0948869692343147 0.44646212223054427
0 0.06461316786539947 0.43340700545137995 0.03891265840397301 0.4072025644318863 0.02461616469732003 0.4321297842281018 0.0503166741587465 0.45833422524759543
0 0.04800935602667463 0.3008024783517468 0.03374017119538172 0.2548239938953585 0.013904959191798563 0.26576755913871475 0.028174144023091475 0.311746043595103
0 0.08868436073059362 0.3604675888620288 0.05826534380875641 0.3452580804011102 0.05062281762019879 0.3724315068493151 0.081041834542036 0.3876410153102337
0 0.06968048817465132 0.19092463445859445 0.04217770871235093 0.18925779933966716 0.041096245199110586 0.22098072906138402 0.06859902466141098 0.2226475641803113
0 0.12272951992832798 0.23066620779069427 0.09760287380182386 0.2201369465567307 0.08638840937563734 0.2677134623041887 0.11151505550214144 0.2782427235381523
0 0.025358606557377053 0.1832007393121183 0.02250833735133398 0.14139679095681992 0.0023706203792992608 0.14383772634736958 0.005220889585342334 0.18564167470266796
0 0.06260813148788928 0.09787101114955785 0.050632569204152246 0.07125865051903114 0.024681012110726645 0.09201989619377163 0.03665657439446367 0.11863225682429833
0 0.15232082796622298 0.22772947378464775 0.14278526191498497 0.192765731596775 0.12322885358522971 0.2022476265445351 0.1327644196364677 0.23721136873240786
0 0.14430147058823534 0.3043300653594771 0.12561274509803924 0.3043300653594771 0.12561274509803924 0.3386437908496732 0.14430147058823534 0.3386437908496732
0 0.13039687028657615 0.02454122674710912 0.1137302036199095 0.021763448969331342 0.10886123680241327 0.07369909502262444 0.12552790346907994 0.07647687280040222
0 0.18307722332705323 0.02169321168562326 0.1638787854999651 0.008284778917498207 0.1457869958481613 0.054336607122089646 0.16498543367524943 0.06774503989021471
0 0.21317190669371194 0.1431710615280595 0.20165652467883707 0.10478645481180979 0.18063302907369846 0.11599898580121704 0.19214841108857336 0.15438359251746675
0 0.1949062688215218 0.19402758259162595 0.1915142123402262 0.15558427580360926 0.16488594157799638 0.15976125945258648 0.16827799805929197 0.19820456624060317
0 0.22644053112678797 0.26555160687659507 0.2089306078608179 0.23902142010997374 0.18371495915769373 0.26860778125497276 0.2012248824236638 0.29513796802159403
0 0.2069322393591583 0.3775157420691855 0.1709857723577236 0.37219033955045444 0.16840028694404596 0.40321616451458636 0.20434675394548066 0.40854156703331745
0 0.19276667002417405 0.5282439117199392 0.19208845353209777 0.503828118005193 0.1657311811710986 0.5051297117020325 0.16640939766317486 0.5295455054167787
0 0.2363316841606531 0.706003838958136 0.2324877906552956 0.6667107053478146 0.21075868776878778 0.6704896797628594 0.21460258127414533 0.7097828133731808
0 0.2918193767144163 0.8426576416404212 0.2853503124047546 0.8014473060381319 0.26650395585695413 0.8067067543770529 0.27297302016661584 0.8479170899793423
0 0.34156890733454887 0.9039346298606447 0.328722251543358 0.887757359605071 0.3032753374596168 0.9236824147821174 0.3161219932508077 0.9398596850376911
0 0.33359257164404227 0.7731900452488688 0.32105486425339363 0.7481146304675715 0.2936934389140271 0.7724358974358974 0.30623114630467574 0.7975113122171946
0 0.2867168974221678 0.5961295333044359 0.26307162982228005 0.5809965620405078 0.25069880032637243 0.6153655328624732 0.2743440679262602 0.6304985041264015
0 0.3172417043740574 0.6876696832579187 0.29998585972850683 0.674522373051785 0.28492175716440427 0.7096719457013575 0.30217760180995484 0.7228192559074913
0 0.2608275755243049 0.49371178410719535 0.24129874579898994 0.48486854045799616 0.22924137736805547 0.5322048757794425 0.24877020709337042 0.5410481194286417
0 0.24537306304960302 0.3564104342753067 0.22245248335183132 0.34066700579602915 0.20704292239392127 0.3805505753341492 0.229963502091693 0.3962940038134268
0 0.2726465499694688 0.4147454598909922 0.2531059179727254 0.396255399506977 0.23573533652215212 0.4288910373838118 0.25527596851889545 0.4473810977678269
0 0.2860603401505935 0.25429412495387577 0.26153341087692766 0.25040096157710334 0.25795934989423386 0.290430444583274 0.2824862791678997 0.29432360796004636
0 0.2850490196078432 0.1504084967320262 0.2653186274509804 0.13725490196078433 0.24926470588235294 0.1800653594771242 0.2689950980392157 0.19321895424836605
0 0.2591440422322776 0.07384364002011064 0.24589932126696837 0.0473541980894922 0.21853789592760184 0.07167546505781802 0.23178261689291102 0.09816490698843645
0 0.3028683021092624 0.3461342926183094 0.2884211646796803 0.3262877199877724 0.26526322110135814 0.3562568234420717 0.27971035853094023 0.37610339607260873
0 0.3492647058823529 0.4791666666666667 0.3164828431372549 0.4791666666666667 0.3164828431372549 0.5106209150326797 0.3492647058823529 0.5106209150326797
0 0.3593651836788678 0.5541123841329675 0.3392613580001984 0.5266018858358409 0.325942676817776 0.5439047878847999 0.3460465024964454 0.5714152861819266
0 0.35572916666666676 0.6418709150326797 0.3234742647058824 0.6357271241830066 0.319577205882353 0.6720996732026143 0.35183210784313734 0.6782434640522875
0 0.37960534191871254 0.7389290794090569 0.3604301347665102 0.7249281345042742 0.3424587726499235 0.7686844944403114 0.36163397980212586 0.782685439345094
0 0.37972905746457003 0.80774364201126 0.3611935182488838 0.787523053775966 0.3346710590176666 0.8307448391898015 0.35320659823335276 0.8509654274250955
0 0.3984850405679513 0.9077360829389227 0.39163919878296144 0.8849166103222899 0.3631676808654496 0.9001014198782963 0.37001352265043946 0.9229208924949291
0 0.3830841888642249 0.9448953323467753 0.36401683314835376 0.9307713651498338 0.3471229883462821 0.9713165926748057 0.36619034406215323 0.9854405598717474
0 0.4620187491054816 0.7892484852821909 0.4552025189637899 0.7642556414293213 0.42374007084585663 0.7795101617289253 0.4305563009875483 0.804503005581795
0 0.4670277874463395 0.87970133812894 0.4591509310824922 0.8544953977646286 0.4277812826313958 0.8719229802374601 0.4356581389952431 0.8971289206017713
0 0.47276310496348567 0.9811468064141118 0.46446613132813475 0.9575130027255365 0.4336245522159847 0.9767616478451763 0.4419215258513357 1.0003954515337516
0 0.46184760668973474 0.7062427912341408 0.45768454440599765 0.6840397923875433 0.4214965397923876 0.69610246059208 0.42565960207612463 0.7183054594386775
0 0.412656076581576 0.616632753730423 0.38355068442471335 0.5900804661487237 0.37205304291527935 0.6124861265260821 0.40115843507214205 0.6390384141077815
0 0.42984717416378315 0.5174817377931568 0.40864907727797 0.48269511726259146 0.3924437716262976 0.5002508650519032 0.41364186851211077 0.5350374855824684
0 0.36577502946356877 0.4107040713687501 0.34162340216800063 0.3950630175011441 0.33093840657134715 0.4243943779625457 0.35509003386691534 0.44003543183015176
0 0.3192864409914909 0.25716025403872245 0.31024556048834623 0.21496947835738073 0.2921580188679245 0.22185997040325567 0.30119889937106914 0.2640507460845974
0 0.3795509815669827 0.3120787759881265 0.35777338197112274 0.3006168814639897 0.34440514896791546 0.3457718018303787 0.3661827485637754 0.3572336963545155
0 0.32284305251919265 0.07768357991424753 0.2904676563797516 0.07641395653623022 0.289660283949362 0.11301484004722609 0.322035680088803 0.11428446342524337
0 0.39800826473934287 0.16312961475830373 0.39491317004617543 0.1280518749024069 0.3628099277253563 0.13308767761939813 0.3659050224185237 0.16816541747529495
0 0.44957107843137256 0.19640522875816993 0.43688725490196084 0.16258169934640526 0.41960784313725497 0.17410130718954253 0.4322916666666667 0.2079248366013072
0 0.42949749642346213 0.12022251676063847 0.410384057056299 0.07881006479845154 0.39175187242278886 0.09409801116440857 0.41086531178995206 0.13551046312659548
0 0.38649019607843144 0.22497058823529414 0.3670245098039216 0.22025163398692812 0.361171568627451 0.2631732026143791 0.3806372549019608 0.26789215686274515
0 0.4227941176470588 0.32148692810457524 0.40410539215686275 0.32148692810457524 0.40410539215686275 0.36928104575163406 0.4227941176470588 0.36928104575163406
0 0.49278216445883216 0.13129102715186977 0.46151707877213155 0.11289980027734006 0.4516903068251196 0.14259848882830958 0.4829553925118202 0.1609897157028393
0 0.49073775773195877 0.22614505424162804 0.46745660248635545 0.2142060002695237 0.45387513897311504 0.26128840711542356 0.4771562942187184 0.2732274610875279
0 0.48336447838804025 0.34613214530747843 0.4703986567002492 0.33057315928212916 0.4498784665800022 0.3609734409417544 0.4628442882677932 0.37653242696710365
0 0.4909534038334435 0.4289032092237644 0.4730874091209517 0.39078908717044875 0.4565088675919806 0.4046045384445914 0.47437486230447234 0.44271866049790704
0 0.4374387254901961 0.4364379084967321 0.42840073529411765 0.4002859477124183 0.4119485294117647 0.4075980392156863 0.4209865196078431 0.4437500000000001
0 0.484585024620708 0.5238545455889747 0.4830642522846243 0.4812729201786296 0.4649709431283826 0.48242170171235915 0.4664917154644663 0.5250033271227043
0 0.5546857788059044 0.6763925607696262 0.5455772196519056 0.6237653301020782 0.5233583250716016 0.6306019130498641 0.5324668842256003 0.6832291437174121
0 0.5527020564323291 0.789450820978798 0.5333064323290292 0.783909214092141 0.5253078670492587 0.8336780647218237 0.5447034911525586 0.8392196716084809
0 0.5061004181084199 0.8485077854671281 0.4909620098039216 0.8363970588235294 0.4741745963091118 0.8737024221453288 0.4893130046136101 0.8858131487889274
0 0.529990114548938 0.9707844156373567 0.5156969752557987 0.9504563953093365 0.4917476866006278 0.9803930061283003 0.506040825893767 1.0007210264563204
0 0.5334533969594077 0.08065739296238517 0.528287602092319 0.03760910240331181 0.5066718477562632 0.04222046332833708 0.511837642623352 0.08526875388741044
0 0.3860294117647059 6.210780233420911e-17 0.36580882352941174 6.045693042359381e-17 0.36580882352941174 0.052287581699346476 0.3860294117647059 0.052287581699346476
0 0.5887797868257624 0.12123892261530946 0.5823335339473868 0.06823639894866608 0.5637767340032098 0.07224868001767731 0.5702229868815855 0.1252512036843207
0 0.5888480392156863 0.17483660130718964 0.5667892156862745 0.17483660130718964 0.5667892156862745 0.21895424836601315 0.5888480392156863 0.21895424836601315
0 0.5565437196943722 0.17958482310492904 0.5426827215065875 0.16033343673300576 0.5180338892426245 0.19188394203087847 0.5318948874304091 0.21113532840280172
0 0.5585569105691057 0.22256854774430107 0.5385473457675753 0.22173481587757066 0.5375020923003347 0.2663322971465009 0.5575116571018651 0.26716602901323133
0 0.5318372387677238 0.3641524938468449 0.5290380673082398 0.3243420553119602 0.5063552284418124 0.32717741017026364 0.5091543999012964 0.36698784870514833
0 0.5593994409561577 0.43472727105823605 0.5410807721965191 0.4288316075493869 0.5331457231769111 0.47266330689579206 0.5514643919365498 0.47855897040464135
0 0.6145833333333334 0.49877450980392174 0.6011029411764706 0.4808006535947714 0.5795036764705883 0.5095996732026145 0.592984068627451 0.5275735294117648
0 0.6278115939955748 0.5626359006637675 0.6135646744106201 0.545874818799115 0.5910069523918515 0.5799620431830319 0.6052538719768062 0.5967231250476843
0 0.6600574712643679 0.6884268649988731 0.6590570064232588 0.665749661933739 0.6292258282623393 0.6680893621816543 0.6302262931034482 0.6907665652467884
0 0.622692678996574 0.7671157307937981 0.6006223627160638 0.7363510474936931 0.5868561639858313 0.7539079386279026 0.6089264802663414 0.7846726219280077
0 0.6363357843137255 0.8382352941176471 0.6151960784313727 0.8382352941176471 0.6151960784313727 0.8782679738562091 0.6363357843137255 0.8782679738562091
0 0.6274646272763005 0.9080946038400514 0.6092050962924147 0.8995734893809046 0.5993800220533649 0.937002343624904 0.6176395530372507 0.9455234580840507
0 0.5912405731523378 0.9209829059829059 0.5895343137254901 0.8800326797385619 0.56565987933635 0.8818011563599798 0.5673661387631976 0.9227513826043238
0 0.6971200980392156 0.9665849673202616 0.680453431372549 0.9554738562091505 0.6669730392156863 0.9914215686274511 0.6836397058823528 1.0025326797385623
0 0.7225253320177912 0.8370372110505545 0.6989082174403307 0.8079699931090647 0.6834858344296184 0.8302467685689824 0.7071029490070789 0.8593139865104721
0 0.7081397660451588 0.9134667029387353 0.6886705589386235 0.8929158732151703 0.6769538525121894 0.9126492735123222 0.6964230596187247 0.9332001032358873
0 0.6964730392156862 0.7682124183006538 0.6933259803921568 0.7451339869281047 0.6660147058823529 0.7517549019607845 0.6691617647058823 0.7748333333333336
0 0.6577347285067873 0.6134678230266466 0.6269513574660635 0.5900138260432379 0.6161293363499246 0.6152652086475618 0.6469127073906487 0.6387192056309705
0 0.6120837015063537 0.3726033689584562 0.5949728603887908 0.35856370445173796 0.5776897668938821 0.39601040702404017 0.594800608011445 0.4100500715307584
0 0.6610448578955957 0.20520136314533757 0.6424147839873167 0.1791192596737468 0.6168324939964095 0.21160470728124794 0.6354625679046886 0.2376868107528387
0 0.5231202570274953 0.28698913900199474 0.5104111981100669 0.24774713252011019 0.4909623432524946 0.25894495804416684 0.5036714021699231 0.2981869645260514
0 0.6160074292362862 0.28961273874011356 0.5956294823376822 0.2780858192823175 0.5811195830472268 0.32368835990946326 0.6014975299458306 0.33521527936725937
0 0.7131482008278499 0.340266440189757 0.697386376754234 0.32835750644524714 0.6817788984811755 0.3650809847347968 0.6975407225547915 0.3769899184793066
0 0.6597925145450476 0.058425813263964683 0.6451261852815307 0.045178806187239656 0.6277842315599562 0.07931217541700471 0.6424505608234734 0.09255918249372973
0 0.7131891283910824 0.13069097502014507 0.7037461388665054 0.0971159011549826 0.679706385979049 0.1091357775987108 0.689149375503626 0.14271085146387327
0 0.7563887218456158 0.21056837233034473 0.7367628835920987 0.17176786451879386 0.7157481184853126 0.19066486259931475 0.7353739567388297 0.22946537041086565
0 0.7037601626016261 0.27437031723258415 0.6819030966044956 0.25105611350231155 0.668362924438068 0.27362306711302414 0.6902199904351985 0.2969372708432967
0 0.6822082390648567 0.42298956762192075 0.6629765271493212 0.410725867269985 0.6457786576168928 0.4586714429361489 0.6650103695324284 0.4709351432880846
0 0.7040816113981003 0.5719525912347942 0.7036160639893352 0.5458819363439427 0.6740970254957507 0.5468190486770723 0.6745625729045158 0.572889703567924
0 0.7475888241246197 0.7062863856152465 0.716062796540993 0.6707743085670232 0.703305634916586 0.6909080602463593 0.7348316625002127 0.7264201372945825
0 0.7559389140271493 0.4412078934137757 0.7446738310708899 0.418677727501257 0.7166053921568627 0.44362745098039214 0.7278704751131221 0.466157616892911
0 0.7857230392156862 0.267483660130719 0.7783700980392156 0.23807189542483653 0.746017156862745 0.2524509803921568 0.7533700980392155 0.28186274509803927
0 0.1574754901960785 0.9763071895424836 0.11917892156862755 0.9763071895424836 0.11917892156862755 0.9995915032679739 0.1574754901960785 0.9995915032679739
0 0.7908531947261663 0.3876070543159792 0.7829508958755916 0.3612660581473969 0.7531588066260987 0.37715517241379315 0.7610611054766734 0.4034961685823755
0 0.7637867647058824 0.4869281045751636 0.7331495098039216 0.4869281045751636 0.7331495098039216 0.5220588235294119 0.7637867647058824 0.5220588235294119
0 0.7538195548489667 0.6041331036919274 0.7348589030206676 0.5776483836777956 0.7182233704292528 0.5988208797032327 0.7371840222575518 0.6253055997173645
0 0.8412435413354531 0.6739323882706236 0.8125695548489668 0.6536919272213392 0.8016817368839427 0.6811130983925104 0.8303557233704291 0.7013535594417949
0 0.7663051470588235 0.8298774509803921 0.7620098039215686 0.7897875816993465 0.7433946078431372 0.7933333333333334 0.7476899509803921 0.8334232026143791
0 0.8053002450980393 0.8604983660130721 0.7887561274509806 0.8384395424836604 0.7662377450980393 0.8684640522875818 0.7827818627450982 0.8905228758169936
0 0.8331754984986233 0.9112616523909022 0.8020189021268354 0.8891647755314781 0.791054245886781 0.9166495138398807 0.8222108422585689 0.9387463906993048
0 0.8783987505133568 0.9735215323343173 0.8477620925379407 0.9569874629507593 0.839273498610355 0.9849498900063357 0.8699101565857712 1.0014839593898937
0 0.8374243079584774 0.7791714725105728 0.8076430940023067 0.7553465013456363 0.7993440023068049 0.7737889273356402 0.8291252162629755 0.7976138985005767
0 0.8909602076124568 0.8822616301422532 0.8765787197231834 0.859890426758939 0.849253892733564 0.8911188004613613 0.8636353806228374 0.9134900038446754
0 0.9156496548323472 0.9500135359863867 0.8912333942452721 0.9218978419770275 0.873721936999652 0.9489330742158798 0.8981381975867271 0.977048768225239
0 0.8918379363940697 0.7215722142515543 0.8592682926829268 0.7103654551251396 0.8538880918220947 0.7381631595727723 0.8864577355332376 0.749369918699187
0 0.8886029411764707 0.8254901960784314 0.8602941176470589 0.8129084967320261 0.8528186274509804 0.84281045751634 0.8811274509803921 0.8553921568627453
0 0.953403625601184 0.903628684178074 0.9358282463928967 0.8780644962387474 0.9206784128745839 0.8965809594277966 0.938253792082871 0.9221451473671232
0 0.8381538308965205 0.5664739884393064 0.8044262864105179 0.559555517775511 0.8010225405190978 0.5890546488344858 0.8347500850051004 0.5959731194982812
0 0.8213351218865925 0.48775613849143273 0.7908507347845584 0.46946550623021227 0.782188863071216 0.4951303113067821 0.8126732501732502 0.5134209435680025
0 0.7536092180774747 0.023682847122588883 0.7418624461979912 0.004104893990116446 0.7202669177427067 0.02714012434242001 0.7320136896221903 0.04671807747489245
0 0.8098240162115654 0.12151126809461288 0.789030306117828 0.08223426013977586 0.7688825963410767 0.10119681051789467 0.789676306434814 0.1404738184727317
0 0.8614039955604883 0.26988531261561227 0.8539585645578985 0.23513996793686032 0.8200899463559007 0.24804229868047856 0.8275353773584905 0.2827876433592305
0 0.8339792525290369 0.20140189833895342 0.8203154271262644 0.1680014362432872 0.8044738197826902 0.17952260522043223 0.8181376451854627 0.21292306731609845
0 0.8837337160891754 0.0969424299400126 0.8711640478109052 0.06007140299041996 0.8527900886381949 0.0712071358223656 0.865359756916465 0.10807816277195825
0 0.8805350573802231 0.16210719775642163 0.8645140282324778 0.14636723929547898 0.8464793008765444 0.17900150784431085 0.8625003300242898 0.19474146630525346
0 0.9048045242687237 0.2342735454837674 0.8958393603342975 0.20695114111218268 0.8652061234329793 0.22482052930461813 0.8741712873674056 0.25214293367620283
0 0.9379734452437215 0.05169480400289056 0.9027733849494295 0.04992373178682555 0.9020231915197647 0.07643056630164818 0.9372232518140567 0.07820163851771321
0 0.9573029788838612 0.15136249371543506 0.9277611236802413 0.1491742081447965 0.9265789969834087 0.17754524886877843 0.9561208521870286 0.17973353443941698
0 0.8743413536639388 0.34932299316873017 0.8603451190226388 0.3297282646709101 0.8362546192674453 0.3603193754711556 0.8502508539087454 0.3799141039689757
0 0.961515357427541 0.39168280404701306 0.9467440520110114 0.3400681276490245 0.9245365102365564 0.3513667015342736 0.939307815653086 0.40298137793226213
0 0.8903186274509803 0.4358660130718956 0.8587622549019608 0.4358660130718956 0.8587622549019608 0.46405228758169953 0.8903186274509803 0.46405228758169953
0 0.9353024945983107 0.5087907437577271 0.9035107008330732 0.5046552258695661 0.901198373427155 0.5362570337504479 0.9329901671923925 0.5403925516386088
0 0.922388796751372 0.589539300171174 0.8987852540791513 0.5553703622075783 0.8831387884865447 0.5745853199528845 0.9067423311587655 0.6087542579164802
0 0.9663114161849711 0.6442961577694662 0.9425064462201066 0.6394130870074427 0.938996443953304 0.669833106653066 0.9628014139181684 0.6747161774150895
0 0.9926287547766711 0.7359859518887427 0.9792087561861805 0.6963094343168577 0.9577530852596631 0.7092108835014304 0.9711730838501537 0.7488874010733154
0 0.9921992835595778 0.5189165409753644 0.9771163273001509 0.48875062845651074 0.9411293363499246 0.520739064856712 0.9562122926093514 0.5509049773755657
0 0.9788780399665851 0.2596817049781458 0.9747258046349225 0.22853993999067637 0.9446443907864726 0.2356703491991978 0.9487966261181352 0.2668121141866672
0 0.11420893944220285 0.9367560050494322 0.10763907322856942 0.8964608256058139 0.0871862169958236 0.9023891897312475 0.09375608320945704 0.9426843691748659
0 0.05463331006215667 0.9093731545706595 0.03629130633876836 0.894921878909808 0.019591421943969085 0.9326036693390987 0.0379334256673574 0.9470549449999499