0 0.2820771237449404 0.582014754069635 0.2696131820690743 0.5442452338397378 0.24693298901329966 0.5575509470991257 0.2593969306891657 0.5953204673290228
0 0.07657927424363425 0.9444241120279184 0.06145472895040377 0.9222414455978469 0.03894674385591343 0.9495238517729867 0.05407128914914392 0.9717065182030582
0 0.15561840120663653 0.9653217697335346 0.1428827300150831 0.9556184012066367 0.13788650075414793 0.967276269482152 0.15062217194570138 0.9769796380090499
0 0.360294117647059 0.8537581699346405 0.330575980392157 0.8537581699346405 0.330575980392157 0.8819444444444444 0.360294117647059 0.8819444444444444
0 0.1735131920415226 0.9600946751249521 0.14369773644752032 0.9347967128027682 0.13129685697808544 0.9607795078815841 0.16111231257208772 0.9860774702037678
0 0.120152104959631 0.8657247212610535 0.09319409324815908 0.8640131014698489 0.09188403868334671 0.9006946292845949 0.11884205039481865 0.9024062490757995
0 0.10860906862745105 0.8323120915032681 0.08110369850187271 0.8020163215098776 0.06553067856356033 0.8271517221120659 0.09303604868913867 0.8574474921054566
0 0.0628520565030746 0.7537427002359128 0.06061716846501913 0.7105348648335073 0.038158066481030276 0.7126000696136442 0.040392954519085734 0.7558079050160498
0 0.15012359465970693 0.6966793258827991 0.12868588134912673 0.6933165473242766 0.12370236063708766 0.7497964487273863 0.14514007394766787 0.7531592272859087
0 0.18975773001508298 0.8014894419306184 0.16739724736048275 0.7977626948215183 0.16336726998491713 0.8407491201608849 0.1857277526395174 0.8444758672699849
0 0.2265907955538904 0.9045808875567213 0.19107672313168295 0.8898318738731816 0.18430733084512604 0.9188096233103726 0.2198214032673335 0.9335586369939123
0 0.2673131477205343 0.9712410282892784 0.2489305493377002 0.9229867075343391 0.2304640712684032 0.9354931053802122 0.24884666965123728 0.9837474261351516
0 0.04187485085312021 0.6338576674753742 0.01648632323111808 0.629241571544101 0.0136674472020046 0.6568039149398773 0.03905597482400673 0.6614200108711504
0 0.09153734389293243 0.7048296245475878 0.08715615429741877 0.6686117905580082 0.069191723342481 0.672475109042941 0.07357291293799466 0.7086929430325206
0 0.07110906862745106 0.5501225490196079 0.05410539215686279 0.5425653594771243 0.0418811274509804 0.5914624183006537 0.058884803921568675 0.5990196078431373
0 0.14542503130899645 0.6050942540982075 0.14104994953176697 0.5677602229325159 0.11875981326753773 0.572404001320897 0.12313489504476721 0.6097380324865886
0 0.19858583781397962 0.7083389062764716 0.17326203588529543 0.6691714259601067 0.15826817169569057 0.686405752614825 0.18359197362437477 0.7255732329311897
0 0.35937500000000017 0.8537581699346405 0.330575980392157 0.8537581699346405 0.330575980392157 0.8823529411764706 0.35937500000000017 0.8823529411764706
0 0.15581488748349087 0.4324196129228894 0.13342588006705278 0.4261715178299299 0.1260210301737276 0.473343154187409 0.1484100375901657 0.4795912492803685
0 0.04263051943142295 0.4950197002537091 0.04120765915620748 0.4671948770939396 0.011460696103634264 0.46989914646235525 0.01288355637884974 0.4977239696221248
0 0.1880024687668972 0.34604772000720946 0.16864852798884433 0.3377900386085736 0.15921456572469336 0.3770982147092025 0.17856850650274622 0.38535589610783844
0 0.19531059311691482 0.27426402787947823 0.1566008664876739 0.2605005695224148 0.15177518102676754 0.2846289968269466 0.1904849076560085 0.29839245518401003
0 0.1043486880046136 0.39367791234140714 0.10169766435986158 0.3477268358323722 0.07976859861591695 0.34997597078046905 0.08241962226066897 0.39592704728950406
0 0.17050173010380623 0.22031430219146483 0.13568311374323483 0.20234340342471832 0.12806732987312572 0.2285755478662053 0.16288594623369712 0.24654644663295183
0 0.12545955882352944 0.12397875816993466 0.10569852941176472 0.0976307189542484 0.08379289215686274 0.1268382352941177 0.10355392156862746 0.15318627450980396
0 0.03748600957724131 0.16313446862367298 0.0020094851524424936 0.15505851184404398 -0.0021024594809021763 0.18717084136159282 0.03337406494389664 0.19524679814122184
0 0.37182091663071104 0.9844132029339855 0.3505418824008821 0.9460274941272352 0.332322453736996 0.9639828731003405 0.35360148796682483 1.0023685819070907
0 0.3255561840120663 0.9183320764203117 0.3083050527903469 0.9029977375565612 0.29359917043740574 0.9324095022624436 0.31085030165912514 0.947743841126194
0 0.27726022535711115 0.8306882707834266 0.2760000776328631 0.7954041345044807 0.24538846930174793 0.797347728684234 0.24664861702599597 0.8326318649631799
0 0.2562977992026686 0.7661703685623626 0.2342633837767472 0.7329590757464812 0.21720822146285898 0.7530754210397853 0.23924263688878036 0.7862867138556667
0 0.23616082542271838 0.6611805541907152 0.2247764186697064 0.6357011676482599 0.1923498580020047 0.6614584356963634 0.2037342647550166 0.6869378222388187
0 0.21283266515652718 0.5208038696326127 0.20007925236109111 0.49779771321731636 0.17439976449014813 0.5231050345973761 0.18715317728558417 0.5461111910126725
0 0.23812021759923482 0.3602203889685957 0.22115390363462456 0.35188605930176964 0.21005425035868006 0.3920562330623306 0.22702056432329032 0.40039056272915674
0 0.23104025263951739 0.16445135746606335 0.22415865384615388 0.11857403217697335 0.20288932880844648 0.12424585218702867 0.20977092760180996 0.17012317747611866
0 0.1908897733405289 0.10452644360496492 0.1798350647598489 0.05539440546860947 0.15993490286022669 0.06335447022845836 0.17098961144090666 0.11248650836481382
0 0.2680271776852334 0.08961984498814274 0.24301307912545547 0.05150312337324311 0.22605142720805135 0.07129171727688126 0.2510655257678292 0.10940843889178088
0 0.2752816951083151 0.29758148744190044 0.2748338654168365 0.2751900028679678 0.238376947199203 0.2764862488490392 0.23882477689068163 0.29887773342297186
0 0.30656397723140616 0.14515969250277386 0.29130304047439237 0.14124663179584723 0.2853635213001035 0.18242729807091648 0.3006244580571173 0.18634035877784308
0 0.2707426905673512 0.44129491046911856 0.2586962669683258 0.4027463549522373 0.2411405760529064 0.4124995165719148 0.25318699965193175 0.45104807208879605
0 0.3147330452799677 0.44948958965029306 0.31332246816252274 0.4081126608719089 0.2953532443905397 0.40920170473687756 0.29676382150798464 0.45057863351526173
0 0.33026960784313725 0.4795751633986928 0.30729166666666674 0.4795751633986928 0.30729166666666674 0.5241013071895425 0.33026960784313725 0.5241013071895425
0 0.3613984372776688 0.6022104475558971 0.339088824027434 0.5997985974747907 0.3363688227468057 0.6445275074229015 0.3586784359970404 0.6469393575040081
0 0.3876649698340875 0.7291289592760183 0.3610718325791856 0.7088675213675215 0.35115478883861245 0.7320072900955255 0.3777479260935144 0.7522687280040222
0 0.4015199067431851 0.8047186354216485 0.381672943567671 0.7716403634624582 0.36579387852702056 0.7885780328391521 0.38564084170253465 0.8216563047983422
0 0.42003676470588236 0.6499183006535948 0.39644607843137253 0.6499183006535948 0.39644607843137253 0.6879084967320261 0.42003676470588236 0.6879084967320261
0 0.4162771866895878 0.4804190940769964 0.3955359143470052 0.4549473561124214 0.3714743625063364 0.48977931687224674 0.39221563484891897 0.5152510548368218
0 0.41699685512400736 0.5903871545419193 0.407253502408641 0.5456399050343107 0.3867727033231718 0.553567956293202 0.39651605603853823 0.5983152058008104
0 0.33785737263144405 0.37412233303721615 0.31059937403265847 0.3449046090489754 0.29984807298678473 0.3627360351738392 0.32710607158557026 0.3919537591620799
0 0.3759174719574491 0.3684029789176189 0.3564144043920165 0.3362074388096032 0.3420091346744607 0.35172080619774015 0.36151220223989333 0.3839163463057559
0 0.34315877460041316 0.056230594517535946 0.3223112835707296 0.04299409227646701 0.30861795966075894 0.08133539922438479 0.32946545069044253 0.09457190146545373
0 0.3456049832751196 0.1571203174955185 0.3211047083772246 0.14658256485126256 0.3128173453641589 0.18083699863860095 0.3373176202620539 0.1913747512828569
0 0.3596515697718776 0.25794263879352 0.35872649156939035 0.23820763714045926 0.32345907721065076 0.24114658833702088 0.324384155413138 0.2608815899900816
0 0.3384480695519858 0.8121095605891342 0.3200858806194384 0.773224925202563 0.30220913267075006 0.7882325654557829 0.3205713216032975 0.8271172008423541
0 0.3017769607843138 0.8488562091503268 0.27113970588235303 0.8488562091503268 0.27113970588235303 0.880718954248366 0.3017769607843138 0.880718954248366
0 0.43797597673738653 0.9590422065067097 0.42525366390731506 0.9311030097034156 0.39268280704639735 0.9574698938289203 0.4054051198764688 0.9854090906322144
0 0.4923974129722952 0.9508963705234694 0.47086352306418033 0.9399003416342191 0.45992990563773867 0.9779655282299787 0.48146379554585356 0.988961557119229
0 0.46709558823529423 0.7533496732026145 0.44577205882352955 0.743872549019608 0.4345894607843139 0.7886029411764707 0.45591299019607856 0.7980800653594773
0 0.4790561903199941 0.696310773379984 0.4763552144835629 0.6687007981631315 0.4516005403090604 0.673005958889132 0.4543015161454916 0.7006159341059846
0 0.49845591291379393 0.559723037178296 0.49736565449122294 0.5306494792430688 0.462373478069532 0.5329822910045149 0.463463736492103 0.562055848939742
0 0.4354256431872112 0.29966487656633783 0.4160422130635694 0.28556783647641654 0.40295210440864243 0.31756587985512685 0.42233553453228423 0.33166291994504815
0 0.42191217779246526 0.2103455239773813 0.4109688257325402 0.18646911948299927 0.3805326063009474 0.21126900198281567 0.39147595836087246 0.23514540647719767
0 0.38311820361332305 0.130610140708394 0.38039964894254646 0.10342459400062792 0.35085944858292656 0.10867618517567144 0.3535780032537032 0.1358617318834375
0 0.4636595022624434 0.10005027652086479 0.4466204751131221 0.08490447461035704 0.4287565987933634 0.12063222724987438 0.4457956259426847 0.13577802916038215
0 0.48891716384062517 0.19699427813830162 0.4825771055753262 0.1699433628730258 0.4479319307794292 0.1843788523713162 0.4542719890447283 0.21142976763659202
0 0.5272004757785468 0.3117526912725875 0.5256001297577855 0.2840133602460592 0.49713451557093435 0.2869329104190696 0.4987348615916956 0.31467224144559786
0 0.5717027376988532 0.36443303736588983 0.54131982981872 0.3419271796769023 0.531651752682205 0.3651305648045382 0.5620346605623382 0.38763642249352576
0 0.5206612610797744 0.40883807861043975 0.4884145010744024 0.389294587698093 0.47958005976363155 0.4152089488763543 0.5118268197690036 0.434752439788701
0 0.47949119726333306 0.4750954662322028 0.47014069282564863 0.42975968714039947 0.4488566126624967 0.43756384986688845 0.45820711710018114 0.48289962895869176
0 0.5460074268963908 0.6301583139605534 0.5337409460888896 0.6142019161621777 0.5114834146093671 0.6446205425175251 0.5237498954168683 0.6605769403159009
0 0.5254575056040813 0.7392314678828168 0.5102234224833165 0.7199349625965149 0.48615123611862615 0.7537204873188873 0.5013853192393909 0.7730169926051893
0 0.5403393810840499 0.8044786813630797 0.5287418090223855 0.7829643447849198 0.5010660896683206 0.8094869091658987 0.5126636617299849 0.8310012457440586
0 0.5408075601374571 0.9131165352739035 0.5096523145340611 0.8946541675089281 0.5023120072771378 0.9166750892796982 0.5334672528805338 0.9351374570446737
0 0.6217817222430374 0.9258476957662046 0.5969257368552516 0.9027928687398528 0.583712298613713 0.9281186253694684 0.6085682840014988 0.9511734523958204
0 0.6232073303849065 0.7991827380089257 0.596353537306459 0.7807027083635424 0.5878506291588121 0.8026685544116302 0.6147044222372596 0.8211485840570135
0 0.5765931372549019 0.7218137254901962 0.5579044117647058 0.7218137254901961 0.5579044117647058 0.7577614379084968 0.5765931372549019 0.7577614379084969
0 0.6079099717885912 0.7438352283113371 0.6054193857468407 0.6995581431246624 0.5843979255779378 0.7016602891415527 0.5868885116196882 0.7459373743282274
0 0.6536213235294116 0.5510375816993465 0.6509620098039215 0.526217320261438 0.618235294117647 0.5324509803921569 0.6208946078431372 0.5572712418300654
0 0.35937500000000017 0.8537581699346405 0.3308823529411766 0.8537581699346405 0.3308823529411766 0.8819444444444444 0.35937500000000017 0.8819444444444444
0 0.6457638361352401 0.6078711196250915 0.6202280884279595 0.5828360728532478 0.6101131496955884 0.6011778284212808 0.635648897402869 0.6262128751931245
0 0.6242191502491733 0.44481704003850164 0.6027879901960784 0.4438316993464053 0.6015031903497742 0.49351062673683904 0.622934350402869 0.49449596742893537
0 0.5728669533851277 0.2550114070785547 0.5720825240473548 0.23095557405352074 0.5430586385497596 0.23263811814033789 0.5438430678875324 0.25669395116537186
0 0.628968154042439 0.21188949324021855 0.6069009367445608 0.19851542215059548 0.5905225960247112 0.24655855492882095 0.6125898133225893 0.25993262601844397
0 0.6348237421869493 0.3938590642228692 0.6115973656534772 0.36062457422375466 0.5965255641930534 0.3793501457351904 0.6197519407265254 0.41258463573430487
0 0.5627165506986539 0.17020677404972637 0.552133580210023 0.14281555631444645 0.5243412767864766 0.16190521927203397 0.5349242472751075 0.18929643700731386
0 0.5502450980392157 0.08905228758169943 0.5119485294117647 0.08905228758169943 0.5119485294117647 0.1213235294117648 0.5502450980392157 0.1213235294117648
0 0.6183849534508765 0.08514718884901443 0.613951084412545 0.05706601827291482 0.5773879180319342 0.06732936322185816 0.5818217870702658 0.09541053379795776
0 0.5488661108459609 0.043017274523061394 0.5333225201845443 0.014321414840446007 0.5029636727916318 0.04355586047806553 0.5185072634530483 0.07225172016068092
0 0.47558483221681797 0.04797000703557559 0.4717764445871951 0.016233443455385282 0.43711237420085025 0.023628445137805505 0.4409207618304732 0.05536500871799581
0 0.40778186274509803 0.005310457516339935 0.38480392156862747 0.005310457516339933 0.38480392156862747 0.04820261437908503 0.40778186274509803 0.04820261437908504
0 0.6801673135417624 0.11539171455498728 0.6710766132324872 0.09175589375087184 0.6351066259403293 0.11635075685662084 0.6441973262496045 0.13998657766073627
0 0.704959630911188 0.9372741253364093 0.6761552047289504 0.9128340061514801 0.6635777104959631 0.9391868512110728 0.6923821366782007 0.9636269703960018
0 0.6836051142411126 0.8551369080000315 0.6746356790605265 0.8228469413499215 0.6386038281416305 0.8406404479765368 0.6475732633222168 0.8729304146266467
0 0.7017690673430945 0.6889065487912779 0.6803591114393356 0.6515763692667752 0.6649274338556385 0.6673106287638783 0.6863373897593973 0.7046408082883809
0 0.6832107843137255 0.729575163398693 0.6608455882352942 0.729575163398693 0.6608455882352942 0.7728758169934642 0.6832107843137255 0.7728758169934642
0 0.6425675675675676 0.6776320438085144 0.6272787493375729 0.6496025437201908 0.6119948993110758 0.6644232467761879 0.6272837175410705 0.6924527468645115
0 0.48532918092189975 0.6437157414560571 0.4835702691020123 0.6167457602177833 0.4585040512452636 0.6196519883750874 0.4602629630651511 0.6466219696133614
0 0.6835069829818721 0.5918448637316561 0.6771344339622641 0.5696226415094341 0.6498231132075473 0.5835460599334075 0.6561956622271551 0.6057682821556295
0 0.31023794175917024 0.6132494974215542 0.2937889680389244 0.6018067330944266 0.2800008376307433 0.6370430663597783 0.2964498113509892 0.6484858306869059
0 0.2548537484527206 0.47246590005322053 0.23627966740218503 0.47096496421075296 0.23442125020181906 0.5118501426188041 0.25299533125235457 0.5133510784612716
0 0.7986464529632078 0.8961555408680326 0.7727954946023354 0.8928728794888743 0.7705248953513991 0.924661269001983 0.7963758537122716 0.9279439303811413
0 0.7538275584206285 0.9102594234040652 0.7451525987107172 0.8794151222132689 0.7126183521353747 0.8956822455009402 0.7212933118452861 0.9265265466917364
0 0.7554534313725491 0.7686274509803923 0.7400122549019607 0.7274509803921569 0.7213848039215688 0.7398692810457517 0.736825980392157 0.781045751633987
0 0.7426941930618403 0.8342445952740072 0.7206825037707391 0.790221216691805 0.7019466440422323 0.8068753142282555 0.7239583333333335 0.8508986928104577
0 0.8697916666666666 0.8366013071895425 0.8492647058823529 0.8366013071895425 0.8492647058823529 0.8860294117647058 0.8697916666666666 0.8860294117647058
0 0.8594484206404456 0.760917014734888 0.8498801702633717 0.7299341087519821 0.8194930893955213 0.7466172119735469 0.8290613397725954 0.7776001179564528
0 0.8131021805273835 0.714291751183232 0.7819366970926303 0.6976701600180303 0.7729779411764706 0.7275326797385623 0.8041434246112238 0.7441542709037638
0 0.7937542258282623 0.651619900833897 0.7632944557133198 0.6492308992562544 0.7619622633536173 0.6794272594095111 0.7924220334685598 0.6818162609871536
0 0.746752450980392 0.597140522875817 0.7197303921568627 0.5851307189542484 0.7126225490196078 0.613562091503268 0.7396446078431372 0.6255718954248366
0 0.6783449089797582 0.5069104816676478 0.6594276423040347 0.4711778668357259 0.6407594359914867 0.48874794336518296 0.65967670266721 0.524480558197105
0 0.7533907345321548 0.5332744928714146 0.7469537361576755 0.5006603677740528 0.7242726429950218 0.5086186460767382 0.7307096413695011 0.5412327711741001
0 0.733654912695005 0.47343280377844565 0.7233545334192071 0.44400314870473734 0.6909841491341061 0.4641447211488001 0.7012845284099041 0.4935743762225085
0 0.8196531621401297 0.5984164271105963 0.8140714833526408 0.5430130969236711 0.7956735771442055 0.5463082443042864 0.8012552559316944 0.6017115744912116
0 0.9264705882352942 0.6719771241830067 0.8961397058823529 0.6719771241830067 0.8961397058823529 0.7009803921568629 0.9264705882352942 0.7009803921568629
0 0.8958333333333334 0.9616013071895425 0.8667279411764706 0.9616013071895425 0.8667279411764706 0.9881535947712419 0.8958333333333334 0.9881535947712419
0 0.9418166342412451 0.8224803540093083 0.9137179798962386 0.7894231136034183 0.8974635452429999 0.8139853704127569 0.9255621995880062 0.8470426108186467
0 0.986436147734956 0.9118590827135454 0.9636394945909401 0.9044655735857563 0.9559227096010819 0.9467649876042373 0.9787193627450981 0.9541584967320265
0 0.943147081945986 0.8697149771858429 0.9197072697003331 0.8683561474904428 0.9188696587125418 0.8940428844493775 0.9423094709581947 0.8954017141447776
0 0.9859765889114268 0.8510085643452785 0.9586185767410413 0.8479687852152356 0.956733857336038 0.8781242956952898 0.9840918695064235 0.8811640748253328
0 0.9736755978355734 0.7637179748259343 0.9596270073311224 0.7304176121487171 0.9427537892011404 0.7430725257462037 0.9568023797055913 0.7763728884234209
0 0.8630464480874318 0.5899429443908712 0.8418590284474446 0.587374772313297 0.8389811354869817 0.6295838690667526 0.8601685551269689 0.6321520411443268
0 0.9765773141457315 0.6349785950274865 0.9457047945942623 0.6273202956038663 0.9402954693377613 0.6660871266087895 0.9711679888892305 0.6737454260324099
0 0.8976102941176471 0.5390522875816995 0.8795036764705881 0.5310049019607844 0.8688725490196079 0.5735294117647061 0.8869791666666668 0.5815767973856211
0 0.8924545847750865 0.4381401384083047 0.87074538638985 0.4259525182622069 0.858184832756632 0.4657276047673972 0.8798940311418685 0.4779152249134949
0 0.8160529788838612 0.4317911010558068 0.8053572775263951 0.39138511814982396 0.7863188159879335 0.4003443941679235 0.7970145173453996 0.44075037707390646
0 0.77812950699651 0.4425865985548255 0.7565007403859915 0.42138192540725844 0.7440161880305183 0.4440205803451833 0.7656449546410365 0.46522525349275046
0 0.7238051470588235 0.38378267973856234 0.7083333333333334 0.363153594771242 0.6833639705882353 0.39644607843137264 0.6988357843137256 0.417075163398693
0 0.6692110378634212 0.2975563443768313 0.649541286342123 0.28245633310795587 0.6298941430020284 0.32795498084291197 0.6495638945233265 0.3430549921117874
0 0.7228860294117647 0.31270424836601324 0.7071078431372549 0.2916666666666668 0.6881127450980392 0.3169934640522877 0.703890931372549 0.33803104575163406
0 0.6937995633406947 0.20119481808650655 0.6749077745432644 0.18466450288875516 0.6504592451314997 0.23433770550313432 0.6693510339289299 0.2508680207008857
0 0.7650122549019607 0.2724673202614379 0.7488216440422323 0.25807566616390154 0.7272812971342383 0.3011563599798895 0.7434719079939667 0.3155480140774259
0 0.741174019607843 0.16791503267973867 0.7261507352941177 0.1540473856209152 0.7068272058823529 0.19126307189542496 0.7218504901960784 0.20513071895424845
0 0.8000264970853205 0.21745053877406828 0.781188725490196 0.2097222222222223 0.7697419846316905 0.25932476594241305 0.788579756226815 0.267053082494259
0 0.8743988473767885 0.2755829358770536 0.8580261327503974 0.23434795089206856 0.8403177994170642 0.2468479508920685 0.8566905140434553 0.2880829358770536
0 0.8014665249388879 0.3609832527175326 0.7951797927393768 0.321167282120629 0.776836447443699 0.3263162913264333 0.7831231796432101 0.3661322619233369
0 0.7625612745098039 0.3357843137254903 0.7438725490196079 0.3357843137254903 0.7438725490196079 0.3770424836601308 0.7625612745098039 0.3770424836601308
0 0.9136166751183231 0.3823374464728421 0.891141607505071 0.3469221884155962 0.8750454276538201 0.36508198106828943 0.8975204952670722 0.40049723912553536
0 0.8625462496154764 0.37377308564332185 0.8454890781123604 0.33377695936015317 0.8313757355789496 0.3444772713462685 0.8484329070820658 0.3844733976294372
0 0.9445097353946238 0.32106320316259473 0.9126424218335984 0.2952658540893838 0.9017015240392524 0.3192929237553987 0.9335688376002779 0.34509027282860966
0 0.889979441415856 0.13504126678418327 0.8516612804944398 0.12133395718627826 0.846980173173598 0.1445976420534919 0.8852983340950143 0.1583049516513969
0 0.9251649065666532 0.2828908409001186 0.9128226955469846 0.24072161991625088 0.8955663447619625 0.249700534145856 0.907908555781631 0.29186975512972374
0 0.9927958403808808 0.23441969972227444 0.9674364154607528 0.19778941928208976 0.9514541439579025 0.21745990728559791 0.9768135688780303 0.25409018772578257
0 0.9626225490196079 0.124591503267974 0.9273897058823529 0.124591503267974 0.9273897058823529 0.1507352941176472 0.9626225490196079 0.1507352941176472
0 0.9050245098039216 0.059232026143790896 0.8990808823529411 0.03545751633986931 0.8657169117647058 0.05028594771241836 0.8716605392156862 0.07406045751633994
0 0.9797794117647058 0.042483660130719116 0.9488357843137255 0.04248366013071911 0.9488357843137255 0.07107843137254918 0.9797794117647058 0.07107843137254918
0 0.9998259658893142 0.6234626986889431 0.9868277932474765 0.5818685462350622 0.9690110511660285 0.5917667362803111 0.9820092238078664 0.6333608887341918
0 0.544368717703688 0.6254778084519007 0.5286054629433 0.6119664472287111 0.5109066415374813 0.6486751138481868 0.5266698962978693 0.6621864750713764
0 0.6534926470588235 1.038548511041628e-16 0.6167279411764706 1.0085326581213496e-16 0.6167279411764706 0.029820261437908602 0.6534926470588235 0.029820261437908602
0 0.05437789319182568 0.34641306938642386 0.03401970193067633 0.33148372912824764 0.017816063565541402 0.3707652766800899 0.03817425482669075 0.3856946169382661
0 0.049188485903418205 0.05288042502031002 0.025899675141761894 0.020236280021065266 0.010098046870215923 0.04027736953619675 0.033386857631872234 0.07292151453544149