0 0.3194700416899691 0.8801720558577796 0.2849375921500839 0.8627779331265782 0.27756624743674485 0.8887944438795397 0.31209869697663 0.906188566610741
0 0.27457223455419916 0.8657325194228637 0.2519226322604514 0.8327876433592306 0.23732773769885313 0.8506258478234063 0.2599773399926009 0.8835707238870394
0 0.1717070524731285 0.8951834298960156 0.15295229947236802 0.8946833031493285 0.1522524568603932 0.9413394772809831 0.17100720986115367 0.9418396040276701
0 0.16923783936651587 0.852384992458522 0.14898190045248882 0.8313788335847161 0.12435190422322792 0.8736016842634491 0.14460784313725497 0.8946078431372549
0 0.1381006806867825 0.8169159978326391 0.12683125063496897 0.7939351992956076 0.09591778421213046 0.8208854007924413 0.10718721426394398 0.8438661993294727
0 0.11243872549019608 0.7818627450980393 0.10085784313725492 0.7509803921568629 0.06151960784313728 0.7772058823529413 0.07310049019607844 0.8080882352941178
0 0.06882365640556741 0.7291366114666938 0.06740831047444884 0.6998861288902436 0.02571751498526872 0.7034724338785602 0.02713286091638728 0.7327229164550104
0 0.0910001852234743 0.6303578402655732 0.05909221113753062 0.602704262724422 0.04820064009786696 0.6250459469083475 0.08010861418381066 0.6526995244494986
0 0.29323388009049783 0.7477846907993968 0.2603659067177167 0.7297395289476739 0.25342448369880505 0.7522165177708164 0.2862924570715861 0.7702616796225394
0 0.3730351976856317 0.7308234222650809 0.340366843458695 0.7137790635379835 0.3324970869495339 0.7405945301617917 0.3651654411764706 0.7576388888888891
0 0.489093137254902 0.7619281045751635 0.45637254901960783 0.7401143790849674 0.44540441176470585 0.7693627450980393 0.478125 0.7911764705882354
0 0.4266687795807978 0.7485958981293667 0.4140555273833671 0.7209668695064232 0.38252577755240025 0.7465562316880775 0.3951390297498309 0.7741852603110211
0 0.4033763596679549 0.6442172367730549 0.3719877093173036 0.6289984972091028 0.3645274259338772 0.6563528696149993 0.39591607628452846 0.6715716091789515
0 0.46505380405586894 0.6724925015668368 0.46419470185334405 0.6415648222759424 0.424953414585012 0.6435026636225266 0.4258125167875369 0.6744303429134211
0 0.5570465686274509 0.8265522875816993 0.5549463319810684 0.7789469235970249 0.5342207572684246 0.7805724588686048 0.5363209939148073 0.8281778228532792
0 0.5098039215686276 0.8398692810457516 0.486825980392157 0.8398692810457516 0.486825980392157 0.886437908496732 0.5098039215686276 0.886437908496732
0 0.5190012482688243 0.926162621182302 0.5017183058167506 0.9106213706052435 0.4840973285224872 0.9454582452559712 0.501380270974561 0.9609994958330297
0 0.45741421568627466 0.9252450980392157 0.42953431372549034 0.9252450980392157 0.42953431372549034 0.9620098039215687 0.45741421568627466 0.9620098039215687
0 0.5549879310914922 0.987339356765753 0.5451592103957941 0.9496625940989101 0.5210487757497603 0.9608442449492446 0.5308774964454585 0.9985210076160875
0 0.6041167598261024 0.9671483600981873 0.5796416134327034 0.9374815159849763 0.5648913694437051 0.9591152071688405 0.5893665158371041 0.9887820512820514
0 0.6068680055488014 0.8799896349636837 0.590600061566757 0.8615124640211147 0.5683120674740485 0.8963980199923108 0.5845800114560928 0.9148751909348797
0 0.6369592102896204 0.9064744858187926 0.6250286697247707 0.8838692510643403 0.6026258094981112 0.904889218684416 0.6145563500629609 0.9274944534388683
0 0.6734235523002974 0.8974148673736679 0.6717116807812618 0.8608949416342412 0.6468204013122758 0.8629692149233232 0.6485322728313114 0.89948914066275
0 0.6946283406601074 0.938257390738027 0.675475695171307 0.9248809399204522 0.659572670260275 0.9653613669667157 0.6787253157490752 0.9787378177842906
0 0.7313334984252768 0.9322403400047412 0.7101302956415727 0.9248006197297574 0.7015621825154932 0.9682123929018932 0.7227653852991973 0.9756521131768772
0 0.8576544372074089 0.9642954067440127 0.8475452032023882 0.939022321731461 0.8207667582603976 0.9580647714679877 0.8308759922654183 0.9833378564805394
0 0.9194330305651673 0.9446006343713956 0.9035917675893888 0.9093978277585544 0.8864709486735871 0.9230944828911956 0.9023122116493657 0.9582972895040369
0 0.9324263720233401 0.8438425414848693 0.9094065407664406 0.8319063326849956 0.8963031593334384 0.87683221188386 0.9193229905903381 0.888768420683734
0 0.8801947624687461 0.8282471377812871 0.8470176996973285 0.8216936439005134 0.8436784445321752 0.8517469403868932 0.8768555073035927 0.858300434267667
0 0.9254214026936586 0.7656225513242441 0.9005913984070358 0.7593591268195105 0.8946354987693246 0.8013340385519513 0.9194655030559474 0.807597463056685
0 0.9806925514108082 0.869045911047346 0.9506261956001913 0.860455523672884 0.9462816834050695 0.8874880439980873 0.9763480392156864 0.8960784313725494
0 0.9734188649686681 0.9124747321609056 0.9395789114614919 0.9104238258877435 0.9383982716798059 0.9450559261505291 0.9722382251869822 0.9471068324236913
0 0.9996936274509803 0.7283496732026146 0.9764093137254902 0.7283496732026146 0.9764093137254902 0.7802287581699349 0.9996936274509803 0.7802287581699349
0 0.8466826923076922 0.7823944193061841 0.8452837481146304 0.7488197586726998 0.8171842006033182 0.7509012066365007 0.81858314479638 0.784475867269985
0 0.7936829639313168 0.7889491313953304 0.7753026805155999 0.7773639830605755 0.7598986230536526 0.8208113246199138 0.7782789064693696 0.8323964729546687
0 0.7431066176470589 0.8131127450980394 0.7231095985691575 0.7940679650238476 0.7063626126126126 0.8253290054760644 0.726359631690514 0.8443737855502563
0 0.7273238149002724 0.8639083513497883 0.7010685447941435 0.8352025893670872 0.6899253333239539 0.8533216324080459 0.7161806034300828 0.882027394390747
0 0.6851065092625725 0.8163984007266922 0.6602107648159873 0.7751916512978613 0.6444846919816124 0.7920826184162638 0.6693804364281979 0.8332893678450948
0 0.6342548776936519 0.7577290817317028 0.6124144583576004 0.7548170258202292 0.6084498155697924 0.8076789296576717 0.6302902349058437 0.8105909855691453
0 0.5930672713247737 0.7333325038983447 0.581159176868717 0.7150123585813344 0.5591376779138051 0.7404594240403438 0.5710457723698618 0.758779569357354
0 0.3099710518123494 0.691156355930929 0.30667772314862435 0.6652089179743075 0.2686867516219557 0.673781239754684 0.27198008028568077 0.6997286777113054
0 0.30180122791690933 0.6514673526176147 0.2996717870316443 0.6230748074807482 0.25966135216462827 0.6284095321296836 0.2617907930498932 0.6568020772665503
0 0.2340627143499137 0.615299064941618 0.22603346223893658 0.5919984901881944 0.1959984197237399 0.6103983360533599 0.204027671834717 0.6336989108067836
0 0.12926927697445656 0.5901465240862677 0.10731914790832657 0.554671568019795 0.09302707927722967 0.5703928435140015 0.11497720834335966 0.6058677995804743
0 0.06284148490857021 0.47340823970037466 0.0351935999118749 0.45088033340677103 0.021660194976867175 0.4804077623558788 0.04930807997356248 0.5029356686494825
0 0.1930602631387128 0.51013345238963 0.17298318026095202 0.4895415725150035 0.1493275748961295 0.5305446218140293 0.16940465777389027 0.5511365016886558
0 0.2591947528038453 0.4991067114264642 0.22810449568932634 0.496515856666921 0.22621142328526744 0.5369014012868442 0.2573016803997864 0.5394922560463874
0 0.3143084114176644 0.5377696801434438 0.2947222583723755 0.5079241135982417 0.2752228656949505 0.5306734050552375 0.29480901874023946 0.5605189716004397
0 0.33816710811067907 0.5130775930748285 0.33142895575452735 0.4617392894089109 0.30862101511314044 0.46706114222523454 0.3153591674692921 0.5183994458911522
0 0.3627068733215613 0.5797009313418928 0.33294361365559366 0.5591745453653633 0.3234765294485525 0.583578584654625 0.3532397891145202 0.6041049706311544
0 0.22070941713399356 0.42234501981996314 0.20240785208606774 0.4037994339047316 0.181532260470111 0.44042327884500665 0.1998338255180368 0.4589688647602382
0 0.15584179588740943 0.45473996666479405 0.14737046322827124 0.4140775699009308 0.12687598320130344 0.42166811805906707 0.13534731586044163 0.4623305148229302
0 0.10451740085174344 0.43098068790110317 0.10302712714044894 0.3892530239848579 0.07646213179842072 0.3909396903557803 0.0779524055097152 0.43266735427202563
0 0.09957107843137258 0.3059640522875817 0.08333333333333336 0.2843137254901961 0.060814950980392156 0.3143382352941177 0.07705269607843139 0.33598856209150335
0 0.14793727995101522 0.2753221586718435 0.12377885859808793 0.24656213325169196 0.109819229324093 0.2674085129675244 0.13397765067702028 0.29616853838767593
0 0.23788178733031673 0.35497109100050284 0.21511595022624436 0.33762569130216197 0.20082484917043744 0.3709715937657115 0.2235906862745098 0.38831699346405235
0 0.22054817119155354 0.3012851935646053 0.20014140271493214 0.2663021618903972 0.18270644796380092 0.2843828557063851 0.20311321644042232 0.3193658873805932
0 0.17881254225828258 0.24254507550146506 0.16160623732251517 0.20269889565021418 0.13999809837728194 0.2192869619112013 0.15720440331304936 0.25913314176245217
0 0.2638380037890373 0.3347687356282779 0.23773394756516122 0.30274775999365655 0.22311567607979066 0.3239336606970922 0.24921973230366676 0.3559546363317135
0 0.24240218441391162 0.20693341205095184 0.21827433984542727 0.20606394017461005 0.21727628095033635 0.2553015123324269 0.2414041255188207 0.2561709842087687
0 0.09588910743830747 0.20011499513030828 0.07430826908860493 0.1789127679797233 0.054009575104727724 0.21564373804578685 0.07559041345443027 0.2368459651963718
0 0.07417590847054897 0.1447663734163337 0.05663918672125836 0.12482265064263062 0.034447197757420445 0.1595135759194347 0.05198391950671105 0.17945729869313776
0 0.15300891175812167 0.16533692612930553 0.13615327763072996 0.12825453104904377 0.11756228683548642 0.14327755391388702 0.13441792096287813 0.1803599489941488
0 0.08913531123172459 0.10896777663683928 0.08722754999755512 0.058094143725653184 0.06250382010659625 0.05974239238505045 0.06441158134076573 0.11061602529623653
0 0.16436287143723471 0.1133860588909103 0.1629440822720841 0.07176824337982617 0.14122258439458257 0.07308469779664443 0.1426413735597332 0.11470251330772858
0 0.1715686274509804 2.6238858094476582e-17 0.14368872549019607 2.3962655914688813e-17 0.14368872549019607 0.037173202614379106 0.1715686274509804 0.037173202614379106
0 0.2337622549019608 0.09436274509803919 0.2238357843137255 0.054656862745098046 0.20471813725490193 0.06315359477124186 0.21464460784313721 0.102859477124183
0 0.2337622549019608 0.14583333333333337 0.20955882352941177 0.14583333333333337 0.20955882352941177 0.18954248366013077 0.2337622549019608 0.18954248366013077
0 0.2784277712813734 0.13145438959219527 0.2776725642720355 0.09721833850221161 0.24724185266154863 0.09841169974183853 0.24799705967088653 0.1326477508318222
0 0.2841605392156863 0.019812091503268042 0.2696078431372549 0.0004084967320261902 0.24862132352941177 0.028390522875816993 0.26317401960784315 0.04779411764705885
0 0.327389705882353 0.1736928104575163 0.31544117647058834 0.14183006535947715 0.29424019607843144 0.15596405228758173 0.3061887254901961 0.18782679738562089
0 0.38003401791751185 0.031179569528961087 0.35019438810006753 0.014128352490421487 0.33997316599053407 0.04592771016452562 0.3698127958079784 0.06297892720306522
0 0.3685052476561852 0.2328056869198079 0.3548546005143949 0.2061110880647511 0.32774171022428716 0.23075917014666708 0.3413923573660776 0.2574537690017239
0 0.3125245098039216 0.25140522875817 0.29245098039215695 0.24758169934640528 0.2872365196078432 0.2962500000000001 0.3073100490196079 0.30007352941176485
0 0.4420095094414844 0.11299427349498029 0.4294657904751548 0.07787186038925742 0.4100572877025116 0.09019471929252297 0.42260100666884115 0.12531713239824585
0 0.4754268657474247 0.04714048608259637 0.4586615748528638 0.0008914077527731348 0.43862352698341206 0.01380481637975318 0.455388817877973 0.060053894709576415
0 0.7673909902388902 0.06403944401632572 0.7308068969946058 0.057535605217341815 0.7275505180238035 0.09009939492536476 0.7641346112680879 0.09660323372434866
0 0.6992710295862118 0.024471425580908594 0.675566734700998 0.019346172632754264 0.670550511129719 0.06059067755215977 0.6942548060149327 0.0657159305003141
0 0.6466906428754375 0.04237931263458464 0.6399637866757732 0.014350745135983781 0.6024453776430746 0.03035859965660188 0.6091722338427388 0.058387167155202736
0 0.5807796767355591 0.03945636813283884 0.5510267620561738 0.027250044161809 0.5430445151033386 0.06183978095742813 0.5727974297827239 0.07404610492845796
0 0.5506433823529411 0.15355392156862746 0.5435049019607843 0.12500000000000003 0.5143688725490195 0.13794934640522877 0.5215073529411764 0.16650326797385623
0 0.7169801841871574 0.12545527928332545 0.6854574631778791 0.10390128201202407 0.6757160601096243 0.1292289299894868 0.7072387811189025 0.15078292726078818
0 0.9102328431372549 1.4610216408945447e-16 0.8780637254901961 1.434757769589301e-16 0.8780637254901961 0.03063725490196093 0.9102328431372549 0.030637254901960936
0 0.996268130539887 0.09652050317844034 0.9936005909212999 0.06273166800966962 0.9604124697824337 0.06738964992389647 0.9630800094010207 0.10117848509266719
0 0.9295343137254902 0.0984477124183008 0.8982843137254902 0.09844771241830079 0.8982843137254902 0.1290849673202616 0.9295343137254902 0.1290849673202616
0 1.0004595588235294 0.17626633986928106 0.9799325980392157 0.1488970588235295 0.9609375 0.1742238562091505 0.9814644607843136 0.20159313725490205
0 0.9308877321328081 0.2220617659932104 0.8963936657949617 0.20319321688532863 0.8886476298454102 0.22836783372137087 0.9231416961832567 0.24723638282925264
0 0.8549405426889527 0.13706452875769254 0.8437365724229792 0.09349353327890697 0.8207552743522536 0.10399926953981013 0.8319592446182271 0.14757026501859571
0 0.9391237745098039 0.1789624183006537 0.9119178921568626 0.16687091503267984 0.9054534313725489 0.19272875816993476 0.9326593137254902 0.20482026143790863
0 0.836273132848645 0.16370621282220763 0.8027098479841374 0.153379048248513 0.7975772471910111 0.18303407505324237 0.8311405320555187 0.193361239626937
0 0.62015931372549 0.1361928104575164 0.5883578431372548 0.12205882352941184 0.5815870098039215 0.14914215686274518 0.6133884803921568 0.16327614379084976
0 0.9963235294117647 0.2553104575163401 0.9708946078431373 0.2553104575163401 0.9708946078431373 0.28676470588235314 0.9963235294117647 0.28676470588235314
0 0.8937775554008585 0.2539641102989519 0.8846978695324283 0.2245632227249875 0.8530164099663534 0.2419569652318522 0.8620960958347834 0.2713578528058166
0 0.823067895289106 0.2619853985257575 0.8221756953580154 0.23224540082273587 0.7904617318173275 0.23393681221157256 0.7913539317484181 0.26367680991459413
0 0.7586577277970011 0.2153450595924646 0.73381812283737 0.19426903114186864 0.7233726211072663 0.2161548442906575 0.7482122260668973 0.2372308727412535
0 0.6312736043126003 0.23673616385817836 0.6283692189214279 0.2080795613319455 0.5967444949644133 0.21377770979266889 0.5996488803555856 0.24243431231890175
0 0.4625 0.16879084967320268 0.443578431372549 0.14986928104575165 0.42001225490196076 0.19176470588235295 0.4389338235294118 0.210686274509804
0 0.5544730392156861 0.22728758169934643 0.5456104676383827 0.19840216322517215 0.5135199765747006 0.215906067441726 0.5223825481520041 0.2447914859159003
0 0.5903687874992268 0.26975668027463345 0.5876868196016577 0.2399570369683099 0.5519755713799716 0.24567083668377968 0.5546575392775407 0.27547047999010327
0 0.7627674118780459 0.2854466545770525 0.7442462172730363 0.2505832294382108 0.7288857956477388 0.2650902943065473 0.7474069902527485 0.2999537194453889
0 0.9411375367090861 0.3376345999822018 0.9117517279226365 0.3282311411705379 0.9061285633769391 0.35947094420218934 0.9355143721633887 0.3688744030138532
0 0.8778305310977895 0.35490690437533823 0.8714689100162359 0.32606755547229505 0.8439344089546645 0.3368653990258524 0.8502960300362183 0.36570474792889557
0 0.8168047333895236 0.40789589744594945 0.8030572733925292 0.36115453345616816 0.7811739428360479 0.37259679779942634 0.7949214028330425 0.41933816178920763
0 0.7525053536773071 0.39440010930424513 0.7263214799571704 0.39029283499520406 0.7238600431640232 0.4181891186508734 0.7500439168841598 0.4222963929599144
0 0.695519185260311 0.28137885958981296 0.6632045300878973 0.2543443768311923 0.6515912778904666 0.2790225377507326 0.6839059330628803 0.30605702050935324
0 0.4814160575472792 0.2628843253277643 0.45165985033066475 0.260148122365317 0.45008484162895923 0.2905982905982906 0.47984104884557366 0.29333449356073793
0 0.5494296656629235 0.324741977606305 0.5485520439067914 0.2937326755562991 0.5180507125530626 0.2952673337376188 0.5189283343091947 0.32627663578762467
0 0.4987950441570731 0.3292604128335875 0.459513155128003 0.32438824055091214 0.45774950060453146 0.3496672887206716 0.49703138963360155 0.354539461003347
0 0.5871454343011512 0.3855894792063839 0.5852273418676531 0.3542606361259163 0.5459669102436175 0.3585338803843148 0.5478850026771156 0.38986272346478235
0 0.6576233941852604 0.35629366689204417 0.6499746450304259 0.33079783637592963 0.619073275862069 0.3472785665990534 0.6267220250169033 0.3727743971151679
0 0.6888396611996005 0.42861273195605315 0.6770529424906693 0.3882011249540031 0.6550828273668717 0.3995930364996759 0.6668695460758031 0.44000464350172597
0 0.746837418025479 0.47551124693730645 0.7297449461428223 0.45443053161536323 0.7026597141045708 0.49347230752635635 0.7197521859872276 0.5145530228482996
0 0.8618883639428624 0.4981331144825956 0.8468726432880845 0.4558666415284063 0.8274734384704109 0.46811877088693693 0.8424891591251886 0.5103852438411263
0 0.8015202702702703 0.4824236000706589 0.7863404602699585 0.4586638974614754 0.7597686083574925 0.48884427247316536 0.7749484183578041 0.5126039750823489
0 0.770885375937672 0.516578209324104 0.7441997386103628 0.5152097151021907 0.7433358313783415 0.5451584991455963 0.7700214687056507 0.5465269933675097
0 0.7105481602600112 0.5412966232422938 0.689881597250087 0.5175419531159441 0.6634553975068881 0.5584144753854249 0.6841219605168125 0.5821691455117747
0 0.8253509776330796 0.5666363168156571 0.8053879032851414 0.5643217574709686 0.8028725444211455 0.602890593385572 0.8228356187690836 0.6052051527302605
0 0.9386226806158705 0.46537373338597193 0.9188030497433871 0.4276220555336229 0.8996804678247138 0.44546979865771813 0.919500098697197 0.48322147651006714
0 0.9673944843189265 0.5095146148645137 0.9456940435325324 0.504156481337009 0.9401192008633692 0.5442953485549836 0.9618196416497633 0.5496534820824883
0 0.9174512166559835 0.5537976157213377 0.8921483880643624 0.5400919169008762 0.8817656201206384 0.5741686937418166 0.9070684487122596 0.587874392562278
0 0.933465772816062 0.6320706508748939 0.9255966730954676 0.5966597021322191 0.897484190712855 0.6077658680117698 0.9053532904334495 0.6431768167544446
0 0.9826518138479372 0.6423204655162092 0.9821649595516808 0.6105126514941253 0.950734222706568 0.6113679096395706 0.9512210770028243 0.6431757236616544
0 0.9296200980392156 0.6773039215686276 0.9166789215686274 0.6542973856209153 0.8896200980392157 0.681356209150327 0.902561274509804 0.7043627450980393
0 0.8514803024868485 0.6625468276741593 0.8196698648971784 0.6578341702534675 0.816837786944046 0.6918191056910572 0.848648224533716 0.696531763111749
0 0.7543613033448673 0.7074923106497502 0.7492791234140714 0.6803873510188391 0.7135957324106114 0.6922818146866591 0.7186779123414072 0.7193867743175701
0 0.7654796315077754 0.6329631507775523 0.7610887846517917 0.6088948050484563 0.7331636663286004 0.617951600180302 0.7375545131845841 0.6420199459093981
0 0.551536484511306 0.6327799731167266 0.5148963496712768 0.6280137767147715 0.513395719955631 0.648522382828598 0.5500358547956602 0.6532885792305531
0 0.5001717811402017 0.5795978314254413 0.4636585486795875 0.5721079375873664 0.4604991924515472 0.5994890248970494 0.4970124249121614 0.6069789187351242
0 0.5692401960784313 0.5584150326797387 0.5407475490196079 0.5584150326797386 0.5407475490196079 0.5886437908496732 0.5692401960784313 0.5886437908496733
0 0.569480610715624 0.4779297281545314 0.568677797552142 0.44795803671787177 0.5399810322218059 0.4493245493526497 0.5407838453852879 0.4792962407893093
0 0.6102066646458709 0.5018717876490593 0.6094249458059302 0.46018011618555393 0.595317647671186 0.4606503594567121 0.5960993665111267 0.5023420309202175
0 0.4956332900807383 0.432715782391388 0.46170883794694356 0.4292363514033065 0.46027609573241063 0.45407054978854305 0.49420054786620543 0.4575499807766245
0 0.4291255383463072 0.456295865322027 0.38857777933820187 0.45229114838295487 0.3867679660540888 0.48486778749699067 0.42731572506219406 0.48887250443606284
0 0.4486845342226109 0.38875889885074233 0.4108565219768205 0.37895163641664853 0.40646366353232743 0.40907409432174363 0.4442916757781179 0.41888135675583743
0 0.3592076991262805 0.8444962617427777 0.33030571157486255 0.8139439087255769 0.31804002711788715 0.8345716800085597 0.346942014669305 0.8651240330257607
0 0.24913021978996672 0.943674509409715 0.23553452216230283 0.9042203280588473 0.22059562667045104 0.9133720838556574 0.23419132429811493 0.952826265206525