0 0.24597653287834473 0.30249972917343737 0.21052533582493774 0.2839300545264147 0.20110395677608064 0.3159056440255661 0.23655515382948764 0.33447531867258884
0 0.32631747282567614 0.393222355763174 0.32563764229670283 0.3605904903724532 0.29230279717901037 0.36182511426570113 0.2929826277079837 0.39445697965642185
0 0.3566195787899019 0.5001602048974277 0.3544486994040996 0.4731448169852221 0.3170843841950399 0.478482576300802 0.3192552635808422 0.5054979642130076
0 0.2573529411764707 0.47794117647058826 0.22824754901960792 0.47794117647058826 0.22824754901960792 0.5106209150326797 0.2573529411764707 0.5106209150326797
0 0.1962130563904394 0.5833911788559706 0.1928894733075712 0.5449853298983827 0.1689807857449549 0.5486635895234006 0.17230436882782307 0.5870694384809885
0 0.2917841794251948 0.5737924165099829 0.2741236905721193 0.5649621720834452 0.26261583400483485 0.60587899543379 0.2802763228579103 0.6147092398603278
0 0.3567401960784314 0.6012254901960785 0.34289215686274516 0.5642973856209151 0.32340686274509806 0.5772875816993465 0.3372549019607844 0.6142156862745098
0 0.4201933796984498 0.5547093626861093 0.3904064468747787 0.5311280408673699 0.3806177886316981 0.5531095892027087 0.41040472145536916 0.5766909110214482
0 0.43369675456389456 0.45709375704304717 0.4226039553752536 0.42011775974757726 0.4042744252873563 0.42989350912778906 0.4153672244759973 0.46686950642325903
0 0.3915563725490196 0.37633986928104585 0.3765073529411765 0.36129084967320274 0.35834558823529417 0.3935784313725491 0.37339460784313727 0.4086274509803922
0 0.3562925594445924 0.2697233682311538 0.32166345044805256 0.26752469464407186 0.320642439668175 0.29611299648064365 0.3552715486647149 0.2983116700677256
0 0.4487938840437839 0.3167062185438976 0.4288559372311708 0.2850928974716463 0.41263867876954113 0.30327588423165536 0.4325766255821542 0.3348892053039067
0 0.4887997404844291 0.39036332179930805 0.459284169550173 0.358388119953864 0.4440743944636678 0.383347750865052 0.47358996539792386 0.4153229527104961
0 0.4920875316350907 0.5431907684666147 0.4762362816055252 0.5206147456972335 0.45043180420539747 0.5528245898278894 0.46628305423496297 0.5754006125972706
0 0.20521491946106662 0.742625889127244 0.19359746057732116 0.7144623524393763 0.16546528640246888 0.7350926135009347 0.17708274528621432 0.7632561501888024
0 0.09870242214532882 0.8238802383698578 0.07785467128027693 0.7914504036908881 0.06306949250288359 0.808347750865052 0.08391724336793548 0.8407775855440215
0 0.11911559152414963 0.7577746194324376 0.1044003124412705 0.7221672774541127 0.0871673949132369 0.7348281964543006 0.10188267399611603 0.7704355384326256
0 0.10648674497246294 0.6987132913549684 0.10460982769136934 0.6574211111709094 0.07982896955671566 0.6594236047575481 0.08170588683780924 0.7007157849416071
0 0.16950906940063099 0.6623175295354736 0.1473888747139235 0.6587782983856003 0.14463297148512408 0.6893994453722604 0.16675316617183156 0.6929386765221337
0 0.2336376397239613 0.6238446730993066 0.21253376877621447 0.6172790243600075 0.20466267381557476 0.6622567098493771 0.22576654476332159 0.6688223585886761
0 0.17659553590119328 0.7886498964947781 0.16343089281976134 0.7717471448840508 0.14344580803851786 0.7994188007350032 0.1566104511199498 0.8163215523457307
0 0.18898828484462377 0.8896790424954579 0.1849640758830608 0.8400471319695146 0.16828369434416365 0.8424515112904368 0.1723079033057266 0.8920834218163801
0 0.07281563697201879 0.8767286180754249 0.05337853401871877 0.8449224496063884 0.03778914698608215 0.861859067617154 0.05722624993938217 0.8936652360861904
0 0.22404504254532004 0.9450610432852389 0.18637278024417325 0.9307097052657544 0.18216449315575298 0.9503483783450489 0.21983675545689976 0.9646997163645334
0 0.25752944429984387 0.8428274480883801 0.24082888686448034 0.8334895019954885 0.2277348494707618 0.8751218260165424 0.24443540690612534 0.8844597721094338
0 0.29570470158866463 0.7547118458088832 0.2894911979390296 0.727421163112447 0.25169099756690994 0.7427212442154478 0.257904501216545 0.770011926911884
0 0.27573529411764713 0.6523692810457516 0.25612745098039225 0.6523692810457516 0.25612745098039225 0.693218954248366 0.27573529411764713 0.693218954248366
0 0.3315865939135837 0.6444969390471121 0.31004347440333613 0.6431291219353504 0.30884363077810323 0.6767247434418717 0.3303867502883508 0.6780925605536334
0 0.39069303583502374 0.6806107730448503 0.3619819134550373 0.6573089925625424 0.3497117985125085 0.6841863871985577 0.378422920892495 0.7074881676808656
0 0.39134052997354213 0.7471182481002259 0.38394313363053173 0.7193219709325506 0.3521412666267987 0.7343680155364674 0.359538662969809 0.7621642927041427
0 0.4204910412440839 0.8128239801667795 0.41058675625422586 0.7820106490872212 0.37967482251521306 0.7996746112238 0.389579107505071 0.8304879423033582
0 0.34816569976614503 0.8454345805600528 0.317416014570966 0.8331347064819812 0.3111592687533729 0.8609424656712839 0.3419089539485519 0.8732423397493555
0 0.2939068544787224 0.9203520924952331 0.28850477796514895 0.8996441325265349 0.2613404341500512 0.9122420890784642 0.26674251066362464 0.9329500490471624
0 0.3528470472383931 0.9497597291008968 0.35214288817447215 0.925348881551636 0.3182798968922872 0.9270854452071325 0.31898405595620816 0.9514962927563936
0 0.4257420869931684 0.8843686230148169 0.3888567729127852 0.8820266983113005 0.3878572498003728 0.9100133454588476 0.42474256388075604 0.912355270162364
0 0.5008493914807302 0.7603222898354746 0.49896678498985797 0.7302005859815192 0.45827205882352934 0.7347222222222224 0.4601546653144015 0.7648439260761777
0 0.08782635045265369 0.6125377211424322 0.0838978096709143 0.5850379356702565 0.04571722014845324 0.5947345933267545 0.04964576093019263 0.6222343787989302
0 0.1356121835838729 0.5272239820191973 0.09951058541035693 0.526177558883733 0.09905124366704647 0.5543505191401077 0.13515284184056242 0.5553969422755719
0 0.03431372549019615 0.7258986928104575 0.012254901960784381 0.7258986928104575 0.012254901960784383 0.7675653594771242 0.03431372549019615 0.7675653594771242
0 0.49686280055008436 0.8243611924407773 0.46721189889983156 0.8224785955106025 0.46610840320291025 0.8533764750243992 0.49575930485316305 0.855259071954574
0 0.4711477484022707 0.941381873382945 0.4700223086932073 0.9154967600744855 0.43370378950198457 0.918303988611005 0.43482922921104794 0.9441891019194644
0 0.11660090865614539 0.9496453052765821 0.1088280129124821 0.9215148254423721 0.07249596484935444 0.9393621472979438 0.08026886059301773 0.9674926271321537
0 0.6443903098488679 0.551893832986872 0.6236753118152706 0.5269467385808193 0.6056974759817968 0.5534854486207091 0.6264124740153942 0.578432543026762
0 0.6632676655567888 0.625339129362437 0.6299250832408436 0.6126371932420768 0.6244450610432853 0.6382106301640155 0.6577876433592306 0.6509125662843755
0 0.5954080161476356 0.8494088811995387 0.5760254469434833 0.8063365051903114 0.5540837658592849 0.8238898500576701 0.5734663350634372 0.8669622260668974
0 0.5604260935143288 0.7948717948717949 0.5413367269984917 0.7566930618401208 0.5220352564102564 0.7738499245852187 0.5411246229260936 0.812028657616893
0 0.6224318126730198 0.6849387228324426 0.5825515551048006 0.679485012395763 0.5802847570387947 0.7089533872538389 0.620165014607014 0.7144070976905185
0 0.6418153019247516 0.7818164529722048 0.6218011515479086 0.766047728432874 0.6039180028826232 0.8063994484981334 0.623932153259466 0.8221681730374641
0 0.6608968461979068 0.8901718747890619 0.6576997776832775 0.8407238817627967 0.6351010731084997 0.843321434012771 0.638298141623129 0.8927694270390363
0 0.5573258789086526 0.9272839938986889 0.549359423819716 0.9021775899820406 0.5172568086205623 0.9202867575302812 0.5252232637094988 0.9453931614469294
0 0.6348315453230473 0.9599639719275689 0.6328300787528127 0.9306091288974607 0.5986871182899389 0.9347476695596272 0.6006885848601736 0.9641025125897353
0 0.7263621794871796 0.8769482151835094 0.71575697586727 0.8557378079436905 0.6891025641025642 0.8794306184012068 0.6997077677224736 0.9006410256410257
0 0.72429459830934 0.7580357994089048 0.6976041368735502 0.7494684907998858 0.6918151356977151 0.7815306511583565 0.7185055971335049 0.7900979597673755
0 0.7666077044025157 0.763981378715008 0.7584454772475028 0.7258909853249476 0.7391035423603403 0.733259341472438 0.7472657695153532 0.7713497348624985
0 0.7407686968592748 0.6621059633292846 0.7300939180982128 0.6378260743825553 0.6979356454971369 0.66296127595581 0.708610424258199 0.6872411649025393
0 0.8382659070765499 0.6577872888515705 0.8347795526815008 0.6370804566870365 0.8009335251745425 0.647211240430616 0.8044198795695916 0.6679180725951498
0 0.6843839670014348 0.5916925713374781 0.65419506217121 0.5594910728519051 0.638981049736968 0.5848477602423084 0.6691699545671929 0.6170492587278814
0 0.7029559668695063 0.51240984899707 0.6885194810682894 0.4674963376155061 0.670697050371873 0.477680583727744 0.6851335361730899 0.522594095109308
0 0.7768838235294118 0.5027444444444445 0.7569544117647058 0.4949941176470589 0.7469348039215684 0.5407980392156864 0.7668642156862744 0.548548366013072
0 0.8455953879606317 0.5435565601078306 0.8091835469596399 0.5405222400244145 0.8075825417715724 0.5746770173698533 0.8439943827725642 0.5777113374532694
0 0.8874793639760188 0.6862944217568858 0.8865688446722855 0.6547297525607978 0.8574005488458307 0.6562255626031801 0.858311068149564 0.6877902317992681
0 0.8383290080738178 0.7049115724721261 0.8029700115340254 0.6944348327566321 0.7984933679354095 0.7212946943483276 0.833852364475202 0.7317714340638216
0 0.8436379838429232 0.7838790359254207 0.8124682342241125 0.7808005421359085 0.8108038747559051 0.8107590125636432 0.8419736243747158 0.8138375063531553
0 0.7977941176470589 0.8341503267973858 0.7708333333333334 0.8341503267973858 0.7708333333333334 0.8823529411764706 0.7977941176470589 0.8823529411764706
0 0.8010796991210276 0.9247098264593194 0.7701255070993915 0.9082009240477801 0.7610188471940501 0.9385564570655848 0.7919730392156862 0.9550653594771242
0 0.7446037981207152 0.9970130798855811 0.7349200285248572 0.9573557377311152 0.7190016899180208 0.9642660242581141 0.7286854595138786 1.00392336641258
0 0.9130491138763197 0.853773881347411 0.9054062971342384 0.8164089994972349 0.8829044117647059 0.824591503267974 0.8905472285067874 0.86195638511815
0 0.924432998293895 0.7498758540827009 0.8934206012165269 0.7376240428916417 0.8870752509705017 0.7661781189987555 0.9180876480478698 0.7784299301898145
0 0.9824738114423851 0.7318023099650821 0.9738492143432714 0.7011370758349003 0.9389311375235024 0.7185961142447846 0.9475557346226161 0.7492613483749666
0 0.9375 0.6172385620915034 0.9056372549019608 0.6172385620915034 0.9056372549019608 0.6466503267973858 0.9375 0.6466503267973858
0 0.9237771471572847 0.5746471807278626 0.9198964575069626 0.5473647565195375 0.8897212669142263 0.5549952644855168 0.8936019565645483 0.5822776886938419
0 0.9876417652859961 0.5193588776733574 0.9776801253045596 0.4874816297327608 0.9456578489383919 0.5052717832695207 0.9556194889198284 0.5371490312101173
0 0.9918567486376971 0.8271272879698197 0.9700031437753247 0.7959078524521447 0.9510749965069161 0.8194628801639421 0.9729286013692885 0.8506823156816171
0 0.978713207568095 0.8915178703457249 0.9782400629935232 0.8618674770058855 0.9437398800017746 0.8628462056013961 0.9442130245763465 0.8924965989412356
0 0.8994711182731439 0.9275152489636398 0.8762944129030421 0.8911596326968138 0.8594683791513702 0.9102291376153753 0.8826450845214718 0.9465847538822014
0 0.8575442984570878 0.49316605057323476 0.8557889344262296 0.4674207114539805 0.8301540903246544 0.4705279652844745 0.8319094543555127 0.49627330440372874
0 0.8038845726970032 0.45384911826365776 0.8000624306326303 0.4266694413614503 0.7726854421013688 0.4335136884942656 0.7765075841657417 0.46069336539647304
0 0.7555000597800094 0.42904830224772844 0.7192240554758489 0.4165662362505979 0.7134014825442372 0.44664952973059147 0.7496774868483977 0.459131595727722
0 0.6730662485582468 0.3883770665128798 0.6464424740484428 0.36578719723183395 0.6347354382929642 0.3903162245290273 0.6613592128027682 0.41290609381007315
0 0.6197839464034951 0.4568071592032039 0.6156881436261508 0.4273173792063245 0.5831813660477454 0.4353437440404987 0.5872771688250897 0.4648335240373781
0 0.5639177653820149 0.5679456840207346 0.5377862998647736 0.5658961573135 0.5364107927653821 0.5970743182330404 0.5625422582826234 0.599123844940275
0 0.49256055363321793 0.654277201076509 0.4758434256055363 0.6282727797001153 0.45502811418685124 0.6520617070357555 0.47174524221453285 0.6780661284121491
0 0.4745713871190794 0.5936015212130192 0.443434058132069 0.5869966332460776 0.43986115226947203 0.6169409871421281 0.47099848125648247 0.6235458751090697
0 0.5395929699773084 0.4970362774189795 0.5231634011171234 0.45809211419483725 0.5035264662244721 0.4728198153643258 0.519956035084657 0.511763978588468
0 0.5685636971551625 0.4041473043938193 0.5528462541085798 0.38930305262760223 0.5418756375382522 0.40995362499527765 0.5575930805848349 0.42479787676149466
0 0.6784843789641548 0.2986941695963661 0.6630694791779927 0.25553245019511206 0.6443864167663367 0.26739471204378257 0.6598013165524987 0.3105564314450366
0 0.7343474309172145 0.31299980079114376 0.7097931607330886 0.28517162791580103 0.6950677132246221 0.3082703691055522 0.7196219834087481 0.336098541980895
0 0.7740487613100256 0.37462284087081815 0.7563572600679171 0.3423849941629757 0.739269838601849 0.35905564925182254 0.7569613398439576 0.391293495959665
0 0.8384077826841192 0.3743658991746834 0.8308182857593439 0.34834476686116816 0.7952314303737578 0.3667972103944349 0.8028209272985332 0.39281834270795013
0 0.8837535873878039 0.3974328107143316 0.8788841297815787 0.36886532609114375 0.8434616847721407 0.379599400336428 0.8483311423783659 0.40816688495961584
0 0.8148401005787212 0.27352365912922416 0.7822423296206481 0.24990208597120003 0.7711459652266599 0.2771251666177843 0.803743736184733 0.30074673977580846
0 0.8618102465665295 0.2810731401452641 0.8352768978490112 0.2742697173971825 0.8305086745825292 0.3073293987114581 0.8570420233000474 0.3141328214595397
0 0.7301417446084875 0.20552431441258057 0.7068880278786944 0.17606960655484266 0.6901973667259284 0.1994950958920581 0.7134510834557215 0.22894980374979598
0 0.8011642156862745 0.18382352941176489 0.7872242647058824 0.16523692810457516 0.7633272058823529 0.19709967320261443 0.7772671568627451 0.21568627450980415
0 0.8917120477881201 0.2266403842668117 0.869417322393884 0.19516547782789037 0.8522344704602883 0.21680314322575148 0.8745291958545244 0.24827804966467282
0 0.9606856760638569 0.25503383073194713 0.9303118962580711 0.23973444534829214 0.9230598435355126 0.2653299255455569 0.9534336233412984 0.28062931092921184
0 0.9894419306184011 0.20412267471091025 0.9620098039215685 0.17973856209150346 0.9477752639517344 0.2082076420311717 0.9752073906485671 0.2325917546505785
0 0.9899376949873105 0.3511172537165458 0.9496268468228181 0.33909472005345154 0.9454052200022629 0.3642589269838192 0.9857160681667555 0.3762814606469134
0 0.917486240886246 0.46588831079965093 0.9151025076095419 0.4364889337202992 0.8822819335315352 0.441219827281093 0.8846656668082393 0.47061920436044474
0 0.9899527825836215 0.6410635332564399 0.9702638408304496 0.6253123798539024 0.9566933391003458 0.6554690503652442 0.9763822808535177 0.6712202037677818
0 0.8150777552400271 0.12052062204192034 0.7829530087897227 0.11695120576966431 0.781102096010818 0.14656581023213897 0.8132268424611224 0.150135226504395
0 0.7082347101507727 0.10891220275105816 0.7077649109009391 0.07508665676303661 0.6744498107779281 0.07590925182780232 0.6749196100277617 0.10973479781582388
0 0.6391360294117646 0.1838153594771242 0.6354473039215686 0.14938725490196084 0.6018198529411765 0.15579248366013076 0.6055085784313725 0.19022058823529414
0 0.5664828431372549 0.17769607843137264 0.5465686274509803 0.17769607843137264 0.5465686274509803 0.21895424836601315 0.5664828431372549 0.21895424836601315
0 0.6045673076923078 0.27513826043237816 0.5999717194570137 0.24450100553041726 0.5654458898944195 0.25370789341377575 0.5700414781297135 0.28434514831573665
0 0.5273766890175761 0.22264765146127535 0.5108087600325105 0.1847780994954113 0.4904453037691761 0.2006163432557825 0.5070132327542416 0.23848589522164657
0 0.5031413204401857 0.2660882624948512 0.47490440885034163 0.230231866825208 0.4581103844629409 0.253743500967569 0.4863472960527849 0.2895998966372122
0 0.4379606152805951 0.17383930583727744 0.43347481406355653 0.14443238674780254 0.3975771636240703 0.15416734279918864 0.4020629648411089 0.18357426188866352
0 0.5032722214020066 0.13098391322586161 0.49738600172948355 0.10790069882381065 0.4674957290194673 0.12145095578568467 0.4733819486919903 0.14453417018773565
0 0.5631899178590355 0.09075516693163756 0.5375311340752517 0.05491432609079673 0.5199701907790143 0.07726461755873529 0.5456289745627981 0.11310545839957611
0 0.6275562642183946 0.07243843209475317 0.6196765653775324 0.04569521178637201 0.5946427120571987 0.05880818257321347 0.6025224108980609 0.08555140288159463
0 0.6104050741918389 0.02958620385090975 0.6031647456279808 -0.0017885532591415208 0.5741438129305776 0.010117470411588047 0.5813841414944356 0.041492227521639315
0 0.6143818899839675 0.35285435041683416 0.5846957946499961 0.3276041084086287 0.5714032523002863 0.35538671944586003 0.6010893476342577 0.3806369614540655
0 0.5602538348805026 0.34330052401610933 0.5564622012563948 0.31381004027304826 0.5257557027569156 0.32082866850150055 0.5295473363810235 0.35031915224456167
0 0.4049219882505531 0.25872307418427815 0.37070363164721143 0.25587154446733296 0.36927190623331047 0.286415019963887 0.4034902628366522 0.2892665496808322
0 0.2544787920626766 0.2039253146673517 0.2298105841681651 0.18786229557325115 0.2168080796729172 0.22336119673488028 0.2414762875674287 0.23942421582898082
0 0.2894307220207118 0.288723518898176 0.28733654654891444 0.2587070038024146 0.2556341336802818 0.26263908601867914 0.25772830915207906 0.2926556011144405
0 0.35962827826344645 0.20019694275695166 0.34366541956833113 0.1795782502757611 0.31807227613967504 0.21480322187649206 0.33403513483479036 0.23542191435768264
0 0.3314677975150456 0.17855756163851683 0.3279490632886818 0.1316411052869993 0.29773648320714424 0.13566944929787095 0.3012552174335081 0.18258590564938848
0 0.27917999427887863 0.1479956571488012 0.2736340822801269 0.11976192333697407 0.2398027513392625 0.13157603890362513 0.2453486633380142 0.15980977271545224
0 0.3504324453423541 0.08549327611768882 0.34938069676752476 0.05043499029004572 0.3236008660652759 0.05180991459416566 0.32465261464010525 0.08686820042180875
0 0.4189521864378437 0.11709783245573784 0.41865255870297347 0.08873307355468964 0.38156726147420494 0.08942951106133318 0.3818668892090752 0.11779426996238133
0 0.47092062852538275 0.07283776524308352 0.46722569164652156 0.026035231444175855 0.4450258528068762 0.029150998298862935 0.4487207896857373 0.0759535320977706
0 0.21925857843137248 0.10033496732026145 0.21553308823529405 0.0655637254901961 0.1936580882352941 0.06973039215686276 0.19738357843137253 0.1045016339869281
0 0.3199831398511485 0.040056890768076905 0.2995444591771135 0.025263179042108678 0.2829547526766065 0.06600982658721331 0.30339343335064156 0.08080353831318153
0 0.23053798484459284 0.008958386848189092 0.1930708964808631 0.0022975711390815705 0.18975832691155065 0.03542326683220598 0.2272254152752804 0.0420840825413135
0 0.1854688410017472 0.12071199767035526 0.17159289458357602 0.09141833300977158 0.15434867016113377 0.10593978515498613 0.16822461657930496 0.1352334498155698
0 0.9044168108419839 0.09705305651672458 0.8836526816608996 0.08539600153787022 0.8705788638985004 0.12679642445213393 0.8913429930795846 0.1384534794309883
0 0.9428615196078431 0.15992647058823548 0.9200367647058824 0.1294934640522876 0.9013480392156863 0.15441176470588236 0.9241727941176471 0.18484477124183024
0 0.8725490196078431 0.035130718954248505 0.8501838235294118 0.035130718954248505 0.8501838235294118 0.07516339869281059 0.8725490196078431 0.07516339869281059
0 0.8030024509803921 0.020833333333333464 0.7680759803921569 0.02083333333333346 0.7680759803921569 0.05147058823529425 0.8030024509803921 0.05147058823529425
0 0.7756860956061256 0.08208398931348705 0.7608567697151853 0.06121308620771924 0.7343687383712608 0.09467165211583423 0.749198064262201 0.11554255522160203
0 0.7120580449030441 0.009398810168634798 0.6816019052648683 0.007261537211569812 0.6801826048098796 0.04321714873794832 0.7106387444480555 0.0453544216950133
0 0.9886642156862745 0.07352941176470605 0.9564950980392157 0.07352941176470605 0.9564950980392157 0.1078431372549021 0.9886642156862745 0.1078431372549021
0 0.14454569213901425 0.056608404089854396 0.12958642494709197 0.015054884112292501 0.11053276154414951 0.02724922869017568 0.1254920287360718 0.06880274866773757
0 0.10170488371646405 0.15515234007412956 0.0750849801232932 0.12170682017501747 0.05994333458162893 0.1431317335945152 0.08656323817479977 0.1765772534936273
0 0.14815261511844555 0.18537433827226213 0.14037546579717855 0.15633964747286547 0.10841013441575723 0.17156123384497085 0.1161872837370242 0.20059592464436754
0 0.19638069153836032 0.267398122559986 0.17141852546387684 0.24410010089046807 0.16137197328595868 0.26323639075316935 0.18633413936044216 0.28653441242268723
0 0.10236988177623992 0.48176422529796237 0.07441789215686279 0.4580473856209151 0.06354346885813153 0.48083189158016154 0.09149545847750866 0.5045487312572088
0 0.04154818004549892 0.408230419239519 0.024927892427689367 0.38360777091683823 -0.0026117836637416787 0.41665538222655546 0.014008503954067874 0.4412780305492363
0 0.030750402512585654 0.5366440780887014 0.006063908794049665 0.5357297635065333 0.00539754259452437 0.5677153410837478 0.030084036313060357 0.5686296556659158
0 0.2131575226244344 0.4506001759678231 0.20666006787330318 0.4188348416289593 0.17054817119155355 0.43196644042232285 0.17704562594268475 0.46373177476118665
0 0.20590417673918882 0.3864065717611246 0.18227236099919422 0.35714813322589317 0.16945087966693528 0.37555846539529064 0.19308269540692988 0.40481690393052205
0 0.1452842894583576 0.3272382385297354 0.14289397689768976 0.2953674043874976 0.11283306639487478 0.29937552578787285 0.1152233789555426 0.3312463599301107
0 0.09023045193687229 0.29886019448429774 0.07319314921090386 0.28068707157659806 0.051941355810616936 0.316106727243743 0.06897865853658536 0.3342798501514427
0 0.703125 0.9767156862745098 0.6706495098039216 0.9767156862745098 0.6706495098039216 0.9995915032679739 0.703125 0.9995915032679739