0 0.06770833333333333 0.06576797385620915 0.0392156862745098 0.06576797385620915 0.03921568627450981 0.09558823529411764 0.06770833333333334 0.09558823529411764
0 0.057365410606255655 0.14165182849215546 0.036365147809670935 0.12261159022325199 0.024427009589393773 0.1460197043806582 0.04542727238597849 0.16505994264956167
0 0.12034139278487199 0.15518863535924457 0.09682266589909988 0.15459696927406788 0.09609413160281909 0.20608005954457703 0.1196128584885912 0.20667172562975372
0 0.0697094537602984 0.2964181481943479 0.04005786273915807 0.2722127677689272 0.02831899572916109 0.2977774114795873 0.05797058675030142 0.321982791905008
0 0.11961362375138734 0.05336354667653228 0.0958899833518313 0.02436798618818598 0.07984068627450981 0.047712418300653606 0.10356432667406586 0.0767079787889999
0 0.05174383942766295 0.03784667019961139 0.02993839427662956 0.00738827062356475 0.013514175940646524 0.02829182123299771 0.03531962109167991 0.05875022080904435
0 0.1793438659247483 0.09283916269210389 0.1758661234764176 0.0650172231054584 0.14302629835718073 0.07231496202084438 0.1465040408055114 0.10013690160748988
0 0.05376838235294119 0.2191584967320262 0.034620098039215674 0.1936274509803922 0.020526960784313725 0.21241830065359477 0.039675245098039234 0.2379493464052288
0 0.15050245098039214 0.2796895424836602 0.13329656862745098 0.262483660130719 0.11226715686274509 0.2998692810457517 0.12947303921568626 0.31707516339869285
0 0.16970680593955573 0.38661567409243547 0.16831099842692346 0.3649031127848221 0.13411719023103566 0.3688109765786379 0.13551299774366793 0.3905235378862512
0 0.13880392260850036 0.42583747895990526 0.11111262759240315 0.40242370106011577 0.10248792187642988 0.42055769769370055 0.13017921689252707 0.4439714755934901
0 0.09120258759241405 0.47440265723775854 0.06709056573449056 0.4668381013607629 0.06052113468338159 0.504064877317047 0.08463315654130509 0.5116294331940426
0 0.03830230116994825 0.5723209068797305 0.02940539521421873 0.5459597040479394 -0.00046752068810891205 0.563883453589336 0.008429385267620606 0.590244656421127
0 0.15776174447264835 0.4958108008681897 0.15583843762645772 0.4663200958932667 0.12492872383474966 0.46990383082563864 0.1268520306809403 0.49939453580056165
0 0.15002593360995853 0.5495026848913839 0.11593086404686363 0.5373799934911725 0.11001698397201212 0.5669493938654301 0.14411205353510703 0.5790720852656416
0 0.10993304638928741 0.6157217439821457 0.10908207795313246 0.5794137573728678 0.08703521042563367 0.5803323768531803 0.08788617886178862 0.6166403634624581
0 0.074832355695087 0.6401533928178011 0.07042782000440626 0.6147049643827568 0.04749290868032606 0.6217618601747815 0.051897444371006816 0.6472102886098259
0 0.06615201395091659 0.7157550366495115 0.06579114563395858 0.6926594643641983 0.025176114371996093 0.6937876596770306 0.025536982688954105 0.7168832319623438
0 0.13826099952176 0.6756189223656943 0.10779710664753712 0.674349593495935 0.107282699665232 0.6962976247409532 0.13774659253945487 0.6975669536107125
0 0.14833339834607584 0.7530477973682842 0.11493659632287934 0.7479379041625492 0.11302180852447086 0.7701859147726288 0.14641861054766736 0.7752958079783637
0 0.07394807470499516 0.7799441043385681 0.059599858042764665 0.7589000532339633 0.04206314878892739 0.7801566705113419 0.05641136545115789 0.8012007216159467
0 0.04976980657127721 0.8269983218512631 0.032202239003709665 0.7947911146440558 0.014331611022787506 0.8121202084437379 0.03189917859035505 0.8443274156509452
0 0.1339632117375337 0.8861509381729147 0.10269020298105837 0.8605473052728766 0.09324942258977803 0.8810472855510854 0.12452243134625338 0.9066509184511236
0 0.07602752639517343 0.9175779286073403 0.0662707390648567 0.8980643539467067 0.039545625942684806 0.921820010055304 0.049302413273001534 0.9413335847159376
0 0.19600811636129864 0.9593646201650058 0.18824132111861142 0.9153527804564449 0.16595648505303764 0.9223441015750562 0.17372328029572487 0.9663559412836171
0 0.18330792682926839 0.8219552048461661 0.1498161764705883 0.8169934640522876 0.14734277857484462 0.8466742388012116 0.1808345289335247 0.8516359795950902
0 0.2526000077632865 0.9227377414012364 0.2247194126519388 0.9051289444888062 0.2158671868068496 0.9300463209416499 0.24374778191819732 0.94765511785408
0 0.24861843322234556 0.7792961524232335 0.21792337217906038 0.7565590701689482 0.20874664724380323 0.7785832100135652 0.2394417082870884 0.8013202922678505
0 0.1914169678110152 0.7339347855183029 0.1894469818644181 0.7116082781235361 0.1647385063240313 0.7154841174239889 0.16670849227062837 0.7378106248187558
0 0.2943715362759164 0.8542433257377554 0.2908563838017273 0.8295307386464869 0.2491475194812502 0.8400778077849983 0.25266267195543923 0.864790394876267
0 0.24422138905066978 0.7016396492590437 0.23671799165210636 0.6753777583640718 0.20758105222286932 0.690177473629716 0.21508444962143272 0.7164393645246878
0 0.2090692591469578 0.6103572872447949 0.17181056701030933 0.6080991846910586 0.1707082575298161 0.64043359611886 0.20796694966646456 0.6426916986725962
0 0.21364771870286575 0.4278060583207643 0.18830128205128205 0.40152086475615895 0.17751225490196082 0.42001633986928116 0.2028586915535445 0.44630153343388645
0 0.21344946087840125 0.5401656567937475 0.21271698938692557 0.5152616260835747 0.17653056904143613 0.5171537264937964 0.1772630405329118 0.5420577572039693
0 0.2437836635764184 0.3270463827410357 0.20635214685208159 0.32406675951919794 0.2052545102391678 0.3485806438742719 0.24268602696350464 0.3515602670961097
0 0.19986095399698342 0.2674553795877326 0.19555995475113125 0.2387820512820513 0.16038602941176475 0.24816176470588236 0.16468702865761692 0.2768350930115636
0 0.24401382962511434 0.12922889362999093 0.2160307451996343 0.10746427241017312 0.20542993751904914 0.13169468996579642 0.23341302194452918 0.1534593111856142
0 0.23768214477571853 0.1926257946100815 0.2105190706419554 0.16330692094189275 0.19654218708031154 0.18632767033754144 0.22370526121407466 0.21564654400573016
0 0.26627299149748396 0.053401006420267245 0.23566827173347216 0.017695500028920154 0.22037133437445774 0.04100511886170401 0.2509760541384695 0.0767106252530511
0 0.29494109446752675 0.2723063512889667 0.26600995881624023 0.24263339164662154 0.2517391482615351 0.2673694632747772 0.2806702839128216 0.2970424229171223
0 0.31329597276511895 0.12662471795849636 0.2867756300251056 0.09684749102234097 0.2724590443957161 0.11951541826887432 0.29897938713572947 0.14929264520502974
0 0.27784736682283534 0.4887283822083406 0.2517758762797154 0.4583116432413674 0.2418499479437793 0.47343686737231777 0.2679214384868992 0.503853606339291
0 0.29215263691683574 0.613984674329502 0.28462538032454365 0.5905665427090376 0.25711523833671407 0.6062866238449404 0.26464249492900616 0.6297047554654047
0 0.3037549237365232 0.766943137900109 0.2825229734045642 0.7373470859222268 0.2682698449567389 0.7555249888701778 0.2895017952886979 0.7851210408480601
0 0.3587136971463857 0.8128977412682505 0.32343640863676404 0.8118287325255348 0.3230172618866856 0.8364186751968039 0.35829455039630725 0.8374876839395197
0 0.31157456539316764 0.9376852974866924 0.3029455983424298 0.9117983963344788 0.2731263897311502 0.9294690384744965 0.28175535678188807 0.95535593962671
0 0.3755750321816887 0.9379046655786194 0.34999094890007604 0.9112082308499797 0.3392589304185919 0.929492410485101 0.3648430137002046 0.9561888452137403
0 0.3701789569340911 0.7519545825440175 0.36372668185843976 0.7307337667396527 0.3355223402096095 0.7459793568201016 0.3419746152852609 0.7672001726244662
0 0.3414786173089926 0.6630042821726393 0.32193416159567273 0.6525805724588686 0.30870731913455035 0.6966700473292765 0.3282517748478702 0.7070937570430472
0 0.3278502557251394 0.456008022617168 0.30138772215699766 0.4258880657103401 0.2895318635885186 0.4444057876649169 0.3159943971566604 0.4745257445717448
0 0.3744103773584906 0.30729744728079916 0.36878005919348866 0.2810226291774572 0.3294082963374028 0.29602139597977567 0.33503861450240474 0.3222962140831176
0 0.32078279304422497 0.3816570058680406 0.2948471268069272 0.3488961643051381 0.27986483827107483 0.36998234817041176 0.30580050450837265 0.4027431897333143
0 0.33560554850458013 0.18840283142650438 0.3023161304859655 0.18454318875767947 0.300704369458853 0.20925685784007164 0.3339937874774676 0.21311650050889658
0 0.3561816553544496 0.09472410759175462 0.333102375565611 0.05515962795374554 0.3169824660633485 0.07187657114127699 0.3400617458521871 0.11144105077928608
0 0.38036151960784315 0.15134803921568635 0.35661764705882354 0.1196895424836602 0.34267769607843135 0.13827614379084974 0.36642156862745096 0.16993464052287588
0 0.4118281808579787 0.23205209800310558 0.37674090699815843 0.22958983317083748 0.3759741292926011 0.24901486837829065 0.41106140315242135 0.25147713321055876
0 0.43704044117647056 0.11825980392156868 0.41268382352941174 0.08578431372549024 0.39859068627450983 0.10457516339869286 0.42294730392156865 0.13705065359477128
0 0.42958144796380093 0.04810834590246367 0.4027856334841628 0.02428984414278541 0.3909078054298642 0.04804550025138271 0.4177036199095022 0.07186400201106097
0 0.3742660331280527 0.4238806894598996 0.3535490550010618 0.3895616549869046 0.33654825422948964 0.407806416790543 0.3572652323564805 0.44212545126353797
0 0.4363632399020486 0.5941676394520804 0.4344350402425966 0.5700008703869491 0.3991323924377271 0.5750083381606894 0.40106059209717904 0.5991751072258208
0 0.4242713488702304 0.6704164922561743 0.3929990345866266 0.6455971952056951 0.381251974942342 0.6719106088088926 0.41252428922594575 0.6967299058593719
0 0.4607136123680243 0.8720776772247362 0.41753865007541485 0.8648818501759681 0.41506410256410264 0.8912770236299647 0.458239064856712 0.8984728506787331
0 0.41814446366782004 0.7644175317185696 0.41329656862745096 0.7385620915032679 0.387489186851211 0.7471645520953478 0.3923370818915801 0.7730199923106497
0 0.5123426073647731 0.026381912744334688 0.5113256858673914 -0.0016399240724060263 0.47648079800308396 0.0006081332091622004 0.47749771950046566 0.028629970025902916
0 0.5106447079588265 0.11556316929192262 0.49385447257571713 0.1101902939693276 0.48602320088398443 0.15369735892339798 0.5028134362670938 0.159070234245993
0 0.48131127450980393 0.3202614379084968 0.4650735294117647 0.3202614379084968 0.4650735294117647 0.36356209150326807 0.48131127450980393 0.36356209150326807
0 0.42502839550454324 0.34217081141399647 0.4110174557627929 0.3272258090227961 0.39003467240554757 0.362197114618205 0.40404561214729795 0.37714211700940536
0 0.4473409372281335 0.4465387918534877 0.41636071237368655 0.43162238729393915 0.40913178411296247 0.45831381471815114 0.44011200896740943 0.4732302192776997
0 0.46736114932408895 0.5505592087162275 0.4663573708248501 0.5261339319014168 0.42425473229516314 0.5292099237574669 0.42525851079440197 0.5536352005722777
0 0.5088218187021001 0.41355317507713746 0.4843182355429481 0.3758553548322883 0.47099802801831386 0.39124759463853237 0.49550161117746583 0.4289454148833815
0 0.5009805125390039 0.6010287055228118 0.4710535122693479 0.5919599175623099 0.4664699622481607 0.6188500776866085 0.4963969625178167 0.6279188656471103
0 0.5172289504036908 0.6670991926182236 0.4940671856978085 0.6406286043829295 0.4808535178777393 0.6611831987697038 0.5040152825836216 0.6876537870049979
0 0.4945333016742961 0.7364651127788332 0.46317917717642926 0.7186977755633753 0.45400600353958437 0.7474763595221043 0.4853601280374512 0.7652436967375623
0 0.49127739331026526 0.8071414840445983 0.47427371683967706 0.76935553633218 0.45544081603229525 0.7844218569780854 0.4724444925028835 0.8222078046905037
0 0.525175837728526 0.8990168458368161 0.4932791679876263 0.8952364997934501 0.4917744749786246 0.9178068949284761 0.5236711447195244 0.9215872409718421
0 0.478186274509804 0.9409313725490196 0.45159313725490197 0.923202614379085 0.44215686274509797 0.9483660130718956 0.46875 0.9660947712418301
0 0.5843675274988043 0.07188745416865934 0.5753287900526063 0.04577554599075405 0.5467494619799137 0.06336282480471869 0.5557881994261118 0.08947473298262398
0 0.6229735548346437 0.17897259342012922 0.6161738298314211 0.15252921840759687 0.5856339248628597 0.1664903178217964 0.5924336498660823 0.19293369283432873
0 0.6081258092859786 0.2721490011098779 0.6071962865334813 0.24364363669996297 0.5750346836847947 0.2455080774448144 0.5759642064372918 0.2740134418547293
0 0.5861753892733564 0.3085808342945022 0.5554372116493657 0.30542820069204163 0.5537954152249135 0.33388600538254526 0.5845335928489043 0.33703863898500586
0 0.5756505581313586 0.38812011543504216 0.5521478810052224 0.35217484453624565 0.5378516016978325 0.3687927418508184 0.5613542788239688 0.4047380127496149
0 0.5765434552199258 0.5682079137961491 0.5730309353471118 0.5385466348701643 0.5471507352941176 0.5439950980392158 0.5506632551669316 0.5736563769652006
0 0.6024809400815248 0.6407427834753511 0.5763436802107501 0.6016257959136474 0.5614651880379871 0.6192996411612931 0.5876024479087618 0.6584166287229968
0 0.5778654614712129 0.7139378044211316 0.5462037123766703 0.690911077806919 0.5355255557637068 0.7170132384163856 0.5671873048582492 0.7400399650305983
0 0.5386529442705847 0.8430459048663047 0.5217447156951148 0.8174273767216536 0.5067645069750172 0.8350041549532347 0.5236727355504871 0.860622683097886
0 0.62352771769795 0.8584251125690073 0.58839553900364 0.8364231420735807 0.5798518532859825 0.8606761854011244 0.6149840319802926 0.882678155896551
0 0.6099840992059014 0.9325177511823669 0.5717463352903542 0.9305183909776323 0.5709976336983931 0.9559742451043117 0.6092353976139402 0.9579736053090463
0 0.6125113705275926 0.7942060844956542 0.5785703456640389 0.7740928845765112 0.569057004244997 0.8026329088336368 0.6029980291085507 0.8227461087527796
0 0.64631641038158 0.1058362487456948 0.6266183081116264 0.09883247904971126 0.6187619498006671 0.13811427060450743 0.6384600520706207 0.14511804030049097
0 0.6442540611134964 0.30052060970373556 0.6113447294976385 0.2954576356089882 0.6087886431945041 0.3249946328896523 0.641697974810362 0.3300576069843997
0 0.6676398500576702 0.05339292579777018 0.6326052479815455 0.04301230296039992 0.6285467128027682 0.06736351403306429 0.6635813148788927 0.07774413687043454
0 0.6461919522242732 0.4147049906820392 0.6144240864831607 0.41156742369526267 0.6128734150549715 0.4394795094026697 0.644641280796084 0.4426170763894463
0 0.6439950980392157 0.5669934640522879 0.6156792043740572 0.5376288335847161 0.6037683823529412 0.5580473856209153 0.6320842760180996 0.5874120160884869
0 0.6671965405014466 0.6200879942140792 0.630429323368692 0.6156313618343514 0.6285835543233688 0.6427026411657561 0.6653507714561235 0.647159273545484
0 0.6949794252563412 0.7286045152005759 0.6657475490196079 0.7169117647058826 0.6604014885770823 0.7406720333393298 0.6896333648138157 0.7523647838340233
0 0.7018976969486018 0.8147116834899641 0.6829714874115327 0.8041971226360367 0.669891736280311 0.8460523262559462 0.6888179458173801 0.8565668871098736
0 0.7447842076415779 0.8560533395804971 0.7187397783730264 0.8254945425720634 0.7070948589083966 0.8431383599427147 0.7331392881769482 0.8736971569511484
0 0.8135806009954507 0.9130773772726556 0.8087591342114857 0.8887914705089798 0.7693661134623615 0.9026948895969059 0.7741875802463265 0.9269807963605817
0 0.7795570547806754 0.7799971363115696 0.7493683040226401 0.7621075062327338 0.7411941580756014 0.7866299440738496 0.7713829088336368 0.8045195741526854
0 0.7588339314505643 0.6669275844732235 0.7553351081812035 0.6491153932837502 0.7189712058563478 0.6618138988575094 0.7224700291257087 0.6796260900469827
0 0.7356004901960784 0.5073529411764708 0.6963848039215687 0.5073529411764708 0.6963848039215687 0.5375816993464054 0.7356004901960784 0.5375816993464054
0 0.678921568627451 0.34150326797385633 0.6436887254901961 0.34150326797385633 0.6436887254901961 0.3696895424836602 0.678921568627451 0.3696895424836602
0 0.7076044770628703 0.18928037131050052 0.6770517189051982 0.18573802253859653 0.6755192813523159 0.20923539834945876 0.706072039509988 0.21277774712136271
0 0.7151913650075414 0.2761752136752137 0.687363310708899 0.2473164906988436 0.6748585972850679 0.2687531422825539 0.7026866515837105 0.297611865258924
0 0.7633772120369567 0.32853093231384134 0.7624209857502826 0.2953817543758025 0.7330879637674863 0.2968860119133818 0.7340441900541606 0.33003518985142066
0 0.7546650166554251 0.42792522611539097 0.7172115734495367 0.4124898677032674 0.7109942630492148 0.43930963805759704 0.7484477062551032 0.4547449964697206
0 0.7930505326346345 0.5784892899024938 0.7642061529756192 0.5622181013768954 0.7552544621989321 0.5904294904913032 0.7840988418579475 0.6067006790169015
0 0.7199754901960784 0.5906862745098042 0.6988357843137255 0.5625000000000002 0.6875 0.5776143790849675 0.7086397058823529 0.6058006535947715
0 0.8239017999462273 0.6767106450807552 0.7939749632713028 0.6582192663222654 0.7866544297689695 0.6792818539430139 0.816581266443894 0.6977732327015038
0 0.9009492654889433 0.8950735033097372 0.8961105368665039 0.8727860260185011 0.8624784658272255 0.8857668253669944 0.8673171944496649 0.9080543026582305
0 0.8786152343510797 0.7242667470902583 0.8780983622368373 0.6967002343306675 0.8425583810975983 0.6978849003686421 0.8430752532118406 0.7254514131282329
0 0.8204873565279772 0.8475639646102342 0.8100071736011478 0.8259684361549499 0.7847785150645625 0.8477343376374941 0.7952586979913917 0.8693298660927785
0 0.7542892156862745 0.14910130718954256 0.7329963235294118 0.12071078431372559 0.7136948529411765 0.14644607843137258 0.7349877450980392 0.1748366013071896
0 0.7040441176470589 0.05351307189542495 0.6801470588235294 0.05351307189542495 0.6801470588235294 0.08741830065359489 0.7040441176470589 0.08741830065359489
0 0.7853308823529414 0.23274509803921567 0.7673161764705884 0.20071895424836605 0.7497671568627453 0.21826797385620922 0.7677818627450982 0.25029411764705883
0 0.8030521330153684 0.36477654124712944 0.7995578298887124 0.3368221162338811 0.7651778616852146 0.34446210916799164 0.7686721648118706 0.37241653418124004
0 0.8610409515264992 0.533631091693972 0.8566948496905393 0.5061057800662264 0.8264314180579393 0.5146007784192369 0.8307775198938991 0.5421260900469825
0 0.820387225011956 0.48843754981667464 0.8170656982305118 0.4485792284393433 0.7919805117168819 0.45229555236728847 0.7953020384983261 0.4921538737446199
0 0.8764375942684766 0.6443878833584717 0.873138197586727 0.6223919054801408 0.8360789027149321 0.6322743841126193 0.8393782993966818 0.6542703619909502
0 0.9561303753829312 0.6901718739424332 0.9196491434259432 0.6750389184639789 0.9127933506811099 0.7044208873704068 0.9492745826380979 0.719553842848861
0 0.8913060684279366 0.8483088142926288 0.8791013914751882 0.8163657091817319 0.8460797476141388 0.8387955050118785 0.8582844245668872 0.8707386101227754
0 0.9718902845709204 0.8374533561757298 0.9560270250830434 0.8143194360892425 0.9292647222294875 0.846943957663101 0.9451279817173648 0.8700778777495883
0 0.9939691682718427 0.636328427256713 0.9600610584284093 0.6291357978959847 0.9564157652985629 0.6596868260318403 0.9903238751419963 0.6668794553925684
0 0.9338315654130505 0.6193265830922535 0.9288412086145934 0.5910478945676632 0.89451743812279 0.601816136290582 0.8995077949212471 0.6300948248151721
0 0.8884803921568627 0.3966503267973858 0.8477328431372549 0.39665032679738577 0.8477328431372549 0.4244281045751636 0.8884803921568627 0.4244281045751636
0 0.9343621073995209 0.5480482728536361 0.9339080937804985 0.5195967527282406 0.8992580516369443 0.5205797326472067 0.8997120652559666 0.5490312527726021
0 0.8169029736537132 0.30215537517835245 0.7913785479635133 0.277320798831131 0.7790177736967044 0.29990591724455934 0.8045421993869044 0.3247404935917808
0 0.9609295033266161 0.4250761683139813 0.9603962251703291 0.40018985435392207 0.9281571366311615 0.40141801010779515 0.9286904147874484 0.4263043240678544
0 0.986844002306805 0.510524798154556 0.9689752739331026 0.47081651287966164 0.9470786476355247 0.4883338139177239 0.9649473760092273 0.5280420991926182
0 0.8923574412920697 0.3125284410975697 0.8667515082956257 0.28742458521870307 0.8518543366251609 0.3144381231811461 0.877460269621605 0.3395419790600128
0 0.859375 0.20710784313725505 0.8235294117647058 0.20710784313725505 0.8235294117647058 0.2418300653594772 0.859375 0.24183006535947726
0 0.7976011537211571 0.05066713609937518 0.7728713032174197 0.020991315494890375 0.7562053136171599 0.04568167045823852 0.7809351641208971 0.07535749106272333
0 0.8605651849698415 0.13399776094944582 0.8263907600166394 0.12690973207026313 0.8231510992777052 0.154678252689697 0.8573255242309074 0.1617662815688797
0 0.9607541430277695 0.18170805547261218 0.9395749353040707 0.17002297534919225 0.9281685453369164 0.20677689857668974 0.9493477530606151 0.2184619787001097
0 0.9355767149130944 0.2856835426073691 0.908664254345271 0.2574895362982208 0.8944396765015151 0.28162821385126097 0.9213521370693386 0.3098222201604093
0 0.85851384472708 0.038343490549373055 0.8235376921038686 0.030571012188659423 0.8196210916799153 0.06190381558028637 0.8545972443031267 0.069676293941
0 0.4932250407326254 0.8036076464969942 0.4697609416259341 0.7689701668633071 0.45399882015843596 0.7879525066951328 0.47746291926512724 0.82258998632882
0 0.9105989762615059 0.05967876964396512 0.8819238602463091 0.04132669539423921 0.8728402528111373 0.06655893826971623 0.901515368826334 0.08491101251944214
0 0.949667826489756 0.13949246425579648 0.9430964569933693 0.11689617616295857 0.90972924741946 0.13414725050048987 0.9163006169158467 0.15674353859332776
0 0.7274573191345504 0.052715798963263484 0.7253042596348884 0.018266846968672524 0.7010902636916835 0.02095729096236196 0.7032433231913454 0.05540624295695292
0 0.9653799019607843 0.9268790849673203 0.9411764705882353 0.9268790849673203 0.9411764705882353 0.9628267973856209 0.9653799019607843 0.9628267973856209
0 0.9282757021727609 0.9735912382971208 0.9194936718725646 0.9466596787098519 0.8952283814956823 0.9607265137109429 0.9040104117958788 0.9876580732982118
0 0.9642823074941431 0.7779426346641782 0.928679903418978 0.7682328880982241 0.9249505733131131 0.7925425954549729 0.9605529773882783 0.802252342020927