0 0.14710804403728708 0.956522554376942 0.12982511652201872 0.9192977874209793 0.11121976454516239 0.9346545858780672 0.12850269206043075 0.9718793528340298
0 0.13616138763197583 0.8495726495726496 0.12390648567119159 0.8209778783308197 0.09398095776772253 0.8437782805429865 0.10623585972850677 0.8723730517848165
0 0.16439950980392157 0.8961601307189543 0.13633578431372553 0.8774509803921569 0.12628676470588238 0.904248366013072 0.1543504901960784 0.9229575163398693
0 0.10507573931211826 0.9155885031608271 0.08207442418960019 0.8908559062548936 0.06848952538140099 0.9133162722844497 0.09149084050391906 0.9380488691903831
0 0.03664822558416345 0.9250388920211323 0.020195138758378795 0.9047889390047819 -0.0040131867443462445 0.9397565202864958 0.012439900081438412 0.9600064733028463
0 0.21299052171798752 0.8469041809224429 0.1899569504506852 0.8054437526412986 0.17110486244985157 0.8240630988149615 0.1941384337171539 0.8655235270961057
0 0.314902328957334 0.8961874807147465 0.3026579462257006 0.8696579847962076 0.27137638853824797 0.8953249039243738 0.2836207712698814 0.9218543998429127
0 0.4666774798154558 0.9612168396770476 0.44830954440599774 0.9402249134948099 0.4243476066897348 0.977499038831219 0.4427155420991927 0.9984909650134566
0 0.4367344038271764 0.9226385849744712 0.42529202600077226 0.9002025500207376 0.39507377075556704 0.9276004347763903 0.40651614858197116 0.9500364697301239
0 0.4108733613842138 0.8889675794774948 0.40129856829417326 0.861838999055713 0.36345331333666614 0.885585041381992 0.3730281064267067 0.9127136218037738
0 0.36857009137125585 0.8342831808458477 0.36640931877697497 0.8060490856139104 0.32540717492685456 0.8116276085867159 0.32756794752113544 0.8398617038186532
0 0.2837009803921569 0.8337418300653595 0.25061274509803927 0.8337418300653595 0.25061274509803927 0.8651960784313726 0.2837009803921569 0.8651960784313726
0 0.08487327486775649 0.8100639342958278 0.062696998170465 0.7691231157777512 0.04211472875154121 0.7889430789219001 0.0642910054488327 0.8298838974399766
0 0.2855487317204641 0.7349158097131512 0.26470522607472124 0.7235724052800938 0.25094963458428715 0.7685073374821785 0.27179314023003 0.7798507419152357
0 0.5735157886257453 0.9667923154439804 0.5454091798633423 0.9421373954769603 0.5350622577450508 0.9631071576366977 0.5631688665074538 0.9877620776037177
0 0.8097143220495746 0.9465385682574922 0.7864340547539772 0.9451889875447038 0.7849177996670367 0.9916874768775437 0.8081980669626341 0.9930370575903319
0 0.788296568627451 0.8676470588235294 0.7555759803921569 0.8458333333333334 0.7448529411764707 0.8744281045751635 0.7775735294117647 0.8962418300653595
0 0.7260182381776239 0.8537557670126876 0.7129361303344866 0.8263456362937331 0.6803651239907728 0.8539816416762783 0.6934472318339099 0.8813917723952327
0 0.6751225490196078 0.8397875816993465 0.6414215686274509 0.8173202614379086 0.6313112745098038 0.8442810457516341 0.6650122549019608 0.8667483660130719
0 0.6092020883695944 0.800097367714209 0.6071942989524577 0.7746653684304772 0.5688389739457427 0.7800485719401915 0.5708467633628793 0.8054805712239235
0 0.591598308398504 0.8528797838981452 0.5582366400317351 0.8385819260266727 0.5528175648872266 0.861061052552042 0.5861792332539955 0.8753589104235143
0 0.7662377450980395 0.7516339869281047 0.7255937288708588 0.7471179851250846 0.7237090094658554 0.7772734956051388 0.7643530256930361 0.7817894974081588
0 0.7026176933037367 0.7518319151559997 0.6714777561968185 0.7359566531014923 0.664089206437292 0.7617218522629178 0.6952291435442102 0.7775971143174252
0 0.602432426683306 0.7465523978797565 0.5935685990886228 0.7220713502372984 0.5565128836008849 0.7459233050340034 0.5653767111955679 0.7704043526764613
0 0.38998953513989865 0.7361606815010647 0.35728547036792246 0.7095129250201953 0.3471751762502754 0.731571748549607 0.3798792410222515 0.7582195050304765
0 0.21239460784313727 0.7102091503267974 0.19077696078431372 0.6685751633986928 0.17299754901960787 0.6849869281045753 0.19461519607843142 0.7266209150326799
0 0.15727878253991087 0.7465630343416912 0.14169408288987972 0.7169920657749654 0.1251920633779185 0.7324534173897759 0.14077676302794964 0.7620243859565017
0 0.10979166666666677 0.7669607843137257 0.0761151960784315 0.7332843137254903 0.06291666666666675 0.756748366013072 0.09659313725490203 0.7904248366013074
0 0.11535417896739493 0.6665395591419013 0.08389464450413121 0.6381015618869735 0.07070633434440504 0.6640385718677684 0.10216586880766876 0.6924765691226961
0 0.22521530564330236 0.5865471176375727 0.189579153504653 0.5748767988085414 0.18416316272517722 0.60427789161141 0.2197993148638266 0.6159482104404413
0 0.29660176142048594 0.6493859793219142 0.27963203560175026 0.6218409171233867 0.25545170467272976 0.648324136712314 0.27242143049146544 0.6758691989108415
0 0.4282823952264613 0.6957338846081565 0.40484929994361957 0.6618860803107186 0.3920609377936477 0.6776256029568377 0.4154940330764894 0.7114734072542757
0 0.5329259086231177 0.7188452406745389 0.5241780413822987 0.6982946954103926 0.4955003859278518 0.7199967049434876 0.5042482531686707 0.7405472502076338
0 0.8563549896841957 0.9316631694527153 0.8542518990457881 0.884927821932546 0.8335848787502247 0.8865811835561911 0.8356879693886322 0.9333165310763605
0 0.9337942822974802 0.862940560235094 0.9113734805943592 0.8600240331842814 0.9073763749754469 0.9146511433094158 0.9297971766785679 0.9175676703602281
0 0.9843443747081027 0.9226623650892091 0.959756811256326 0.8803611806560449 0.9432574352466483 0.8974105358660451 0.9678449986984251 0.9397117202992094
0 0.8928135813148788 0.8398471741637834 0.880724480968858 0.8200086505190316 0.8578986447520184 0.8447366397539412 0.869987745098039 0.864575163398693
0 0.849823615086091 0.7365535688373919 0.8141214445154538 0.7355187233136052 0.8137920614632249 0.7557208838503124 0.8494942320338622 0.756755729374099
0 0.8722861555864949 0.6740437792473992 0.8430266707274626 0.6577885098812701 0.8353854855551688 0.6822403024326102 0.8646449704142011 0.6984955717987392
0 0.7995412692103869 0.6861861861861863 0.7631740196078433 0.6781045751633988 0.7598122019077903 0.7049991167638229 0.796179451510334 0.7130807277866104
0 0.6609964146408731 0.6890001926200265 0.6359253723257554 0.6659719759750296 0.6243889991529096 0.6883004401805377 0.6494600414680273 0.7113286568255346
0 0.8687370587091311 0.5565589226744763 0.842020442949642 0.55164552207503 0.839023211384904 0.5806187605341631 0.8657398271443932 0.5855321611336094
0 0.6116053921568627 0.6278758169934642 0.5860284690799397 0.6158396178984415 0.575796568627451 0.6544934640522878 0.601373491704374 0.6665296631473104
0 0.6379197918422383 0.6195863063467986 0.6302564399685375 0.5672200685431766 0.607336613011967 0.5731829503530161 0.6149999648856677 0.6255491881566381
0 0.5625015874225338 0.635383859934302 0.5560725261607233 0.6028099495411291 0.5206031570659352 0.6152553422059671 0.5270322183277456 0.64782925259914
0 0.492756395286907 0.6186784575928158 0.4740118493072113 0.5970631252919052 0.44852902767876884 0.6363491419690873 0.4672735736584646 0.6579644742699978
0 0.7951274074718645 0.5386887496616005 0.7612074341570948 0.5355696716556446 0.7599050788954635 0.5607485400471827 0.7938250522102331 0.5638676180531386
0 0.729182087645749 0.5648579996215265 0.6890045689768113 0.5580192730395797 0.6860175389755012 0.5892171419421519 0.7261950576444388 0.5960558685240988
0 0.7478907428355956 0.4956793614881851 0.7108314479638008 0.4857968828557065 0.7065422322775262 0.5143916540975365 0.7436015271493212 0.5242741327300152
0 0.8851102941176471 0.46241830065359496 0.8468137254901961 0.46241830065359496 0.8468137254901961 0.49223856209150346 0.8851102941176471 0.49223856209150346
0 0.9996936274509803 0.6311274509803924 0.96875 0.6311274509803924 0.96875 0.6789215686274511 0.9996936274509803 0.6789215686274511
0 0.9905009442301511 0.530288358512804 0.9722059828029572 0.4908838262080791 0.9523666023786564 0.507259187828137 0.9706615638058502 0.5466637201328618
0 0.9565804941886257 0.4655010646792655 0.9508761423121285 0.43845821133883434 0.9180219146482121 0.45077854671280293 0.9237262665247092 0.47782140005323415
0 0.9934809381673463 0.3982507441920661 0.9794305717336441 0.35645991069695193 0.9516413681809358 0.37306954960201905 0.9656917346146381 0.4148603830971332
0 0.9292433428521729 0.34482479536910876 0.9282959887996599 0.3164041737937167 0.8967134938006746 0.3182757290529158 0.8976608478531876 0.3466963506283079
0 0.890819072290838 0.37108947968273914 0.8840647023934128 0.3422708347870584 0.8499428686065175 0.3564882655315981 0.8566972385039426 0.38530691042727894
0 0.8501287376770907 0.4316200953189267 0.8492919087723879 0.3981469391308132 0.8173217122587103 0.3995678367536433 0.8181585411634131 0.4330409929417568
0 0.799422347310895 0.43764441586258684 0.7597614684704231 0.4290358530134921 0.7567219557738798 0.45393090938518027 0.7963828346143516 0.462539472234275
0 0.7837920489296637 0.37631093721892434 0.7639087515740243 0.35765500389758365 0.7460877068717396 0.39142119385980706 0.765971004227379 0.41007712718114775
0 0.8539188934409523 0.33264457896810845 0.8443512800130446 0.3042960947372713 0.8129114691614691 0.32315998124821665 0.8224790825893766 0.3515084654790538
0 0.7628568020128406 0.2763353866620396 0.7450926166926947 0.2556105037885361 0.7193952802359881 0.2947683498178033 0.737159465556134 0.3154932326913068
0 0.6691523045869933 0.3319544258125575 0.6537366360571377 0.3093447786354362 0.6278433036110372 0.34073063614586113 0.6432589721408927 0.36334028332298246
0 0.6098217314607504 0.4053958319198499 0.6088553327905557 0.35643163262998395 0.5891724336793541 0.35712226066897346 0.5901388323495488 0.4060864599588394
0 0.5636606113033449 0.4388264129181084 0.5369917820069204 0.4083477508650519 0.5228049307958478 0.430416186082276 0.5494737600922722 0.46089484813533255
0 0.5177527432991544 0.5248433471247828 0.5002501574024105 0.5122773880194281 0.48367371604605147 0.5533238142351743 0.5011763019427954 0.5658897733405288
0 0.45798455882352945 0.5554284313725489 0.44323455882352947 0.5195656862745098 0.4245281862745099 0.5332434640522876 0.4392781862745098 0.5691062091503268
0 0.5360906862745098 0.4593137254901961 0.5135416666666668 0.44428104575163413 0.5007352941176471 0.47843137254901974 0.5232843137254902 0.4934640522875818
0 0.4088895173453997 0.521210407239819 0.39460784313725483 0.4926470588235293 0.3697916666666667 0.5147058823529411 0.38407334087481143 0.5432692307692307
0 0.36120867956848174 0.5842399227348934 0.3351943472556309 0.5575585562601746 0.321094376412275 0.5819985057219915 0.34710870872512584 0.6086798721967103
0 0.30241212338593976 0.5644029969711463 0.2998752092300335 0.5339600271002709 0.27115838713534196 0.5382143711142994 0.2736953012912482 0.5686573409851746
0 0.2408394607843138 0.5107434640522878 0.21664828431372554 0.5061356209150328 0.21215686274509812 0.5480555555555556 0.23634803921568637 0.5526633986928104
0 0.1500471698113208 0.6054979035639413 0.12470911949685537 0.5925804661487236 0.11713119681834999 0.6190060426686398 0.14246924713281542 0.6319234800838575
0 0.1704854826546003 0.5655706385118151 0.15661104826546002 0.5268903971845149 0.13900546757164403 0.538117144293615 0.15287990196078433 0.5767973856209151
0 0.07624037390981632 0.5217572833549825 0.05906031576668523 0.4926032452939116 0.04241761767798606 0.5100384528154059 0.05959767582111715 0.5391924908764769
0 0.11909068857374097 0.5228662368637261 0.1016567684766214 0.47792546505781797 0.07986982902917264 0.49295094053881705 0.09730374912629221 0.5378917123447252
0 0.17794875682231656 0.47420574759113265 0.16488528401051145 0.43501532915571733 0.14470259753385895 0.4469754396604003 0.15776607034566406 0.48616585809581564
0 0.2508359174340663 0.44412208440351647 0.2250174231034267 0.4123454759965754 0.21028804892564057 0.43362123869782204 0.23610654325628017 0.4653978471047631
0 0.08180147058823532 0.38848039215686275 0.05882352941176474 0.38848039215686275 0.05882352941176474 0.43218954248366015 0.08180147058823532 0.43218954248366015
0 0.22512254901960782 0.3552287581699346 0.21047794117647062 0.31617647058823534 0.18707107843137255 0.33178104575163403 0.2017156862745098 0.3708333333333333
0 0.3048039215686275 0.33735294117647063 0.28311274509803924 0.2987908496732026 0.26605392156862745 0.31584967320261437 0.2877450980392157 0.3544117647058824
0 0.05349328312639932 0.5797063346676617 0.016569560350091637 0.553449465137843 0.005917548680371827 0.5800794943121426 0.04284127145667951 0.6063363638419613
0 0.04136029411764713 0.7050653594771242 0.011335784313725556 0.7050653594771242 0.011335784313725557 0.7348856209150327 0.04136029411764713 0.7348856209150327
0 0.1512878272696362 0.3912265291473044 0.14626190071404285 0.34766849899882885 0.12445986342513884 0.3521407117760399 0.12948578998073218 0.39569874192451543
0 0.06948781224818697 0.3084877786731131 0.05118939699167339 0.2993385710448563 0.039643768466290634 0.34038969469066166 0.057942183722804214 0.34953890231891843
0 0.16462970323264442 0.3091878643349232 0.14357694091149975 0.2698893746687865 0.12659396528881825 0.2860636371665784 0.14764672760996292 0.3253621268327151
0 0.23573933259284055 0.25204142702088594 0.20360682749561285 0.23878039317123645 0.19737191630402806 0.2656384721503708 0.22950442140125576 0.2788995060000203
0 0.18440182829888715 0.22452835188129316 0.15102742448330683 0.20145468998410185 0.14156332803391627 0.22579093799682046 0.17493773184949657 0.24886459989401177
0 0.24656635458876963 0.1587799894118637 0.20621423720888807 0.151307375082256 0.20304034747888555 0.1817767164902802 0.24339246485876714 0.1892493308198879
0 0.31691077447975563 0.2256119825101026 0.29659440747600235 0.1845688168459545 0.2741265181190893 0.20434055948003796 0.2944428851228426 0.24538372514418605
0 0.21617740100378544 0.07150908085576968 0.19621400620985918 0.0574996810003828 0.18014440049338604 0.0982093488154481 0.20010779528731232 0.11221874867083496
0 0.10930147058823528 0.04316993464052289 0.08665441176470585 0.03885620915032681 0.08119485294117645 0.08981209150326798 0.10384191176470586 0.09412581699346406
0 0.16256806563935394 0.005230198712566498 0.14417220761100408 -0.0075242628537560904 0.12771915283745738 0.034663057078414924 0.14611501086580728 0.04741751864473751
0 0.24768388865732296 0.020851424419782678 0.2325796405807673 -0.006336222118017536 0.20507449547578108 0.020829353294314533 0.22017874355233677 0.04801699983211475
0 0.2879376232741618 0.07270758401980125 0.2793537533356538 0.045239200216575785 0.2487237498549716 0.062255868816954794 0.25730761979347955 0.08972425262018026
0 0.32068648843577335 0.13660701188205954 0.3194525940051831 0.10370316039965446 0.2847354652584226 0.10601763564943849 0.2859693596890127 0.13892148713184355
0 0.367447025714601 0.08925998479441813 0.35153749586138394 0.0640067628051846 0.3234940610859728 0.09541540975364503 0.33940359093918987 0.12066863174287856
0 0.3808823529411765 0.034885620915032695 0.3674632352941177 -0.0008986928104575581 0.34944852941176474 0.01111111111111106 0.3628676470588236 0.046895424836601314
0 0.42013007614213205 0.08630063700607146 0.4180398999701404 0.047284015128894186 0.3970292749079327 0.04928502703958064 0.39911945107992436 0.0883016489167579
0 0.39519867602437597 0.20074931793263467 0.3807461785104159 0.16060349150496783 0.3559554998852597 0.17646952582506778 0.3704079973992198 0.21661535225273465
0 0.4764242587278813 0.12032719591901804 0.46037332615973214 0.0935756416387694 0.43459319703491145 0.12107444603857812 0.4506441296030606 0.14782600031882676
0 0.37129065040650405 0.2741690578670493 0.3655159014825442 0.23823728678463263 0.3368513868962219 0.2464271480950104 0.3426261358201817 0.28235891917742706
0 0.3862734496912953 0.29073998688287317 0.36071710258497874 0.2898432729493182 0.35983593696994376 0.33448899744442195 0.38539228407626036 0.3353857113779769
0 0.31457612456747397 0.45240772779700117 0.30953719723183387 0.4221741637831603 0.275443339100346 0.43227604767397154 0.2804822664359861 0.4625096116878124
0 0.3974638454967049 0.41748671114365526 0.3852479710763973 0.39275333577414373 0.3586503844276299 0.4161073142950126 0.3708662588479375 0.4408406896645242
0 0.44709064565052536 0.38062642183945405 0.4230378615534612 0.35176308092297703 0.40885501299967497 0.3727747084100676 0.4329077970967392 0.4016380493265446
0 0.44986009610514005 0.2715390406984775 0.4340921989979646 0.23497580102966503 0.4163056104311146 0.24861218559758338 0.43207350753829005 0.2851754252663959
0 0.46780257788394547 0.21065906904216852 0.4569933811087887 0.17582943498888562 0.43585025380710646 0.1874946086725723 0.44665945058226325 0.22232424272585521
0 0.5328717698249161 0.20053301668761797 0.5229139532547984 0.15959532634380033 0.5036963149436906 0.16790565642427935 0.5136541315138083 0.208843346768097
0 0.5274140176717005 0.02427952030602793 0.512421014186644 -0.0028506764764552957 0.4874018727778363 0.021729532626934785 0.5023948762628928 0.04885972940941801
0 0.5828582837629434 0.12062128222075348 0.5647650914298304 0.10554362194315939 0.5490505893368584 0.13906789307483303 0.5671437816699714 0.15414555335242713
0 0.6139705882352942 9.760154841243815e-17 0.5814950980392157 9.49501480711469e-17 0.5814950980392157 0.031045751633987026 0.6139705882352942 0.031045751633987033
0 0.629392911010558 0.08035444947209651 0.6263716063348417 0.04812719959778783 0.5980910633484162 0.05284062342885873 0.6011123680241327 0.08506787330316742
0 0.4760289891818797 0.35249042145593873 0.46286553414469234 0.30861223799864773 0.4413666328600405 0.3200783186837954 0.4545300878972278 0.36395650214108644
0 0.5330882352941176 0.2516339869281047 0.508578431372549 0.2516339869281047 0.508578431372549 0.29493464052287593 0.5330882352941176 0.29493464052287593
0 0.5791429958291384 0.23453904789299587 0.5755609089601611 0.20269827572430765 0.5446390047461527 0.20888265656710933 0.5482210916151301 0.2407234287357975
0 0.5449896304675717 0.31689919557566626 0.5201852375565611 0.3102846907993968 0.5130561840120664 0.35781171442936155 0.537860576923077 0.364426219205631
0 0.5181208153993304 0.40836720867208665 0.49803473218555727 0.37489040331579787 0.48211830463892885 0.39186792603220155 0.502204387852702 0.42534473138849027
0 0.6275625776328632 0.2801797755301215 0.6159280454263154 0.24743072191169077 0.5935261123680242 0.26157931121166417 0.605160644574572 0.29432836483009495
0 0.7400645624103299 0.21824485891917753 0.7309735174557628 0.18534393432169627 0.7107417204686751 0.19528236091184453 0.7198327654232425 0.2281832855093258
0 0.6811390139265218 0.13979207334246246 0.6503979656498559 0.11840699628043401 0.6386966283541649 0.14831041381386637 0.6694376766308308 0.1696954908758948
0 0.8497068930665049 0.25806886328414536 0.8420159945421467 0.23140708173303687 0.8139513215079844 0.24579922175055596 0.8216422200323428 0.2724610033016644
0 0.9182418088053066 0.23634952741939416 0.8849212315037539 0.2305546444104285 0.8821570449741234 0.2588107733799841 0.9154776222756761 0.2646056563889498
0 0.8795862293793207 0.1684380901278627 0.8609883627825334 0.12933488343718189 0.8406888741920188 0.14649867866818622 0.8592867407888058 0.185601885358867
0 0.946794075388776 0.1417931597926527 0.9353285581473968 0.11524143565472159 0.900890804597701 0.14167849898580123 0.9123563218390803 0.16823022312373234
0 0.9965804166084486 0.128138923819726 0.9726167708769968 0.12703714700448684 0.9715360981090774 0.1688231606973749 0.9954997438405292 0.16992493751261412
0 0.7748161764705882 0.15236928104575168 0.7575980392156864 0.10645424836601318 0.738235294117647 0.11936274509803933 0.7554534313725491 0.16527777777777783
0 0.7334474500809498 0.08786427415002707 0.6990437803561792 0.07410280626011881 0.6927364409066379 0.10213542603585786 0.7271401106314085 0.11589689392576612
0 0.812413612986178 0.03950096432015445 0.7809928479588555 0.029643469409621915 0.7759140951462551 0.05842306868102445 0.8073348601735776 0.06828056359155699
0 0.8345950268446786 0.09930957460200829 0.8169743788978372 0.08299415983641444 0.8003280307437916 0.11495514829218186 0.8179486786906329 0.1312705630577757
0 0.8676470588235294 0.03676470588235308 0.8394607843137255 0.03676470588235308 0.8394607843137255 0.06454248366013086 0.8676470588235294 0.06454248366013086
0 0.9829336203393276 0.05844678113041415 0.9659878847912224 0.01971367130617352 0.9455482322462666 0.03561117884113917 0.9624939677943718 0.0743442886653798
0 0.9096463496143102 0.607567565165021 0.9067800318019081 0.5662925886664312 0.8930485829149749 0.5679878292697562 0.895914900727377 0.6092628057683461