0 0.507678089050347 0.45677173086178263 0.4742492780960365 0.443602805334327 0.4680337722975176 0.4716522673994381 0.501462583251828 0.48482119292689374
0 0.3908144905360989 0.5381861800596925 0.3589747676527259 0.5316549548528468 0.3557445738410972 0.5596499678869621 0.3875842967244702 0.5661811930938079
0 0.3214221664275466 0.5963653754184601 0.30139586322333817 0.562988203411446 0.2840222979435677 0.5815200063765344 0.30404860114777615 0.6148971783835485
0 0.39244730392156857 0.6503415032679739 0.37277083333333333 0.6124460784313727 0.35465686274509806 0.6291666666666668 0.37433333333333335 0.667062091503268
0 0.4355142720805136 0.6199433165596623 0.40158663022731217 0.6014373300942796 0.3929143892070103 0.6297024119382266 0.42684203106021174 0.6482083984036092
0 0.4761047404813501 0.5476599876469542 0.45179793086481795 0.5201613747474431 0.43939973880636074 0.5396442479821614 0.46370654842289294 0.5671428608816725
0 0.3980203063518831 0.4900521057214342 0.3890636882915055 0.45571840315665335 0.3600574926429257 0.46917055186324114 0.36901411070330326 0.503504254428022
0 0.4056049700732018 0.41204152368646146 0.40204963901942503 0.3825454438329058 0.36864255532800627 0.389704104623924 0.372197886381783 0.41920018447747975
0 0.4487691296030608 0.4257687709230034 0.42247070779531326 0.4050896700143473 0.41171180057388806 0.429414155906265 0.4380102223816356 0.4500932568149211
0 0.4754617697594502 0.3610942658850482 0.44652377703658785 0.3439458257529817 0.43602498989286437 0.3754421871841521 0.4649629826157267 0.3925906273162187
0 0.445168494700877 0.2748770429370417 0.41386436094970724 0.25571822883796513 0.40439285869730796 0.28323068776160115 0.4356969924484777 0.3023895018606777
0 0.5117724349167495 0.2657826351173325 0.5012641353680614 0.23659291414875447 0.4664536002957751 0.25887165659501776 0.4769618998444632 0.28806137756359573
0 0.5094617549990293 0.3665979097909792 0.4898545185400893 0.3566386785737398 0.4796234954377791 0.39244725943182557 0.4992307318967191 0.402406490649065
0 0.5569017734482328 0.40875535989342665 0.5280629449231923 0.4073820823446152 0.5270845041838392 0.44391053661379637 0.5559233327088797 0.4452838141626078
0 0.5624417152272442 0.3154740333787533 0.5291605059963859 0.3135018135724802 0.5283303254766669 0.3384072291640495 0.5616115347075252 0.34037944897032263
0 0.6030846474688607 0.3109835066468595 0.6024427040271029 0.26476357884028945 0.5777711538849343 0.2653727529178739 0.5784130973266922 0.3115926807244439
0 0.6285430261011419 0.48601115269381284 0.6024448829287016 0.4531468242544435 0.5868368758596423 0.4751816577637037 0.6129350190320826 0.508045986203073
0 0.6206458285316738 0.4233601799448557 0.5890722500362793 0.40518145293235575 0.5809577123187107 0.430236867639234 0.6125312908141053 0.4484155946517339
0 0.6489167926441883 0.3597312054294718 0.6158464971870335 0.3552087718626814 0.613556576664498 0.38497773865564455 0.6466268721216528 0.38950017222243494
0 0.6670936509483956 0.2677749197588265 0.6515361435242123 0.2241047234804171 0.6317258226595073 0.23665126002806355 0.6472833300836905 0.2803214563064729
0 0.6215781433244862 0.23992174694291848 0.6078868588358743 0.20060318636023836 0.585743164002222 0.21431118792392786 0.5994344484908339 0.25362974850660797
0 0.5700767677537337 0.5730489518778152 0.5531088082901554 0.5342650445324936 0.5330120390124962 0.5498958650817841 0.5499799984760744 0.5886797724271058
0 0.4767671568627451 0.6750098039215686 0.46115441176470595 0.6605980392156864 0.4443014705882354 0.6930555555555558 0.45991421568627455 0.707467320261438
0 0.40858422523737287 0.7173904901024403 0.37565400443845165 0.7051941120287658 0.36986013961458514 0.733004663183325 0.4027903604135064 0.7452010412569995
0 0.4045298386208415 0.7951783616068151 0.39936832176690895 0.7666671256517589 0.36547628883013883 0.7775749063670412 0.3706378056840714 0.8060861423220974
0 0.3012928294184568 0.8157958575921836 0.2986599076490664 0.785956077539093 0.2599973649869504 0.7920207901135425 0.26263028675634076 0.8218605701666333
0 0.28786404267589394 0.6753892733564015 0.2554155853517878 0.672061226451365 0.2537125144175318 0.7015811226451365 0.2861609717416379 0.704909169550173
0 0.23531979554352556 0.7514450110364607 0.22178200573573717 0.7164723873663407 0.2029664012277055 0.729420760361115 0.2165041910354939 0.7643933840312351
0 0.24746298348106371 0.6586674053182918 0.21286177142089713 0.6376969737666757 0.20398536126779482 0.6637344435491092 0.2385865733279614 0.6847048751007253
0 0.20569891158126458 0.8069602407837704 0.18282988871224173 0.7783739621974919 0.16834566466919418 0.7989737475031595 0.19121468753821702 0.827560026089438
0 0.4830234462862451 0.7642036656724203 0.48192554765048157 0.734926368718726 0.45012698034325943 0.7370462732058742 0.45122487897902297 0.7663235701595683
0 0.5429725168756028 0.6927635808421732 0.5254640790742526 0.6733097610628951 0.503817100610736 0.7079449266045217 0.5213255384120862 0.7273987463837996
0 0.5143464312476582 0.5995706881478707 0.486788513175971 0.5740097206610884 0.4732815817409766 0.5998980059114942 0.5008394998126638 0.6254589733982766
0 0.5444834715047493 0.6554943389064786 0.5374494875854026 0.6294425466126017 0.5069749659778926 0.6440703169842064 0.5140089498972393 0.6701221092780834
0 0.5918552271282579 0.6914586491288119 0.5640906923866804 0.6896076801460401 0.5630798921813115 0.7165623522892117 0.5908444269228889 0.7184133212719835
0 0.5059016303150473 0.813455606961886 0.49573832341925533 0.7912811191892489 0.46941644635382246 0.812728574575898 0.47957975324961444 0.8349030623485351
0 0.33609790132799733 0.8844485133783125 0.3238516841538185 0.8546316367803118 0.2933183794669198 0.8769257957580474 0.30556459664109864 0.9067426723560481
0 0.45978185039758984 0.8970022307831614 0.4237410171877315 0.8818271431158528 0.4196385575640836 0.8991486393045883 0.45567939077394193 0.914323726971897
0 0.5866840477656697 0.8015200466470915 0.5827770656510214 0.7748946870509698 0.547104814274367 0.7842004917579231 0.5510117963890153 0.8108258513540448
0 0.6349197947661557 0.7400536608936702 0.6012327620737011 0.728137159533074 0.5955839436942093 0.7565260929274434 0.6292709763866636 0.7684425942880395
0 0.6341940913821712 0.6302777286845302 0.6067988318261704 0.5991223354639804 0.5924060723438097 0.6216213617812341 0.6198013318998105 0.6527767550017839
0 0.6898068050749712 0.5330401768550558 0.6520328719723184 0.5204488658208383 0.6479599192618224 0.5421712802768167 0.6857338523644751 0.5547625913110343
0 0.6917237373119729 0.5899613414319298 0.6586678590355063 0.573672937643526 0.6522619338795812 0.5967845107550992 0.6853178121560477 0.613072914543503
0 0.7079967948717949 0.44394293614881863 0.6825320512820514 0.40599547511312245 0.6667524509803923 0.4248202614379087 0.6922171945701358 0.462767722473605
0 0.6718056849436608 0.7317193091414546 0.6705912851565965 0.6977161151036585 0.6425706736314435 0.6994952015497 0.6437850734185077 0.7334983955874961
0 0.6115556516724338 0.8351835832372166 0.582618001951912 0.8333462721438502 0.5815831281607666 0.8623227382959219 0.6105207778812884 0.8641600493892883
0 0.5698331911330204 0.8809493714219505 0.5398328751323254 0.8763778946980351 0.5378944083676985 0.8989933402853487 0.5678947243683936 0.9035648170092643
0 0.685915267655735 0.8780998756434727 0.6559422718202326 0.8754356093469837 0.6546856021169529 0.9005690034125746 0.6846585979524553 0.9032332697090637
0 0.7136980223123732 0.7581192247013749 0.6839312880324545 0.7548118097813838 0.6823867478025694 0.7795244534595449 0.7121534820824882 0.7828318683795359
0 0.7459526351834607 0.6685733596030751 0.7179489612431345 0.6656256044514618 0.7163833616722669 0.6920668416483364 0.7443870356125931 0.6950145967999497
0 0.7616967163577761 0.4943593875906527 0.7417182560590097 0.45736223888923305 0.7287240567986942 0.4698366701791359 0.7487025170974607 0.5068338188805553
0 0.7906081081081081 0.387430224341989 0.7900881028086909 0.35761658717541067 0.7594389242183358 0.3585669493022434 0.759958929517753 0.38838058646882173
0 0.8057829554995802 0.5658657249633692 0.8015230651454537 0.547879521245946 0.7627549760458341 0.564202927182628 0.7670148663999605 0.5821891309000511
0 0.8153766140602583 0.687278016897816 0.8142945958871354 0.6411119081779053 0.7959780009564801 0.6418750996333492 0.797060019129603 0.6880412083532599
0 0.779577982210984 0.7804326368556472 0.7790855680507497 0.7495746828143022 0.7446244787507763 0.7505523023689114 0.7451168929110106 0.7814102564102564
0 0.7256079615861216 0.838186395995821 0.7085451745754066 0.8044530699516487 0.689298372694803 0.821760271642734 0.706361159705518 0.8554935976869064
0 0.6569372171945701 0.9642056309703368 0.6557268099547511 0.9351558572146805 0.6244202488687782 0.9374748617395674 0.6256306561085972 0.9665246354952237
0 0.7327762203983221 0.9562890147636821 0.700255144168841 0.9457130550142572 0.6956621362750603 0.9708214981669254 0.7281832125045413 0.9813974579163502
0 0.7500000000000001 0.9183006535947712 0.7272081309588057 0.886012172453079 0.7089264031300594 0.9089539485518978 0.7317182721712538 0.9412424296935902
0 0.8118063263041064 0.9314033789616476 0.8063609877913429 0.9059917992354176 0.7722091194968552 0.9190020347761748 0.7776544580096187 0.9444136145024047
0 0.7739815753887763 0.6330431597926528 0.7662694388100069 0.6073360378634212 0.7295575557809331 0.6269157088122606 0.7372696923597024 0.6526228307414922
0 0.6781721979332272 0.18661124359653797 0.6554219660837307 0.16494435612082692 0.6443677133015367 0.18557896131425558 0.6671179451510334 0.2072458487899666
0 0.4497942713101247 0.15844514773450516 0.42883533749204433 0.1454473593201917 0.4143735723502384 0.18690441939336877 0.4353325061683188 0.19990220780768223
0 0.3710171568627451 0.22630718954248374 0.33455882352941174 0.22630718954248374 0.33455882352941174 0.2549019607843138 0.3710171568627451 0.2549019607843138
0 0.2918087217585997 0.30326005834859904 0.28270341441074703 0.2633701404437208 0.25985692719994574 0.2726411787321619 0.2689622345477984 0.3125310966370401
0 0.35391185905875333 0.34641254293421336 0.33391343892077874 0.31339927794454103 0.31438788026401254 0.3344268026518277 0.33438630040198714 0.3674400676415
0 0.2461740535314472 0.36865204559332393 0.23698923773661715 0.3456900061062488 0.20198961937716264 0.3705786236063053 0.2111744351719927 0.3935406630933804
0 0.24407314167006294 0.26029307989554556 0.24047697889779465 0.2324827544566711 0.210231711044695 0.2394356895953147 0.2138278738169633 0.2672460150341892
0 0.2659323152337858 0.20222850678733031 0.2646323529411765 0.17102941176470587 0.23122171945701356 0.1735042735042735 0.23252168174962287 0.20470336852689794
0 0.35090014653548246 0.1487262461330915 0.3449416910892471 0.12330350289582026 0.3105581867978508 0.13762996301723537 0.31651664224408627 0.1630527062545066
0 0.37147671568627444 0.061478758169934686 0.3335925716440422 0.05137631975867275 0.3286906108597285 0.08405605832076425 0.36657475490196073 0.09415849673202618
0 0.45437183791471414 0.04021929620044615 0.42025293767923344 0.026278240190249758 0.4143266506959502 0.05206278706488546 0.44844555093143085 0.06600384307508185
0 0.23951839996964513 0.1364350476644768 0.23839533509681063 0.11047977060341278 0.20531116519589776 0.11302470674963681 0.20643423006873224 0.13897998381070084
0 0.30657861761027105 0.08664231014482092 0.2963786534782768 0.060349069271235685 0.26865739846595293 0.07946717617628662 0.2788573625979472 0.10576041704987187
0 0.5183676608866397 0.04632203139836094 0.503265093061202 0.016788120984171817 0.48834920075223326 0.030348023083234272 0.5034517685776709 0.05988193349742339
0 0.6052947786998617 0.04691915493721698 0.5842778760881946 0.015241504623979598 0.5661253661215524 0.03665215740514736 0.5871422687332194 0.06832980771838475
0 0.5465131151953749 0.10518683381385344 0.5022883711027699 0.10114012520407259 0.5012217092663143 0.12186384088378174 0.5454464533589193 0.1259105494935626
0 0.48469489923871234 0.16730070119384433 0.45978013132881757 0.16080119652169786 0.4555543655787305 0.18959900755932788 0.4804691334886253 0.19609851223147437
0 0.5847128340190803 0.1893942819249145 0.5843809108001387 0.16682350303687962 0.5533951306310381 0.16763358879293455 0.5537270538499797 0.1902043676809694
0 0.6690642715516847 0.0788410140640408 0.6369087482026906 0.07418079328882426 0.6348223811944207 0.09977356192360186 0.6669779045434148 0.10443378269881838
0 0.7393204521556255 0.041741407393662104 0.7147082018927443 0.01595714521350089 0.7028756494711448 0.036036628110760756 0.7274878997340258 0.06182089029092197
0 0.7302980071121647 0.10524501572249399 0.7010753136267102 0.09294072372861831 0.6935047476169308 0.12490533576990835 0.7227274411023855 0.13720962776378404
0 0.7260308535178778 0.2222462514417532 0.7199754901960784 0.18995098039215685 0.6884731833910034 0.20045174932718188 0.6945285467128026 0.2327470203767782
0 0.6930263011428289 0.30744480999576745 0.6734259305067696 0.2934662510925314 0.6567903391381784 0.33493468175046875 0.6763907097742378 0.3489132406537048
0 0.7435661764705882 0.2675653594771243 0.7083333333333334 0.2675653594771243 0.7083333333333334 0.3035130718954249 0.7435661764705882 0.3035130718954249
0 0.8159551909728554 0.2527477926487811 0.7872575991028774 0.23965766302387884 0.7792696898970376 0.27079002710817757 0.8079672817670156 0.2838801567330798
0 0.7869628777614693 0.18504666741936696 0.7725510189680478 0.1501088279201636 0.7518635213202364 0.16527965952855883 0.7662753801136577 0.20021749902776217
0 0.7972396126981144 0.09037892313474923 0.7650362361398232 0.08866140971830702 0.7638156400739209 0.129347945248387 0.7960190166322121 0.13106545866482922
0 0.5546859207600566 0.9636901152213464 0.5252615221346271 0.9313809716326394 0.5118013442490398 0.953173640590257 0.5412257428744693 0.9854827841789638
0 0.3445830344332855 0.6829702694085763 0.33664185796269724 0.6419408576438705 0.31728538976566234 0.6486011477761836 0.32522656623625057 0.6896305595408894
0 0.20973904267589394 0.8466695501730105 0.18212946943483282 0.8374663590926568 0.177642012687428 0.8613994617454827 0.2052515859284891 0.8706026528258363
0 0.29370201946115104 0.9423479699444198 0.29238102660016624 0.907121493651492 0.25069602342183755 0.9099004938633807 0.25201701628282236 0.9451269701563084
0 0.29197303921568635 0.9705882352941176 0.25551470588235303 0.9705882352941176 0.25551470588235303 0.9995915032679739 0.29197303921568635 0.9995915032679739
0 0.3837990308200133 0.9462339067984621 0.3826419348617764 0.9207777957172502 0.34823178470839394 0.9235584139114629 0.3493888806666308 0.9490145249926748
0 0.8371512066365007 0.8559263448969332 0.8172376278993926 0.8310343714755478 0.7964476071093719 0.8606024010435774 0.8163611858464799 0.8854943744649627
0 0.8967995852187031 0.9022750125691303 0.8681796757164405 0.8918677727501259 0.8621488499245853 0.9213518099547513 0.8907687594268477 0.9317590497737558
0 0.920404411764706 0.9862745098039218 0.9108455882352942 0.9607843137254902 0.8787377450980393 0.9821895424836602 0.8882965686274511 1.0076797385620915
0 0.9383949656504937 0.8774169886932874 0.9142268677544011 0.843402628691379 0.8987946364677258 0.8628959734745478 0.9229627343638185 0.8969103334764562
0 0.9148220926301555 0.7988759296822178 0.9130144945909398 0.7579037074599955 0.8876732589587557 0.7598912553527157 0.8894808569979714 0.800863477574938
0 0.8643518684980106 0.7197862233728048 0.8398570461191813 0.714887258897039 0.8366704719785225 0.7432123623695609 0.8611652943573518 0.7481113268453268
0 0.840630693649141 0.8060779252704031 0.839357756376887 0.7806191798253225 0.8080630205622074 0.7834009341199607 0.8093359578344612 0.8088596795650413
0 0.8645114942528734 0.6486871760198333 0.8435006761325218 0.6171709488393059 0.8284398242055442 0.6350208474194277 0.8494506423258957 0.666537074599955
0 0.9098737911454173 0.49076353769260356 0.8829740040812705 0.4581577351906074 0.8652016236358796 0.4842238931771805 0.8921014107000266 0.5168296956791768
0 0.8878540907513447 0.5721665509861763 0.8489746009023077 0.5687105963329285 0.8478941631962519 0.590319350454046 0.8867736530452889 0.5937753051072938
0 0.8194904966703662 0.42124568380811456 0.7997202182759897 0.4200995807127884 0.798208009618942 0.4664739795289186 0.8179782880133185 0.46762008262424487
0 0.8781108597285068 0.4290158371040726 0.8593372926093513 0.4147121669180494 0.8432927978883861 0.4521493212669684 0.8620663650075416 0.4664529914529916
0 0.9461397058823531 0.6100490196078434 0.9087316176470589 0.5934232026143793 0.9026654411764706 0.6176879084967322 0.9400735294117647 0.6343137254901963
0 0.94525801092249 0.7104470983024082 0.9285617350967235 0.6786446681580911 0.9124206310040797 0.6937096986445587 0.9291169068298462 0.7255121287888757
0 0.9571078431372549 0.7299836601307191 0.9353553921568627 0.7299836601307191 0.9353553921568627 0.7704248366013073 0.9571078431372549 0.7704248366013073
0 1.0041267936488523 0.9201656407538761 0.9830718020056254 0.8938469011998423 0.9665429711385594 0.9173545717663363 0.9875979627817862 0.94367331132037
0 0.9965212179762414 0.7071591288583564 0.9808868255331328 0.6851551691236107 0.9573135823672535 0.7149318973331427 0.9729479748103621 0.7369358570678882
0 0.9653931505034445 0.5297959724430312 0.9617638778484366 0.4991487811340752 0.9225266626921038 0.5074092474827769 0.9261559353471118 0.5380564387917329
0 0.9558823529411763 0.41462418300653603 0.9229579682655575 0.4125823607010713 0.9219530398505867 0.4413903085969053 0.9548774245262055 0.44343213090237005
0 0.8815990022301388 0.3153522364140143 0.8412999246966142 0.31328561705332075 0.8404161055116285 0.3439246821328238 0.8807151830451531 0.3459913014935173
0 0.967830882352941 0.3026960784313726 0.9505797511312215 0.2873617395676219 0.9313961161387629 0.325729009552539 0.9486472473604824 0.34106334841628966
0 0.9565679164010937 0.2795382687620079 0.9486715146561944 0.2518315959728877 0.9134563406802776 0.26967395078735223 0.921352742425177 0.29738062357647244
0 0.9065786681673923 0.26852689005338654 0.8980836531601348 0.24175472154566563 0.872557476566536 0.2561541032138494 0.8810524915737937 0.28292627172157025
0 0.8744326649899864 0.18623298092000076 0.866417202272833 0.15751090618353453 0.8328031123375714 0.17418766398087357 0.8408185750547249 0.20290973871733978
0 0.9399509803921569 0.1617647058823531 0.9044117647058824 0.1617647058823531 0.9044117647058824 0.19035947712418314 0.9399509803921569 0.19035947712418314
0 0.9033529529247287 0.07079720743899719 0.8956348979076351 0.044727332714591714 0.8648379401191274 0.06093625786643788 0.8725559951362212 0.08700613259084336
0 0.851994688778224 0.05749811227889983 0.8175068554082062 0.039318479184626894 0.8082716862469964 0.07046453988517777 0.8427595196170142 0.08864417297945071
0 0.9681520716711021 0.1354380155598384 0.9378522567373281 0.10618302183067738 0.9238403727325561 0.1319826812680353 0.9541401876663301 0.16123767499719632
0 0.9583771446078432 0.008254493464052444 0.9224592524509805 0.00825449346405244 0.9224592524509805 0.04322058823529427 0.9583771446078432 0.04322058823529427
0 1.0002934080090833 0.4628941220140617 0.9946667976767544 0.4414594159861421 0.9661175160487357 0.4547824140792175 0.9717441263810646 0.47621712010713707
0 0.22910678338462728 0.004001493654388412 0.1929386420165302 0.0029298450212596047 0.19245201473975573 0.03212748162772845 0.22862015610785283 0.03319913026085727
0 0.06372549019607843 0.053513071895424834 0.0392156862745098 0.053513071895424834 0.03921568627450981 0.0959967320261438 0.06372549019607844 0.0959967320261438
0 0.0814047326343787 0.15160318859404964 0.049172794117647065 0.14644607843137258 0.04710405455557618 0.16943207356549353 0.07933599307230782 0.1745891837281706
0 0.11680607645742862 0.08651083475895956 0.09560674101855508 0.06672478834934426 0.08216336031056719 0.0923312277931307 0.10336269574944072 0.112117274202746
0 0.18485197502237413 0.10614304504651105 0.15795666036123993 0.08538174951861799 0.1455949729476853 0.1138510902286226 0.1724902876088195 0.13461238575651566
0 0.16412635613613466 0.20342856926790298 0.1630235420852031 0.18019595326161109 0.12527375995881915 0.18338158888409073 0.12637657400975072 0.2066142048903826
0 0.0859114983077263 0.25887035446211043 0.05094409980894443 0.25231396724358884 0.048353099020312 0.27688049323951114 0.08332049751909387 0.2834368804580327
0 0.06507352941176477 0.3485294117647059 0.03677884615384621 0.3191867772750126 0.022591440422322844 0.3435080442433384 0.0508861236802414 0.3728506787330317
0 0.12538696155796822 0.35508162054826314 0.1187614705022737 0.33023602908940874 0.084073946325571 0.3466804849954011 0.0906994373812655 0.3715260764542555
0 0.10337025555723574 0.43894643547221807 0.10194172463329805 0.4110107196263253 0.06937392887746358 0.41397142833140116 0.07080245980140128 0.44190714417729393
0 0.164149358196887 0.41676352671652866 0.145729103497069 0.4058478202277476 0.1329688447543967 0.44412859645576447 0.15138909945421472 0.45504430294454556
0 0.1133376612310066 0.5036409653827985 0.11192380657661051 0.4725361629860849 0.07957641542435821 0.47515009358424676 0.08099027007875428 0.5062548959809603
0 0.0880677201819955 0.5128236377423898 0.05573018226627673 0.5105543368360236 0.05445814375473953 0.5427793124616329 0.0867956816704583 0.5450486133679991
0 0.19064818710318976 0.5216126112343508 0.1806657806165379 0.49388370432698436 0.15295679390091538 0.5116174558249827 0.16293920038756723 0.5393463627323491
0 0.2563169966430152 0.5155642023346304 0.2282403963530938 0.5132244856438036 0.22652494850080113 0.5498207064927139 0.25460154879072255 0.5521604231835406
0 0.14154411764705888 0.565359477124183 0.10876225490196084 0.565359477124183 0.10876225490196086 0.5988562091503268 0.1415441176470589 0.5988562091503268
0 0.08290912518853696 0.592288838612368 0.07388264129181084 0.5611976163014225 0.0438772624434389 0.5766842634489693 0.052903746340165 0.6077754857599148
0 0.12303417942519478 0.6506356880651804 0.10758125167875374 0.631503491807682 0.0864449033037873 0.6618531202435313 0.10189783105022834 0.6809853165010297
0 0.09191176470588243 0.7340686274509803 0.06004901960784321 0.7340686274509803 0.06004901960784321 0.7630718954248366 0.09191176470588243 0.7630718954248366
0 0.1622493414625637 0.754151111808899 0.13251866582932106 0.7333868304142533 0.12311597236759468 0.7573209592259205 0.15284664800083733 0.7780852406205662
0 0.16153538184001306 0.6827250569272497 0.16113192452962158 0.6606693906258501 0.1318421988295913 0.6616219020307291 0.13224565613998276 0.6836775683321288
0 0.19211769759450176 0.5872498483929656 0.16306599959571466 0.5700340273566472 0.1529714978775016 0.6003175325112864 0.18202319587628873 0.6175333535476047
0 0.26906889580649773 0.48893480749964213 0.2585225239730929 0.4502647774438242 0.2348334406755403 0.4617503935880921 0.24537981250894522 0.50042042364391
0 0.32155237785722024 0.4633955331672264 0.3013250189578594 0.4391227024879934 0.2796470452822013 0.47123821904452384 0.29987440418156214 0.4955110497237569
0 0.18985060405580328 0.9227331927065855 0.16845059386835426 0.884129252760599 0.1462168608274606 0.9060407577864072 0.16761687101490966 0.9446446977323936
0 0.13136907469173242 0.9815565831143456 0.12191732363048313 0.9487905127686813 0.0857227233676976 0.9673518462367766 0.09517447442894687 1.0001179165824408
0 0.0728117445608381 0.9045124899274779 0.04286277867311316 0.8895380069836154 0.034011549825409694 0.9210090428865612 0.06396051571313463 0.9359835258304237
0 0.07659313725490197 0.8112745098039216 0.04852941176470591 0.7925653594771243 0.03848039215686279 0.8193627450980392 0.06654411764705884 0.8380718954248365
0 0.10384538217942052 0.8462949707906762 0.071554257765053 0.8434246486205103 0.07008068714211356 0.8728960610792991 0.10237181155648108 0.875766383249465
0 0.060482002437505296 0.6524055890937112 0.01755466045611898 0.6473848473415023 0.016040109538011965 0.6704060212967289 0.05896745151939828 0.6754267630489378
0 0.17592966489874642 0.31038452266152367 0.16371594744455162 0.26876741133611914 0.14422814207650275 0.2789349619629273 0.15644185953069756 0.3205520732883318
0 0.4464469387599033 0.128581515809652 0.44354285200819793 0.10438079287877401 0.41263076993667974 0.11097537038736456 0.41553485668838513 0.13517609331824254