0 0.6296244232987313 0.6251730103806228 0.624556660899654 0.5947664359861592 0.5866349480968858 0.6060024990388312 0.591702710495963 0.6364090734332948
0 0.5613425475940542 0.6353412041176904 0.5294030574886928 0.6215295327207773 0.5227280642924719 0.6489711714163524 0.5546675543978331 0.6627828428132655
0 0.5354875100725223 0.54258304234936 0.5159194533977974 0.5349467275494673 0.508608816814397 0.5682507386516251 0.5281768734891218 0.5758870534515177
0 0.6208023802304427 0.4875724344720707 0.5872593238326259 0.46769506771780894 0.5776575449767537 0.4965004042854257 0.6112006013745704 0.5163777710396875
0 0.6625118950650879 0.540774761208941 0.6561075487806731 0.5140454294532399 0.6248448156244968 0.527361960987251 0.6312491619089116 0.554091292742952
0 0.7274050159886197 0.576354001267326 0.7242954124428861 0.5498752559233516 0.6933793027359653 0.5563298648301346 0.6964889062816988 0.5828086101741091
0 0.6646936274509804 0.7185130718954249 0.6376348039215687 0.6914542483660133 0.6225245098039217 0.7183169934640525 0.6495833333333333 0.7453758169934642
0 0.5967903457090309 0.6999899986491683 0.5727491115683158 0.6860530513212174 0.5637868621216373 0.7135372829576981 0.5878280962623524 0.727474230285649
0 0.5694306184012067 0.756612619406737 0.5680184766214178 0.7227212166918049 0.5454336349924584 0.7243941679235797 0.5468457767722473 0.7582855706385118
0 0.534279792984767 0.7235468557674971 0.49907512485202005 0.7139673542347769 0.4953155992504959 0.7385295881647342 0.5305202673832429 0.7481090896974544
0 0.4719193711967546 0.597165877845391 0.4374207657200812 0.5774523890015777 0.4288000760649088 0.6042723123732252 0.46329868154158216 0.6239858012170385
0 0.4811390532544378 0.5119890165139034 0.4473111729899059 0.4931957497002746 0.43898110279614794 0.5198519743203002 0.4728089830606798 0.5386452411339289
0 0.42057919479267114 0.6983151183970856 0.41758829556412724 0.654448596378442 0.39449483686917386 0.6572478034929818 0.39748573609771776 0.7011143255116254
0 0.3799450375559119 0.694215873819638 0.37714284960756184 0.6665676193959171 0.34244429030579243 0.6728196120629026 0.34524647825414245 0.7004678664866234
0 0.38930974459847634 0.5776976395653804 0.3638730173598102 0.5591982015736232 0.35426033470713136 0.5826958702801716 0.3796970619457975 0.6011953082719288
0 0.36508056091288976 0.5175050894674811 0.3407314770170363 0.4904505518054217 0.32563886210221793 0.5145987356691311 0.34998794599807137 0.5416532733311905
0 0.32107843137254904 0.6045751633986928 0.29595588235294124 0.6045751633986928 0.29595588235294124 0.6429738562091504 0.32107843137254904 0.6429738562091504
0 0.29927740913438544 0.5340795871194006 0.2867654531324725 0.4887982225410491 0.26684600669536107 0.49858321377331427 0.27935796269727403 0.5438645783516658
0 0.24601420245050767 0.48030076704420127 0.2319133837237884 0.4545729574375555 0.2063648084595458 0.479466441028356 0.22046562718626506 0.5051942506350017
0 0.22804372528637243 0.5493058103352222 0.2015848569157393 0.5334304893128423 0.19425866760425584 0.5551377169024229 0.220717535974889 0.5710130379248027
0 0.2700383039485581 0.6281466618535463 0.24711623938976832 0.5923445800664842 0.23016327358541488 0.6116406387055857 0.2530853381442047 0.6474427204926477
0 0.18474264705882354 0.5375816993464052 0.16115196078431374 0.5061274509803921 0.14399509803921567 0.5290032679738562 0.16758578431372548 0.5604575163398693
0 0.13539649247906285 0.43241903915112895 0.10189817097147144 0.4065136705185916 0.0882930656548761 0.4377897746946728 0.12179138716246753 0.4636951433272101
0 0.12487380024877513 0.5737283197319506 0.09831682887471327 0.5556119361589472 0.08869623181462909 0.580683795164015 0.11525320318869094 0.5988001787370185
0 0.22550681906425943 0.3971007247783603 0.20212228208114932 0.3782480748074808 0.1922164385556203 0.4000917297612115 0.2156009755387304 0.418944379732091
0 0.2816602499368847 0.39576145193413576 0.2573700349238408 0.3758310191029202 0.24586199823276952 0.40076509860024134 0.2701522132458134 0.4206955314314568
0 0.30486678697848296 0.32527443025891895 0.29125402696575586 0.3001431810046534 0.2674949290060852 0.32302231237322515 0.28110768901881233 0.34815356162749067
0 0.36856617647058826 0.32434640522875824 0.3314950980392157 0.32434640522875824 0.3314950980392157 0.36029411764705893 0.36856617647058826 0.36029411764705893
0 0.3629654108834544 0.4471203275317617 0.3583557088565763 0.42165721157376806 0.326819646397885 0.4318067489167951 0.3314293484247631 0.4572698648747887
0 0.41574754901960786 0.3823529411764707 0.38756127450980393 0.3823529411764707 0.38756127450980393 0.4121732026143792 0.41574754901960786 0.4121732026143792
0 0.3940601230555816 0.2849420571090122 0.36447666308176685 0.269403270052059 0.35723599356276686 0.293910151500982 0.3868194535365816 0.3094489385579352
0 0.44176426226599247 0.342390500694999 0.4354357976222163 0.31876423269156834 0.40956464599414416 0.331083828704936 0.41589311063792034 0.3547100967083667
0 0.5072329898293482 0.3799712320505925 0.5061274509803921 0.35049019607843135 0.47510818541880584 0.3525581471158704 0.47621372426776193 0.38203918308803153
0 0.5244851268711926 0.4804010110868002 0.5233419481654048 0.45715637740244613 0.49302090383919156 0.4598073976714046 0.49416408254497945 0.4830520313557587
0 0.4709303711757077 0.28303419292490023 0.4695141432059205 0.25282132956944126 0.44029311627374684 0.2552564151471224 0.441709344243534 0.28546927850258136
0 0.45160792765382013 0.4614294568402074 0.4499112576064908 0.43428273608293905 0.4126394523326572 0.4384240477800317 0.4143361223799865 0.46557076853730006
0 0.603129713423831 0.33663273001508315 0.5709605957767722 0.308037958773253 0.5575273378582202 0.33490447461035705 0.589696455505279 0.3634992458521872
0 0.5794298602763454 0.4415378434388479 0.5462907311903009 0.429032511708265 0.5395276127095533 0.46089431432867606 0.5726667417955977 0.4733996460592588
0 0.5804861197932946 0.38743896425024144 0.5544454298722676 0.3754662332520681 0.5483635603550665 0.3989827953852459 0.5744042502760934 0.41095552638341915
0 0.6467524509803921 0.3051470588235295 0.6124387254901961 0.3051470588235295 0.6124387254901961 0.3386437908496733 0.6467524509803921 0.3386437908496733
0 0.7270076910074375 0.31305668244309226 0.6961680189317107 0.28802738336714007 0.68585615280595 0.31061528059499677 0.7166958248816767 0.33564457967094896
0 0.6571398573474334 0.38796862377909974 0.6273580359109936 0.37880498641404137 0.6230464447014761 0.40371640229125366 0.6528282661379159 0.41288003965631204
0 0.7201957315945248 0.3894877605130103 0.6962772844987051 0.3881011838697744 0.6952333055863855 0.4201165371809103 0.7191517526822051 0.42150311382414624
0 0.7091545406806792 0.47499412699348564 0.684004891166254 0.4407577625333315 0.6683404149864954 0.46121456002648287 0.6934900645009207 0.49545092448663697
0 0.7549879969110933 0.48308096069478046 0.7295968473005642 0.4676923851732475 0.7210142190437819 0.4928680947264753 0.7464053686543111 0.5082566702480081
0 0.7981805693668885 0.441909533644407 0.7848850365894083 0.40497749815140616 0.7662198169254697 0.4169232387363268 0.77951534970295 0.45385527422932764
0 0.8248095030091244 0.3346478030155958 0.80053903368278 0.3201413156021486 0.7866109129295282 0.3615685465605385 0.8108813822558726 0.37607503397398573
0 0.8005311361270171 0.2920769709063566 0.7990345197813638 0.2621446439932905 0.7636932261842787 0.2652860923130314 0.7651898425299322 0.2952184192260975
0 0.7040866072706455 0.200926721053385 0.6690080685558896 0.18391894470683662 0.6622186739659367 0.20881339153666345 0.6972972126806928 0.2258211678832118
0 0.6617647058823529 0.23611111111111122 0.6262254901960784 0.23611111111111122 0.6262254901960784 0.26633986928104586 0.6617647058823529 0.26633986928104586
0 0.617953431372549 0.25694444444444453 0.5943627450980392 0.22549019607843146 0.5799632352941176 0.24468954248366023 0.6035539215686274 0.2761437908496733
0 0.8079044117647058 0.18300653594771255 0.7751225490196079 0.18300653594771255 0.7751225490196079 0.21241830065359488 0.8079044117647058 0.21241830065359488
0 0.8637825028875995 0.24530736117489332 0.8444738567889898 0.21647311633430275 0.8316214305097485 0.23177362380959005 0.8509300766083582 0.26060786865018065
0 0.8830025665926747 0.19951334936490334 0.850254925083241 0.19352031693180433 0.8475931834998152 0.219377235170798 0.8803408250092489 0.22537026760389703
0 0.8988357843137256 0.17099673202614377 0.8834558823529413 0.12998366013071896 0.8610294117647059 0.14493464052287588 0.8764093137254901 0.18594771241830066
0 0.9624175108770455 0.1793405147107425 0.9577885697705613 0.15190975259824335 0.9227662324596704 0.16241645379151065 0.9273951735661546 0.1898472159040098
0 0.9621675402834401 0.27485763282210585 0.9178496893807028 0.2689485860350742 0.9158810182488838 0.29519753445932845 0.9601988691516211 0.3011065812463601
0 0.8372822528665445 0.13594460275459672 0.8277242774272339 0.11204966415631998 0.8015182933034803 0.13068503064432235 0.8110762687427912 0.1545799692425991
0 0.8889381487889273 0.33179065743944647 0.8671118079584775 0.3132713379469435 0.8529952422145328 0.34284890426758946 0.8748215830449826 0.3613682237600924
0 0.9205730811001945 0.40073318936849117 0.889374384360872 0.3964000370435853 0.8871347997120704 0.4250667205482452 0.9183334964513928 0.42939987287315107
0 0.9812105617172832 0.4036794546709767 0.980702007481176 0.37316620050455196 0.9470108564156164 0.3741644568324204 0.9475194106517236 0.40467771099884514
0 0.9617020360518963 0.4959004150348059 0.932257780307959 0.4655063445894513 0.9194128570426215 0.4876281568797545 0.9488571127865588 0.5180222273251092
0 0.8977023197754938 0.4768098379376537 0.8781468674830526 0.44291372063075557 0.8586324167213354 0.4629285419248245 0.8781878690137765 0.49682465923172264
0 1.0003822306273757 0.5893847302196632 0.9827555182341651 0.5466533062361222 0.9630794616311015 0.561082414411702 0.9807061740243121 0.6038138383952432
0 0.9286278418496853 0.5902724129051246 0.9189107162564837 0.5495530294669463 0.8990062723025419 0.5579973390231641 0.9087233978957436 0.5987167224613423
0 0.9343306288032455 0.6516086319585305 0.9208713657876944 0.6067444219066938 0.9022777214334009 0.6166610322289837 0.9157369844489519 0.6615252422808204
0 0.9824199529380021 0.6719556301563622 0.9714652742505528 0.6559243930527779 0.9469534035956528 0.6857017766631748 0.9579080822831022 0.701733013766759
0 0.8711996619337391 0.6394179569528962 0.8442148411088573 0.5989407257155737 0.8306943035835024 0.6149650664863648 0.857679124408384 0.6554422977236872
0 0.8835088327783943 0.545680108521396 0.8629427950425452 0.5351954618325319 0.8538799482056973 0.5667992354174376 0.8744459859415464 0.5772838821063017
0 0.8454546279865035 0.6732461475010094 0.8084808974910921 0.6525265690591364 0.8018101575242735 0.6736889165400781 0.838783888019685 0.6944084949819511
0 0.7780806288032456 0.7275890241153934 0.7481670469912104 0.7104955487942304 0.7394988167680865 0.7374633761550599 0.7694123985801217 0.7545568514762229
0 0.8351427335640139 0.7511341791618609 0.8338703863898501 0.7290801614763552 0.8009767877739331 0.7324538638985005 0.8022491349480969 0.7545078815840063
0 0.8152604280559806 0.8105894805257915 0.8094925377214083 0.788422686298807 0.7767334536044902 0.803576548339286 0.7825013439390626 0.8257433425662706
0 0.8290226443489536 0.863907680545071 0.8101158590287051 0.8397946789772178 0.7927696683313008 0.8639742175251148 0.8116764536515493 0.888087219092968
0 0.8773651960784313 0.8701143790849675 0.8624142156862745 0.8551633986928109 0.8390686274509804 0.8966666666666671 0.8540196078431372 0.9116176470588236
0 0.9393896701016173 0.9285995420065839 0.9264728245312724 0.8812377749153191 0.9071132102476025 0.8906242545680074 0.9200300558179475 0.9379860216592723
0 0.9238441580536768 0.8556012788340209 0.9136095870018288 0.829673698836006 0.8867896941857002 0.848494676250833 0.8970242652375482 0.874422256248848
0 0.7273390625966474 0.9068447042329026 0.7245121234613717 0.8754342693965073 0.688088099987629 0.8812621131523061 0.6909150391229045 0.9126725479887015
0 0.6505514705882354 0.8918300653594773 0.6251838235294117 0.8749183006535949 0.6156862745098038 0.9002450980392157 0.6410539215686275 0.9171568627450981
0 0.6295955882352942 0.9665032679738562 0.5998774509803922 0.9665032679738562 0.5998774509803922 0.9995915032679739 0.6295955882352942 0.9995915032679739
0 0.7956495098039216 0.9391339869281046 0.7653186274509803 0.9391339869281046 0.7653186274509803 0.9722222222222222 0.7956495098039216 0.9722222222222222
0 0.6819943654232931 0.9731688057669317 0.6584569190735864 0.9471436618355488 0.6453672410099042 0.9681898108791163 0.6689046873596108 0.9942149548104994
0 0.7541137361909422 0.9968318148465207 0.7533815631242103 0.9665686614216028 0.7214828303982717 0.9679406499259443 0.7222150034650037 0.9982038033508623
0 0.5816180413551495 0.9468713386152526 0.5515251439449527 0.9188593726748618 0.5402923315132606 0.9403122917819932 0.5703852289234573 0.968324257722384
0 0.5091038812785389 0.9688289014235831 0.4767068728176203 0.9672290491539082 0.47587924724684405 0.9970235697018534 0.5082762557077626 0.9986234219715283
0 0.47482644960481224 0.9153697745447764 0.4413919514000607 0.9142824737901503 0.440856801252011 0.9435373485502008 0.4742912994567625 0.9446246493048269
0 0.4888480170308529 0.8476607424287599 0.4814441616617683 0.8222018713350654 0.4510554878178643 0.8379130224380363 0.4584593431869489 0.8633718935317308
0 0.5122418184355594 0.7776702021259275 0.49272119879980475 0.7695366106110296 0.48390617367943634 0.8071473844579351 0.5034267933151909 0.8152809759728328
0 0.6201144779321512 0.8180951803832176 0.593619940743262 0.7918529721199369 0.5791048764324246 0.8179056516522093 0.6055994136213138 0.8441478599154899
0 0.4507686614249661 0.7383533941629457 0.4393242816928752 0.714193036950754 0.41280091244418565 0.7365285057917558 0.4242452921762765 0.7606888630039474
0 0.4425572916666667 0.21856454248366025 0.4076458333333333 0.21856454248366025 0.4076458333333333 0.2497969771241831 0.4425572916666667 0.2497969771241831
0 0.44672507438170217 0.1610785691164419 0.40367698712783334 0.15173479823963312 0.3994352285171182 0.18647682114644254 0.4424833157709871 0.19582059202325128
0 0.5347916666666667 0.19114379084967317 0.5321446078431373 0.166437908496732 0.4982598039215686 0.1728921568627451 0.500906862745098 0.19759803921568625
0 0.5509950200239246 0.23875539605762747 0.5254810942944816 0.21174065116762902 0.5086385681593592 0.24001946048092107 0.5341524938888021 0.26703420537091954
0 0.6101109258136245 0.1465871571996497 0.5760277693551648 0.12638973115019217 0.5702793359611886 0.1436350313321206 0.6043624924196482 0.16383245738157817
0 0.5559954751131221 0.042546505781799936 0.5497171945701357 0.011852689793866288 0.5152903469079938 0.024371543489190586 0.5215686274509803 0.05506535947712424
0 0.4871212202254887 0.13661145230426205 0.48307236653491636 0.10531850786172477 0.4455381448690387 0.11395208039505267 0.44958699855961115 0.14524502483758994
0 0.45382390128450334 0.06376871048896166 0.45149326929255534 0.03186226966698731 0.40923932856736445 0.03734933377639954 0.41156996055931244 0.06925577459837388
0 0.7643493387287799 0.08537801026450853 0.7369304349256479 0.0745092556038076 0.7300567920121068 0.10533650260999267 0.7574756958152388 0.1162052572706936
0 0.6520559073487752 0.07232035401507157 0.6515327306560017 0.04302245921975968 0.6230999694495362 0.043925086559647476 0.6236231461423096 0.07322298135495937
0 0.7361104826546003 0.025341880341880455 0.7001376319758672 0.02267722473604837 0.6989093137254901 0.052156862745098155 0.7348821644042233 0.054821518350930236
0 0.875133897262972 0.08622163139304387 0.8612669743301538 0.05100404934144161 0.8402937393722801 0.06568531381195293 0.8541606623050986 0.1009028958635552
0 0.8639705882352942 1.3954870286852703e-16 0.8330269607843137 1.370223685810703e-16 0.8330269607843137 0.02696078431372563 0.8639705882352942 0.02696078431372563
0 0.928921568627451 1.4907873617071537e-16 0.8933823529411765 1.4617720372175516e-16 0.8933823529411765 0.02777777777777793 0.928921568627451 0.02777777777777793
0 0.9860759397119844 0.09954268706099338 0.9666013241396141 0.07657262766794146 0.9460756346106906 0.10750989884197114 0.9655502501830607 0.13047995823502306
0 0.9918057881515598 0.03020142813946473 0.9612032045914455 0.023584653315656193 0.957825038378341 0.05136068662340398 0.9884276219384553 0.05797746144721251
0 0.7199754901960784 0.12336601307189554 0.6890318627450981 0.12336601307189551 0.6890318627450981 0.14787581699346417 0.7199754901960784 0.1478758169934642
0 0.7790983339841205 0.5745917265773939 0.7461895437597137 0.5496608248922372 0.7353450800468565 0.5751091664050757 0.7682538702712634 0.6000400680902324
0 0.7494023361395609 0.644111837989526 0.7197836233399468 0.6223233596082008 0.7092468653368368 0.6477871914490502 0.7388655781364506 0.6695756698303754
0 0.7246089403605074 0.7097684807424443 0.6890728154439583 0.7046918914686515 0.6868057358504563 0.7329044375211206 0.7223418607670055 0.7379810267949132
0 0.8267075376056716 0.5260330153515895 0.8059814999118435 0.4975347135225761 0.7916892857474273 0.5160135358765688 0.8124153234412552 0.5445118377055824
0 0.16451501358778442 0.687102420209849 0.16206841266649605 0.6436072927202785 0.13566210744708074 0.64624792324222 0.13810870836836908 0.6897430507317907
0 0.22275641025641021 0.7657742584213172 0.20192307692307693 0.7241075917546506 0.18516685520361986 0.7390020110608346 0.2060001885369532 0.7806686777275013
0 0.11019319492502885 0.8044454056132255 0.09081603229527108 0.7743031526336025 0.07217055940023066 0.7956122645136485 0.09154772202998845 0.8257545174932719
0 0.10308454181408191 0.8648950382091593 0.07967893452820655 0.8325317293694302 0.06355964808263029 0.8532565262280284 0.08696525536850566 0.8856198350677573
0 0.16144781410418255 0.9383397851272128 0.1302346314062107 0.9127289685545179 0.11795869098712462 0.9393268394625377 0.1491718736850965 0.9649376560352325
0 0.2013821922211508 0.8584860173577628 0.1683165581806494 0.8544780617164899 0.16663904291224696 0.8790816189863924 0.19970467695274838 0.8830895746276652
0 0.2775343991007144 0.9023319293852037 0.24402062167392366 0.898708818312037 0.24281603062124713 0.9185176489560508 0.2763298080480379 0.9221407600292175
0 0.37934797206553866 0.7884714388038321 0.3634438792640344 0.7788325946817084 0.3493738248724148 0.8201047542304594 0.36527791767391893 0.829743598352583
0 0.2938477203148918 0.7257984668464661 0.27563620708506464 0.6942318439147656 0.25954196734455864 0.7107387564691305 0.27775348057438587 0.7423053794008311
0 0.30269342662050397 0.7780019441898706 0.2720395537037666 0.7597171778886588 0.26391599628887913 0.7839285646938137 0.29456986920561645 0.8022133309950255
0 0.24897738189871957 0.8223812968382308 0.22750597275666443 0.7863092315707355 0.20848286359091822 0.8064394511814718 0.2299542727329734 0.8425115164489672
0 0.1792255844645551 0.7955222473604826 0.1522671568627452 0.7675653594771242 0.13943250377073915 0.7895676219205632 0.16639093137254907 0.8175245098039217
0 0.13220185334407747 0.7117300116393589 0.09453062046736509 0.6928943952010027 0.08653555600322324 0.7213212910735072 0.12420678887993562 0.7401569075118632
0 0.045467342342342336 0.762431549196255 0.041973039215686285 0.7344771241830066 0.006698794382617923 0.7423158452570218 0.010193097509273977 0.7702702702702702
0 0.06571455505279034 0.9391088486676722 0.06299019607843134 0.910049019607843 0.028789592760180983 0.9157491201608846 0.03151395173453997 0.9448089492207138
0 0.1252923335590089 0.6420057236217105 0.10816921744167525 0.5992180655388913 0.08935201114005811 0.6126054860321872 0.10647512725739175 0.6553931441150063
0 0.21909171344886505 0.6562162693569822 0.20065113701082096 0.6400245437040654 0.18206817996908314 0.6776492962330161 0.20050875640712723 0.6938410218859329
0 0.04940960826390642 0.6761003113691828 0.046572572161911976 0.6332295436057112 0.025265347555331143 0.6357362759123678 0.028102383657325588 0.6786070436758395
0 0.04656284423881912 0.5528097231401924 0.04477775941837409 0.5248433942865535 0.005695224719101124 0.5292782918410809 0.007480309539546157 0.5572446206947197
0 0.2807660484575996 0.23048582490320974 0.2735799534782066 0.1979088609966279 0.23693916260771827 0.21227779859289783 0.24412525758711134 0.24485476249947963
0 0.1630282483537505 0.26465345988301514 0.13173249365412204 0.239047842401501 0.1206172056064452 0.26319957939398403 0.15191296030607365 0.28880519687549816
0 0.11044015758728434 0.07772683361258281 0.10758035026943803 0.05266947425621518 0.07865849861884705 0.05853767604039306 0.08151830593669337 0.08359503539676069
0 0.15027573529411764 0.36744281045751637 0.13082107843137256 0.34150326797385633 0.11718750000000004 0.3596813725490197 0.13664215686274508 0.38562091503267976
0 0.1266101539168501 0.1250897856392282 0.09993496564122144 0.10195660203677105 0.08590321290589735 0.13072141039243398 0.11257840118152602 0.15385459399489115
0 0.18615554923274058 0.09952900634075103 0.146351080028461 0.08504497753845332 0.13916887185590676 0.12013453727050298 0.1789733410601863 0.13461856607280068
0 0.09040921898846246 0.18070884399283427 0.0663574630542753 0.1510280501837908 0.051600702966889324 0.17228690011196038 0.07565245890107647 0.20196769392100383
0 0.14667438319159007 0.20385078350248176 0.11103968077914192 0.19664785555075917 0.10754028938922733 0.22742540641836595 0.14317499180167548 0.23462833437008854
0 0.22341329656862746 0.14249673202614382 0.18712561274509804 0.14249673202614382 0.18712561274509804 0.17464991830065366 0.22341329656862746 0.17464991830065366
0 0.25449964238364386 0.09460697090223993 0.2219894808457191 0.09378910520317266 0.2215953396483149 0.12164174981973813 0.25410550118623965 0.12245961551880544
0 0.3390925903090477 0.1698451402921641 0.3183285367839319 0.13216222833917626 0.29770851233379475 0.1523614359638004 0.3184725658589105 0.19004434791678826
0 0.35675313495465727 0.24516643664220042 0.3348221754041112 0.21669466459412304 0.3219913409729338 0.2342648162476272 0.34392230052347983 0.2627365882957046
0 0.22681960525862363 0.06011865789080719 0.2011144637995796 0.03784086862630234 0.18909593714462938 0.062494256636456594 0.21480107860367345 0.08477204590096145
0 0.3603040209157033 0.0935298225669608 0.3324216038390728 0.08488411184552501 0.3281003204257588 0.10965947008185868 0.3559827375023893 0.11830518080329448
0 0.12264814013840832 0.32262831603229525 0.09728229527104962 0.30233564013840825 0.0893075980392157 0.32005718954248363 0.1146734429065744 0.34034986543637064
0 0.21354166666666666 0.3202614379084967 0.17708333333333334 0.3202614379084967 0.17708333333333334 0.34967320261437906 0.21354166666666666 0.34967320261437906
0 0.3555005656108598 0.05766716943187528 0.3364135558069382 0.024946581196581157 0.32010275263951743 0.04186148818501757 0.33918976244343896 0.0745820764203117
0 0.7274330987258717 0.8071348643218638 0.694616426337072 0.7955262455176626 0.6894836728465706 0.8213216220340277 0.7223003452353703 0.832930240838229
0 0.5732695875311451 0.8599318871194888 0.5431832954176146 0.8578205683746796 0.542297184757881 0.8802687050879283 0.5723834768714116 0.8823800238327375
0 0.3474149093599704 0.9219231717844371 0.3425245098039216 0.8991013071895425 0.30675406955234924 0.9127281415710938 0.31164446910839805 0.9355500061659885
0 0.23992505656108598 0.9769513574660634 0.23615431749622928 0.9518130970336852 0.19591346153846154 0.9625439919557567 0.19968420060331823 0.9876822523881349
0 0.140737087517934 0.489907141718476 0.12194374701099953 0.4698609118444125 0.10191744380679102 0.5032380838514268 0.1207107843137255 0.5232843137254902
0 0.055840610026697844 0.4497009391373021 0.023795533204264627 0.4469736985566695 0.02227886476953275 0.47865521697106866 0.05432394159196596 0.4813824575517012
0 0.09103506787330319 0.3676030668677727 0.06776960784313729 0.3637254901960784 0.06463046757164408 0.39720965309200607 0.08789592760180998 0.40108722976370037
0 0.05559170570883222 0.35162169587599057 0.03962562901266702 0.3153066979003991 0.021344948377581132 0.329595045982995 0.03731102507374633 0.36591004395858645
0 0.028799019607843163 0.23815359477124182 2.2174211344855567e-17 0.23815359477124182 2.4462920130026786e-17 0.28799019607843135 0.028799019607843163 0.28799019607843135
0 0.044672919019897464 0.059690604454484895 0.017474096359370927 0.026111811046427437 -0.001136791496509969 0.05291148955889593 0.02606203116401657 0.0864902829669534
0 0.9226203391192543 0.7555394835529843 0.889270431533269 0.738139531768992 0.8848179845708777 0.7533108325297334 0.9181678921568629 0.7707107843137257