0 0.4375770321611997 0.36823786658132596 0.4167353672683292 0.34507244820174543 0.406726876606538 0.36108049414436805 0.42756854149940854 0.3842459125239485
0 0.2865688350716147 0.7698113888845879 0.2852650837946972 0.7402923027339993 0.2579812029344819 0.7424345788994337 0.25928495421139935 0.7719536650500224
0 0.24585119592156954 0.7127577927958266 0.2329175356679172 0.6984567603137402 0.21330367693339283 0.7299918863983745 0.22623733718704514 0.7442929188804612
0 0.3829330479841471 0.7428396324597505 0.3565022713949313 0.7358213525120764 0.3524782722995261 0.7627624066048044 0.37890904888874194 0.7697806865524784
0 0.3383470544726208 0.6860765229150929 0.318336425430467 0.6568038954012266 0.3035886564359062 0.6747265705866438 0.32359928547806005 0.7039991981005099
0 0.2597899089148441 0.6512906229664505 0.24452122492700112 0.615719622906859 0.2241877639517908 0.6312361423931825 0.23945644793963375 0.6668071424527738
0 0.21563972694829517 0.5441109269519726 0.20247241036436509 0.5265518038520487 0.18487009103418298 0.5500179527821998 0.19803740761811306 0.5675770758821237
0 0.17318660586650705 0.4394224738700988 0.1398297078718947 0.4366642807542652 0.13869571625261906 0.461045100568692 0.1720526142472314 0.4638032936845256
0 0.2523953257221421 0.48544281257964306 0.22885162452336025 0.4579465673735543 0.2170508975354366 0.4759099276990371 0.24059459873421846 0.5034061729051259
0 0.35936147673043145 0.8658796880013915 0.3420260762759707 0.849236967161532 0.3229526000116983 0.8845566566155052 0.34028800046615904 0.9011993774553647
0 0.41154518265092993 0.92439245912771 0.40448714411992687 0.9044054753977134 0.38170976831186787 0.9187048790727512 0.38876780684287093 0.9386918628027479
0 0.4857385515341733 0.880565656673388 0.48364372037735054 0.8379079357117932 0.46001393405099045 0.8399708854327995 0.4621087652078132 0.8826286063943942
0 0.47959360490887326 0.7689581779606773 0.46753850015745385 0.7368021431963605 0.4527336690959727 0.7466692408908133 0.46478877384739214 0.77882527565513
0 0.4545465456829829 0.7081186878439367 0.4340406511640736 0.6870582917571745 0.423852740044532 0.7046932649963344 0.44435863456344127 0.7257536610830969
0 0.4301659435071085 0.6519732017233467 0.4244471187675924 0.6299555315605738 0.40482672895853533 0.6390153716140475 0.41054555369805146 0.6610330417768204
0 0.36531848696820163 0.6233220385674247 0.33891346400807854 0.6091925955413247 0.3325145835654672 0.6304516025910091 0.3589196065255903 0.6445810456171093
0 0.35490663220412 0.5446641403790798 0.3260620585254809 0.5421294806983659 0.32480396343331025 0.5675822715804252 0.3536485371119493 0.5701169312611392
0 0.3231472282468032 0.46332716222477627 0.31908858585895145 0.43618629210293713 0.29258003913539243 0.4432335540130858 0.29663868152324413 0.4703744241349249
0 0.30824723095336853 0.3812731726473418 0.2834620638926193 0.36951783922448944 0.2782486859282217 0.38905914515684076 0.30303385298897095 0.40081447857969316
0 0.25608124450554026 0.3620689871210505 0.23838056186665046 0.33374263466624454 0.2230963821993105 0.3507219028657613 0.2407970648382003 0.3790482553205673
0 0.21992521556135378 0.36135425020760675 0.199435024692512 0.32855787926293223 0.18162310792367548 0.3483416169182188 0.20211329879251724 0.3811379878628933
0 0.599959278661197 0.8927113090043043 0.5851840109182693 0.8609218162274089 0.5683607268032957 0.8748226232286308 0.5831359945462234 0.9066121160055262
0 0.6395458918771482 0.826678939653463 0.6098547976989034 0.8187331932983992 0.6055047728239078 0.8476307230026247 0.6351958670021526 0.8555764693576884
0 0.5808559546681074 0.8278308476546125 0.5669603626459637 0.809307096375343 0.5479759771527498 0.8346246728690925 0.5618715691748936 0.8531484241483619
0 0.57276 0.752615 0.546058 0.752615 0.546058 0.775038 0.57276 0.775038
0 0.5160119609333831 0.666139664989463 0.4996876753213392 0.6623855347391044 0.49534609556631237 0.6959477102996261 0.5116703811783563 0.6997018405499847
0 0.581337 0.6467950000000002 0.553452 0.6467950000000002 0.553452 0.673526 0.581337 0.673526
0 0.66813513159218 0.7462307934822839 0.6495378242706098 0.7178788806859515 0.6364679708579921 0.733119965973699 0.6550652781795623 0.7614718787700314
0 0.6781205683129007 0.6686486258846475 0.6708428057676229 0.6324083389244914 0.6536848463569238 0.6385339492059072 0.6609626089022016 0.6747742361660631
0 0.634702 0.6155130000000002 0.617067 0.6155130000000002 0.617067 0.6540770000000001 0.634702 0.6540770000000001
0 0.5920978367337344 0.5576769629903691 0.564941006411357 0.5413934470980908 0.5582156378765327 0.5613334151125239 0.5853724681989101 0.5776169310048022
0 0.5555048817732436 0.5990028531967568 0.5409198511852086 0.567334564009071 0.5274509271800424 0.5783624715899331 0.5420359577680774 0.6100307607776189
0 0.49480809255310215 0.618521187042002 0.4772966109654359 0.599874502186513 0.46544277190546274 0.6196650474812911 0.482954253493129 0.6383117323367802
0 0.46025081444427185 0.5798068958223674 0.45124462110795904 0.56537171376594 0.4337020440664863 0.5848293404123526 0.44270823740279913 0.5992645224687801
0 0.41760011389093904 0.5143646766899833 0.39373225523148364 0.5007072833647801 0.38642727983473596 0.5234028939485684 0.4102951384941913 0.5370602872737718
0 0.5219156990993318 0.5285739337358597 0.517726036968276 0.5005345621467092 0.4870188397756813 0.508691522968404 0.49120850190673704 0.5367308945575545
0 0.508894 0.44262800000000013 0.489721 0.44262800000000013 0.489721 0.46197400000000016 0.508894 0.46197400000000016
0 0.44745504612852804 0.465686402352326 0.4457467821428284 0.4378913032508446 0.4244876334722575 0.44021409406822193 0.4261958974579571 0.46800919316970335
0 0.3860503864117579 0.39688206675493737 0.3711590555461354 0.3846184303352656 0.356955722572046 0.41527912487046176 0.37184705343766844 0.4275427612901334
0 0.3352260355089729 0.34894416944727724 0.33269685362220053 0.3237512019095801 0.3062282000521137 0.3284752037575153 0.30875738193888613 0.35366817129521244
0 0.3106015397562202 0.2830440115323964 0.2844424897885935 0.274960753553937 0.27961644358002363 0.302726188234409 0.3057754935476504 0.3108094462128684
0 0.27836172907944856 0.2508012300579028 0.2713817459360981 0.22405118990498177 0.240526353299472 0.2383644474555108 0.24750633644282244 0.2651144876084318
0 0.3457202071929392 0.21136982656549871 0.3237958313579865 0.19176704757511262 0.31414452276307603 0.21095697225423443 0.33606889859802874 0.23055975124462053
0 0.39148065818308025 0.21125320470117293 0.39106804688031754 0.17598579650714175 0.37072819833949394 0.17640884754411565 0.3711408096422567 0.21167625573814683
0 0.3875635142983849 0.2942146251509934 0.3781208750797602 0.2563116948295047 0.3615277922338484 0.26366064265829814 0.3709704314524731 0.30156357297978686
0 0.4620612238782489 0.20287267287164995 0.45322705863619894 0.15744169827620208 0.4298870271844453 0.1655101903200067 0.43872119242649527 0.2109411649154546
0 0.4300691499510736 0.07290225181563163 0.4214395209856338 0.038412662084481915 0.40568730630634464 0.045419518053401095 0.4143169352717844 0.0799091077845508
0 0.484577 0.022564000000000084 0.46399 0.022564000000000077 0.46399 0.06583300000000007 0.484577 0.06583300000000007
0 0.4886014489117149 0.15480529394150921 0.48170446051004095 0.1203883939711813 0.46303101067380115 0.12704096895877026 0.46992799907547517 0.16145786892909816
0 0.5324860085675703 0.1132360162509192 0.5253271902432393 0.08460606055309212 0.4979585774703727 0.09677214770695391 0.5051173957947038 0.12540210340478097
0 0.5536371600798401 0.16124211126955593 0.5365658237920612 0.1501331215133855 0.522004423740756 0.1899139256773508 0.5390757600285349 0.20102291543352122
0 0.6279239686902203 0.4885654731525187 0.6024535561902283 0.47098466481842505 0.5942107294026436 0.49221470353954294 0.6196811419026356 0.5097955118736366
0 0.6369537218620954 0.43073195115718454 0.6299447243325155 0.39544407745627785 0.6116684699642071 0.4018975740277156 0.6186774674937869 0.4371854477286223
0 0.5694329162452723 0.4433248283274329 0.5661073287606447 0.4212491650247902 0.5421275674538943 0.4276712632617336 0.5454531549385219 0.4497469265643763
0 0.5417596130808218 0.4007930741107033 0.5311577908364686 0.38665947354182045 0.5158412809767018 0.40708461123119155 0.5264431032210549 0.4212182118000744
0 0.5093854673326783 0.3623920658106401 0.4976198047959129 0.3480262044086794 0.4806970035932956 0.3726658491337729 0.49246266613006096 0.38703171053573354
0 0.5744773465819988 0.3514487507776952 0.5606118629139706 0.33843813151626706 0.5444576623737806 0.36904366815223916 0.5583231460418088 0.3820542874136673
0 0.6211119606100753 0.3588876862560959 0.6109948467763089 0.32208629556600654 0.5919543222372745 0.3313919899966326 0.6020714360710407 0.368193380686722
0 0.5604032665190779 0.29827048244589494 0.5591100221191594 0.27306552163102266 0.5326724835492613 0.275477053865439 0.5339657279491798 0.3006820146803113
0 0.4461340528254567 0.3150612363618674 0.4351017813606747 0.29124414832272777 0.42297403847760495 0.3012311180159893 0.4340063099423869 0.3250482060551289
0 0.5018962321677347 0.283487735688238 0.4776897195834525 0.27484678009580454 0.4727420203734564 0.2994873764658304 0.49694853295773866 0.3081283320582638