0 0.4280108231707318 0.6920752501563479 0.3934110576923077 0.6869493589743592 0.3901422607879925 0.7261749218261416 0.4247420262664166 0.7313008130081303
0 0.3490769230769232 0.7311282051282051 0.3303076923076924 0.7123589743589744 0.31092307692307697 0.746820512820513 0.32969230769230773 0.7655897435897437
0 0.4182692307692309 0.8128205128205129 0.40000000000000013 0.7884615384615387 0.3774038461538462 0.8185897435897439 0.39567307692307696 0.8429487179487183
0 0.5194862876952547 0.818615892428375 0.5115935674463785 0.775047316825914 0.49006971295540314 0.7819791941587825 0.49796243320427935 0.8255477697612434
0 0.4743846153846154 0.7981025641025642 0.4559230769230769 0.7796410256410258 0.43665384615384617 0.8138974358974361 0.45511538461538464 0.8323589743589743
0 0.5382848140756308 0.685310198333418 0.5111017279377821 0.6707719645114603 0.49501553843628815 0.7242428979539082 0.5221986245741368 0.7387811317758659
0 0.47640218080888175 0.6753603885804916 0.46550356859635206 0.6426645519429024 0.43784694686756537 0.6590536611155168 0.4487455590800951 0.691749497753106
0 0.44301775147929 0.6208875739644971 0.4347337278106509 0.6015581854043395 0.4091568047337278 0.621045364891519 0.41744082840236685 0.6403747534516767
0 0.29423076923076935 0.8000000000000003 0.27521538461538464 0.7746461538461541 0.248773076923077 0.8099025641025643 0.26778846153846164 0.8352564102564104
0 0.23159626482772452 0.7492785087928477 0.22539523254297272 0.7162132439116369 0.19349532780866996 0.7268487667768859 0.1996963600934218 0.7599140316580968
0 0.2779423076923077 0.7261794871794873 0.2731153846153846 0.681128205128205 0.2470576153846153 0.6860915897435897 0.2518845384615384 0.7311428717948719
0 0.34903846153846163 0.6248794871794872 0.31826923076923086 0.6248794871794872 0.31826923076923086 0.6628205128205128 0.34903846153846163 0.6628205128205128
0 0.3102634615384616 0.6064102564102564 0.2855769230769232 0.6064102564102564 0.2855769230769232 0.6410256410256411 0.3102634615384616 0.6410256410256411
0 0.25576923076923086 0.5961538461538461 0.22500000000000006 0.5961538461538461 0.22500000000000006 0.6371794871794871 0.25576923076923086 0.6371794871794871
0 0.21729356045264198 0.5870875640849543 0.2013093256155502 0.5659782253794616 0.17776337991709318 0.5976746907427691 0.19374761475418495 0.6187840294482618
0 0.18839736069916274 0.5582677176405126 0.17975609603674902 0.5305892851798347 0.14745718410252526 0.5485160194807915 0.15609844876493897 0.5761944519414695
0 0.43112466063348415 0.5903505279034691 0.4263282805429864 0.5615722473604825 0.39605203619909496 0.5705429864253392 0.4008484162895927 0.5993212669683258
0 0.3730769230769231 0.5243589743589744 0.3490384615384615 0.5243589743589744 0.3490384615384615 0.5666666666666667 0.3730769230769231 0.5666666666666667
0 0.31971153846153855 0.5301282051282052 0.2989423076923078 0.520897435897436 0.2891346153846155 0.5601282051282053 0.30990384615384625 0.5693589743589745
0 0.2927884615384616 0.4903846153846155 0.27567873303167423 0.4766968325791856 0.2598133484162896 0.5119532428355958 0.276923076923077 0.5256410256410257
0 0.14939584751531657 0.6738143862037668 0.1265231449965964 0.6471295665985932 0.10376957113682783 0.681801679146812 0.126642273655548 0.7084864987519855
0 0.11360667634252541 0.6006773101112725 0.10625050798258345 0.5663485244315433 0.06726284470246735 0.5812009675858733 0.07461901306240933 0.6155297532656024
0 0.10288461538461544 0.4935897435897436 0.08653846153846159 0.4717948717948718 0.06346153846153851 0.5025641025641026 0.07980769230769236 0.5243589743589744
0 0.1919009615384616 0.4710551282051283 0.17315096153846155 0.4460551282051282 0.14951923076923074 0.47756410256410264 0.1682692307692308 0.5025641025641027
0 0.1334112657175183 0.4099476936013841 0.10833893604403774 0.3894127382932974 0.08903478698745501 0.43131418937306115 0.11410711666093556 0.45184914468114795
0 0.24326923076923077 0.46282051282051284 0.2317307692307693 0.4474358974358975 0.21298076923076925 0.4724358974358976 0.22451923076923075 0.4878205128205129
0 0.4560932345431082 0.5055326850420953 0.43839476868251037 0.4637207754037899 0.41471908523103723 0.4815369974713825 0.432417551091635 0.523348907109688
0 0.4528846153846154 0.3935897435897437 0.4221153846153846 0.3935897435897436 0.4221153846153846 0.4282051282051282 0.4528846153846154 0.4282051282051283
0 0.6951923076923077 0.6346153846153848 0.6605769230769231 0.6346153846153848 0.6605769230769231 0.6820512820512821 0.6951923076923077 0.6820512820512821
0 0.6567307692307692 0.5615384615384617 0.6259615384615385 0.5615384615384617 0.6259615384615385 0.594871794871795 0.6567307692307692 0.594871794871795
0 0.7156065088757397 0.5472386587771204 0.6812130177514792 0.5380670611439843 0.676405325443787 0.5701183431952664 0.7107988165680474 0.5792899408284025
0 0.7454477276358036 0.4733843083238562 0.7094666014318068 0.46759048310915535 0.706334882154541 0.5021660780649342 0.7423160083585378 0.507959903279635
0 0.6690067307692308 0.4594858974358976 0.6391625000000001 0.4594858974358976 0.6391625000000001 0.5089743589743592 0.6690067307692308 0.5089743589743592
0 0.7021153846153847 0.40846153846153865 0.675065 0.39042794871794884 0.6644880769230769 0.41863307692307705 0.6915384615384615 0.4366666666666668
0 0.79041274606755 0.3118420515430244 0.7724456183839309 0.27793714117586465 0.7447257676250181 0.3040518034966704 0.7626928953086373 0.33795671386383014
0 0.6824270557029177 0.27780725022104336 0.6702420424403182 0.23989832007073386 0.6459880636604775 0.2537577365163572 0.6581730769230769 0.2916666666666667
0 0.7548076923076923 0.2166666666666668 0.7153846153846154 0.2166666666666668 0.7153846153846154 0.26153846153846166 0.7548076923076923 0.26153846153846166
0 0.7199704142011834 0.1754437869822487 0.6893491124260355 0.14822485207100602 0.6741124260355029 0.17869822485207115 0.7047337278106509 0.20591715976331382
0 0.6644382193706353 0.1729430262735527 0.639422665920177 0.1601766946026878 0.6287819476724643 0.19724411892048174 0.6537975011229226 0.21001045059134665
0 0.5871821465696466 0.1820725571725572 0.5815748440748442 0.1372141372141372 0.5570945945945945 0.14265419265419266 0.562701897089397 0.18751261261261262
0 0.635576923076923 0.08205128205128216 0.6105769230769231 0.08205128205128216 0.6105769230769231 0.11538461538461549 0.635576923076923 0.11538461538461549
0 0.7097884615384616 0.07658974358974371 0.6773461538461539 0.07041025641025654 0.6733653846153846 0.1075641025641027 0.7058076923076924 0.11374358974358988
0 0.6322530261616557 0.004353768059351911 0.59767668879344 0.0010607835480932783 0.5951386177274502 0.04843811011323711 0.6297149550956659 0.05173109462449574
0 0.5344183480453972 0.040699873896595205 0.5314943253467843 -0.002185792349726776 0.5002837326607819 0.0015973097940311038 0.5032077553593948 0.04448297604035309
0 0.39393191268191263 0.3174809424809426 0.34854469854469855 0.2742550242550244 0.32898908523908527 0.3107588357588359 0.3743762993762994 0.3539847539847541
0 0.34881221719457023 0.46274509803921576 0.331843891402715 0.45708898944193066 0.3256787330316743 0.4899698340874812 0.34264705882352947 0.49562594268476623
0 0.26778846153846153 0.38782051282051294 0.25566490384615387 0.3716557692307694 0.23691490384615388 0.3966557692307694 0.24903846153846154 0.41282051282051296
0 0.21057692307692313 0.38974358974358975 0.18269230769230774 0.38974358974358975 0.18269230769230774 0.4166666666666667 0.21057692307692313 0.4166666666666667
0 0.22788461538461544 0.3474358974358974 0.20480769230769236 0.3474358974358974 0.20480769230769236 0.36923076923076925 0.22788461538461544 0.36923076923076925
0 0.17813086303939962 0.3670575359599749 0.175366181988743 0.3338813633520951 0.14201721388367727 0.33882195121951225 0.14478189493433394 0.37199812382739206
0 0.15756961538461536 0.2995092307692308 0.14980769230769228 0.2684615384615384 0.11634615384615384 0.2833333333333333 0.1241080769230769 0.3143810256410257
0 0.09226452281839993 0.3382068863867894 0.059412544587871555 0.3146113459846957 0.04688380535149022 0.3456223938643135 0.0797357835820186 0.36921793426640725
0 0.14086538461538461 0.22500000000000006 0.12075432692307696 0.1981852564102565 0.09767740384615389 0.22895448717948724 0.11778846153846156 0.25576923076923086
0 0.2401669085631349 0.2592404450895016 0.233055152394775 0.22605224963715528 0.19813134978229313 0.23935655539429126 0.20524310595065304 0.2725447508466376
0 0.2298076923076923 0.16317179487179492 0.19230769230769232 0.16317179487179492 0.19230769230769232 0.19615384615384615 0.2298076923076923 0.19615384615384618
0 0.29273299775881123 0.18281934782665804 0.26442419536790673 0.14089297425525663 0.2463655662785538 0.16256983803310518 0.27467436866945816 0.2044962116045066
0 0.21645927601809956 0.12111613876319755 0.20989819004524884 0.08612368024132727 0.1800339366515837 0.09607843137254901 0.1865950226244344 0.13107088989441928
0 0.2923076923076923 0.06923076923076929 0.2653846153846154 0.06923076923076928 0.2653846153846154 0.10897435897435902 0.2923076923076923 0.10897435897435902
0 0.785198076923077 0.5124717948717951 0.7525076923076922 0.5124717948717951 0.7525076923076922 0.5487179487179489 0.785198076923077 0.5487179487179489