0 0.5702434066373785 0.7445958125873997 0.564894520676261 0.6926246299617349 0.5409318151778242 0.6970090692710407 0.5462807011389417 0.7489802518967055
0 0.5108744387566218 0.67118678897408 0.5085208706237457 0.6232748662691151 0.48632353284633717 0.625213347229014 0.4886771009792133 0.6731252699339791
0 0.22331946303875924 0.599065205330005 0.21243281087639396 0.5748882430094002 0.17768186329738306 0.6027069370455532 0.18856851545974837 0.626883899366158
0 0.17685094422226968 0.5717875796714315 0.15647786840776237 0.5551261504277274 0.14889450896281253 0.5716109421000469 0.16926758477731985 0.588272371343751
0 0.2842850865985001 0.392310570245583 0.2648605592097005 0.3497756879538074 0.24151133387704107 0.36873205788076896 0.2609358612658407 0.4112669401725445
0 0.2121744324278653 0.4673151118409945 0.1792059536487461 0.4644899052308531 0.17784278191033578 0.4927697317948852 0.21081126068945497 0.4955949384050266
0 0.5672002827679398 0.6476768720375176 0.5649112744400258 0.6032748003275633 0.541058604024439 0.6054608429200871 0.543347612352353 0.6498629146300412
0 0.6274226410751056 0.6022591300737182 0.6137635735017345 0.5807455912508737 0.5895119768798954 0.6081188818613501 0.6031710444532666 0.6296324206841947
0 0.6116153866199282 0.5424097713843484 0.6096236964561661 0.5051340156654003 0.5889833861542384 0.5070946157492273 0.5909750763180005 0.5443703714681755
0 0.659829075059789 0.5093932040127149 0.6552533381030178 0.4643880103831121 0.6307573091056466 0.46881564298430933 0.6353330460624179 0.5138208366139121
0 0.15434482974213326 0.43941252336068926 0.1354164396291691 0.4066084434765679 0.11100260155247677 0.43165219293444107 0.1299309916654409 0.46445627281856244
0 0.099498593462089 0.37681787230241365 0.07767091378831373 0.35004501125568693 0.050917910582175645 0.3888209930332132 0.07274559025595091 0.4155938540799398
0 0.16385420905336065 0.351650386428517 0.155336301761888 0.32283503413517856 0.11907524057785634 0.3418908241374733 0.127593147869329 0.3707061764308117
0 0.29189924999999994 0.28586500000000015 0.26903837500000005 0.2553838333333332 0.2527067499999999 0.2771593333333331 0.27556762499999987 0.3076405
0 0.6189973188804906 0.43174248336446713 0.6150480610822833 0.3919560617962139 0.5900258516666498 0.3963716008678839 0.5939751094648571 0.4361580224361372
0 0.6802012093975552 0.3644898436921264 0.658464821254991 0.3508778265791142 0.6424755996702736 0.3962688200849791 0.6642119878128379 0.4098808371979913
0 0.7418178604916826 0.39685208265848537 0.7240758398421373 0.37513784571871434 0.6962985378987292 0.41548622000609975 0.7140405585482748 0.4372004569458708
0 0.6321461243646008 0.27427600915254485 0.6053023768555055 0.2739481465875482 0.605110262941633 0.30191139405119555 0.6319540104507284 0.3022392566161922
0 0.7293316347148738 0.28663346930752454 0.717114232755758 0.24068968472503963 0.688004805028712 0.25445110430229245 0.7002222069878278 0.30039488888477733
0 0.13222383555516642 0.6989098414229444 0.12289370685772753 0.6721731160341599 0.09679658238316403 0.6883632167000748 0.10612671108060294 0.7150999420888594
0 0.5870757922198179 0.9552972908908216 0.5809789203200454 0.8945478495376528 0.5567248405030024 0.8988752497030984 0.562821712402775 0.9596246910562672
0 0.37805185186735557 0.8276361844832616 0.36241382938738353 0.7809358273921506 0.33799513231152467 0.7954723856195619 0.3536331547914967 0.8421727427106729
0 0.4217000416186638 0.8555099997205895 0.39271691989030216 0.8529452063828958 0.3908351703477035 0.8907487121192612 0.4198182920760652 0.8933135054569549
0 0.3406149264567464 0.934657505899536 0.3378145033337795 0.8973773525995458 0.3083994205479197 0.9013055518968272 0.3111998436708866 0.9385857051968174
0 0.4420305894148887 0.9473895422090938 0.427626888233331 0.919759750565495 0.39966942844701975 0.9456700048463695 0.41407312962857745 0.9732997964899683
0 0.5321485527097829 0.894172712756387 0.5191309664942455 0.8544926976948374 0.4974961692014945 0.8671106516425622 0.5105137554170319 0.9067906667041118
0 0.21780085730088503 0.29637114601769876 0.2159456183628316 0.25926636725663693 0.17428910840707948 0.2629691681415934 0.1761443473451329 0.3000739469026552
0 0.46524512168182824 0.801867416110045 0.46003648665194985 0.7672625698794001 0.4227416476058587 0.7772421717109876 0.42795028263573703 0.8118470179416326
0 0.5343135009327341 0.8114337477170287 0.5146424085235003 0.7683365102439879 0.4926545769333599 0.7861783206841895 0.5123256693425938 0.8292755581572303
0 0.4565271007913301 0.7007373508587442 0.43655854245091613 0.6855262652990218 0.4217965541830843 0.719977820490497 0.44176511252349826 0.7351889060502196
0 0.2193852649811699 0.395836067911923 0.2052765014813131 0.35468455229177626 0.1753425294650494 0.3729295973453741 0.18945129296490623 0.4140811129655209
0 0.30302479706788377 0.5097188391242469 0.29375631621693643 0.48551010163331393 0.2655498512739546 0.5047083917122013 0.2748183321249019 0.5289171292031343
0 0.5604239531351908 0.5014696851482383 0.5348405385277424 0.49415623047865465 0.5263705562355879 0.5468301833475024 0.5519539708430363 0.554143638017086
0 0.7441421492951557 0.5392879477431213 0.7216405890007156 0.5284146740663664 0.7097701833204902 0.5720858965639171 0.7322717436149304 0.5829591702406718
0 0.6898011799964411 0.6325715000869774 0.6874056612511213 0.5834346195830183 0.6620269972590935 0.5856341917785504 0.6644225160044133 0.6347710722825094
0 0.43201586306334616 0.23667463913784048 0.43137868678941843 0.20813420467066382 0.39745388913909846 0.20948066559736178 0.39809106541302614 0.23802110006453844
0 0.3501566719681659 0.43064667345103264 0.33756108563078135 0.3982995042351983 0.31827739788975545 0.41164853310519667 0.33087298422714 0.44399570232103114
0 0.3398923234319248 0.30969799381834284 0.3124948256726316 0.3065440671692474 0.30974738237637983 0.34897333352840676 0.3371448801356731 0.3521272601775022
0 0.24952748935091237 0.6514912092583958 0.24401663430392764 0.6320611341698642 0.21742037080998194 0.645471561251589 0.2229312258569667 0.6649016363401207
0 0.419567 0.26935900000000007 0.384317 0.26935900000000007 0.384317 0.30367900000000003 0.419567 0.30367900000000003
0 0.4891188728177709 0.25285475839678934 0.46768012621827953 0.24057556927053483 0.45503477282154775 0.2798254324110399 0.4764735194210391 0.2921046215372944
0 0.4191925347128966 0.453073945205731 0.41548823788685957 0.4034807421258972 0.3871009983796284 0.4072502465355976 0.3908052952056654 0.4568434496154314
0 0.4467570740918238 0.5974575128115892 0.4208355031480761 0.5952220745834115 0.41877053573018813 0.6377906700537956 0.4446921066739358 0.6400261082819734
0 0.44487335180350157 0.37120642620423006 0.44206562987804393 0.3431996124281155 0.4147343579654836 0.3480707198355556 0.41754207989094116 0.3760775336116702
0 0.5300143752069274 0.29864701468653165 0.515681310772953 0.27657080050087013 0.4874607580542468 0.3091437767732078 0.5017938224882211 0.3312199909588694
0 0.509019 0.37538500000000014 0.482462 0.37538500000000014 0.482462 0.39960300000000015 0.509019 0.39960300000000015
0 0.49802877716244914 0.4485628687934153 0.4696541888500902 0.43635485584292344 0.46370823902156366 0.46092361942753063 0.4920828273339226 0.4731316323780224
0 0.4676107173503677 0.5402790663994221 0.46367697686527337 0.5172325342797628 0.4379094364338942 0.5250515225168314 0.4418431769189885 0.5480980546364906
0 0.6194252049342198 0.8123952547484982 0.6110613653238346 0.7655337171222215 0.5860166552172932 0.7734803407393309 0.5943804948276785 0.8203418783656076
0 0.647017486406632 0.7004529517209294 0.6224544698468121 0.6845678590271326 0.6063293397555065 0.7288952987465303 0.6308923563153264 0.744780391440327
0 0.2560798858969487 0.7195635523067997 0.2545326551363596 0.6861773042526219 0.22311270770801217 0.688765936771328 0.22465993846860122 0.7221521848255058
0 0.17111497085108662 0.7406629840140323 0.13556283251571083 0.7377482403816412 0.1340554722450264 0.77043409935605 0.1696076105804022 0.7733488429884411
0 0.2832516434833657 0.7862477163124064 0.2818445916899688 0.7582073475646459 0.246495489464027 0.7613607705221385 0.2479025412574239 0.789401139269899
0 0.2845927184720805 0.8308800592436402 0.2558158011603984 0.8219759253084081 0.2509480984684362 0.849943454674653 0.2797250157801182 0.8588475886098851