0 0.44134615384615394 0.8397435897435898 0.41730769230769243 0.8397435897435898 0.41730769230769243 0.8756410256410256 0.44134615384615394 0.8756410256410256
0 0.5141938979289941 0.84077983234714 0.5077292899408284 0.7976824457593689 0.48276627218934914 0.8043392504930967 0.48923088017751476 0.8474366370808679
0 0.42506730769230766 0.8000897435897438 0.4040389423076923 0.7720519230769233 0.38576971153846157 0.7964108974358977 0.40679807692307696 0.8244487179487182
0 0.5836538461538462 0.032051282051282146 0.5528846153846154 0.032051282051282146 0.5528846153846154 0.06025641025641035 0.5836538461538462 0.06025641025641035
0 0.6413461538461539 0.2192307692307693 0.6182692307692308 0.2192307692307693 0.6182692307692308 0.2528589743589744 0.6413461538461539 0.2528589743589744
0 0.5386103510232295 0.15355812054588977 0.5216488011819947 0.128662468787387 0.5013966282072637 0.15319210648468418 0.5183581780484983 0.17808775824318693
0 0.5019230769230769 0.22307692307692314 0.4701567307692308 0.22307692307692314 0.4701567307692308 0.24871794871794878 0.5019230769230769 0.24871794871794878
0 0.46442307692307694 0.11410256410256417 0.44134615384615383 0.11410256410256417 0.44134615384615383 0.13589743589743597 0.46442307692307694 0.13589743589743597
0 0.4134145608535738 0.1371236290882871 0.40844121583212145 0.09930842630161886 0.392276319268167 0.1030879107146728 0.39724966428961933 0.14090311350134105
0 0.35084841628959273 0.030090497737556603 0.3246882352941176 0.021370437405731562 0.3164868778280543 0.06511101055806943 0.3426470588235294 0.07383107088989448
0 0.26786982248520713 0.007021696252465495 0.24508875739644972 -0.010335305719921086 0.2278698224852071 0.029842209072978347 0.2506508875739645 0.04719921104536493
0 0.16538461538461538 0.09358974358974363 0.13846153846153847 0.09358974358974363 0.13846153846153847 0.12692307692307697 0.16538461538461538 0.12692307692307697
0 0.2305958385876419 0.1166456494325347 0.21562105926860026 0.09268600252206807 0.1880044136191677 0.12337116435477087 0.20297919293820935 0.1473308112652375
0 0.2923076923076923 0.11282051282051286 0.26826923076923076 0.11282051282051286 0.26826923076923076 0.14378461538461543 0.2923076923076923 0.14378461538461543
0 0.35129013293140005 0.14993364564571263 0.33261428238821633 0.12620714241614786 0.3077748434081643 0.16096603315099392 0.326450693951348 0.1846925363805587
0 0.39978702360035717 0.19859506765715035 0.37727559891175994 0.17967121322018015 0.3588860696882176 0.21856152877316376 0.38139749437681486 0.23748538321013396
0 0.2862317063284387 0.21903986568410388 0.27932463544572844 0.189821572021328 0.24485250400946146 0.2043087792822741 0.2517595748921717 0.23352707294505007
0 0.23365384615384616 0.2423076923076924 0.2125 0.24230769230769234 0.2125 0.2782051282051282 0.23365384615384616 0.27820512820512827
0 0.16875961538461537 0.26666666666666666 0.13173076923076923 0.26666666666666666 0.13173076923076926 0.3076923076923077 0.1687596153846154 0.3076923076923077
0 0.35674736822392017 0.30462287741096156 0.3553895855283892 0.2786295159142187 0.3262828093005228 0.2813324745712994 0.3276405919960538 0.30732583606804226
0 0.462472899408284 0.3005700986193295 0.45218408284023665 0.2765628599605523 0.4283650295857988 0.2947107100591716 0.4386538461538461 0.3187179487179488
0 0.5522201450189156 0.32597110130306856 0.5327238335435057 0.3043085329970576 0.512704918032787 0.3363387978142078 0.5322012295081968 0.3580013661202187
0 0.4548076923076923 0.34230769230769237 0.43173076923076925 0.3423076923076923 0.43173076923076925 0.38076923076923075 0.4548076923076923 0.38076923076923086
0 0.33557692307692305 0.36025641025641025 0.3105769230769231 0.36025641025641025 0.3105769230769231 0.391025641025641 0.33557692307692305 0.391025641025641
0 0.6192307692307693 0.4187410256410258 0.5875 0.4187410256410258 0.5875 0.4461538461538463 0.6192307692307693 0.4461538461538463
0 0.6755902513328257 0.45751459761360763 0.6325590251332827 0.4517771007870019 0.6296648895658797 0.49036557501904054 0.6726961157654228 0.4961030718456463
0 0.7577884615384616 0.5055128205128206 0.7330192307692309 0.5007948717948719 0.729769230769231 0.5311282051282054 0.7545384615384616 0.5358461538461541
0 0.6673076923076923 0.5230769230769232 0.6375 0.5230769230769232 0.6375 0.5500000000000002 0.6673076923076923 0.5500000000000002
0 0.6023908523908524 0.603742203742204 0.5844724532224532 0.5866770616770618 0.5716086278586279 0.6106895356895358 0.5895270270270272 0.6277546777546781
0 0.5201153846153845 0.451846153846154 0.505653846153846 0.4373846153846154 0.49000561538461535 0.4652036923076924 0.5044671538461537 0.47966523076923095
0 0.5663461538461538 0.526923076923077 0.5307692307692308 0.526923076923077 0.5307692307692308 0.5653846153846155 0.5663461538461538 0.5653846153846155
0 0.676923076923077 0.658974358974359 0.6461538461538462 0.658974358974359 0.6461538461538462 0.691025641025641 0.676923076923077 0.691025641025641
0 0.5889792899408284 0.7029585798816569 0.5768491124260355 0.6786982248520711 0.5497781065088757 0.7027613412228797 0.5619082840236687 0.7270216962524655
0 0.6129807692307694 0.7826923076923078 0.595673076923077 0.7596153846153848 0.5754807692307692 0.7865384615384619 0.5927884615384615 0.809615384615385
0 0.47596153846153855 0.6461538461538463 0.4480769230769232 0.6461538461538463 0.4480769230769232 0.6807692307692308 0.47596153846153855 0.6807692307692308
0 0.49181320011483487 0.5711943356855519 0.4849014568239006 0.5467822464566199 0.4611913513209369 0.5587164546707466 0.46810309461187116 0.5831285438996787
0 0.3971153846153847 0.6487179487179487 0.37593173076923087 0.6487179487179487 0.37593173076923087 0.6884615384615385 0.3971153846153847 0.6884615384615385
0 0.33942307692307705 0.8370141025641026 0.3201923076923078 0.8370141025641026 0.3201923076923078 0.8697307692307692 0.33942307692307705 0.8697307692307692
0 0.3346153846153847 0.7128205128205128 0.3086538461538463 0.7128205128205128 0.3086538461538463 0.7564102564102564 0.3346153846153847 0.7564102564102564
0 0.336131221719457 0.649366515837104 0.32398190045248865 0.6304675716440421 0.3040634954751131 0.653231463046757 0.3162128167420814 0.6721304072398189
0 0.3313543269230769 0.5594762820512822 0.31596971153846154 0.5389634615384616 0.2971153846153846 0.5641025641025642 0.3125 0.5846153846153848
0 0.2729478657425572 0.6534893884708204 0.2606610577168862 0.6080528522965803 0.23676584497095168 0.6195402652011198 0.2490526529966227 0.6649768013753597
0 0.23461538461538467 0.6512820512820513 0.21057692307692313 0.6512820512820513 0.21057692307692313 0.691025641025641 0.23461538461538467 0.691025641025641
0 0.13809681697612733 0.6980106100795758 0.1359946949602122 0.6643766578249337 0.10583554376657824 0.6677276746242264 0.10793766578249336 0.7013616268788684
0 0.1663461538461539 0.5935897435897436 0.13557692307692312 0.5935897435897436 0.13557692307692312 0.6256410256410256 0.1663461538461539 0.6256410256410256
0 0.09943273766328015 0.5708486090953072 0.07445087989840349 0.5523435292694726 0.0573203918722787 0.5934567005321723 0.08230224963715535 0.6119617803580067
0 0.19926694592536176 0.5607387661843107 0.19627760853008377 0.5208809342472709 0.16705064737242956 0.5247778624016248 0.17003998476770754 0.5646356943386647
0 0.2755637754838106 0.46824655502087614 0.25261023966184365 0.46741850935332924 0.2517193251445794 0.5113229870094242 0.27467286096654636 0.5121510326769712
0 0.22736736585830614 0.4339780754690304 0.22159607590866776 0.40618812986901454 0.19322432861317718 0.4166630025603043 0.19899561856281556 0.44445294816032016
0 0.12759615384615386 0.4616666666666666 0.11846153846153844 0.4251282051282051 0.08269230769230766 0.441025641025641 0.09182692307692308 0.4775641025641026
0 0.05769230769230773 0.3769230769230769 0.03173076923076927 0.3769230769230769 0.03173076923076927 0.4115384615384615 0.05769230769230773 0.4115384615384615