0 0.6036773645657267 0.29009764666148086 0.5769255426349217 0.2681492629795846 0.564698583791892 0.2946432149688144 0.591450405722697 0.3165915986507107
0 0.5712487984159931 0.8587916894189489 0.5662622989398787 0.8256528643549257 0.5510373240747989 0.8297256610239232 0.5560238235509134 0.8628644860879464
0 0.4613170000000001 0.848782 0.4420670000000001 0.848782 0.4420670000000001 0.884077 0.4613170000000001 0.884077
0 0.5123006170267107 0.7574095623816667 0.4947546866177918 0.7572925163585092 0.49460413072062853 0.7974156629524828 0.5121500611295474 0.7975327089756403
0 0.5965497500477492 0.7666703084004184 0.5936243976738473 0.7375430249130626 0.5667430394091374 0.7423426452642786 0.5696683917830393 0.7714699287516344
0 0.3802624972260889 0.8217213070594371 0.3769943039053841 0.7871803593932797 0.35862269997194873 0.7902706408552168 0.36189089329265356 0.8248115885213743
0 0.30215069710986553 0.765234389755461 0.28316914269577087 0.7571291732319636 0.27450559233687843 0.793198707151908 0.29348714675097304 0.8013039236754055
0 0.6244627899902006 0.6823683420719998 0.6136272116206966 0.6486138249075625 0.5980845564223163 0.6574838098653573 0.6089201347918202 0.6912383270297945
0 0.579538 0.6762819999999999 0.562856 0.6762819999999999 0.562856 0.7120769999999998 0.579538 0.7120769999999998
0 0.23057700000000006 0.681026 0.20811500000000005 0.681026 0.20811500000000005 0.7136409999999999 0.23057700000000006 0.7136409999999999
0 0.2670000000000001 0.6607690000000002 0.24914400000000012 0.6607690000000002 0.24914400000000012 0.697718 0.2670000000000001 0.697718
0 0.3132913933688822 0.651959596671811 0.2943083416567498 0.6452240786529555 0.2870654794939458 0.6815137238431137 0.3060485312060783 0.6882492418619692
0 0.3795223506610675 0.6707900624525117 0.3641247851173998 0.6494379174794936 0.3434770603852024 0.6759083005861708 0.35887462592887004 0.6972604455591889
0 0.5107150902535944 0.6649331319285648 0.5041827752408862 0.6323503781623053 0.4881510377896527 0.6380643408301364 0.4946833528023611 0.6706470945963959
0 0.6258560713185505 0.5666008027841533 0.6097872130882093 0.5651898674737849 0.6078518477118844 0.6043747326905454 0.6239207059422256 0.6057856680009138
0 0.5775319709669877 0.5690894521388146 0.5600162798669086 0.5529006523540292 0.5417619196092287 0.5880127451867901 0.5592776107093078 0.6042015449715755
0 0.19565171856080427 0.5914916509512743 0.18086660418330938 0.5830056221075413 0.17029040124966194 0.6157643805448795 0.18507551562715682 0.6242504093886124
0 0.3043906185259748 0.6061934853238186 0.2932423157641547 0.5819812767680719 0.27009599681517255 0.6009279844632256 0.28124429957699265 0.6251401930189724
0 0.35672401872194304 0.5412299371925526 0.34038974952986223 0.5318830511356374 0.3304862240488852 0.5626511070867498 0.3468204932409661 0.5719979931436651
0 0.4104723047711929 0.5848975712596589 0.40472638726924764 0.5439182401996484 0.38633084598467426 0.5485037176918667 0.3920767634866196 0.5894830487518773
0 0.459087 0.5542820000000002 0.441769 0.554282 0.441769 0.59241 0.459087 0.5924100000000001
0 0.5088887000000002 0.5597411999999998 0.49672299999999986 0.5272993333333333 0.48215759999999996 0.5370096000000003 0.4943233000000003 0.5694514666666668
0 0.5335348843853023 0.48487585190907434 0.5091228832399773 0.48115614005572666 0.5069752986464058 0.5062127225127281 0.5313872997917307 0.5099324343660758
0 0.5919867134768809 0.49196559480897445 0.5745361529585166 0.4640124698938975 0.5626631204997844 0.47718951838884544 0.5801136810181489 0.5051426433039223
0 0.6658002013427737 0.4775264625780325 0.6468593566639173 0.4565161267462053 0.634805558699154 0.47583437441404935 0.6537464033780106 0.49684471024587656
0 0.433623358068464 0.4765051501490111 0.42534213236149104 0.45065343476792147 0.40603420176107397 0.46164902275490904 0.41431542746804695 0.48750073813599876
0 0.26225977958974944 0.5211867548517491 0.2455237740600955 0.49020023894596376 0.2126180385389437 0.5217959504233195 0.22935404406859763 0.5527824663291049
0 0.6724964049223588 0.40164264310799574 0.6593536548821163 0.380547582652568 0.6389549063423505 0.403141236535212 0.652097656382593 0.42423629699063975
0 0.6103475618786514 0.40598074941587603 0.5965862642746901 0.39981315454583755 0.5874097141229772 0.43621307748395516 0.6011710117269383 0.44238067235399364
0 0.575585015873992 0.41052760585735565 0.5750697819892493 0.376474364258526 0.5603278324671364 0.3768708963588797 0.5608430663518791 0.4109241379577094
0 0.5424388151870381 0.43860185551259734 0.5333673472330864 0.4036478639628654 0.5169682743748699 0.41121405952767986 0.5260397423288216 0.44616805107741175
0 0.504298 0.43671800000000016 0.483212 0.43671800000000016 0.483212 0.46132100000000015 0.504298 0.46132100000000015
0 0.46879518614141863 0.40231198861476636 0.4531879973582047 0.3879681406600456 0.440889913590794 0.41175701710357127 0.45649710237400787 0.426100865058292
0 0.3803689657897723 0.44141107241780286 0.3624738839635805 0.41182339731770384 0.3479331978924609 0.4274579413137029 0.3658282797186527 0.4570456164138019
0 0.3498314425416424 0.47808594312409136 0.3230400602461021 0.46279258552844416 0.31493811757878826 0.48802500621728956 0.34172949987432855 0.5033183638129367
0 0.295696502736942 0.45203949284194295 0.2811059119089969 0.4286622444103078 0.2605217350627393 0.4515019480285682 0.2751123258906843 0.4748791964602033
0 0.18771200000000005 0.447256 0.16720200000000005 0.447256 0.16720200000000005 0.489128 0.18771200000000005 0.489128
0 0.2384617432941332 0.40178718327090684 0.21760928344240418 0.39537389339650825 0.2112372440469659 0.4322064910580001 0.2320897038986949 0.4386197809323987
0 0.7130340309246499 0.3234080909070419 0.7001052692941846 0.3053614648403055 0.6765630812156954 0.3353451636633976 0.6894918428461608 0.35339178973013397
0 0.6566076000000001 0.3113664 0.6412384999999998 0.30112033333333343 0.6304999000000001 0.3297566000000003 0.6458690000000002 0.34000266666666684
0 0.5321011211332828 0.2692262010719166 0.5210009866361721 0.2519660464315414 0.5021890753288262 0.27347374565208976 0.5132892098259368 0.29073390029246493
0 0.5005354673605439 0.3275103233931966 0.48087813879267377 0.2948012631483799 0.4640666733029247 0.3127626338710663 0.48372400187079484 0.34547169411588297
0 0.40047640087517355 0.34161535759457284 0.3783652546444104 0.33776358129417505 0.3754312659335207 0.36770594709757026 0.3975424121642839 0.371557723397968
0 0.33130724105419534 0.37537663337101407 0.32773688381666566 0.3390513826311272 0.3056380741944829 0.3429128236468038 0.3092084314320126 0.3792380743866907
0 0.16776825724168568 0.36911296211796757 0.16153307046228926 0.3276642414004517 0.14158039152177987 0.3330002561854048 0.1478155783011763 0.3744489769029206
0 0.23672889799921537 0.34225455237348007 0.21650539136916458 0.30307150827775603 0.2020937552765791 0.31629508834837183 0.2223172619066299 0.3554781324440959
0 0.2835279893730423 0.3178065368471393 0.2683751477568274 0.2841872175994775 0.25332895145993156 0.29624338765700636 0.2684817930761464 0.3298627069046682
0 0.32566038666095304 0.2901924373917162 0.3132290162600917 0.2631844601048897 0.29852062246609823 0.2752201134108597 0.3109519928669595 0.3022280906976862
0 0.39715136509794824 0.28567087352626264 0.3931729573757482 0.24703529737880334 0.37395598185003426 0.25055320480229804 0.3779343895722343 0.28918878094975736
0 0.4620334765527533 0.22863538147256496 0.4437841494165813 0.20430057555627523 0.43149989801398336 0.22067798243157993 0.44974922515015536 0.2450127883478697
0 0.5485541288017151 0.20281705585378437 0.5365065712838921 0.1633364572546056 0.5182084391282293 0.1732630341865485 0.5302559966460522 0.2127436327857273
0 0.6113301707197804 0.2098873468616256 0.6020503269292714 0.19199815432910444 0.5813509109269986 0.21108725610758783 0.5906307547175076 0.228976448640109
0 0.6696207202532095 0.22877755615784764 0.6557211754958903 0.21840000039797214 0.6423108476772327 0.2503317245129795 0.6562103924345518 0.26070928027285506
0 0.73882110283298 0.22909890020668733 0.7176665131163684 0.2284707147502429 0.7170315935635917 0.2664820306174293 0.7381861832802031 0.26711021607387375
0 0.696904 0.12923100000000012 0.668788 0.12923100000000012 0.668788 0.15537200000000012 0.696904 0.15537200000000012
0 0.6346404851179192 0.09468111974695152 0.6252777120026497 0.05736920364299129 0.607885375245483 0.06512796432287696 0.6172481483607525 0.10243988042683717
0 0.5908759304182938 0.12806004413621255 0.5900405084522746 0.09382311939382032 0.5737560653494105 0.09452953701877458 0.5745914873154295 0.12876646176116682
0 0.511253831511904 0.09272705174412244 0.49373787233067995 0.08440934984354621 0.48397800705745747 0.12094794695627167 0.5014939662386814 0.12926564885684788
0 0.46258674999999994 0.0819869999999999 0.44608662499999985 0.0599868333333334 0.42211562499999994 0.09194816666666693 0.43861575 0.11394833333333343
0 0.4759654559841046 0.1638342217263586 0.4642896097577758 0.12942977247606607 0.4479136424432992 0.1393098008683998 0.459589488669628 0.17371425011869232
0 0.42525217520288955 0.17095345204063 0.40994571531081375 0.13428140015513007 0.39209566108730487 0.14752654037600632 0.40740212097938067 0.18419859226150623
0 0.37424626520472526 0.15095491407385367 0.36347432865770607 0.11092828386075661 0.34592501484663774 0.11932447604292813 0.35669695139365687 0.1593511062560252
0 0.33890097724607127 0.21535712053571038 0.32005840505087724 0.1826349220669298 0.3046273666053949 0.19843176645524155 0.32346993880058894 0.23115396492402213
0 0.2350385278821492 0.19599651676103166 0.2089004958555011 0.1843853674286284 0.19589082726313164 0.23644982905002485 0.22202885928977975 0.2480609783824281
0 0.3072506594678639 0.10734891477256778 0.29193525652566077 0.08692369927179407 0.2716494792801062 0.11396520718959739 0.2869648822223093 0.1343904226903711
0 0.7105065024449023 0.7699508646243973 0.7097157414782389 0.7307773879057633 0.6931859204391441 0.7313705846119045 0.6939766814058074 0.7705440613305387
0 0.7647918957803279 0.7034053533306571 0.7390074679945944 0.687018792220809 0.7302477686922113 0.7115227563138183 0.7560321964779447 0.7279093174236665
0 0.7981466364660446 0.6322005871544759 0.7943669274772225 0.6071118912427483 0.7656899205091515 0.6147924279817621 0.7694696294979736 0.6398811238934896
0 0.7395019766290717 0.6083114144578416 0.7378815949802069 0.5753603077511615 0.7211785033918091 0.5768205390274959 0.7227988850406739 0.6097716457341761
0 0.796114498471092 0.541139627652068 0.7713269711292338 0.5208061091294495 0.7615569092534226 0.5419797458719479 0.7863444365952807 0.5623132643945664
0 0.8059063889622264 0.45202909030617905 0.7919582918428416 0.4219145396648469 0.7749899915951839 0.4358864049305588 0.7889380887145688 0.466000955571891