0 0.1457676544766709 0.4994640605296343 0.14343474148802018 0.4652480033627574 0.10667559899117275 0.4697036569987389 0.10900851197982345 0.5039197141656158
0 0.18557692307692314 0.5435897435897435 0.15247211538461544 0.5435897435897435 0.15247211538461544 0.5764076923076923 0.18557692307692314 0.5764076923076923
0 0.12297730769230766 0.6483348717948717 0.11605423076923078 0.6206425641025641 0.08894230769230771 0.6326923076923077 0.09586538461538459 0.6603846153846152
0 0.16730769230769235 0.6088807692307693 0.14326923076923082 0.6088807692307693 0.14326923076923082 0.6448717948717949 0.16730769230769235 0.6448717948717949
0 0.2472525953559917 0.6142824664073168 0.24551125823440806 0.5814878975297976 0.2127110566837097 0.5845841396758795 0.21445239380529332 0.6173787085533988
0 0.15192307692307697 0.6961538461538461 0.1163461538461539 0.6961538461538461 0.1163461538461539 0.7301692307692308 0.15192307692307697 0.7301692307692308
0 0.2575073964497042 0.7859467455621303 0.25244082840236687 0.7521696252465484 0.22293380177514793 0.7600381656804733 0.22800036982248523 0.7938152859960553
0 0.2951923076923078 0.7807692307692308 0.27307692307692316 0.7807692307692308 0.27307692307692316 0.8128205128205128 0.2951923076923078 0.8128205128205128
0 0.35354774535809025 0.8099027409372239 0.3325431034482759 0.7979000884173301 0.3192141909814324 0.8393678160919541 0.3402188328912467 0.8513704686118481
0 0.3605769230769232 0.7384615384615385 0.33076923076923087 0.7384615384615385 0.33076923076923087 0.7717948717948718 0.3605769230769232 0.7717948717948718
0 0.43846153846153857 0.7846153846153846 0.4105769230769232 0.7846153846153846 0.4105769230769232 0.8153846153846154 0.43846153846153857 0.8153846153846154
0 0.4764423076923077 0.8352564102564105 0.4652745192307693 0.8203660256410259 0.4508514423076924 0.839596794871795 0.4620192307692309 0.8544871794871797
0 0.5111321725909945 0.8341351524017262 0.5038752286143456 0.8035581062389476 0.48900529267430154 0.8098321105421927 0.4962622366509505 0.8404091567049712
0 0.5578930103882698 0.7455204319812759 0.5318389924134661 0.7254771627776659 0.5190319539797503 0.7550731161826177 0.5450859719545539 0.7751163853862277
0 0.4908653846153847 0.7391025641025643 0.470673076923077 0.7121794871794873 0.45432692307692313 0.7339743589743591 0.4745192307692308 0.7608974358974361
0 0.6199545223181081 0.7152327774478937 0.6055888523686046 0.6997534476970529 0.5961158824393349 0.7153826698502573 0.6104815523888384 0.7308619996010981
0 0.6894230769230769 0.585897435897436 0.6663461538461538 0.585897435897436 0.6663461538461538 0.6076923076923079 0.6894230769230769 0.6076923076923079
0 0.6434588461538461 0.580046923076923 0.6249294343891403 0.5588704524886876 0.6057805429864253 0.588657616892911 0.624309954751131 0.6098340874811462
0 0.5873868778280544 0.6070135746606337 0.5622737556561087 0.5986425339366517 0.5556561085972852 0.6339366515837105 0.5807692307692309 0.6423076923076925
0 0.5217307692307691 0.6271794871794871 0.5122165384615385 0.6018082051282052 0.48490884615384616 0.6200133333333334 0.49442307692307697 0.6453846153846153
0 0.46144815668981004 0.6250350665296953 0.4578898530448182 0.5963424935583417 0.4310642584367627 0.6022567525808245 0.43462256208175454 0.6309493255521781
0 0.4079572679214248 0.6443182038266705 0.40713161836608985 0.6100879592784172 0.3796410959297309 0.6112667758055389 0.3804667454850658 0.6454970203537921
0 0.38153846153846155 0.6661538461538462 0.35528846153846155 0.6544871794871795 0.3463461538461539 0.6902564102564103 0.3725961538461539 0.7019230769230769
0 0.28846153846153855 0.6846153846153846 0.26634615384615395 0.6846153846153846 0.26634615384615395 0.717948717948718 0.28846153846153855 0.717948717948718
0 0.3395019232466514 0.5816107564793715 0.31598308250122453 0.5596637575572567 0.30401382986786496 0.582466405176116 0.3275326706132919 0.6044134040982307
0 0.4290680473372781 0.5784023668639054 0.4253487426035503 0.5536070019723865 0.40056527366863903 0.5602159270216962 0.40428457840236687 0.5850112919132151
0 0.6120567307692307 0.46242051282051294 0.59015 0.46242051282051294 0.59015 0.4935897435897437 0.6120567307692307 0.4935897435897437
0 0.5346153846153846 0.4560576923076925 0.5134615384615384 0.4560576923076925 0.5134615384615384 0.4846153846153848 0.5346153846153846 0.4846153846153848
0 0.4932926829268294 0.5259224515322077 0.4699577861163228 0.5010318949343341 0.455997842401501 0.5242984677923703 0.4793327392120076 0.5491890243902441
0 0.44134615384615383 0.469401282051282 0.41442307692307695 0.469401282051282 0.41442307692307695 0.4948717948717949 0.44134615384615383 0.4948717948717949
0 0.4000874980643609 0.5249372256593211 0.38997105294230927 0.49554605332030766 0.37179536665029045 0.506667961675522 0.381911811772342 0.5360591340145354
0 0.33942307692307694 0.4876820512820513 0.31346153846153846 0.4876820512820513 0.31346153846153846 0.5115384615384615 0.33942307692307694 0.5115384615384615
0 0.36882692307692305 0.4448474358974359 0.35192307692307695 0.4448474358974359 0.35192307692307695 0.46923076923076923 0.36882692307692305 0.46923076923076923
0 0.7045336893782957 0.38899878786623937 0.7035348147601579 0.36214175616705163 0.6755283415254016 0.3639935339192842 0.6765272161435394 0.3908505656184719
0 0.6270841628959276 0.3977027149321268 0.6219371040723981 0.3702517345399698 0.6016504524886878 0.37701395173453994 0.6067975113122172 0.4044649321266969
0 0.6413461538461539 0.2754294871794873 0.6192307692307693 0.2754294871794873 0.6192307692307693 0.3064102564102565 0.6413461538461539 0.3064102564102565
0 0.5701923076923077 0.285897435897436 0.5413461538461538 0.285897435897436 0.5413461538461538 0.31666666666666676 0.5701923076923077 0.31666666666666676
0 0.49774408284023675 0.41572978303747543 0.492699852071006 0.3821015779092703 0.4749176775147929 0.38684349112426036 0.47996190828402363 0.42047169625246555
0 0.4781126729958499 0.35638594525967754 0.47778262236610136 0.33044529929934213 0.44881430994798466 0.3311005393694602 0.44914436057773316 0.3570411853297956
0 0.4233182692307692 0.382051282051282 0.39615384615384613 0.382051282051282 0.39615384615384613 0.4166666666666667 0.4233182692307692 0.4166666666666667
0 0.30680473372781064 0.4341222879684418 0.29215976331360943 0.40483234714003946 0.26999038461538466 0.42453846153846153 0.2846353550295858 0.4538284023668639
0 0.24109873642075497 0.4900715205532853 0.2126126705276224 0.48936459054804127 0.21219235049070667 0.5194747895561928 0.24067841638383924 0.5201817195614368
0 0.19016057692307697 0.3769230769230769 0.15961538461538466 0.3769230769230769 0.15961538461538466 0.4205128205128205 0.19016057692307697 0.4205128205128205
0 0.31404800946952155 0.37572574746277126 0.30894328470188753 0.33838476384142446 0.28368655540299853 0.3445229656108313 0.2887912801706326 0.38186394923217803
0 0.5798076923076924 0.08695641025641036 0.5557211538461538 0.08695641025641034 0.5557211538461538 0.11794871794871804 0.5798076923076924 0.11794871794871806
0 0.49038461538461536 0.11122948717948725 0.4611721153846154 0.11122948717948725 0.4611721153846154 0.1474358974358975 0.49038461538461536 0.1474358974358975
0 0.43308509615384616 0.16334423076923077 0.4129807692307692 0.1365384615384616 0.40035817307692306 0.15336858974358986 0.42046249999999996 0.18017435897435902
0 0.40503546029668724 0.2018115362490532 0.37305327756154466 0.19725952969152885 0.3702590159712364 0.23216148479850734 0.402241198706379 0.23671349135603167
0 0.35423076923076924 0.1612820512820513 0.34384615384615386 0.13358974358974357 0.31884615384615383 0.15025641025641026 0.3292307692307692 0.17794871794871797
0 0.2605769230769231 0.19544615384615394 0.225 0.19544615384615394 0.225 0.22850512820512828 0.2605769230769231 0.22850512820512828
0 0.2145695827853797 0.16109423839107945 0.21431707530782024 0.133134344988046 0.17941052824082163 0.1336947772089431 0.1796630357183811 0.16165467061197658
0 0.30864903846153846 0.08333333333333337 0.276125 0.08333333333333337 0.276125 0.11153846153846157 0.30864903846153846 0.11153846153846157
0 0.2759841628959277 0.029879336349924592 0.2571380090497738 0.008340874811463077 0.24743212669683268 0.02343891402714932 0.26627828054298647 0.044977375565610836
0 0.24326923076923077 0.05000000000000004 0.2144230769230769 0.05000000000000004 0.2144230769230769 0.07564871794871798 0.24326923076923077 0.07564871794871798
0 0.08425018608460069 0.26320941685851384 0.06209092575685054 0.2497250509862032 0.04877231530604023 0.28863504121447475 0.0709315756337904 0.30211940708678536