0 0.7390244776843531 0.5432201544850853 0.7047593427512533 0.5387731211939649 0.702211937687927 0.5736676667422628 0.7364770726210268 0.578114700033383
0 0.587165737062005 0.7318422239595341 0.5835664262440419 0.7011404103157161 0.5504401691065267 0.7080444799395682 0.55403947992449 0.7387462935833862
0 0.5192307692307693 0.6987179487179487 0.49230769230769234 0.6987179487179487 0.49230769230769234 0.7351141025641026 0.5192307692307693 0.7351141025641026
0 0.5649463973378676 0.6704499767921427 0.5595763459750744 0.6338364410000261 0.5358692629442864 0.6400179194934281 0.5412393143070797 0.6766314552855447
0 0.4422763346669242 0.7504253179467731 0.43896339183818867 0.713465926964986 0.41640857510045626 0.7170601573473853 0.41972151792919177 0.7540195483291724
0 0.39249958274967967 0.6682129148908694 0.38113954042857573 0.6475123933279687 0.3577910283730218 0.6702914294797286 0.3691510706941257 0.6909919510426292
0 0.43461538461538474 0.6123384615384616 0.4125000000000001 0.6123384615384616 0.4125000000000001 0.640573076923077 0.43461538461538474 0.640573076923077
0 0.3479595196279788 0.6457620079773185 0.32646416156314206 0.6432358441021774 0.32366703669303754 0.6855487148644842 0.34516239475787425 0.6880748787396254
0 0.3867015705900012 0.5821446305417466 0.37966697803182553 0.5514620949697107 0.3567306192215971 0.5608107610787286 0.36376521177977283 0.5914932966507646
0 0.32299592044267517 0.5491541007050373 0.3212145063730785 0.5230180884858842 0.290862502232119 0.526695907887884 0.29264391630171566 0.5528319201070371
0 0.4059104371809749 0.4763124944268153 0.38436060322563687 0.44744596992877356 0.36378232321349896 0.4747568676283245 0.385332157168837 0.5036233921263662
0 0.4612860999795669 0.45796146373547364 0.460102675778825 0.43670063585317753 0.43520137191399955 0.4391647444036739 0.43638479611474146 0.46042557228597003
0 0.4862939101779385 0.3536805894640068 0.466538088732894 0.3230862397940291 0.4416891204386314 0.351612162522202 0.4614449418836759 0.3822065121921797
0 0.5212058212058213 0.4850311850311851 0.4988305613305613 0.46372141372141373 0.4795348232848232 0.49974012474012475 0.5019100831600831 0.5210498960498962
0 0.5473335109104841 0.5374626587379008 0.5327615981603483 0.5196162810845993 0.5224911909248332 0.5345247011375346 0.537063103674969 0.552371078790836
0 0.6623739604763882 0.539403594538555 0.6570355512763931 0.5102891736112704 0.6253398617069955 0.5206211018620728 0.6306782709069906 0.5497355227893576
0 0.6211538461538462 0.46410256410256423 0.5875 0.46410256410256423 0.5875 0.5115384615384617 0.6211538461538462 0.5115384615384617
0 0.7028846153846153 0.45682307692307705 0.6778846153846154 0.45682307692307705 0.6778846153846154 0.47820512820512834 0.7028846153846153 0.47820512820512834
0 0.7701923076923077 0.39871794871794886 0.7423076923076923 0.39871794871794886 0.7423076923076923 0.4330512820512822 0.7701923076923077 0.4330512820512822
0 0.6985943734970143 0.3862556671609814 0.6734260633828012 0.38493946554969305 0.6726851738417389 0.41012566136907663 0.697853483955952 0.411441862980365
0 0.5971153846153846 0.36923076923076936 0.5701923076923077 0.36923076923076936 0.5701923076923077 0.4102564102564104 0.5971153846153846 0.4102564102564104
0 0.5438278319283455 0.2681929223744293 0.5295035432033719 0.22617500878117325 0.4944235840358271 0.2474355900948367 0.5087478727608008 0.28945350368809275
0 0.7694424697371891 0.3690365012666262 0.7643737210905366 0.33253029028149517 0.7385975422212604 0.3388928226705536 0.743666290867913 0.3753990336556846
0 0.7259266968791044 0.29836934039376556 0.7073901841718496 0.27980662766854997 0.6915417090874492 0.3079419272773344 0.7100782217947037 0.32650464000255
0 0.6701221709016486 0.266494690727263 0.6558928153780498 0.2588276458134192 0.6455397252562156 0.29298660982787744 0.6597690807798143 0.30065365474172123
0 0.39500263392849333 0.267471134879163 0.39145055939105483 0.2526867845160233 0.37602317301143795 0.2592762419105441 0.37957524754887645 0.27406059227368385
0 0.6155888022412989 0.5764542772885728 0.6094997498339015 0.5520895126152099 0.5928733027340979 0.5594764500205072 0.5989623551414952 0.5838412146938701
0 0.4971153846153846 0.5769230769230771 0.46057692307692305 0.5769230769230771 0.4605769230769231 0.6169320512820514 0.4971153846153846 0.6169320512820514