0 0.4109988918641398 0.8849650321238567 0.40005605909585795 0.8485472846710158 0.38447428434349223 0.8568708822951431 0.39541711711177413 0.893288629747984
0 0.6511519846453788 0.7163912030353203 0.6405017081206406 0.6993415694185878 0.6188362216875714 0.7234013548914309 0.6294864982123097 0.7404509885081634
0 0.6009198454735052 0.712795413385201 0.5982908686220355 0.686541037274405 0.5725377045941415 0.6911255494111477 0.5751666814456112 0.7173799255219437
0 0.5435322245231611 0.7015676351920346 0.5284676255973031 0.689146966369016 0.5145848579900641 0.719081060395166 0.5296494569159221 0.7315017292181846
0 0.4887640636649382 0.6701077170149607 0.4746911592565995 0.6513457575896505 0.45318764218852564 0.680020037240738 0.4672605465968643 0.6987819966660483
0 0.4077462061542813 0.6629776817956019 0.3966708286966317 0.6334388238819337 0.3744230147558226 0.6482684312777796 0.38549839221347226 0.6778072891914477
0 0.3479258117681951 0.6324210648998696 0.3412296788087808 0.6115445025118109 0.31647672803753013 0.6256591336189528 0.32317286099694437 0.6465356960070113
0 0.25682453708752473 0.6177574560840011 0.23305278403748403 0.6048235852920839 0.21705575004777208 0.6570932401856608 0.24082750309781278 0.6700271109775782
0 0.33014011819536176 0.5897048104738013 0.3255484038688758 0.5712676897504672 0.30448296806790787 0.5805944257233215 0.3090746823943939 0.5990315464466556
0 0.2887601386203983 0.5372232523815702 0.2750136343289465 0.5247065638807793 0.25625631512912106 0.5613293238043613 0.27000281942057286 0.5738460123051521
0 0.20898874657310212 0.551996818992585 0.20724810450522094 0.5185196188256579 0.19075440519598946 0.5200442187446463 0.19249504726387065 0.5535214189115734
0 0.7335653204176129 0.6928621013624494 0.7154766009710519 0.6637773070567687 0.7011489170099686 0.6796187702560024 0.7192376364565296 0.7087035645616829
0 0.6484160996068132 0.6577372121853406 0.6429715371793899 0.6370781406750862 0.6210428673803339 0.647352197042435 0.6264874298077571 0.6680112685526894
0 0.6925454944585077 0.626026307454786 0.6885829667015939 0.5973353486441567 0.6608857256674967 0.6041358548159634 0.6648482534244105 0.6328268136265928
0 0.7704833533209104 0.6636203772742952 0.7465777302935551 0.6440453016644615 0.7383188870423518 0.6619758394420103 0.7622245100697073 0.6815509150518442
0 0.6047701244507865 0.6201778966556285 0.5953535672071713 0.5974899093523968 0.5792421141271936 0.609377897528908 0.5886586713708089 0.6320658848321398
0 0.5424183438487428 0.6112497188890238 0.5355300217921123 0.58362441658605 0.5064464756540153 0.5965167413364829 0.5133347977106458 0.6241420436394567
0 0.4504450210138938 0.5960698048033519 0.43465126441029406 0.5883190835187131 0.42595186607482005 0.6198335537753744 0.44174562267841977 0.6275842750600132
0 0.40810103387051605 0.5970170882523401 0.39047912527070266 0.5735256516841201 0.37882621612167006 0.5890658015293038 0.39644812472148344 0.6125572380975238
0 0.3684409733245504 0.530693595068542 0.3422441745451805 0.5156663350872505 0.33401546825248146 0.5411685240109052 0.36021226703185133 0.5561957839921967
0 0.3173977524990083 0.46734353582241644 0.3035518937095095 0.4522260460820096 0.2843330140743107 0.4835189419959639 0.2981788728638095 0.4986364317363707
0 0.25853637034886784 0.4761388234340978 0.25296640338070536 0.4391123401295062 0.23494884742759406 0.4439308583622967 0.24051881439575654 0.48095734166688836
0 0.2962278338707157 0.41163633584785775 0.27325871737624186 0.39852684855887544 0.2669199917511814 0.41827097894479776 0.2898891082456552 0.4313804662337801
0 0.22724397161572052 0.38898271615720537 0.2235916375545852 0.35245937554585155 0.19865682314410485 0.356892231441048 0.20230915720524018 0.3934155720524018
0 0.28332214221937496 0.3132204783414304 0.2630895617417595 0.27431780193057 0.24305859213308192 0.2928382394048226 0.2632911726106974 0.33174091581568305
0 0.3247197467278788 0.36115760307396977 0.32350974790848863 0.3369996405340616 0.2961818139600064 0.3394330148265177 0.29739181277939664 0.3635909773664259
0 0.4320921732165465 0.5246725121882646 0.4055071378149766 0.522590600575293 0.4043400484544527 0.5490851500166226 0.4309250838560227 0.5511670616295941
0 0.7580422816110174 0.5609533564211975 0.7345561379206038 0.5411650310990624 0.7250681390383328 0.5611846022535745 0.7485542827287464 0.5809729275757095
0 0.78725243403392 0.5017931340514376 0.7656742958016706 0.4941039848562483 0.7608841433914936 0.5180020361054636 0.7824622816237429 0.5256911853006528
0 0.6991146047325049 0.5063881712916342 0.6677001055413327 0.49235226398751036 0.6601467941952002 0.5224064180979358 0.6915612933863723 0.5364423254020596
0 0.6451123015265877 0.5566018119536924 0.6213840684989208 0.5350560191457912 0.6109682206867681 0.5554487326783962 0.6346964537144352 0.5769945254862976
0 0.5904627608770265 0.5561108201130276 0.5827798657237121 0.5356166018543933 0.5585479710435316 0.5517660763685791 0.5662308661968458 0.5722602946272134
0 0.5264814487291466 0.521203589546943 0.5016831260635602 0.5208990821312487 0.5015036465302632 0.5468837301185604 0.5263019691958495 0.5471882375342547
0 0.46959594147433176 0.5224031716965873 0.46831091104949996 0.49721081172679255 0.44934227199023863 0.4989309295782561 0.45062730241507043 0.524123289548051
0 0.6897986380743982 0.7424226665207878 0.667997596772429 0.7385180024070022 0.6637503904266958 0.7806754579868711 0.6855514317286652 0.7845801221006565
0 0.8182968716426445 0.45918668328240564 0.8009181738246159 0.4330470059048762 0.788412041585114 0.44782847155351374 0.8057907394031426 0.47396814893104317
0 0.7554145016766693 0.46011978433926115 0.7529245471990029 0.4414035938131514 0.7319630314461087 0.4463612237619771 0.7344529859237752 0.46507741428808685
0 0.6942037738612844 0.42830709714677195 0.6830839172044129 0.39380605990546613 0.6630533935006667 0.40528328275801695 0.6741732501575382 0.43978431999932277
0 0.6517364231848007 0.4518734947646077 0.6332626030303553 0.4263682354500046 0.6215128780335182 0.44149799908229576 0.6399866981879637 0.46700325839689893
0 0.611875083994662 0.5000672959209055 0.6085243094899205 0.4664101532841063 0.5876988071409239 0.47009603096329144 0.5910495816456653 0.5037531736000908
0 0.5598089610810986 0.48635675517352245 0.5401642227616694 0.4810002698288319 0.5366766587524642 0.5037389884472526 0.5563213970718933 0.5090954737919432
0 0.3916179926180826 0.4786375574285047 0.3724068617401071 0.45742784871283837 0.36235144092922256 0.47361967925155424 0.38156257180719805 0.4948293879672206
0 0.45463824112745754 0.4345757404851533 0.43896576351688804 0.42755323193673955 0.4300074891462895 0.4630956699345646 0.445679966756859 0.47011817848297843
0 0.4151889896330571 0.4540614156524767 0.4134596215387374 0.4237622606243979 0.398925005943959 0.42523707699099406 0.40065437403827875 0.45553623201907284
0 0.378447231828559 0.38015511321158535 0.35967561857327945 0.37680536994239294 0.3559938626377069 0.4134847970407959 0.3747654758929864 0.4168345403099883
0 0.25705513183892215 0.17753398648583749 0.2248071032860195 0.1660806763694275 0.21944541223807779 0.19291875421161062 0.25169344079098044 0.20437206432802063
0 0.5199589105582556 0.4460077152250151 0.5054896651498441 0.43412872509404715 0.49446904077379034 0.45799309843337715 0.5089382861822019 0.4698720885643451
0 0.8043439903123422 0.3620425683263888 0.7942151312118867 0.3231268361738647 0.772525409480228 0.33316297771794684 0.7826542685806834 0.37207870987047087
0 0.7250148887622706 0.3215079304964628 0.7110799936040243 0.30150283693594926 0.6890901615407276 0.32873376886925465 0.7030250566989737 0.3487388624297682
0 0.572981 0.40173100000000017 0.552519 0.40173100000000017 0.552519 0.4364100000000002 0.572981 0.4364100000000002
0 0.6093494405177521 0.40103785161586997 0.5933091505500417 0.3734987659530453 0.5821942105715369 0.38500802308908005 0.5982345005392471 0.4125471087519047
0 0.6367635867699687 0.3472554898831229 0.6342259828848116 0.32150444489263763 0.6104253466886701 0.32567405082705764 0.6129629505738272 0.3514250958175429
0 0.49833502590681383 0.3762271174742007 0.4799020862002037 0.3735947293932093 0.4767722692599554 0.4125567163730456 0.4952052089665656 0.41518910445403695
0 0.44264831288224116 0.35883762906468253 0.43536129483308134 0.333271783630742 0.4184662276440235 0.34183283460124164 0.42575324569318335 0.36739868003518217
0 0.3760719335786771 0.3132768551872691 0.36236194492915014 0.2949154498998962 0.34802980817542056 0.31394022778631825 0.3617397968249475 0.33230163307369115
0 0.3751221033300918 0.23890215304696938 0.34829790668639915 0.22695336218622786 0.3431082400242307 0.24766525076826404 0.36993243666792336 0.2596140416290056
0 0.3552609634319635 0.1938157095899315 0.3525551422657846 0.160888349601505 0.3320615534766832 0.16388225221142544 0.3347673746428621 0.1968096121998519
0 0.40611604964841985 0.17102343821938593 0.39812029620292116 0.14617395494787203 0.3749919075146 0.15940410842102298 0.3829876609600987 0.18425359169253688
0 0.43093835713277157 0.08765864237010194 0.4063959070705945 0.08724312595524103 0.40608778974292403 0.11959677920189216 0.43063023980510107 0.12001229561675307
0 0.4762041473819623 0.075110957837859 0.458957475664551 0.07208102671430293 0.455050282626195 0.111619043577057 0.4722969543436064 0.11464897470061307
0 0.43292731686919156 0.7883628095479522 0.43085860348107935 0.7466740973507053 0.40914701486630134 0.7485894595856992 0.41121572825441355 0.7902781717829461
0 0.5034580049048037 0.8845351915927953 0.4845753048457954 0.8719802254123112 0.4711221533845606 0.9079510217385979 0.49000485344356887 0.9205059879190819
0 0.4501540000000001 0.898513 0.4251920000000001 0.898513 0.4251920000000001 0.9252310000000001 0.4501540000000001 0.9252310000000001
0 0.5543027278075383 0.9210249639022218 0.5527428441224401 0.8871708546177082 0.5280478311995455 0.8891937226673526 0.5296077148846435 0.9230478319518662
0 0.558234363361043 0.04887099778693493 0.5370805916923493 0.03848751786498763 0.5303279320179036 0.06294418205907394 0.5514817036865973 0.07332766198102124
0 0.6038501412253467 0.089812572275902 0.6007765140457192 0.05296807630677895 0.5749702463617912 0.056795277022615644 0.5780438735414187 0.0936397729917387
0 0.6240534145148694 0.16030447129548406 0.6150969265772497 0.14597589690785304 0.5940257277068655 0.16939129155549698 0.6029822156444851 0.183719865943128
0 0.6350454939235636 0.28648977195447817 0.6339731436227484 0.264989451346946 0.6094747897526152 0.26716168290441195 0.6105471400534305 0.28866200351194404
0 0.7079002424262046 0.2596232472964447 0.706761479492005 0.2366634048165764 0.6786745137938126 0.2391399526219147 0.6798132767280124 0.262099795101783
0 0.5025696528680287 0.7776940318344936 0.47691000102716946 0.7516899225762198 0.4630912357417326 0.7759311993903735 0.48875088758259183 0.801935308648647
0 0.5507299606972328 0.8315776285904739 0.5365618722929596 0.8090244945915342 0.5182523062476728 0.8294729204987531 0.5324203946519461 0.8520260544976928
0 0.6087712624650077 0.8672754803871796 0.6000519010183498 0.8438524175849292 0.5792282427151392 0.8576332515467604 0.587947604161797 0.881056314349011
0 0.35915457304315285 0.8421700417054114 0.35041351038878304 0.8207878580037414 0.3288180492966483 0.836482525933523 0.33755911195101806 0.8578647096351931
0 0.45631229805902174 0.8564228310051732 0.4413432430674635 0.8312623669642081 0.42848050811364363 0.8448669905816125 0.4434495631052019 0.8700274546225776
0 0.6572906396640635 0.21358117397238235 0.6459769275732876 0.19616076594506127 0.6233711591173753 0.22226094867325472 0.6346848712081512 0.2396813567005758
0 0.3867281101975888 0.7316193177965234 0.3737962524518187 0.7178782627491238 0.3570246903567943 0.7459385315407513 0.3699565481025644 0.7596795865881509
0 0.33921943231653706 0.761084121077669 0.33109033895164025 0.7327021318723932 0.30470928821778825 0.746135002849735 0.31283838158268507 0.7745169920550108
0 0.2893161802375279 0.7739966045687801 0.2703225056995306 0.7617760779785674 0.2572876029622391 0.7977928129220482 0.2762812775002365 0.8100133395122608
0 0.5912329109277584 0.7690079185295274 0.5726989302928284 0.7600022769401705 0.5628246869731155 0.7961295635292404 0.5813586676080456 0.8051352051185975