0 0.4141932457786118 0.37865540963101957 0.37919324577861174 0.35711694809255795 0.3678236397748594 0.3899624765478425 0.4028236397748594 0.4115009380863041
0 0.41336706008583696 0.517378100583251 0.3776028433476396 0.48803310223396074 0.36336028804886117 0.5188919720479807 0.3991245047870585 0.5482369703972709
0 0.31422018348623865 0.514149611856034 0.2854622441778406 0.5026464361326748 0.27926958362738186 0.5301693719124914 0.3080275229357799 0.5416725476358505
0 0.5215685241996378 0.5716920424671185 0.5134190157524975 0.5278384077028889 0.4874821952594644 0.5364072081414422 0.49563170370660486 0.5802608429056717
0 0.5764960663493713 0.5361553995470119 0.546227267886858 0.5102480241589071 0.5326199235994381 0.5385113073652146 0.5628887220619515 0.5644186827533193
0 0.31538114721442395 0.4457386051259193 0.3083668803628884 0.4012916504995227 0.2802874620220088 0.4091694668987436 0.2873017288735444 0.45361642152514015
0 0.2461513221052315 0.45105427825674976 0.2179196751978621 0.44936080281116897 0.21666387285874644 0.4865790632467388 0.24489551976611582 0.48827253869231957
0 0.3844518650775764 0.4269485411268593 0.35777855690301885 0.40916061608710946 0.3476598073073233 0.43613527202967545 0.37433311548188086 0.4539231970694253
0 0.37256787330316743 0.5963046757164405 0.3427036199095023 0.5863499245852188 0.3360859728506788 0.6216440422322775 0.365950226244344 0.6315987933634993
0 0.2920405559786748 0.6906766438182281 0.28874657273419646 0.6467568672251841 0.25518849961919265 0.6512312769738513 0.258482482863671 0.6951510535668953
0 0.19781293119267754 0.6003381526231372 0.19416266095140539 0.5638511319025281 0.15389535091869555 0.5710128414934047 0.1575456211599677 0.6074998622140138
0 0.17762328292778054 0.5164630180876033 0.17479728866152788 0.4793750449981724 0.142153314011274 0.4837970444290028 0.14497930827752664 0.5208850175184336
0 0.27264314924407224 0.5788582446446406 0.25989087160661456 0.5355193929404515 0.22750943409885888 0.5524582442958599 0.24026171173631652 0.5957970960000492
0 0.42272140261922225 0.25167446434047197 0.41528120221077025 0.20701277487624367 0.3864403787715691 0.21555428412177796 0.3938805791800211 0.2602159735860063
0 0.46650530503978777 0.2281874447391689 0.46329575596816974 0.17683465959328026 0.43480769230769223 0.18000000000000002 0.4380172413793103 0.23135278514588867
0 0.515466514295813 0.22225808417165005 0.5132589300099841 0.17226681240374656 0.4859180963332332 0.17441322068313947 0.488125680619062 0.22440449245104296
0 0.5684397980459365 0.1317873577286082 0.5319320534722677 0.12562731750265826 0.5277994935126302 0.1691682866905637 0.564307238086299 0.1753283269165136
0 0.5343039441916398 0.2693204420425795 0.5038966556690937 0.2691953863628651 0.5037923043242998 0.314302994339112 0.5341995928468459 0.3144280500188264
0 0.30495649897324545 0.7427387452697954 0.25763645030977894 0.721806234489395 0.24558901869286823 0.7702230032489926 0.2929090673563348 0.7911555140293931
0 0.3914548093336141 0.7220583252137108 0.37967758983280053 0.6855675306635457 0.349343354404664 0.7029723682850396 0.3611205739054775 0.7394631628352047
0 0.5778846153846153 0.6115384615384617 0.55 0.6115384615384617 0.55 0.6423076923076925 0.5778846153846153 0.6423076923076925
0 0.5494378698224852 0.6940039447731757 0.5268047337278106 0.6705325443786984 0.5125665680473371 0.694940828402367 0.5351997041420119 0.7184122287968444
0 0.47480769230769243 0.7384615384615385 0.4448451923076924 0.7384615384615385 0.4448451923076924 0.7769230769230769 0.47480769230769243 0.7769230769230769
0 0.5221153846153846 0.7884615384615384 0.4951923076923077 0.7884615384615384 0.4951923076923077 0.8307692307692308 0.5221153846153846 0.8307692307692308
0 0.3611320380650278 0.8124372191382504 0.3503766851704996 0.7751519957705525 0.3279540047581284 0.7866508062384352 0.33870935765265664 0.823936029606133
0 0.6217139175257731 0.743992862807296 0.6106363996827914 0.7055908009516259 0.5913709357652657 0.7154705260375365 0.6024484536082474 0.7538725878932067
0 0.6514423076923078 0.651923076923077 0.6264423076923078 0.6185897435897437 0.6096153846153847 0.6410256410256412 0.6346153846153846 0.6743589743589746
0 0.7028846153846153 0.6141025641025643 0.675 0.6141025641025643 0.675 0.6487179487179489 0.7028846153846153 0.6487179487179489
0 0.7202488687782808 0.5182503770739066 0.6948503393665159 0.515645399698341 0.6921523755656108 0.5624101055806939 0.7175509049773757 0.5650150829562596
0 0.6211538461538462 0.5320512820512822 0.5971153846153846 0.5320512820512822 0.5971153846153846 0.5615384615384617 0.6211538461538462 0.5615384615384617
0 0.6898076923076922 0.47461538461538477 0.6713073076923076 0.46228179487179494 0.6593842307692307 0.4940766666666667 0.6778846153846154 0.5064102564102566
0 0.6365384615384615 0.4384615384615386 0.6125 0.4384615384615386 0.6125 0.47692307692307706 0.6365384615384615 0.47692307692307706
0 0.7331469096321469 0.408366776775758 0.6947531672452953 0.3993783926412961 0.6890008530236706 0.4430600287617584 0.7273945954105222 0.4520484128962204
0 0.7846153846153846 0.33461538461538476 0.7528846153846154 0.33461538461538476 0.7528846153846154 0.37051282051282064 0.7846153846153846 0.37051282051282064
0 0.7105769230769231 0.3089743589743591 0.6855769230769231 0.3089743589743591 0.6855769230769231 0.34871794871794887 0.7105769230769231 0.34871794871794887
0 0.6436390532544378 0.37958579881656807 0.6321005917159762 0.356508875739645 0.6143491124260355 0.37228796844181455 0.6258875739644971 0.39536489151873766
0 0.5980769230769231 0.3461538461538463 0.5721153846153846 0.3461538461538463 0.5721153846153846 0.3872871794871796 0.5980769230769231 0.3872871794871796
0 0.6423076923076924 0.2910256410256411 0.6173076923076923 0.2910256410256411 0.6173076923076923 0.32820512820512837 0.6423076923076924 0.32820512820512837
0 0.5961538461538461 0.45128205128205146 0.5769230769230769 0.45128205128205146 0.5769230769230769 0.48717948717948734 0.5961538461538461 0.48717948717948734
0 0.5668251103404792 0.4530798234552334 0.5449776954602774 0.4288049180327869 0.5291298865069356 0.45416141235813373 0.5509773013871375 0.4784363177805801
0 0.5028846153846154 0.41282051282051296 0.47596153846153844 0.41282051282051296 0.47596153846153844 0.45128205128205146 0.5028846153846154 0.45128205128205146
0 0.5230769230769231 0.3602564102564104 0.49230769230769234 0.3602564102564104 0.49230769230769234 0.394871794871795 0.5230769230769231 0.394871794871795
0 0.4548076923076923 0.2923076923076924 0.4269230769230769 0.2923076923076924 0.4269230769230769 0.3333333333333333 0.4548076923076923 0.3333333333333334
0 0.5807692307692308 0.27948717948717955 0.5567307692307693 0.27948717948717955 0.5567307692307693 0.31410256410256415 0.5807692307692308 0.31410256410256415
0 0.5634615384615385 0.22307692307692314 0.5365384615384615 0.22307692307692314 0.5365384615384615 0.2525641025641026 0.5634615384615385 0.2525641025641026
0 0.6913461538461538 0.20256410256410268 0.6653846153846154 0.20256410256410265 0.6653846153846154 0.23846153846153856 0.6913461538461538 0.2384615384615386
0 0.7636020710059169 0.2123964497041422 0.7358782766272188 0.18364584812623294 0.7196208801775146 0.2115156706114401 0.7473446745562128 0.24026627218934937
0 0.6754880239566013 0.13272342685630484 0.6522985329480365 0.11646779608273174 0.6396495839959732 0.14854668392739026 0.662839075004538 0.16480231470096338
0 0.6376193633952253 0.05142351900972601 0.6184018567639257 0.028647214854111508 0.6000994694960211 0.05610079575596825 0.6193169761273208 0.07887709991158275
0 0.5259615384615385 0.012820512820512905 0.5019230769230769 0.012820512820512903 0.5019230769230769 0.053846153846153925 0.5259615384615385 0.05384615384615394
0 0.49778846153846157 0.10141025641025636 0.4876923076923077 0.061025641025641016 0.46461538461538454 0.07128205128205131 0.4747115384615384 0.11166666666666666
0 0.4048076923076923 0.0038461538461539114 0.37884615384615383 0.0038461538461539093 0.37884615384615383 0.04230769230769237 0.4048076923076923 0.04230769230769238
0 0.3813122171945701 0.11751131221719456 0.3602036199095022 0.08467571644042234 0.34072398190045244 0.10693815987933639 0.3618325791855203 0.1397737556561086
0 0.32375703564727953 0.15046904315197 0.32045028142589116 0.11078799249530956 0.2901618198874296 0.11527517198248904 0.293468574108818 0.1549562226391495
0 0.2726856763925729 0.0665605658709107 0.24923740053050397 0.031388152077807284 0.2283488063660477 0.0561450044208665 0.2517970822281167 0.09131741821396994
0 0.19423076923076923 0.02692307692307695 0.16634615384615384 0.02692307692307695 0.16634615384615384 0.06538461538461542 0.19423076923076923 0.06538461538461542
0 0.24980769230769231 0.2120512820512821 0.22711538461538466 0.19692307692307698 0.21653846153846157 0.2251282051282052 0.23923076923076925 0.2402564102564103
0 0.1562997347480106 0.25592396109637494 0.12881962864721488 0.2147038019451813 0.10047082228116713 0.24830238726790452 0.12795092838196284 0.2895225464190982
0 0.2502601809954751 0.3106184012066365 0.22185520361990949 0.3022021116138763 0.21751131221719455 0.32826546003016593 0.24591628959276018 0.33668174962292613
0 0.239423076923077 0.36666666666666664 0.21250000000000005 0.36666666666666664 0.21250000000000005 0.39487179487179486 0.239423076923077 0.39487179487179486
0 0.16826923076923084 0.30512820512820515 0.13653846153846158 0.30512820512820515 0.13653846153846158 0.34102564102564104 0.16826923076923084 0.34102564102564104
0 0.16394230769230772 0.410897435897436 0.1427884615384616 0.3826923076923078 0.1288461538461539 0.4012820512820514 0.15 0.42948717948717957