0 0.5835757516595079 0.7805935181569699 0.5810376805935181 0.7332161915918262 0.5485796563842249 0.7363074319927113 0.5511177274502148 0.7836847585578551
0 0.6268934911242604 0.6580078895463511 0.6026331360946746 0.6539644970414202 0.5987876331360946 0.6949831952662722 0.6230479881656805 0.6990265877712032
0 0.6844864920042691 0.6803058727919898 0.6830716876574194 0.6288111340151078 0.6541292315632712 0.630224798613796 0.655544035910121 0.6817195373906779
0 0.7567806065088757 0.605639684418146 0.7425202514792899 0.5723655226824458 0.7113757396449704 0.5960946745562131 0.7256360946745561 0.6293688362919133
0 0.5431952662721893 0.6710059171597634 0.5280534023668639 0.6407221893491125 0.5076392011834321 0.6588681459566076 0.5227810650887574 0.6891518737672585
0 0.573076923076923 0.5628205128205129 0.5453298076923078 0.5628205128205129 0.5453298076923078 0.6076923076923079 0.573076923076923 0.6076923076923079
0 0.6420747679045093 0.5473037135278513 0.6282153514588861 0.5011056587091071 0.5988726790450928 0.5167550839964633 0.6127320954907162 0.5629531388152077
0 0.7255351771823682 0.5144578651685396 0.7105244814174588 0.48243504753673305 0.6780208513396714 0.5095214059348891 0.6930315471045807 0.5415442235666957
0 0.7792985576923078 0.46214166666666684 0.7542899038461539 0.428796794871795 0.73169375 0.4589250000000002 0.7567024038461538 0.492269871794872
0 0.6783901309344844 0.440377653693296 0.6452177928708999 0.42887258272443834 0.6380339594987319 0.46569569603532396 0.6712062975623164 0.47720076700418174
0 0.7785545397225726 0.4046973518284994 0.7754334804539723 0.358921815889029 0.7371138083228247 0.3635666246321983 0.740234867591425 0.4093421605716688
0 0.8142906738485244 0.31825380932496783 0.8058395325619421 0.26985943934475576 0.7699462205582963 0.28100268049671345 0.7783973618448786 0.3293970504769255
0 0.7233138601074873 0.24930739561041218 0.6861913080951999 0.2451178998860741 0.6832151108044232 0.29200088575585653 0.7203376628167107 0.2961903814801946
0 0.6715782092804665 0.3000822433454747 0.6462112930080725 0.29121245615201535 0.6395467811556935 0.3250968946333135 0.6649136974280876 0.33396668182677286
0 0.622644553433144 0.3702374806401654 0.5911397780072275 0.3408330235759767 0.5728899070727929 0.37559468249870953 0.6043946824987093 0.4049991395628982
0 0.5594230769230769 0.5082051282051282 0.5488424038461539 0.46588243589743583 0.5243231730769231 0.4767798717948717 0.5349038461538462 0.519102564102564
0 0.49903846153846154 0.5178846153846155 0.47307692307692306 0.5178846153846155 0.47307692307692306 0.5628205128205129 0.49903846153846154 0.5628205128205129
0 0.49256365227284193 0.4500555761886982 0.4716896556399206 0.4249982240601731 0.4466794795805106 0.4620376847998653 0.4675534762134319 0.4870950369283904
0 0.46421435728155636 0.5887450302728033 0.442240925126251 0.5742938349161812 0.42755577177294984 0.61399013997742 0.44952920392825524 0.6284413353340421
0 0.38761034047919296 0.632387557797394 0.36311475409836064 0.6051702395964692 0.34475094577553594 0.6345523329129887 0.36924653215636827 0.6617696511139134
0 0.32403846153846166 0.6888948717948717 0.3000000000000001 0.6888948717948717 0.3000000000000001 0.735897435897436 0.32403846153846166 0.735897435897436
0 0.26923076923076933 0.65 0.251923076923077 0.65 0.251923076923077 0.6794871794871795 0.26923076923076933 0.6794871794871795
0 0.17123262881582502 0.6168850022876863 0.16947715092562365 0.5860782442665231 0.13689477625226992 0.5893789710203396 0.13865025414247129 0.6201857290415028
0 0.44294070866978325 0.5271248760447657 0.4262067520186995 0.5070441280634652 0.40252337441563957 0.5421306134013317 0.4192573310667233 0.5622113613826322
0 0.4013461538461539 0.4874358974358975 0.3840384615384616 0.47589743589743594 0.3686538461538462 0.5169230769230769 0.3859615384615385 0.5284615384615385
0 0.33324413717068246 0.49913942929768557 0.31112226985093144 0.4939647234918958 0.3061954260169511 0.531408736630146 0.3283172933367021 0.5365834424359358
0 0.2430329851567266 0.5202503375374612 0.24218146025612397 0.48279437295539696 0.22034192603464567 0.4836770406089248 0.22119345093524834 0.521133005190989
0 0.14961019230769232 0.5399861538461538 0.14 0.5143589743589744 0.11266538461538463 0.5325820512820513 0.12227557692307693 0.5582092307692307
0 0.2116737149434109 0.4814686429394071 0.20552842812848537 0.440812278249336 0.17692284696603178 0.44849901242697227 0.18306813378095727 0.4891553771170434
0 0.38653846153846155 0.3487923076923077 0.3511394230769231 0.3487923076923077 0.3511394230769231 0.38632564102564104 0.38653846153846155 0.38632564102564104
0 0.30644438330494167 0.4235637922577552 0.3046890654151033 0.37563341477039314 0.2769137439970022 0.37744176063044343 0.27866906188684054 0.42537213811780544
0 0.2197446949602122 0.3832228116710875 0.20905172413793108 0.3499557913351017 0.17645495689655175 0.3685825154730327 0.18714792771883287 0.40184953580901855
0 0.2040680473372781 0.3142998027613413 0.17431035502958575 0.28784852071005923 0.15907366863905323 0.31832189349112433 0.18883136094674557 0.3447731755424064
0 0.10099903846153849 0.27160897435897435 0.07115384615384618 0.27160897435897435 0.07115384615384618 0.3076923076923077 0.10099903846153849 0.3076923076923077
0 0.7980274764150944 0.1931990203193034 0.786597868287373 0.16576796081277223 0.7535402576197388 0.19025507982583462 0.7649698657474602 0.21768613933236577
0 0.7302648514851485 0.14570827621223661 0.7277261233815688 0.11185856816450879 0.6928109482102055 0.11651392485402388 0.6953496763137852 0.15036363290175173
0 0.7052567307692308 0.002564102564102678 0.6798076923076923 0.0025641025641026756 0.6798076923076923 0.0401871794871796 0.7052567307692308 0.0401871794871796
0 0.47391216999020896 0.20939405181779472 0.4724021274814311 0.17386799050924137 0.447705782786113 0.17573416506405762 0.44921582529489085 0.21126022637261097
0 0.4059663908735328 0.28865106209169095 0.405541330540577 0.23824871568772943 0.37534734999999614 0.2387014023170904 0.37577241033295194 0.28910374872105193
0 0.34847292733903373 0.263620844243078 0.3301117814434511 0.2515552713015364 0.32249713788275586 0.2721558245598858 0.3408582837783385 0.2842213975014275
0 0.37460087082728594 0.17109337203676836 0.3429789550072569 0.15904692791485253 0.33288798984034834 0.20613809869375913 0.3645099056603774 0.21818454281567498
0 0.27947404842156215 0.26960836313780406 0.27548067822741507 0.2332276977949271 0.24398392742496927 0.2393739752655582 0.24797729761911635 0.2757546406084352
0 0.19549035145888594 0.2199415561450045 0.18428345490716183 0.18258523430592397 0.15038226127320956 0.2006658709106985 0.16158915782493374 0.238022192749779
0 0.14081049527155168 0.14570306228223634 0.1313995323609433 0.11418339083482366 0.10076680748925632 0.13044320147258018 0.11017777039986469 0.16196287291999287
0 0.22826790778827874 0.05144969937485961 0.1867932627204989 0.047350791659166884 0.18441138480081667 0.09019691258944665 0.22588602986859652 0.09429582030513937
0 0.2717340848806366 0.12659151193633952 0.26039456233421754 0.09131299734748013 0.22770054708222814 0.10999529177718834 0.23904006962864727 0.14527380636604773
0 0.3657955882352942 0.12140082956259428 0.3594528846153846 0.08757307692307692 0.32392867647058826 0.09941447963800906 0.3302713800904978 0.1332422322775264
0 0.4268287456862265 0.06787495593388511 0.42526677644112937 0.036559003912084914 0.3974713759729036 0.0390236653390963 0.39903334521800066 0.07033961736089649
0 0.3351219035873094 0.040427604009705784 0.3169774749132299 0.0024766847868549053 0.2952192047392943 0.020970343407071095 0.3133636334133738 0.05892126262992197