0 0.6108743061062647 0.6938408670367434 0.5954500396510705 0.6475680676711605 0.5688639968279143 0.6633227597145123 0.5842882632831086 0.7095955590800952
0 0.5471153846153847 0.7256410256410256 0.5144230769230769 0.7256410256410256 0.5144230769230769 0.7628205128205128 0.5471153846153847 0.7628205128205128
0 0.6423076923076925 0.6051282051282052 0.6169040384615384 0.5938376923076923 0.6095963461538462 0.6230684615384615 0.6350000000000001 0.6343589743589744
0 0.6903249336870027 0.675711759504863 0.6697944297082227 0.6449160035366931 0.6513527851458886 0.6667727674624226 0.6718832891246684 0.6975685234305924
0 0.5644230769230769 0.5897435897435899 0.5365384615384615 0.5897435897435899 0.5365384615384615 0.6205128205128206 0.5644230769230769 0.6205128205128206
0 0.5221153846153846 0.6461538461538463 0.49903846153846154 0.6461538461538463 0.49903846153846154 0.676923076923077 0.5221153846153846 0.676923076923077
0 0.7211538461538461 0.5551282051282053 0.6913461538461538 0.5551282051282053 0.6913461538461538 0.594871794871795 0.7211538461538461 0.594871794871795
0 0.7610576923076924 0.5250000000000001 0.7375 0.4935897435897436 0.7206730769230768 0.5160256410256412 0.7442307692307693 0.5474358974358977
0 0.6961538461538461 0.4666666666666668 0.6692307692307692 0.4666666666666668 0.6692307692307692 0.4961538461538463 0.6961538461538461 0.4961538461538463
0 0.6326923076923077 0.5192307692307694 0.5971153846153846 0.5192307692307694 0.5971153846153846 0.5564102564102565 0.6326923076923077 0.5564102564102565
0 0.43098269230769237 0.5974358974358974 0.40673076923076934 0.5974358974358974 0.40673076923076934 0.6346153846153846 0.43098269230769237 0.6346153846153846
0 0.35721153846153847 0.6480769230769231 0.3504807692307692 0.6211538461538462 0.3323076923076923 0.6292307692307691 0.33903846153846157 0.6561538461538461
0 0.25961538461538475 0.6487179487179487 0.2336538461538462 0.6487179487179487 0.2336538461538462 0.6907089743589744 0.25961538461538475 0.6907089743589744
0 0.2071449704142012 0.6131360946745563 0.18591715976331363 0.5969625246548323 0.17082840236686395 0.6321696252465484 0.19205621301775153 0.6483431952662723
0 0.2844970414201184 0.5705325443786983 0.281301775147929 0.5364497041420118 0.25278106508875736 0.5412031558185404 0.2559763313609467 0.5752859960552268
0 0.3431603773584906 0.5187227866473151 0.33254716981132076 0.5108611514271892 0.3214350507982584 0.537530237058539 0.3320482583454282 0.5453918722786648
0 0.3663461538461539 0.5474358974358975 0.3548076923076924 0.5320512820512822 0.33942307692307694 0.5525641025641027 0.35096153846153844 0.567948717948718
0 0.38269230769230766 0.4948717948717949 0.36730769230769234 0.4948717948717949 0.36730769230769234 0.5294871794871795 0.38269230769230766 0.5294871794871795
0 0.4394230769230769 0.4641025641025641 0.4115384615384615 0.4641025641025641 0.4115384615384615 0.4987179487179487 0.4394230769230769 0.4987179487179487
0 0.4740384615384615 0.47179487179487195 0.4548076923076923 0.47179487179487195 0.4548076923076923 0.5102564102564104 0.4740384615384615 0.5102564102564104
0 0.3375 0.45256410256410257 0.32211538461538464 0.45256410256410257 0.32211538461538464 0.48333333333333334 0.3375 0.48333333333333334
0 0.2892738726790451 0.4636383731211317 0.2812665782493369 0.4387267904509284 0.25434350132625994 0.45411140583554377 0.26235079575596815 0.4790229885057471
0 0.1916147963552973 0.5050178458198117 0.1602404852941527 0.49977785301134786 0.15733507363542767 0.5307042022042195 0.18870938469657228 0.5359441950126834
0 0.20961538461538468 0.44358974358974357 0.18076923076923082 0.44358974358974357 0.18076923076923082 0.47435897435897434 0.20961538461538468 0.47435897435897434
0 0.2668567639257294 0.4179133510167994 0.25226790450928377 0.3960300618921309 0.22893236074270557 0.4236870026525199 0.24352122015915117 0.4455702917771883
0 0.1980931059146878 0.4070254374016359 0.19556788216981383 0.37894667877885796 0.16383223423216628 0.38402063602779885 0.16635745797704027 0.4120993946505767
0 0.14994343891402717 0.48303167420814486 0.14304298642533939 0.44622926093514337 0.11340497737556561 0.4561085972850679 0.1203054298642534 0.4929110105580694
0 0.8 0.25641025641025655 0.7701923076923077 0.25641025641025655 0.7701923076923077 0.2897435897435899 0.8 0.2897435897435899
0 0.7682396449704143 0.21250493096646944 0.7646597633136095 0.17431952662721892 0.7368082840236687 0.17896143984220905 0.7403881656804735 0.21714684418145958
0 0.5888461538461538 0.06948717948717958 0.5669230769230769 0.05487179487179492 0.5503846153846154 0.09897435897435904 0.5723076923076923 0.11358974358974369
0 0.5796027742749055 0.20084068936527966 0.5634300126103404 0.18287095418242974 0.544750945775536 0.21275746111811697 0.5609237074401009 0.23072719630096689
0 0.5313076923076923 0.18066666666666675 0.5106923076923077 0.16005128205128225 0.49038461538461536 0.19615384615384637 0.5109999999999999 0.2167692307692309
0 0.5406287122950348 0.28212224581800477 0.5324294112983559 0.2528754210060075 0.5048178535378108 0.2666369436189147 0.5130171545344898 0.29588376843091196
0 0.47596153846153844 0.23589743589743598 0.46057692307692305 0.23589743589743598 0.46057692307692305 0.26538461538461544 0.47596153846153844 0.26538461538461544
0 0.4375 0.24615384615384622 0.41634615384615387 0.24615384615384622 0.41634615384615387 0.27948717948717955 0.4375 0.27948717948717955
0 0.35096153846153844 0.2858974358974359 0.34307692307692306 0.2543589743589744 0.3283653846153846 0.2608974358974359 0.33625 0.29243589743589743
0 0.27692307692307694 0.3384615384615385 0.2519230769230769 0.3384615384615385 0.2519230769230769 0.358974358974359 0.27692307692307694 0.358974358974359
0 0.3967542638357119 0.40142707970762276 0.3951618517229377 0.3568395405499479 0.3377371214758093 0.36048555516881314 0.3393295335885834 0.405073094326488
0 0.25384615384615383 0.2897435897435898 0.2278846153846154 0.2897435897435898 0.22788461538461544 0.32307692307692315 0.25384615384615383 0.32307692307692315
0 0.17403846153846156 0.2794871794871795 0.14326923076923076 0.2794871794871795 0.1432692307692308 0.3153846153846154 0.1740384615384616 0.3153846153846154
0 0.20837264150943396 0.2413763909046928 0.19286103047895503 0.2041485244315433 0.17481857764876632 0.21751330430575713 0.19033018867924525 0.2547411707789066
0 0.2639423076923077 0.2326923076923077 0.2408653846153846 0.20192307692307693 0.2254807692307692 0.22243589743589742 0.2485576923076923 0.2532051282051282
0 0.2956508875739646 0.19767258382643002 0.27048816568047346 0.15453648915187376 0.2535798816568048 0.17207100591715976 0.27874260355029595 0.21520710059171602
0 0.3173690205901326 0.14854890575526902 0.3033029263211113 0.11223655559977126 0.2843265466657873 0.12530458190051388 0.29839264093480866 0.16161693205601163
0 0.36898930148948406 0.19085797069852198 0.3629407355644771 0.15456986688503782 0.33545228247560016 0.16271533254393333 0.3415008484006071 0.19900343635741755
0 0.43683846153846156 0.16794871794871802 0.41442307692307695 0.16794871794871802 0.41442307692307695 0.2051282051282052 0.43683846153846156 0.2051282051282052
0 0.5086538461538461 0.06843333333333342 0.4807692307692308 0.0684333333333334 0.4807692307692308 0.10384615384615392 0.5086538461538461 0.10384615384615392
0 0.419766100522004 0.08597346526071582 0.39073272246707375 0.05439371824977392 0.37431073537731646 0.0812343109836709 0.40334411343224674 0.1128140579946128
0 0.3105769230769231 4.9064374965839467e-17 0.28557692307692306 4.7023296967260545e-17 0.28557692307692306 0.04102564102564108 0.3105769230769231 0.04102564102564108
0 0.25422856334841626 0.07050791855203618 0.23571832579185517 0.029374057315233796 0.21596860859728503 0.04517383107088991 0.2344788461538461 0.0863076923076923
0 0.20241291727140784 0.1175858732462506 0.18712808417997098 0.08090227382680214 0.16900399129172713 0.09432752781809385 0.184288824383164 0.1310111272375423
0 0.19837987355110645 0.1596241657885494 0.167590885142255 0.14096417281348791 0.15985247629083246 0.16366350544432742 0.1906414646996839 0.18232349841938889