0 0.5382385680292199 0.8840151609012878 0.5371533514448892 0.8340349082118332 0.5111579265101931 0.8350383504288541 0.5122431430945239 0.8850186031183086
0 0.47713414634146334 0.9115071919949969 0.46071763602251403 0.8939962476547841 0.43908621013133214 0.9300486241400875 0.45550272045028145 0.9475595684803001
0 0.43208470351770045 0.8956272360280858 0.4151165970233151 0.8747449294882205 0.39791090845005883 0.89959939599505 0.4148790149444442 0.9204817025349153
0 0.4825303544410857 0.8159851922551928 0.462148177770429 0.8022649371867767 0.44761333225684197 0.8406512386608622 0.4679955089274987 0.8543714937292783
0 0.5654326011020983 0.7726049795557938 0.5347967100719762 0.7652392711157819 0.5307692764999613 0.7950190762277003 0.5614051675300833 0.8023847846677121
0 0.625975268571643 0.8119063359083006 0.6086551799300333 0.7740163421495562 0.5894114171930838 0.7896547682979503 0.6067315058346935 0.8275447620566948
0 0.6622460087082729 0.6870827285921627 0.6382091618287373 0.6779258345428159 0.6306917815674891 0.7130069424286407 0.6547286284470246 0.7221638364779877
0 0.5965150787466393 0.6996368124503007 0.5903521491359932 0.6550984020096545 0.5671091837491923 0.660816103829697 0.5732721133598384 0.7053545142703432
0 0.5517182692307693 0.6998038461538462 0.5346153846153846 0.6998038461538462 0.5346153846153846 0.7269230769230769 0.5517182692307693 0.7269230769230769
0 0.5122425579483454 0.7186632790502326 0.4940008910834755 0.687280759627964 0.4763041094447712 0.7055680128816986 0.494545776309641 0.7369505323039672
0 0.4491330977614486 0.7243921589926828 0.42764222626922094 0.7191616239014301 0.42236046370407443 0.7577418043430416 0.4438513351963021 0.7629723394342943
0 0.3282692675535771 0.7935834769429928 0.3116000861524878 0.7692913740005005 0.28797980321514427 0.7981059165123232 0.30464898461623363 0.8223980194548153
0 0.2789126462404114 0.8069475967167226 0.25512068232155216 0.8010756783995083 0.2504265172826702 0.8348888660574391 0.27421848120152936 0.8407607843746533
0 0.2586538461538463 0.7360192307692308 0.2384615384615385 0.7360192307692308 0.2384615384615385 0.7653846153846153 0.2586538461538463 0.7653846153846153
0 0.31807692307692315 0.7238461538461539 0.3076923076923077 0.6961538461538461 0.2815384615384615 0.7135897435897436 0.29192307692307695 0.7412820512820514
0 0.24318625536899646 0.6946049720161396 0.24150722374072625 0.663263048288429 0.20677590784849667 0.6665707926591176 0.2084549394767669 0.6979127163868282
0 0.1329807692307692 0.6806410256410256 0.12557692307692306 0.6510256410256411 0.09500000000000003 0.6646153846153846 0.10240384615384616 0.6942307692307692
0 0.7101372215184527 0.6200100485492849 0.7033728592284499 0.5922005713792678 0.6793228445863303 0.6026004160796647 0.686087206876333 0.6304098932496818
0 0.653910681359607 0.6120947018472983 0.6468294332007909 0.5892105823050596 0.6304880118050339 0.5982002349053699 0.6375692599638499 0.6210843544476085
0 0.5985859728506787 0.5847662141779787 0.5919683257918552 0.54947209653092 0.568212669683258 0.5573906485671191 0.5748303167420814 0.5926847662141779
0 0.5322596153846153 0.5884615384615386 0.5134615384615384 0.5884615384615386 0.5134615384615384 0.6231012820512822 0.5322596153846153 0.6231012820512822
0 0.47315770623904135 0.6429625125860992 0.46947758453788957 0.6064423033990448 0.4483743255134887 0.610222861590651 0.45205444721464055 0.6467430707777053
0 0.5163461538461539 0.5190538461538463 0.4913461538461538 0.5190538461538463 0.4913461538461538 0.5487179487179489 0.5163461538461539 0.5487179487179489
0 0.5614605229453234 0.4975264758802303 0.5588537883333429 0.479130252578834 0.5384652853000067 0.48426632287594273 0.5410720199119873 0.502662546177339
0 0.5824064449064451 0.39972279972279984 0.5663461538461539 0.39615384615384625 0.5627338877338879 0.42505197505197523 0.578794178794179 0.4286209286209288
0 0.35776627218934914 0.6238658777120316 0.35228550295857985 0.5970710059171598 0.32470414201183423 0.6071005917159763 0.3301849112426035 0.6338954635108482
0 0.29461057692307696 0.5923076923076923 0.26538461538461544 0.5923076923076923 0.2653846153846155 0.6181782051282051 0.294610576923077 0.6181782051282051
0 0.21259615384615382 0.6144871794871795 0.20576923076923076 0.5871794871794872 0.18586538461538463 0.596025641025641 0.19269230769230766 0.6233333333333333
0 0.16826923076923084 0.49743589743589745 0.13557692307692312 0.49743589743589745 0.13557692307692312 0.5371794871794872 0.16826923076923084 0.5371794871794872
0 0.37180353430353436 0.5167359667359668 0.3683731808731809 0.4892931392931394 0.34669958419958424 0.4941094941094942 0.35012993762993766 0.5215523215523217
0 0.29423076923076924 0.49743589743589745 0.26346153846153847 0.49743589743589745 0.26346153846153847 0.5217948717948718 0.29423076923076924 0.5217948717948718
0 0.24822485207100595 0.4689349112426036 0.22825443786982247 0.4511834319526627 0.21715976331360942 0.47337278106508884 0.23713017751479293 0.4911242603550296
0 0.34807692307692306 0.39615384615384613 0.3173076923076923 0.39615384615384613 0.3173076923076923 0.42686666666666667 0.34807692307692306 0.42686666666666667