0 0.6332794417971409 0.6754368050828229 0.6173162014976175 0.6511118674835491 0.5913801906058543 0.6813705468572726 0.6073434309053778 0.7056954844565465
0 0.5394230769230769 0.7353564102564102 0.5076923076923077 0.7353564102564102 0.5076923076923077 0.7692307692307693 0.5394230769230769 0.7692307692307693
0 0.5691423655449485 0.659392085893434 0.5582443423131905 0.6339960225893897 0.5311436036575927 0.6546707565471241 0.5420416268893506 0.6800668198511685
0 0.47377543294495156 0.738481243581407 0.43948443240138857 0.7357914424908423 0.43808882915062236 0.7674214603706826 0.47237982969418535 0.7701112614612473
0 0.416346153846154 0.7256410256410256 0.38237403846153856 0.7256410256410256 0.38237403846153856 0.7564102564102564 0.416346153846154 0.7564102564102564
0 0.428524741673768 0.6369515175931214 0.42372699766034166 0.6123470663821483 0.39653437779299355 0.6217735976898754 0.40133212180641986 0.6463780489008485
0 0.29326923076923084 0.5942410256410257 0.2740384615384616 0.5942410256410257 0.2740384615384617 0.6102564102564103 0.2932692307692309 0.6102564102564103
0 0.3326840398389182 0.5598304742416345 0.33049433612492923 0.5313595965781083 0.2998501506693249 0.5355495582956263 0.3020398543833139 0.5640204359591525
0 0.25654901093055005 0.5305255222799454 0.23022277540694447 0.5242872984777117 0.2270017164699056 0.5484532530899239 0.25332795199351116 0.5546914768921576
0 0.44517820049796925 0.5509609590760358 0.4125056197221761 0.5508520323189904 0.41244688386685563 0.5821726008583319 0.44511946464264884 0.5822815276153772
0 0.5461890011027771 0.5525121601532078 0.5461096056788958 0.5236750805709749 0.5114659655360548 0.5238446490745993 0.5115453609599362 0.5526817286568322
0 0.642403116724786 0.474302192497995 0.6164844555495324 0.46866147392206636 0.6135652821220524 0.4925074718577936 0.6394839432973061 0.4981481904337221
0 0.5380642512043863 0.45304847731726255 0.5352065496868733 0.43053051282799976 0.5099898449568482 0.4362197434890889 0.512847546474361 0.45873770797835167
0 0.4442307692307692 0.48589743589743595 0.4296759615384616 0.46649102564102574 0.4099644230769231 0.492773076923077 0.42451923076923076 0.5121794871794874
0 0.4395686188466094 0.41143190247704664 0.41809119317319093 0.40046470638849246 0.4084185026876007 0.434139999190177 0.4298959283610192 0.4451071952787311
0 0.34649326923076934 0.46455512820512834 0.3254807692307693 0.4365384615384616 0.3096153846153846 0.45769230769230784 0.33062788461538467 0.4857089743589746
0 0.26972861538461534 0.43062605128205134 0.25498400000000004 0.415881435897436 0.23871476923076926 0.44480451282051287 0.25345938461538453 0.4595491282051282
0 0.22079454059567855 0.4541276751891746 0.19589536938330204 0.4337215397213488 0.1852394482443933 0.4568364704925141 0.21013861945676982 0.4772426059603399
0 0.382036784674257 0.3976814971139164 0.38156188997145407 0.37143594032781585 0.3507873737126252 0.37242588345079414 0.35126226841542807 0.3986714402368947
0 0.5374857223884487 0.3935251321084636 0.5318474245515963 0.3715187457870286 0.5042917076675156 0.3840700387823995 0.5099300055043681 0.4060764251038345
0 0.6179210875331566 0.35621131741821405 0.5884449602122017 0.33936781609195416 0.5794218335543767 0.3674397656940761 0.6088979608753315 0.384283267020336
0 0.7702791990119972 0.30388732063044 0.7516758997882851 0.2964460009409552 0.7462737297106562 0.32045564573041646 0.7648770289343683 0.32789696541990127
0 0.6971153846153846 0.20769230769230784 0.6678826923076923 0.20769230769230781 0.6678826923076923 0.23825897435897447 0.6971153846153846 0.23825897435897453
0 0.6504583240443655 0.28297174564058425 0.6362468015806715 0.2595415318856261 0.6254191343261781 0.2712170652537575 0.6396306567898723 0.29464727900871557
0 0.586045671807817 0.2598723080661728 0.5690394622929096 0.25580838288162466 0.5666719748318747 0.27342112522435974 0.5836781843467822 0.27748505040890786
0 0.5235037603069432 0.29694762044238704 0.519656576899981 0.26558034109642326 0.49341181782663346 0.2713028450691113 0.4972590012335957 0.30267012441507507
0 0.68518609677385 0.1412617302180123 0.6812974056655269 0.1109060759177551 0.6515135837420712 0.11768907484785415 0.6554022748503944 0.14804472914811137
0 0.6116221434354552 0.1978743556283008 0.6018090542753723 0.158217738836524 0.5813267750478873 0.16722817553128524 0.5911398642079703 0.20688479232306203
0 0.6282783585106492 0.0554651737938569 0.6193878598385103 0.030936301870568245 0.5931199535695613 0.047862190425035124 0.6020104522417002 0.07239106234832378
0 0.53653 0.19489435897435906 0.5161453846153845 0.18130461538461545 0.5084615384615384 0.20179487179487185 0.5288461538461539 0.21538461538461545
0 0.48186349496358283 0.2338090044658493 0.47567507706948636 0.20824204021520942 0.4448711106014581 0.22149718830787168 0.4510595284955546 0.24706415255851158
0 0.44343688583203195 0.34606187210113853 0.4339516922825694 0.3144750103291458 0.4134266316637845 0.32543226205622644 0.4229118252132471 0.3570191238282192
0 0.38977403846153846 0.25897435897435905 0.3644230769230769 0.25897435897435905 0.3644230769230769 0.29871794871794877 0.38977403846153846 0.29871794871794877
0 0.3399523480033026 0.3133295105844315 0.31816342953039756 0.3062660865095479 0.3114091544453025 0.3433065668739942 0.3331980729182075 0.3503699909488778
0 0.27735741905279343 0.342122362469113 0.24634371566934118 0.34052662107226467 0.24552432201564275 0.368838010686066 0.276538025399095 0.37043375208291424
0 0.47560901166303865 0.1784112298954617 0.47479444942464877 0.13887074530456567 0.435787703487321 0.1402993085769465 0.43660226572571087 0.17983979316784252
0 0.3836538461538462 0.10621538461538468 0.36398269230769226 0.10621538461538468 0.36398269230769226 0.15000000000000008 0.3836538461538462 0.15000000000000008
0 0.3156581589923672 0.16791564630690844 0.2876437262327608 0.15513239975128743 0.2822496374324642 0.17614773065859005 0.3102640701920706 0.1889309772142111