0 0.491974852071006 0.6336785009861934 0.4718860946745563 0.5992406311637081 0.4435946745562131 0.6285798816568047 0.4636834319526628 0.66301775147929
0 0.5361944248412139 0.5792401787814632 0.5279904728299224 0.5427781698423899 0.5047900494001412 0.5520583392143025 0.5129940014114326 0.5885203481533757
0 0.4838979289940828 0.47188362919132154 0.4585133136094675 0.4626528599605524 0.449681952662722 0.505828402366864 0.4750665680473372 0.5150591715976333
0 0.4096153846153846 0.4948717948717949 0.3778846153846154 0.4948717948717949 0.3778846153846154 0.5282051282051282 0.4096153846153846 0.5282051282051282
0 0.33880177514792903 0.6168836291913217 0.29785502958579885 0.6100591715976332 0.2942899408284024 0.648086785009862 0.33523668639053256 0.6549112426035504
0 0.3432692307692308 0.5448717948717949 0.3240384615384616 0.5192307692307693 0.3062500000000001 0.5429487179487181 0.3254807692307693 0.5685897435897438
0 0.2790242415639545 0.53462852228919 0.25855260040924694 0.5231930516033533 0.24880217921240727 0.5542243155376236 0.26927382036711484 0.5656597862234604
0 0.24054242463617465 0.547285602910603 0.2258594724532224 0.5198774255024254 0.2003680483367983 0.5441549722799723 0.21505100051975054 0.5715631496881498
0 0.19182692307692314 0.5173076923076925 0.1740384615384616 0.4935897435897437 0.15144230769230774 0.5237179487179487 0.1692307692307693 0.5474358974358975
0 0.1748868778280543 0.6622171945701357 0.16719457013574657 0.6211915535444946 0.13740067873303166 0.631122850678733 0.14509298642533935 0.672148491704374
0 0.10192307692307698 0.5358974358974359 0.07019230769230775 0.5358974358974359 0.07019230769230775 0.5743589743589743 0.10192307692307698 0.5743589743589743
0 0.11363952064077333 0.4920900419409495 0.11347112263863945 0.4601033314827108 0.08065530000875988 0.460410465644372 0.08082369801089376 0.49239717610261075
0 0.34807692307692306 0.43732435897435895 0.32019230769230766 0.43732435897435895 0.32019230769230766 0.47692307692307695 0.34807692307692306 0.47692307692307695
0 0.2785568413886998 0.4198888132516452 0.2554969877467665 0.38474998865441346 0.23263776378488768 0.4114190832766055 0.25569761742682096 0.4465579078738371
0 0.34807692307692306 0.37435897435897453 0.3264423076923077 0.3455128205128207 0.3043269230769231 0.37500000000000006 0.3259615384615385 0.4038461538461539
0 0.4176125703564728 0.38827392120075044 0.39315220450281424 0.36218286429018126 0.3719514540337711 0.3975174484052532 0.39641181988742963 0.42360850531582234
0 0.4653846153846154 0.32820512820512837 0.4442307692307692 0.32820512820512826 0.4442307692307692 0.3653846153846155 0.4653846153846154 0.36538461538461553
0 0.5896776018099548 0.6596907993966818 0.5633766968325791 0.6386500754147814 0.5465780542986424 0.6759803921568627 0.5728789592760181 0.6970211161387633
0 0.6023461538461539 0.5321538461538464 0.5788076923076924 0.5086153846153849 0.5623076923076923 0.5379487179487182 0.5858461538461538 0.5614871794871797
0 0.7104111405835544 0.4665782493368701 0.6868700265251989 0.4540229885057472 0.6743368700265252 0.49580017683465966 0.6978779840848806 0.5083554376657826
0 0.6547350961538462 0.4548621794871795 0.6363527432126697 0.4401562971342384 0.6222850678733032 0.47141779788838617 0.6406674208144796 0.4861236802413273
0 0.6714201923076923 0.37948717948717964 0.6394230769230769 0.37948717948717964 0.6394230769230769 0.4102564102564104 0.6714201923076923 0.4102564102564104
0 0.6115598976034284 0.3743876980812451 0.588514157114193 0.37431139399883734 0.5884472477515607 0.41023726110822983 0.6114929882407961 0.41031356519063766
0 0.5489726027397263 0.4433965577801196 0.5178872497365649 0.42785388127853896 0.5081664910432034 0.46241657885493515 0.5392518440463647 0.4779592553565158
0 0.5312578814627995 0.3558848255569567 0.5141393442622951 0.33686422866750737 0.49609079445145027 0.3657419083648592 0.5132093316519546 0.38476250525430855
0 0.7134615384615385 0.30769230769230776 0.6918269230769231 0.2788461538461539 0.6663067307692309 0.31287307692307703 0.6879413461538462 0.34171923076923083
0 0.7596153846153846 0.2320512820512822 0.7298076923076923 0.2320512820512822 0.7298076923076923 0.2679487179487181 0.7596153846153846 0.2679487179487181
0 0.6408653846153847 0.30961538461538474 0.6240384615384615 0.2871794871794874 0.6067307692307692 0.31025641025641043 0.6235576923076923 0.33269230769230784
0 0.5912135278514588 0.2965959328028295 0.568998673740053 0.2847480106100797 0.5597811671087534 0.31547303271441207 0.5819960212201591 0.32732095490716184
0 0.6105769230769231 0.19230769230769237 0.5846153846153846 0.19230769230769237 0.5846153846153846 0.22564102564102573 0.6105769230769231 0.22564102564102573
0 0.5437997347480105 0.2418213969938109 0.51196949602122 0.22484526967285592 0.5020888594164455 0.25778072502210436 0.533919098143236 0.27475685234305935
0 0.4875 0.2564102564102565 0.4634615384615385 0.2564102564102565 0.4634615384615385 0.2910256410256411 0.4875 0.2910256410256411
0 0.4184171597633136 0.2951676528599605 0.4052514792899409 0.268836291913215 0.3848372781065089 0.2869822485207101 0.3980029585798817 0.31331360946745557
0 0.44711538461538464 0.1974358974358975 0.42596153846153845 0.1974358974358975 0.42596153846153845 0.2346153846153847 0.44711538461538464 0.2346153846153847
0 0.5067307692307692 0.13205128205128214 0.47596153846153844 0.13205128205128214 0.47596153846153844 0.16025641025641033 0.5067307692307692 0.16025641025641033
0 0.6519230769230769 0.08076923076923088 0.6192307692307693 0.08076923076923088 0.6192307692307693 0.11282051282051293 0.6519230769230769 0.11282051282051293
0 0.6 0.08076923076923084 0.5860576923076923 0.06217948717948725 0.5649038461538461 0.09038461538461545 0.5788461538461539 0.10897435897435905