0 0.38085168791614493 0.8504448423852641 0.36670192785432026 0.8491935815516735 0.36488400486157113 0.8857407875097305 0.3790337649233958 0.8869920483433211
0 0.4349431166275594 0.8239274870934759 0.4268242116576669 0.7831453404905065 0.40861215951017443 0.789590946195014 0.4167310644800669 0.8303730927979834
0 0.6711416186392812 0.7873301796550498 0.6695856971201198 0.7548873316465057 0.6508613991178195 0.756483768456673 0.652417320636981 0.7889266164652172
0 0.668368004893494 0.7087800391553069 0.6620312560446677 0.6769806608080949 0.641118669910771 0.6843892084938326 0.6474554187595973 0.7161885868410445
0 0.5844856053842785 0.7487577877854968 0.5827717369053971 0.7146139664010251 0.5686196995502525 0.7158768455855491 0.5703335680291339 0.7500206669700208
0 0.5590518782815052 0.7342538556101431 0.5580437617478372 0.6917366785235428 0.5401889587473203 0.6924893038897217 0.5411970752809883 0.735006480976322
0 0.5262827189996054 0.7519239585914932 0.49936735415653094 0.751710789799489 0.4992457403082202 0.7790091871887688 0.5261611051512947 0.7792223559807729
0 0.3286150000000001 0.768603 0.29373100000000013 0.768603 0.29373100000000013 0.808846 0.3286150000000001 0.808846
0 0.39385437657239 0.7286213186554489 0.3844891722552825 0.6820325489126123 0.36486125427340527 0.6890469035921004 0.3742264585905127 0.735635673334937
0 0.5555015266762844 0.6323000892327733 0.5341657454143126 0.6052151863628977 0.5213734279050345 0.6231298216544416 0.5427092091670063 0.6502147245243172
0 0.496183 0.6443210000000001 0.4802880000000001 0.6443210000000001 0.4802880000000001 0.675321 0.496183 0.675321
0 0.48887627499270436 0.5642062631059386 0.4737907462809597 0.5518305934010501 0.4576283775627814 0.5868552841458908 0.47271390627452614 0.5992309538507793
0 0.4423282606018444 0.6031267835524438 0.4246048156894066 0.5748069134276581 0.4114917395569471 0.5893963640425834 0.4292151844693849 0.6177162341673691
0 0.37735306791980355 0.6178518390743941 0.3756345072096202 0.5806505794414946 0.358599150191587 0.5820496381732106 0.3603177109017703 0.6192508978061102
0 0.3420641335066041 0.6463643204537545 0.3275347164723761 0.6148535713970662 0.31516397877764035 0.624994145285509 0.32969339581186835 0.6565048943421973
0 0.28512083458124055 0.6514875477906347 0.26060456441862406 0.6298889590691722 0.25065685928701265 0.6499627501775525 0.2751731294496291 0.6715613388990149
0 0.23786423734641726 0.6988702501359142 0.22177404319343288 0.666546837881918 0.20544810802435587 0.6809945681200389 0.22153830217734027 0.713317980374035
0 0.2384934536878288 0.5925767187792618 0.22536466003636285 0.5553337590381354 0.20820914736767718 0.5660850795503303 0.22133794101914311 0.6033280392914566
0 0.29158964599354664 0.580143669824102 0.2701889689883995 0.5459822553749355 0.2567932331638826 0.5609011180221924 0.2781939101690298 0.595062532471359
0 0.7647415754128271 0.6750851336839362 0.7556041570966407 0.642731904386624 0.7395909537188944 0.6507720065009736 0.7487283720350807 0.6831252357982858
0 0.6952705368627877 0.6090454716655318 0.6735536835776805 0.6025027860956679 0.6671606190708517 0.6402276262035341 0.6888774723559588 0.6467703117733982
0 0.7480016393570997 0.5565847066819778 0.7287883906888951 0.5195810392101777 0.7099126931905444 0.5370045839967047 0.7291259418587489 0.5740082514685048
0 0.6778830426313408 0.5182447907228749 0.6516067029599371 0.4987210972061466 0.6420507114165934 0.5215853027566261 0.6683270510879972 0.5411089962733544
0 0.7056565834707023 0.49018447439566726 0.703873883586048 0.45446857740102997 0.6888398103196031 0.45580262341704736 0.6906225102042574 0.4915185204116846
0 0.667242994663228 0.47069849426998234 0.6607565178652908 0.4346368777079928 0.644710724988282 0.43976788146700196 0.6511972017862192 0.4758294980289915
0 0.7981164704943106 0.5013520232490047 0.7881250393157899 0.4726451322340709 0.7719064613009461 0.48268046523490077 0.7818978924794668 0.5113873562498346
0 0.8187735188070812 0.4250895292035095 0.8068397988026921 0.40443086430235664 0.786010609382379 0.4258214873997674 0.7979443293867681 0.44648015230092025
0 0.7796183716085789 0.35079284991300685 0.7610165419728122 0.335501363581167 0.7420244816307346 0.3765742776341371 0.7606263112665014 0.3918657639659769
0 0.712602162714714 0.4153340006745013 0.6904873862532568 0.3921512917579082 0.6791477144833006 0.41138204648337523 0.7012624909447578 0.4345647553999684
0 0.6492074885743894 0.3627381401646354 0.6289319057806534 0.3590940179343497 0.6245007688368405 0.40292417793062296 0.6447763516305764 0.4065683001609086
0 0.7219671934508828 0.3662964018128313 0.7191472641138255 0.33083497381749705 0.6996049843806667 0.3335976800302438 0.702424913717724 0.36905910802557806
0 0.6879599430281387 0.3216033728801593 0.6716799773880915 0.30649589679863737 0.6585765654898097 0.331598770142233 0.674856531129857 0.34670624622375484
0 0.6445461331756184 0.30898460419177154 0.6432406859867666 0.2823679865079657 0.6225899203489446 0.2841685982257052 0.6238953675377962 0.3107852159095111
0 0.7761203549822216 0.2614730993362321 0.7607238565234868 0.24441986436460672 0.7434655635382991 0.2721205486474382 0.7588620619970339 0.28917378361906354
0 0.7085586306535118 0.2628948453322914 0.6976960924098857 0.22904603702256524 0.6792176300478655 0.23958823670346133 0.6900801682914915 0.2734370450131875
0 0.6505452068965517 0.2542093563218391 0.6405092931034485 0.22075631034482765 0.622671275862069 0.2302699195402298 0.6327071896551723 0.2637229655172413
0 0.7421411097100827 0.19783994257548115 0.7296013137462574 0.16559608386017555 0.7119431787729146 0.1778046810795372 0.72448297473674 0.2100485397948428
0 0.6723972993987681 0.13697835865038305 0.6522152554929057 0.10667419565152085 0.636254363658523 0.1255713965874131 0.6564364075643854 0.15587555958627528
0 0.4670721119431893 0.5228063346675275 0.4497285617817947 0.49499684906391234 0.4339836487145407 0.5124535746629707 0.4513271988759353 0.5402630602665859
0 0.5299567335924276 0.4840538051919168 0.5113420282690623 0.47908682178346146 0.5060374470572769 0.5144288958133093 0.5246521523806422 0.5193958792217648
0 0.32184412999711537 0.514013391893528 0.3065921238851886 0.48110265840820077 0.2904875901193194 0.4943709509567242 0.3057395962312462 0.5272816844420515
0 0.3578638282440094 0.47325774020863365 0.33794123572653556 0.44860022915119746 0.3254473248964893 0.46654642863846657 0.3453699174139632 0.4912039396959027
0 0.19844063936751302 0.4854118837248132 0.18465214438024255 0.4444954161399453 0.16639658160822254 0.4554322453816603 0.18018507659549302 0.49634871296652816
0 0.25153138792565033 0.4442522259807294 0.23530489853751207 0.40910422455428813 0.21993891398093934 0.4217155809887435 0.23616540336907754 0.45686358241518477
0 0.2971350986703631 0.41524276821252665 0.28531735410061104 0.3896550852797889 0.26752024558178344 0.4042677883688171 0.2793379901515355 0.4298554713015548
0 0.3349271713023891 0.4217663227890385 0.3150167668779198 0.39521109173681496 0.30038430699612123 0.41471514222094563 0.3202947114205905 0.4412703732731692
0 0.38248958207159517 0.4465483305650171 0.3757388354153704 0.40763616433528027 0.35760886351691173 0.41322782754465637 0.3643596101731366 0.4521399937743932
0 0.42943317479811927 0.46088656562449143 0.4092369334542771 0.4285984099988441 0.39469842484707085 0.44476523157005715 0.414894666190913 0.47705338719570456
0 0.4619300491688801 0.44086252700578876 0.45145054144124963 0.4059197098375425 0.43274536334505687 0.41589262873335814 0.4432248710726874 0.4508354459016044
0 0.560130624560352 0.356491359932491 0.5566816947582882 0.3242604022480077 0.5417304215047334 0.32710464589766347 0.5451793513067971 0.3593356035821468
0 0.5017950661518288 0.39824573146031417 0.4998878138352224 0.37284652485209413 0.47613556758796244 0.3760173344239371 0.47804281990456876 0.40141654103215707
0 0.5467080415915186 0.2508835377407998 0.5392256505882651 0.21344023192423608 0.5170957400007861 0.22130205645644502 0.5245781310040396 0.25874536227300876
0 0.486282360309015 0.32003165099138486 0.4621453633540356 0.286336403242234 0.4472909800225072 0.30525316011142034 0.4714279769774865 0.3389484078605712
0 0.43260897537426485 0.38754054279970057 0.4130472538583882 0.36581380123902585 0.4020631187173109 0.38339529675310036 0.4216248402331875 0.4051220383137751
0 0.38331997413227814 0.3483453240845069 0.3713407722312451 0.3204921387437657 0.3467430692947014 0.33929937763974516 0.35872227119573435 0.36715256298048643
0 0.421482562003029 0.3072460308119464 0.4182966058514697 0.27515701664842535 0.3916943802507439 0.27985248442805766 0.3948803364023032 0.3119414985915787
0 0.3180055640612887 0.3422371891680011 0.2927970818124658 0.32389399570183736 0.28485253644282327 0.3433036711988209 0.3100610186916462 0.3616468646649846
0 0.2545572272597752 0.33940673795589477 0.23865171246952788 0.3182045853321121 0.2211056960158322 0.3416050121486176 0.2370112108060795 0.3628071647724003
0 0.23962527584815224 0.22501651848584947 0.21474774270389774 0.20449834262668726 0.20406954331904303 0.22751509602760434 0.22894707646329754 0.24803327188676655
0 0.2986440622253137 0.23175959992014303 0.28704208266982234 0.2008350678444411 0.26936569883152905 0.21262468915895782 0.2809676783870205 0.24354922123465972
0 0.33586271719703353 0.22129708077078772 0.31625713067714084 0.2082315795409205 0.3023668955480091 0.24528606906204792 0.3219724820679018 0.25835157029191513
0 0.296317 0.2655130000000001 0.266385 0.2655130000000001 0.266385 0.29115400000000013 0.296317 0.29115400000000013
0 0.3870834144330331 0.24893105344115216 0.37601793278168627 0.2146893005830229 0.35969155487814564 0.22406884300555882 0.3707570365294925 0.25831059586368804
0 0.4503222954371153 0.18839151562357204 0.43051063698583186 0.1619732725292056 0.4172641707024047 0.17963342349256536 0.4370758291536881 0.2060516665869318
0 0.5628468954737099 0.1606765681919037 0.5609153827797646 0.12197942209848255 0.5422875838660903 0.12363236420894379 0.5442190965600358 0.16232951030236495
0 0.500163 0.09366700000000007 0.47749 0.09366700000000007 0.47749 0.14594900000000008 0.500163 0.14594900000000008
0 0.4389993641781565 0.11542639356844156 0.4324197424666872 0.08008362726267218 0.4125266079104273 0.08666749472055423 0.41910622962189653 0.1220102610263236
0 0.5531994603164474 0.024818147939246325 0.5340060953056163 0.016945521906867555 0.5236692295957421 0.06174756795499604 0.5428625946065733 0.0696201939873748
0 0.513731 0.0033330000000000833 0.4940669999999999 0.0033330000000000816 0.4940669999999999 0.04779500000000008 0.513731 0.04779500000000009
0 0.45960869353319866 0.024667220358843167 0.4451380998919476 0.00155771640028381 0.42564963844565923 0.023252271682292356 0.4401202320869103 0.04636177564085171
0 0.3191347216167413 0.14234985528346583 0.3185482203098983 0.11490640254816697 0.2872963484933109 0.11609376617675723 0.28788284980015383 0.1435372189120561
0 0.3845511160554462 0.06628844852910563 0.36477226543448543 0.042217985228697734 0.3367582471562271 0.08314117540328225 0.35653709777718773 0.10721163870369016
0 0.5108946148446364 0.45065654484999124 0.5080661365092093 0.42556236335506203 0.4895788653509896 0.42926686768144506 0.4924073436864167 0.4543610491763742
0 0.41118102908864934 0.5438345470348301 0.40650545157350365 0.5130496115037125 0.38909508744733495 0.5177505258746554 0.3937706649624807 0.548535461405773
0 0.3744848405837213 0.5340060751289473 0.35597618218643867 0.5049278727890301 0.3426137788149453 0.5200484871304566 0.361122437212228 0.5491266894703738
0 0.5296558590385566 0.8714846540914841 0.5118318877528584 0.8642331600447026 0.5028791147099116 0.9033543473912351 0.52070308599561 0.9106058414380167
0 0.5900781517715087 0.858600357000929 0.575011184937682 0.8233696568923983 0.5580991718239333 0.8362277728672913 0.5731661386577601 0.871458472975822
0 0.4750541717226183 0.8675730772754867 0.4659190752294299 0.8329807836291311 0.4506118123010353 0.8401671407513034 0.4597469087942237 0.874759434397659
0 0.4509486872200822 0.8926925376248004 0.4374001831989856 0.850757828703116 0.422523360651823 0.8593026968897397 0.43607186467291964 0.9012374058114239