0 0.47014571552020973 0.08840744198057728 0.4439985623544701 0.06844548256589893 0.43293181139234993 0.09421574568976876 0.4590789645580896 0.11417770510444711
0 0.32400368906669 0.7642699081116314 0.32022351353470185 0.7263724521453618 0.29882811912069046 0.7301664727036257 0.3026082946526786 0.7680639286698951
0 0.7159044797626152 0.7726159569509294 0.7067343486697008 0.731831502324946 0.6865506115749962 0.7398993917772481 0.6957207426679106 0.7806838464032315
0 0.6453972561604749 0.6910229382948929 0.6267645807873949 0.6877495111691815 0.623301458428542 0.7227938483385873 0.641934133801622 0.7260672754642988
0 0.2804461238501788 0.7390996163313018 0.2741158359880243 0.7029359478323844 0.25389185740794695 0.709229488600119 0.26022214527010146 0.7453931570990364
0 0.5216823804336106 0.7584919438747414 0.5129215378660064 0.7257406143706342 0.4923111093978334 0.7355418636590408 0.5010719519654376 0.768293193163148
0 0.6192573050999826 0.8175690825245929 0.6044807831640903 0.7854198352913295 0.5920023084714545 0.7956160832917524 0.6067788304073468 0.8277653305250158
0 0.6537134977795267 0.8008377617014526 0.6395045245007511 0.7719028446254774 0.6272283709249633 0.7826200176316113 0.6414373442037389 0.8115549347075864
0 0.576314374298845 0.826462000590155 0.5570409451306266 0.7749087456422934 0.5325795907000044 0.7911665118843525 0.5518530198682228 0.8427197668322141
0 0.4667828066713368 0.7737317971592219 0.45832089512322566 0.743608038877113 0.4320573390263648 0.7567237043144415 0.44051925057447594 0.7868474625965504
0 0.4008097442038919 0.7795763482002517 0.3762006312338626 0.7654831029841676 0.3686013457566765 0.7890734964348014 0.3932104587267058 0.8031667416508855
0 0.5773951038431338 0.4896276349473801 0.5696280949835467 0.45052711006616325 0.550656590053797 0.4572267346792378 0.558423598913384 0.49632725956045465
0 0.5263512512484719 0.5006429609193971 0.5120982991921833 0.4698678368083859 0.4966803575484916 0.48256214044352025 0.5109333096047802 0.5133372645545314
0 0.4919708845636996 0.4450631859003244 0.47726816793893073 0.4411434808961822 0.4725994875285678 0.47227611177308665 0.48730220415333664 0.4761958167772288
0 0.6196773057588932 0.4723861846106596 0.6159987293525383 0.435834724776811 0.5990402644564348 0.43886888886648395 0.6027188408627896 0.4754203487003326
0 0.6694392851481631 0.3865754095682151 0.6473333150744113 0.3776438452333422 0.6430202809924893 0.3966214942427894 0.6651262510662411 0.40555305857766233
0 0.7062643069498877 0.33965615332948834 0.6803413421646907 0.3219848040694047 0.6722180506207256 0.343169609174343 0.6981410154059228 0.3608409584344267
0 0.5379304855993301 0.41473811808412997 0.5215746885383478 0.3864074010858303 0.5056071719472075 0.40279551585489 0.5219629690081897 0.43112623285318963
0 0.4994395570275682 0.840225946660639 0.48079400674835426 0.8102858130485748 0.46294981641941857 0.8300416662770227 0.4815953666986325 0.8599817998890869
0 0.455029 0.3998720000000001 0.426154 0.39987200000000006 0.426154 0.432244 0.455029 0.43224400000000013
0 0.48400733135201995 0.3544919445153792 0.46098979082230523 0.3413554779568233 0.453864234841564 0.3635515732956015 0.47688177537127874 0.37668803985415744
0 0.6073067693660544 0.34369867290939315 0.5883238666055008 0.30700743959009963 0.5687289669114274 0.3250301801424256 0.587711869671981 0.3617214134617191
0 0.7394503253700896 0.3005248170852238 0.7332454223221261 0.26922579975471295 0.7170483051533463 0.27493426675097715 0.7232532082013098 0.3062332840814881
0 0.686731 0.17767900000000014 0.660154 0.17767900000000011 0.660154 0.20291000000000012 0.686731 0.20291000000000015
0 0.6680852369949597 0.2561764466121129 0.6529035457868207 0.22310086663795417 0.6371750569206949 0.2359353135527129 0.652356748128834 0.26901089352687163
0 0.4032542526636964 0.4130956881221117 0.37479901493431905 0.3897625368610628 0.36252321475500615 0.41637690167237107 0.3909784524843835 0.4397100529334199
0 0.3395165105501045 0.3783771378392294 0.3127639123570714 0.37559058999364375 0.3111160457982702 0.4037160073702782 0.3378686439913033 0.4065025552158638
0 0.3250443902866122 0.33811868293150393 0.3208350724110342 0.31558187197484433 0.2990536547253864 0.3228142793161549 0.30326297260096446 0.3453510902728145
0 0.26678624406259394 0.3082103800664525 0.2506838289518189 0.2838208524530151 0.2395375368206519 0.2969034964603922 0.25563995193142697 0.3212930240738296
0 0.2969173641425286 0.2642703655624944 0.2790894327166379 0.23568796839170672 0.26589609105373013 0.2503176403406788 0.28372402247962086 0.2789000375114665
0 0.23337860285401663 0.2593779654709792 0.2148024819893465 0.2259938713358399 0.20122630917423984 0.2394236935245314 0.21980243003890998 0.2728077876596707
0 0.6120461100329843 0.25173257140122696 0.6089262033005304 0.23117419353699598 0.5894861816138943 0.2364189700300943 0.5926060883463482 0.2569773478943253
0 0.546022378640235 0.3044829058403624 0.526603000487375 0.2828768821212015 0.5150550504058592 0.30132885643587126 0.5344744285587191 0.3229348801550322
0 0.4886462443028517 0.2872084245916439 0.4645187631929684 0.28068384129188223 0.4604773425594862 0.3072525673985401 0.48460482366936947 0.3137771506983018
0 0.41701 0.29397400000000007 0.39949 0.29397400000000007 0.39949 0.330359 0.41701 0.330359
0 0.34720958391931317 0.2756450936825276 0.3420132159592522 0.23846014046901154 0.32327213300439805 0.24311605300411132 0.328468500964459 0.2803010062176274
0 0.323125 0.15430800000000003 0.304923 0.15430800000000003 0.304923 0.19217900000000007 0.323125 0.19217900000000007
0 0.26120848539970337 0.1786127756966201 0.23513190212448304 0.17172566957068366 0.23153734840344564 0.1959212677359475 0.257613931678666 0.20280837386188394
0 0.42221222103280104 0.24109710062151168 0.41406220210574496 0.2138869040970474 0.3881928736200856 0.22766183939292575 0.3963428925471416 0.25487203591739005
0 0.5041504303180774 0.23526362227130823 0.5020329588482282 0.19332564467651453 0.48223462785699595 0.19510276215348638 0.48435209932684525 0.2370407397482801
0 0.6366869566957175 0.15293542477274735 0.6346012818348497 0.10709120786341468 0.6148847941508749 0.10868587143319375 0.6169704690117429 0.15453008834252643
0 0.5891803324182643 0.18264852067906262 0.58543979109837 0.14531320280298304 0.5673643004460288 0.14853265641104665 0.5711048417659231 0.18586797428712623
0 0.5453147587990618 0.12325271068866732 0.5256699162467147 0.11330574299460709 0.5136993930952054 0.15533468417564375 0.5333442356475526 0.16528165186970398
0 0.5835048984587199 0.05027450864545625 0.5543346522281111 0.039908024323656484 0.5484100793949231 0.06954563002646155 0.5775803256255319 0.07991211434826131
0 0.37695789846926303 0.0790121524501174 0.3433733094405385 0.07163413053366682 0.3389281622384392 0.10760605872682612 0.37251275126716377 0.11498408064327667
0 0.43794280123511614 0.18790362743725922 0.42674077451707626 0.14852316922491232 0.4100448646072241 0.15696629783944424 0.42124689132526405 0.19634675605179114
0 0.6977058453529854 0.6920550394327637 0.6885477743579932 0.6556608652986665 0.6707423623857838 0.663626156121106 0.6799004333807761 0.700020330255203
0 0.6094552465950841 0.641288483618916 0.5887162525403224 0.6357408652479595 0.583459362194667 0.6706780173606084 0.6041983562494285 0.6762256357315649
0 0.6519730397998325 0.6348856765961407 0.6449094708807249 0.6011015121023051 0.6252979596099222 0.6083910422933282 0.6323615285290298 0.6421752067871637
0 0.7257221179504778 0.5926644227711698 0.7078029562809504 0.5754028728185845 0.6925594699113774 0.6035348125511928 0.7104786315809049 0.6207963625037781
0 0.7585046258839003 0.49698778398840615 0.7543386493808494 0.46960792685564395 0.7383639162600287 0.4739290507956852 0.7425298927630797 0.5013089079284473
0 0.7210975033189656 0.4978842142679537 0.7031377160684875 0.4962392487690357 0.7012998179788328 0.5319125493944578 0.7192596052293109 0.5335575148933758
0 0.41298560673119156 0.6849143339151429 0.3901827691948975 0.6740983665893989 0.38510726856877464 0.6931214050217428 0.40791010610506867 0.7039373723474865
0 0.37212779552121894 0.7076017877455089 0.36192411210904746 0.6757331530630218 0.346863930590971 0.6843055287753838 0.35706761400314246 0.7161741634578709
0 0.32908701424363895 0.6132853807081362 0.2982088420860753 0.587937107042205 0.2869146955777252 0.6123958474311273 0.31779286773528886 0.6377441210970586
0 0.2646169431886893 0.6000143233546041 0.25769519767317134 0.5756226994595757 0.23021209561138872 0.5894876440099283 0.23713384112690664 0.6138792679049567
0 0.2565699808728247 0.5473040156459968 0.2502094930645087 0.5157955144235401 0.2363133912953288 0.5207824428866146 0.24267387910364485 0.5522909441090713
0 0.6286462798049401 0.5560840408706302 0.6028924360833643 0.5521001352868904 0.6005576755831105 0.578932121933366 0.6263115193046863 0.5829160275171058
0 0.666894 0.5194490000000002 0.640519 0.5194490000000002 0.640519 0.5466670000000001 0.666894 0.5466670000000001
0 0.4410129891540118 0.6215790590378404 0.4206247640200577 0.6007224224437349 0.40919464612753065 0.6205862679853578 0.4295828712614848 0.6414429045794633
0 0.47483029766430146 0.5992369815089774 0.4733794242515868 0.5704870769230017 0.46021117568878717 0.571668481375993 0.4616620491015018 0.6004183859619688
0 0.46001386622095386 0.5477230593225969 0.458703992876568 0.5206978252519685 0.43376597521014065 0.5228466413147775 0.4350758485545265 0.5498718753854059
0 0.4239119700657213 0.4919873097468527 0.40207049648945614 0.4881235648049266 0.39972234414496394 0.5117216752305556 0.4215638177212291 0.5155854201724817
0 0.37942375850723514 0.5933943113687905 0.3656126502429024 0.5733545988838069 0.35175498247906395 0.5903333077502089 0.36556609074339674 0.6103730202351924
0 0.34844000028220085 0.5450058704180235 0.3450752538368098 0.5103075860963154 0.327126591514177 0.5134018254253799 0.330491337959568 0.548100109747088
0 0.3212171399668384 0.5238508346770374 0.3062725981627974 0.4977374921961249 0.2922365390941851 0.512017972021465 0.30718108089822616 0.5381313145023776
0 0.350423 0.449218 0.333731 0.449218 0.333731 0.48392300000000005 0.350423 0.48392300000000005
0 0.72902103325152 0.38533752024221735 0.7090153761781565 0.3845957651244275 0.7082502496097789 0.42128199006446587 0.7282559066831423 0.42202374518225566
0 0.68201423352758 0.4741568748491219 0.6813214134668473 0.44387165719431587 0.6552000562480521 0.44493399580605253 0.6558928763087848 0.47521921346085855