0 0.24267300000000006 0.722949 0.22500000000000006 0.722949 0.22500000000000006 0.7607950000000001 0.24267300000000006 0.7607950000000001
0 0.4730273694006475 0.8221829285882686 0.4530980913978308 0.8205395591601028 0.4513849340880914 0.8574739617526687 0.47131421209090807 0.8591173311808344
0 0.4356389127850497 0.790623321152714 0.4155511039456936 0.7682221509343858 0.4032916009768405 0.7877660943745347 0.42337940981619654 0.8101672645928629
0 0.4887725319295638 0.7625546807875372 0.47884337974458213 0.7411192627595566 0.4583069993975627 0.7580307414287428 0.4682361515825444 0.7794661594567235
0 0.5536992633388355 0.7809935071892108 0.540489343246891 0.7673885686431793 0.5245029423999698 0.7949836562856213 0.5377128624919142 0.8085885948316528
0 0.3692412192054144 0.7521982232575356 0.3616978219176063 0.7320274459084909 0.3383543539451136 0.747547284331251 0.3458977512329217 0.7677180616802957
0 0.4263129891973172 0.7419147509973234 0.4216573022313061 0.6953422582265882 0.3975840900411537 0.6996205047405338 0.4022397770071648 0.746192997511269
0 0.6087577047549891 0.7520466286786951 0.6007079930643681 0.7305793141331173 0.5768926644418434 0.7464551521096902 0.5849423761324644 0.7679224666552678
0 0.559789592347744 0.6961757235412103 0.532096870935514 0.686075688054598 0.5271797298576536 0.7100437478270284 0.5548724512698834 0.7201437833136407
0 0.49164650638107904 0.6890950581401266 0.48009966784541075 0.6667603866190867 0.45829747551356187 0.6867986999427194 0.46984431404923016 0.7091333714637591
0 0.4514069088267307 0.6588909088833935 0.44577007872402746 0.6342860788558983 0.4182280313809207 0.6455033771672164 0.4238648614836239 0.6701082071947116
0 0.37707991686114645 0.630467688405628 0.35814085714540306 0.6028364482979575 0.3443846314370882 0.6195987943727669 0.3633236911528316 0.6472300344804374
0 0.33415018917068073 0.6365101599624915 0.31312233586658184 0.6244838600132546 0.30106834490678586 0.6619527857586144 0.32209619821088475 0.6739790857078513
0 0.22438250162632806 0.6666989345979133 0.19612733790114129 0.6435919966479726 0.1837383305035879 0.6705240468626001 0.21199349422877467 0.6936309848125407
0 0.24726951477417725 0.5766464453852785 0.22547511605435183 0.5520171199254034 0.21262085611846057 0.5722387855706474 0.234415254838286 0.5968681110305227
0 0.26142546401193284 0.5353890963302232 0.2367615784818317 0.5150778407998943 0.2281468210632588 0.5336749419019249 0.25281070659335997 0.5539861974322537
0 0.319577 0.531282 0.285933 0.531282 0.285933 0.564705 0.319577 0.564705
0 0.6893328014145866 0.7020583617408329 0.6780448851663836 0.668452962489047 0.6365811812196234 0.6932129423553547 0.6478690974678264 0.7268183416071406
0 0.5772520369098085 0.6634211824848804 0.5736232989407344 0.6393553699849259 0.5481165141421022 0.6461927272225593 0.5517452521111763 0.6702585397225138
0 0.5105877658445112 0.6212829755082031 0.4897491982263081 0.6020779755383807 0.47895589432724645 0.6228982011488718 0.4997944619454495 0.6421032011186942
0 0.46562445432540167 0.5877987815074948 0.4434382147344761 0.5800019302814686 0.4385442196657163 0.6047593541308117 0.4607304592566418 0.6125562053568379
0 0.42245978213284086 0.5671813668964919 0.40445824057816504 0.5576002995121097 0.39355529137573375 0.5940183978789911 0.41155683293040957 0.6035994652633734
0 0.399173 0.505256 0.37299 0.505256 0.37299 0.528718 0.399173 0.528718
0 0.623645898925311 0.6301305493368259 0.6210375884981318 0.6008442568211293 0.6008645135010208 0.6040383270290051 0.6034728239281999 0.6333246195447017
0 0.5814575896929866 0.6101614112961101 0.5706371577352288 0.5767221755082875 0.5539979647576811 0.5862940718458957 0.564818396715439 0.6197333076337183
0 0.473654 0.5272440000000002 0.449683 0.5272440000000002 0.449683 0.5483330000000001 0.473654 0.5483330000000001
0 0.24666671882304259 0.44345483323288126 0.23214485091092596 0.43444027039747757 0.2198995066462257 0.4695095047655696 0.23442137455834236 0.47852406760097327
0 0.28261779396756376 0.4738008657365987 0.2624211729777254 0.4572848066472003 0.2511872704704157 0.48170676078677976 0.27138389146025416 0.4982228198761781
0 0.310452 0.41111500000000006 0.294433 0.41111500000000006 0.294433 0.447308 0.310452 0.447308
0 0.3603658831952928 0.47706867177711676 0.3586473193814468 0.43463924072860877 0.33906889493432946 0.4360490282675551 0.3407874587481754 0.4784784593160631
0 0.4013784519900162 0.4737138616710535 0.39959259466676494 0.4390156399364657 0.3810048583827473 0.4407164018292037 0.3827907157059986 0.4754146235637915
0 0.446913 0.45006400000000013 0.428298 0.4500640000000001 0.428298 0.48870500000000006 0.446913 0.4887050000000001
0 0.7202749585995093 0.5746649067693221 0.7056030148120265 0.5611996691324942 0.6892885707045294 0.5928023107163877 0.7039605144920122 0.6062675483532155
0 0.6744338246153699 0.5726788221462036 0.6634793120992882 0.5384918558371958 0.646339129026077 0.5482558030187704 0.6572936415421586 0.5824427693277782
0 0.6098932067049838 0.5567136890646339 0.6094106075123431 0.5335087112184925 0.5855225979680959 0.5343919189659398 0.5860051971607365 0.5575968968120814
0 0.5625502457508883 0.49920038664431626 0.5467981876291902 0.47812024193085656 0.5233128146999119 0.5093190966442245 0.53906487282161 0.5303992413576841
0 0.5117556205897527 0.4440619930612251 0.49214691829905427 0.4401847527475943 0.4884265283689367 0.47363444039201547 0.5080352306596351 0.4775116807056463
0 0.5191083012489277 0.41501320195598224 0.5151346415760816 0.3833188012788885 0.4982283003756976 0.3870870124067238 0.5022019600485436 0.4187814130838175
0 0.6851246903475824 0.48882938344677573 0.662018140776235 0.48782946902386276 0.6614584243553109 0.5108236416443594 0.6845649739266584 0.5118235560672725
0 0.7260515605972154 0.4151300525115 0.7084809681750016 0.4115098648339571 0.7049170168520349 0.4422612410049469 0.7224876092742487 0.4458814286824898
0 0.6552093536453935 0.42109711452645665 0.6390292367282252 0.40308519791322134 0.6208820216478299 0.4320659190190635 0.6370621385649982 0.45007783563229886
0 0.5848406546102792 0.40651722322477135 0.5631152677670654 0.3865344208159788 0.5512655074004413 0.40943772627481145 0.5729908942436552 0.42942052868360403
0 0.6171437723180081 0.3901064212348341 0.6130100333157724 0.35633933688096986 0.5961496566176018 0.36000872995127997 0.6002833956198376 0.3937758143051442
0 0.5999149797266867 0.30203187917200497 0.579144189038503 0.28028461306501445 0.5680777936163792 0.2990748396907751 0.5888485843045631 0.3208221057977656
0 0.459192 0.37935900000000006 0.436154 0.379359 0.436154 0.4106790000000001 0.459192 0.4106790000000002
0 0.41048874171240557 0.37453008574332564 0.39275326087141854 0.37113032684222536 0.3890592998014011 0.4053885343291381 0.40679478064238805 0.40878829323023835
0 0.3550670519165528 0.37635121528391463 0.33630398128561567 0.34207151458484075 0.3210583919298236 0.3569065498485059 0.33982146256076073 0.3911862505475798
0 0.29639417176694816 0.3739674951742162 0.28362428997061456 0.33420347153058494 0.2643150057743703 0.34522749684184834 0.27708488757070393 0.38499152048547963
0 0.26591442499999995 0.25874770000000014 0.2562106500000001 0.21993260000000003 0.236503125 0.22869149999999988 0.24620689999999984 0.2675066
0 0.35022949080923665 0.2573742724777632 0.3460195210770215 0.2294984477351462 0.32154333713745387 0.2360700675365499 0.325753306869669 0.26394589227916687
0 0.38908185023502073 0.3158759287126108 0.3871168129664384 0.2761248623002378 0.3670400964351379 0.2778892424691398 0.3690051337037202 0.31764030888151273
0 0.4824465542630642 0.3080369209870402 0.46337056362726636 0.3064208737322925 0.46153373240772105 0.34496691395140483 0.4806097230435189 0.34658296120615245
0 0.5288134905515937 0.28192944752480203 0.5176555016206932 0.25223958825051385 0.5020407571366938 0.2626721302621263 0.5131987460675942 0.2923619895364145
0 0.4407257298611211 0.28685521479291853 0.437549175414937 0.25480825323339606 0.4198956378381496 0.2579191003181597 0.4230721922843337 0.2899660618776822
0 0.40463075268877075 0.22959987377479701 0.3913860115701342 0.19190949677182167 0.3737688832138653 0.20291539732311983 0.3870136243325019 0.24060577432609517
0 0.46791990075360473 0.22526972098919812 0.45593956926762924 0.18668950762886471 0.4390902741954908 0.1959912309821812 0.45107060568146623 0.2345714443425146
0 0.787049294578709 0.3466559013494376 0.7786630407485902 0.31058232745447556 0.7488744757303812 0.32289368341112124 0.7572607295605001 0.35896725730608325
0 0.6973842373178568 0.33053772987516383 0.6892695714042479 0.30882591642685664 0.6646509402918879 0.32518337841021916 0.6727656062054969 0.34689519185852635
0 0.6761704547354378 0.26166998351157283 0.6708435532571069 0.24043367718045658 0.6489027313114698 0.2502178935783909 0.6542296327898008 0.27145419990950714
0 0.7350907431051108 0.2035185733847637 0.7105826559305689 0.1866692634522663 0.7013467292189007 0.21055206383799452 0.7258548163934426 0.2274013737704919
0 0.74236175348584 0.14650572037982335 0.7291165912075921 0.12111233450179522 0.7116271544765997 0.13733006082154203 0.7248723167548476 0.16272344669957015
0 0.6140916353598808 0.2371435364198486 0.610101636866312 0.20592309366172548 0.5789537410763241 0.2129999415387675 0.582943739569893 0.24422038429689064
0 0.547780443108931 0.19670045006975076 0.5355760717994007 0.15833737799648356 0.5176976853398795 0.16844869737966817 0.5299020566494098 0.2068117694529354
0 0.6019604192553818 0.14959664735279324 0.57841336084691 0.13902713726415875 0.5726513023419686 0.16184825650765108 0.5961983607504404 0.17241776659628555
0 0.3691970275182264 0.1695924759170253 0.36484715842755533 0.12577817936651148 0.34060542081822576 0.13005677814698677 0.34495528990889684 0.1738710746975006
0 0.32353842526659776 0.15913751844814855 0.3168429251819431 0.12585452417258744 0.30055138492998235 0.13168092352345495 0.30724688501463693 0.16496391779901606
0 0.26042922225522985 0.16118816670340108 0.23960912163521894 0.1380174095617759 0.22781491810489396 0.1568577475683497 0.2486350187249049 0.18002850470997486
0 0.2874785150689094 0.1179901100322786 0.27370896452418453 0.07734851662449349 0.25545823292525305 0.08834127771404729 0.2692277834699779 0.1289828711218324
0 0.3931319373529851 0.09920775373540734 0.383087146436941 0.06608039934240931 0.3628127548566492 0.07700937480590556 0.3728575457726933 0.11013672919890359
0 0.4530740048215892 0.09065519259342329 0.4488114439915041 0.04821353025297514 0.41745333676462615 0.053812466442868155 0.4217158975947113 0.09625412878331632
0 0.5849246410138208 0.06818697293541068 0.5586796882476078 0.05452474575530423 0.5507854771771756 0.08148416299477285 0.5770304299433886 0.09514639017487929
0 0.23951000000000006 0.36338500000000007 0.21606700000000006 0.36338500000000007 0.21606700000000006 0.40203800000000006 0.23951000000000006 0.40203800000000006
0 0.5119526692991085 0.8836628684931127 0.5019928221257156 0.8632933920774031 0.47872331651780137 0.8835206698314401 0.4886831636911943 0.9038901462471497
0 0.40606365947943185 0.8816717053215817 0.39991219066744366 0.840760915525233 0.37808727320512653 0.8465949776019059 0.38423874201711467 0.8875057673982546