0 0.590640986411131 0.7929273910919318 0.5680179651981695 0.7744103205553188 0.5574489227312032 0.7973660679940561 0.5800719439441648 0.8158831385306692
0 0.3623366249999999 0.8530891666666668 0.33877437499999996 0.8216728333333335 0.322278875 0.8436668333333335 0.34584112499999997 0.8750831666666667
0 0.41388993528380735 0.8822558290413915 0.40598553309963614 0.8356614582715385 0.386078475933666 0.8416651739247673 0.3939828781178373 0.8882595446946203
0 0.25397321901695247 0.8009596934007784 0.23427419508557087 0.7745781348081686 0.22019943308683662 0.7932618307589357 0.23989845701821821 0.8196433893515456
0 0.4790743497985649 0.83742791022663 0.4772180882725694 0.7991622314489097 0.46365199195381646 0.8003321674662528 0.465508253479812 0.8385978462439729
0 0.4478485238968504 0.8087615328574841 0.4463530015723364 0.778526889990995 0.4197050253199832 0.7808702000844747 0.42120054764449727 0.8111048429509639
0 0.3654374129431457 0.7607458555649292 0.3506447684054508 0.7496612939124113 0.3364152251643939 0.7834207725574422 0.3512078697020888 0.7945053342099603
0 0.3302965084463436 0.7447571768721294 0.3286778241911692 0.7240554148445747 0.3049115303203137 0.7273590628371271 0.3065302145754882 0.7480608248646818
0 0.21549116789919762 0.6932460154394203 0.19060737309788617 0.672900414632525 0.18042324163214 0.6950439807061256 0.2053070364334514 0.7153895815130209
0 0.29699904880937783 0.6803684786588656 0.2818677626724071 0.6663589997937478 0.26559706045846065 0.6976009138617906 0.28072834659543144 0.7116103927269084
0 0.2658420875091125 0.6239271506332403 0.2569903118426372 0.6012333761057919 0.22954944113325504 0.6202616337898766 0.2384012167997303 0.6429554083173251
0 0.1907023562734038 0.6198211885013548 0.1849827625619142 0.5975207220838972 0.1561610365422371 0.6106623356416493 0.16188063025372668 0.632962802059107
0 0.1712140508108461 0.5512992324686369 0.13960939381993323 0.5456824357336136 0.13695139845469323 0.5722709497575632 0.1685560554456061 0.5778877464925865
0 0.1334712404924397 0.48327479746693547 0.12956823240021298 0.44313268630610103 0.10803630321272586 0.4468545430984822 0.11193931130495256 0.4869966542593166
0 0.21415333712297382 0.4873824622449416 0.17975384379456916 0.48461582090900296 0.17839095679884934 0.514741476403349 0.212790450127254 0.5175081177392876
0 0.25699864944527634 0.5411845064517866 0.22963124548138447 0.5302256389360893 0.22473395324411594 0.5519677354794019 0.2521013572080078 0.5629266029950992
0 0.34548109041238717 0.6785084579937206 0.3324700377825984 0.6629595736570099 0.32167794865631316 0.6790140519438836 0.3346890012861019 0.6945629362805944
0 0.3439567766066082 0.5931166307919247 0.32133117022557045 0.5707492420845227 0.3104028327986036 0.5904016835528676 0.3330284391796414 0.6127690722602696
0 0.5712525437288077 0.8897826343601204 0.56210710733892 0.8592262378314948 0.5420565264671392 0.8698948205339457 0.5512019628570272 0.9004512170625715
0 0.6384743329191024 0.8120322643088416 0.6304932169387542 0.77209257707385 0.6116485191847936 0.7787871921598 0.6196296351651419 0.8187268793947916
0 0.5309801505429417 0.7499869674234952 0.5222736872132864 0.7296272377910693 0.49739005934614705 0.7485446157017589 0.5060965226758024 0.7689043453341848
0 0.4711939977119185 0.7052834362246456 0.46762970715198937 0.6803326303123902 0.443570327489422 0.6864427598999645 0.4471346180493511 0.7113935658122198
0 0.41953695952668396 0.6330976195011551 0.3971287593961709 0.6207606079875283 0.3846370007770422 0.661097094024461 0.4070452009075553 0.6734341055380877
0 0.35886997416057037 0.5251189343431687 0.33046643966017814 0.521966094149135 0.32888309066282195 0.5473246520657833 0.35728662516321413 0.5504774922598171
0 0.29468255588840797 0.5002784261410618 0.28647799193439705 0.4594065561407262 0.26562680687917267 0.4668476916286074 0.27383137083318354 0.507719561628943
0 0.25024185743653377 0.4301955156937675 0.22236783042264915 0.4082015359744079 0.2119775460721936 0.4316115030340443 0.2398515730860782 0.4536054827534038
0 0.195648154689884 0.3814947486792246 0.17289322181616057 0.3530436850146141 0.1602021472351049 0.3710885202425919 0.18295708010882833 0.39953958390720246
0 0.2468966610253608 0.3676844539892557 0.23693159015727333 0.3278977587325472 0.2164389762787743 0.33702243267488474 0.22640404714686177 0.37680912793159327
0 0.20567300000000002 0.284615 0.17841300000000002 0.284615 0.17841300000000004 0.317282 0.20567300000000005 0.317282
0 0.245519 0.2411540000000001 0.214423 0.24115400000000003 0.214423 0.27112800000000004 0.245519 0.2711280000000001
0 0.2924071727322169 0.20994392188138697 0.2636322078892411 0.19715858536376676 0.25699069308429995 0.22373199342425573 0.2857656579272758 0.23651732994187594
0 0.3378961516823221 0.16631043478806642 0.32778311045617203 0.12608879510467547 0.3106324841574527 0.1337549830761714 0.3207455253836028 0.17397662275956235
0 0.28367115523627434 0.3064555248807341 0.2653645921226244 0.2960006940418971 0.2547269322396088 0.3291148264305021 0.2730334953532587 0.3395696572693391
0 0.3154555588039718 0.32913952934504487 0.29758470144234644 0.32836947613606465 0.29667563014111187 0.3658754178414537 0.3145464875027372 0.36664547105043394
0 0.35319606241222734 0.3027440549363641 0.33661889546159696 0.30134579343162493 0.3349861601242383 0.3357582103197578 0.3515633270748687 0.33715647182449693
0 0.389035356801126 0.25612511248890135 0.37651439112332913 0.2346679593924925 0.3538951667947803 0.25813297817386616 0.36641613247257715 0.279590131270275
0 0.36431464468339886 0.4592781390286088 0.3346883780411127 0.45418830561489204 0.3321851637312424 0.4800912340009455 0.36181143037352864 0.4851810674146623
0 0.30056373482062565 0.4224847056183905 0.29328206123285194 0.3860517540414806 0.27437358308523097 0.39277023204696915 0.2816552566730047 0.42920318362387894
0 0.3714696463599542 0.4064676880831168 0.34470555571786127 0.3952608026028043 0.3391804969248521 0.4187183139453747 0.36594458756694503 0.42992519942568724
0 0.3867204819821693 0.35464071048890733 0.3719856136152434 0.33907887481628723 0.35540759792489784 0.36698473763732614 0.37014246629182374 0.38254657330994624
0 0.39327712261033326 0.09294358720058765 0.38110565706689825 0.06715479611891537 0.35794950855524116 0.08658403059770406 0.3701209740986761 0.11237282167937636
0 0.4518365393539461 0.0973050198013179 0.45053410959775375 0.0722938579031836 0.42766109138682323 0.07441134801708998 0.42896352114301556 0.09942250991522428
0 0.415890972579319 0.15641206508283909 0.39549036927811543 0.14365860449429954 0.38886310336484375 0.16250493644452757 0.4092637066660474 0.17525839703306711
0 0.5125044306737376 0.06321177855908298 0.5070688408639359 0.035851427167463285 0.48164194740920335 0.044831829240956814 0.4870775372190051 0.07219218063257651
0 0.5618330039120351 0.1232494383088469 0.5578221183630115 0.0911475808575485 0.5417133153357746 0.09472566749406329 0.5457242008847981 0.1268275249453617
0 0.5534359350699628 0.22365441647161324 0.5428961306971386 0.19545157602445348 0.527075464807198 0.20596252509571303 0.5376152691800222 0.2341653655428728
0 0.44894996254126307 0.3270292941864145 0.4476474653100997 0.3013882885511178 0.4246859996304744 0.3034618591883002 0.4259884968616377 0.32910286482359696
0 0.5165978447091232 0.2939413984751952 0.4937741654537421 0.2908490665437638 0.49201766527237933 0.3138966407889241 0.5148413445277604 0.31698897272035553
0 0.4458807183715771 0.43119534254347136 0.4372021838108163 0.4126633622792284 0.41455809430433394 0.4315153394153885 0.4232366288650947 0.45004731967963146
0 0.5091567623226819 0.4221949729678561 0.49639944210198894 0.3824525423737981 0.4754502397801186 0.3944075538321458 0.4882075600008116 0.43414998442620384
0 0.432356 0.506923 0.414567 0.506923 0.414567 0.544846 0.432356 0.544846
0 0.48327661655018017 0.526916653270722 0.47947723480482257 0.5012281620373336 0.46007606529487527 0.5063294485658228 0.4638754470402328 0.5320179397992113
0 0.48582272799354353 0.5715658945161263 0.4737255715427596 0.5541574224037916 0.452993403236347 0.5797695018503994 0.465090559687131 0.597177973962734
0 0.5437024043943429 0.5558301933402571 0.5289044342890236 0.5234921742281625 0.5119930714575652 0.537249841848236 0.5267910415628846 0.5695878609603306
0 0.5518234201082756 0.48423671572027205 0.5306680974989121 0.4711580251648831 0.524218740342396 0.48970398391834363 0.5453740629517596 0.5027826744737326
0 0.5293022500637333 0.6711294091091927 0.5278120522574977 0.6482360938680287 0.5019891577507766 0.6512243486655889 0.5034793555570124 0.6741176639067528
0 0.5955696329872293 0.7187015037726164 0.584023911579167 0.6890037611459244 0.5679429466864749 0.7001181915789547 0.5794886680945373 0.7298159342056466
0 0.6926790304166538 0.7623392427932925 0.6746798520562736 0.7575126474787777 0.6692253126556083 0.7936742235054148 0.6872244910159885 0.7985008188199298
0 0.7394777330448842 0.7218095367025931 0.7305584981302677 0.7025327903383157 0.710938617133253 0.7186714592288969 0.7198578520478696 0.7379482055931742
0 0.6736291702436599 0.6529204521121774 0.6653038133228795 0.6322482207225976 0.6413200027460898 0.6494198365096951 0.6496453596668703 0.670092067899275
0 0.627019 0.6024360000000002 0.60751 0.6024360000000002 0.60751 0.6393080000000001 0.627019 0.6393080000000001
0 0.5883238188940492 0.6435661917238223 0.5785230343391834 0.6132111150177966 0.5613294257319311 0.6230801347500988 0.5711302102867968 0.6534352114561246
0 0.6037640699136465 0.5362580164447596 0.5940425390302183 0.5143451941223282 0.5702618146276871 0.5331011367639086 0.5799833455111153 0.5550139590863401
0 0.7370775291379648 0.6132690093724482 0.7282565380015408 0.5859684873098198 0.6973333236024702 0.6037311692100698 0.7061543147388941 0.6310316912726982
0 0.7958485895564492 0.5421548052812252 0.7853247510106116 0.5192740937143728 0.7582047243216492 0.5414495332149849 0.7687285628674868 0.5643302447818372
0 0.7513242374368828 0.5125416298640191 0.7380882641527954 0.49783143625848786 0.7190599847389543 0.5282693222841103 0.7322959580230417 0.5429795158896416
0 0.6603152529514302 0.5488690680549656 0.6465328969555971 0.5189308779270307 0.630413544383132 0.5321232529653166 0.6441959003789651 0.5620614430932515
0 0.708702015876623 0.4896138109616649 0.6963256757701185 0.4758705451878746 0.6802031194798515 0.50168207024962 0.6925794595863559 0.5154253360234102
0 0.6512772405719084 0.45792763641751816 0.6380175274027391 0.43251964802513015 0.6235220724340986 0.44596812710081524 0.6367817856032679 0.4713761154932032
0 0.5941371645316706 0.4501673378783129 0.5851559563870464 0.430763980502125 0.5644770860987519 0.4477801640331285 0.5734582942433764 0.4671835214093164
0 0.790269 0.4232440000000001 0.769212 0.4232440000000001 0.769212 0.4561540000000001 0.790269 0.4561540000000001
0 0.7538626064480286 0.40690807096797554 0.7504430229833239 0.37254894160491386 0.730862383161676 0.376013400475603 0.7342819666263807 0.41037252983866473
0 0.7511972145622803 0.303792464530239 0.7456314858459673 0.2864152370043501 0.7213375150445661 0.3002482735750187 0.7269032437608791 0.3176255011009076
0 0.6806178028989882 0.34985244461403253 0.6761917222908862 0.3284422092692153 0.6486808645746589 0.3385528687023933 0.6531069451827608 0.3599631040472106
0 0.6367084552566303 0.4003196591126271 0.6306158658821822 0.3707753813977914 0.6131629536043927 0.37717381858331117 0.6192555429788409 0.40671809629814687
0 0.5787436498158005 0.3499178172687701 0.5566831690866593 0.33732109739023947 0.5501627992196796 0.3576216193863634 0.5722232799488207 0.370218339264894
0 0.618462 0.2793590000000001 0.58901 0.2793590000000001 0.58901 0.30556400000000006 0.618462 0.30556400000000006
0 0.6868757879955703 0.2747317652404049 0.6840943704238814 0.24254265146803905 0.666957530867791 0.2451751332720342 0.6697389484394798 0.27736424704440005
0 0.6496178653761503 0.20186422989957578 0.6371545847857093 0.18405469132762767 0.6159803110875761 0.21039771977037947 0.6284435916780171 0.22820725834232758
0 0.630606 0.11809000000000011 0.613519 0.11809000000000011 0.613519 0.1542820000000001 0.630606 0.1542820000000001