0 0.5618436411678857 0.5549566889268501 0.5528459098736762 0.5375978134521716 0.536943574890846 0.5522515980206716 0.5459413061850554 0.5696104734953501
0 0.584933 0.4926150000000002 0.560192 0.4926150000000002 0.560192 0.5155380000000003 0.584933 0.5155380000000003
0 0.5285962625473889 0.5393317034519293 0.5144696648464561 0.5167028344921114 0.5002821790122053 0.5324483775562219 0.514408776713138 0.5550772465160397
0 0.4724508153360005 0.5449567493989459 0.45808735799395883 0.5362721495070844 0.4491788154506972 0.5624656357840849 0.4635422727927388 0.5711502356759465
0 0.42851015033152073 0.4684808843288178 0.4079324904776916 0.46356986407158246 0.403031962347296 0.5000742139493531 0.4236096222011252 0.5049852342065885
0 0.38148260812882623 0.4823282725461767 0.36452297775367376 0.48086465827431946 0.3635834400976213 0.5002191339890076 0.38054307047277375 0.5016827482608649
0 0.3389121279912531 0.5210154366536952 0.32858987488229396 0.4883171160120529 0.31118844232234055 0.4980829993461927 0.3215106954312996 0.5307813199878351
0 0.3012302012605152 0.5453755861659765 0.28273195912555044 0.5282647121911344 0.2750259609978639 0.5430750389230243 0.29352420313282873 0.5601859128978666
0 0.2221493111191716 0.5032263729149876 0.21662172131719676 0.4859224927736373 0.1888628272602004 0.501686692962024 0.19439041706217525 0.5189905731033743
0 0.2638666678212333 0.499709159495574 0.2619266846774041 0.4607810816591177 0.23874823542876975 0.46283459177162645 0.24068821857259892 0.5017626696080827
0 0.8286497440765892 0.34007154526419725 0.8105614492487557 0.3233577717199576 0.7955386132578791 0.35226141000994116 0.8136269080857126 0.36897518355418085
0 0.7938657083379757 0.4181281464521189 0.767644041663019 0.383166944447687 0.7518076060683435 0.4042828080869982 0.7780292727433002 0.43924401009143
0 0.7020280330466429 0.4292047156007829 0.6855744945969301 0.42039795752549364 0.6758592490515923 0.452666139606583 0.6923127875013051 0.4614728976818723
0 0.6524468518336345 0.40974819642173604 0.6373446927105579 0.3896149089071867 0.6176201369818204 0.41591813691268054 0.6327222961048969 0.4360514244272299
0 0.594330760655189 0.45403484785474146 0.5917647273362321 0.4259721537411824 0.5664251559227405 0.43009132327855143 0.5689911892416973 0.4581540173921104
0 0.6865469594976573 0.3604475263194092 0.6803922015812851 0.3410800426462155 0.6560747130734925 0.3548183734531034 0.6622294709898648 0.3741858571262971
0 0.769 0.2724870000000001 0.737596 0.2724870000000001 0.737596 0.3187440000000002 0.769 0.3187440000000002
0 0.7149192068053773 0.2627208638629066 0.7142881417934305 0.2363956132136437 0.6862182301247252 0.23759185813393396 0.6868492951366719 0.2639171087831969
0 0.635968404009003 0.2793058391229238 0.635112345263699 0.24219865905420682 0.612005488976167 0.24314634393722448 0.6128615477214711 0.2802535240059415
0 0.5711617063117355 0.29796736378695704 0.550450989329016 0.2700068572084811 0.5372918299856553 0.2873351476035026 0.5580025469683747 0.3152956541819785
0 0.28267300000000006 0.589769 0.25615400000000005 0.589769 0.2561540000000001 0.610692 0.2826730000000001 0.610692
0 0.4779875851094015 0.33543139419788187 0.4759319984784157 0.3145476765668352 0.4577738220031897 0.3177251189032781 0.4598294086341755 0.3386088365343248
0 0.4354161399658446 0.39454894699645954 0.427334557563676 0.3723784095606207 0.4036388032128466 0.38773405927643284 0.41172038561501517 0.4099045967122716
0 0.38196068258288723 0.42553247699443686 0.38188387549851593 0.3958849424271801 0.35033552394517437 0.39603024283732813 0.3504123310295456 0.4256777774045849
0 0.31943978947526075 0.44496873781217144 0.3161296189365566 0.41740404496259836 0.2986264017980907 0.4211407822459195 0.30193657233679483 0.4487054750954925
0 0.28536120059024606 0.4034084388353175 0.27831225111024643 0.37528031083032765 0.2571314843876114 0.3847166321003247 0.264180433867611 0.41284476010531457
0 0.2070166556434666 0.44555975681103077 0.19536947946992742 0.4257181186296152 0.1742668900116835 0.44774009751760613 0.18591406618522266 0.46758173569902167
0 0.21876560301025869 0.32207117795642537 0.21668445641529643 0.2991871298011198 0.1898549427587045 0.30352483560188603 0.19193608935366677 0.3264088837571916
0 0.3429762473779476 0.3449753603634403 0.3416093020472433 0.31538560023577 0.31399954024790844 0.31765311349024233 0.31536648557861274 0.34724287361791256
0 0.4342412770080813 0.30684944167310724 0.4206716060627775 0.28547409160154996 0.3932165286446083 0.3164594287696395 0.406786199589912 0.3378347788411968
0 0.7549570168394524 0.18275178578866721 0.7432039354678075 0.16426316690505616 0.7184297012870917 0.1922610363767564 0.7301827826587366 0.21074965526036746
0 0.665814470110963 0.16951791709635428 0.6437689072187218 0.15137471474963607 0.6332832278930202 0.17402539728444033 0.6553287907852613 0.19216859963115854
0 0.5341801685464971 0.24124906335918533 0.5180131181623538 0.2062023702445645 0.4992141908139305 0.22161917203288214 0.515381241198074 0.256665865147503
0 0.24681248106840997 0.24935847153940763 0.24237843702950881 0.21776701028810602 0.22142218745220094 0.2229960425693615 0.22585623149110212 0.25458750382066314
0 0.32572192454692844 0.27117344451666425 0.3186298333961257 0.2492529985929164 0.29312086029926204 0.2639252031433085 0.30021295145006477 0.2858456490670563
0 0.3803007625285614 0.20759050989010433 0.36097338309163995 0.20224694505825916 0.354788783172694 0.24201469081036361 0.37411616260961544 0.24735825564220876
0 0.32514817414849195 0.1945506621026974 0.31242912813180906 0.1814130998214716 0.29652963214565103 0.2087784229915935 0.3092486781623339 0.22191598527281928
0 0.29002276749226896 0.16694996194917539 0.2885122328510373 0.1413149154294233 0.2531547764432583 0.1450187797336557 0.2546653110844899 0.1706538262534078
0 0.3332349170375524 0.1097078653838906 0.32550411541760377 0.09395318955142645 0.3033768162963746 0.11325601739736617 0.3111076179163232 0.1290106932298303
0 0.39673425001404006 0.16525953010737884 0.3889406169460283 0.12649620368400089 0.37223316643942006 0.1324680218150885 0.3800267995074319 0.17123134823846647
0 0.43815842844334063 0.19572709508156225 0.42424318823400614 0.15862533205317758 0.4052165399417102 0.17131165971011483 0.41913178015104474 0.2084134227384995
0 0.47 0.1636670000000001 0.45049 0.1636670000000001 0.45049 0.19856400000000007 0.47 0.19856400000000007
0 0.5100530456193278 0.12396570182387272 0.49639329748018235 0.09709503908932544 0.4692502657259052 0.12162518558546018 0.48291001386505067 0.14849584832000745
0 0.5613995140055987 0.1612877130956286 0.544392921631548 0.13188722735994302 0.5290335351713898 0.14768202760715263 0.5460401275454405 0.1770825133428382
0 0.6184735787089615 0.1129156119090943 0.6149844579901159 0.08497427477068503 0.5873221783625707 0.09111520623567138 0.5908112990814162 0.11905654337408066
0 0.6892745559178797 0.11553044268933468 0.6619312406123267 0.10329982724495877 0.6572543434111945 0.12188806234019559 0.6845976587167475 0.13411867778457148
0 0.390451150409787 0.0749598949737062 0.3829058645632963 0.00874917330565322 0.3500696789024864 0.01540156100030653 0.3576149647489772 0.0816122826683595
0 0.3309229316899255 0.6214275177068781 0.32760731794587444 0.5886668204376763 0.30817019592966977 0.5921640184977465 0.3114858096737209 0.6249247157669484
0 0.3889217251131072 0.5663060969872815 0.3751665575478077 0.5482380188176365 0.3535499575989036 0.5774942772073342 0.3673051251642031 0.5955623553769792
0 0.21554218582743565 0.6138914336368058 0.20556281024446138 0.5946848581416248 0.18150364995445875 0.6169083024504214 0.19148302553743302 0.6361148779456024
0 0.46480717835198515 0.61286750099868 0.4616571754064773 0.5901930696329136 0.4340959448269661 0.5969999894219375 0.437245947772474 0.619674420787704
0 0.8200103211831834 0.5348407472636353 0.808938177418113 0.5209449262125596 0.7907108331378995 0.5467644586488587 0.8017829769029698 0.5606602796999344
0 0.734981735088333 0.5663498493360617 0.7229495381093546 0.5503022577438342 0.7035380253426599 0.576176755295723 0.7155702223216382 0.5922243468879504
0 0.4620639443701293 0.7666222692611488 0.43874894849476415 0.7461928422779651 0.4279056457168128 0.7681926160793219 0.4512206415921779 0.7886220430625055
0 0.39783838430489615 0.7559587883924145 0.38210454057905774 0.7461220925316302 0.3720957945473846 0.7745826059999126 0.38782963827322303 0.7844193018606969
0 0.3309361806797636 0.7612080826737584 0.30861008012343 0.7406093759208686 0.294929587197085 0.7669697846934839 0.3172556877534186 0.7875684914463736
0 0.6325744887600884 0.8302791235451481 0.6314079749733752 0.80722060071286 0.6013222058597926 0.8099264087675409 0.6024887196465057 0.832984931599829
0 0.647782782020029 0.7732447795741377 0.633321997883616 0.7454779350360164 0.6188608704526231 0.7588668363599453 0.633321654589036 0.7866336808980666
0 0.5309997567777458 0.7165244237219099 0.5187262453073327 0.6968387011599805 0.49789513980512534 0.7199278149653715 0.5101686512755386 0.7396135375273009
0 0.7643407510928235 0.6418707011195427 0.7371049332637365 0.6186341527137788 0.726448522276892 0.6408394830240876 0.7536843401059791 0.6640760314298515
0 0.7083416819395876 0.6487442000881419 0.6917343981881586 0.6302438580852544 0.6809541425184954 0.6474476976242308 0.6975614262699243 0.6659480396271182
0 0.6443526570463429 0.6640055014030114 0.6298401774455119 0.6251930559589259 0.6073266552496821 0.6401585663654281 0.6218391348505131 0.6789710118095136
0 0.5811335435599874 0.6137610216252101 0.5645365292486197 0.599005320071736 0.550850099605353 0.6263729852673219 0.5674471139167206 0.6411286868207959
0 0.5143767786764412 0.6618669406561447 0.5065092557951236 0.6447378863948359 0.48567664458840504 0.6617487284253638 0.4935441674697225 0.6788777826866725
0 0.4202748275585864 0.6631994642664458 0.40059497443054826 0.643205820048551 0.3882093953175508 0.6648790522633568 0.40788924844558894 0.6848726964812517
0 0.37142094417290844 0.6939829240755143 0.3649405142005376 0.6564486623798711 0.3423977583114944 0.6633679347376156 0.34887818828386524 0.7009021964332588
0 0.3142851844324664 0.6797024504335369 0.29353450083199367 0.6518869173362917 0.27705874518225654 0.6737377422050932 0.2978094287827293 0.7015532753023386
0 0.697408148986126 0.7166879982924229 0.6785984546424761 0.7100791867662753 0.6717174960939166 0.7448956607897546 0.6905271904375666 0.7515044723159021
0 0.5878862186132361 0.7424150649298471 0.5743300676480536 0.7257436573114882 0.5550415308670041 0.7536267461956565 0.5685976818321865 0.7702981538140153
0 0.8018144070081564 0.49913638907210883 0.7909449425472511 0.4772019442072128 0.7707051889489331 0.4950324717968918 0.7815746534098383 0.5169669166617878
0 0.7398775396419089 0.48136733632326745 0.7152922895246959 0.47697476169770775 0.7129417139305537 0.5003635206638597 0.7375269640477667 0.5047560952894193
0 0.6689307911746575 0.5072575082147557 0.6413071719014944 0.4965222253996368 0.6354310190510571 0.5234027442232991 0.6630546383242202 0.534138027038418