0 0.327996101634924 0.20838278077444866 0.29865008688850736 0.20318504945089969 0.29594794419927883 0.23030700854982214 0.32529395894569546 0.23550473987337112
0 0.448618459844786 0.7271399766457166 0.43378090386413276 0.7134967648460661 0.4182055497239518 0.7436102591192943 0.43304310570460497 0.7572534709189448
0 0.3958131722637466 0.7560122849466231 0.3829233343586406 0.7453857500494063 0.3696484628234761 0.7740119422839148 0.3825383007285821 0.7846384771811318
0 0.4484047868085351 0.779954025602574 0.43652971550469255 0.7653488935111656 0.4165427084045515 0.7942394546255418 0.42841777970839406 0.80884458671695
0 0.4799511194051629 0.846390919603274 0.4780785850943267 0.8251973923152992 0.45128481577878193 0.8294059940310342 0.4531573500896181 0.850599521319009
0 0.5364350878909973 0.8141209866320589 0.5173187035515696 0.80323338718053 0.5090230426904008 0.8291275623049965 0.5281394270298285 0.8400151617565256
0 0.48733069395364503 0.2471772338912502 0.4639772834464432 0.22295788261112423 0.43938682855287425 0.2651112082112445 0.4627402390600761 0.2893305594913705
0 0.5891784171292835 0.7789005578746568 0.5613975062730532 0.7560393738257521 0.5499635554250826 0.7807407730621158 0.5777444662813129 0.8036019571110207
0 0.6436854357413974 0.7377769400137512 0.6347251215072696 0.7230867312415241 0.6150086486962429 0.7444664491160052 0.6239689629303709 0.7591566578882323
0 0.5592740378539633 0.6835494065866135 0.5482420126574525 0.6597231937796535 0.5152846119553967 0.6868519981694413 0.5263166371519074 0.7106782109764013
0 0.3308831128126489 0.8494203267110257 0.32271949990224424 0.8241055794349257 0.3020783943040841 0.8359392435084276 0.3102420072144888 0.8612539907845277
0 0.3341297576372666 0.7372575822577235 0.3183796174581302 0.724295576199253 0.3048569942625771 0.7535068585967942 0.32060713444171346 0.766468864655265
0 0.2591989756784981 0.732294776427411 0.23972409021762053 0.7214927890830289 0.22702908593724555 0.7621822159702201 0.24650397139812308 0.7729842033146023
0 0.2906158078837649 0.6883297918613455 0.2858596422439901 0.6566284853068648 0.2599568677591182 0.6635373003611484 0.26471303339889296 0.6952386069156291
0 0.37678120543213833 0.6920932494785434 0.3647345183785111 0.6660945320107666 0.3485149401910187 0.6794553403102092 0.3605616272446459 0.7054540577779859
0 0.7975353756618607 0.650150413627285 0.7947943952316199 0.6216529186779521 0.7771973652188472 0.6246618764816626 0.779938345649088 0.6531593714309955
0 0.63349 0.5967820000000003 0.607981 0.5967820000000003 0.607981 0.6204490000000001 0.63349 0.6204490000000001
0 0.6689398297184965 0.5566383773510015 0.6660825510391345 0.5277895249844968 0.6468599940129731 0.5311741666044143 0.6497172726923351 0.560023018970919
0 0.6090224210208188 0.5390944117425022 0.5825591579616701 0.5387776550361154 0.5823851314570705 0.5646246730723684 0.6088483945162192 0.5649414297787552
0 0.5569464629441624 0.5646421583756348 0.5486063228426395 0.537768373604061 0.5313847390862945 0.5472699370558376 0.5397248791878173 0.5741437218274112
0 0.4904877724135542 0.6273020183298106 0.4853324623435973 0.601284871945842 0.47223671211349766 0.605898079424975 0.4773920221834546 0.6319152258089434
0 0.39856910383020844 0.6301222765612584 0.3771700913031247 0.6142361271054397 0.36889012433988977 0.6340642300996441 0.39028913686697353 0.6499503795554628
0 0.22446948899339805 0.6455942340480205 0.22088410579927986 0.621641956424312 0.19317061683040962 0.6290168785579812 0.19675600002452778 0.6529691561816896
0 0.3445482124084183 0.5798421813378375 0.3087650611072666 0.5757749307667268 0.3066764965637211 0.6084414627291292 0.3424596478648728 0.6125087133002399
0 0.4346729690292287 0.5461297993920294 0.40371315236698185 0.5368002975924663 0.3992277434558151 0.5632621012158799 0.4301875601180619 0.5725916030154431
0 0.3171047202704065 0.5319734899380107 0.3049035194631207 0.5074153614465106 0.28919873568456683 0.5212866479573217 0.30139993649185265 0.545844776448822
0 0.27253493401785805 0.5681134801241121 0.2680121431688484 0.5423736583715479 0.23986712324935652 0.5511655029744442 0.24438991409836613 0.5769053247270084
0 0.7858635082266271 0.5205198436648542 0.7783724237151377 0.48351842622931657 0.7571512132608315 0.4911563261065313 0.7646422977723208 0.5281577435420688
0 0.7204475504394658 0.462385074753377 0.7026535885611125 0.4478474808520159 0.6882250256681369 0.4792439400911501 0.7060189875464903 0.49378153399251123
0 0.6691216444162715 0.43526624450123697 0.6628839452282088 0.40397579508236714 0.6406190140287966 0.4118664210419274 0.6468567132168593 0.44315687046079716
0 0.6076593987327725 0.4564094521471537 0.5818660272497679 0.4449828771432173 0.5765142743040871 0.4664594791117808 0.6023076457870917 0.47788605411571733
0 0.516018676923077 0.5095539128205127 0.500177092307692 0.47259021538461543 0.4807832153846153 0.4873665025641028 0.4966248000000002 0.5243302
0 0.8402058956696177 0.4135252135790804 0.8119661689103875 0.3939658124356375 0.8017771628783367 0.42011837375913064 0.8300168896375668 0.43967777490257354
0 0.7799308416437107 0.36600955827683435 0.7681766331580445 0.34161508291094744 0.7423858641667271 0.3637075222801243 0.7541400726523935 0.3881019976460112
0 0.7178803043640765 0.32911883365197603 0.6862393043752735 0.32214282473166744 0.6829976974449774 0.3482813450401891 0.7146386974337805 0.35525735396049773
0 0.7652394957835296 0.204983314889054 0.7477709137120442 0.20309145795869626 0.7454683445114667 0.24088864926506054 0.7629369265829521 0.24278050619541827
0 0.709808 0.22828200000000018 0.678462 0.22828200000000018 0.678462 0.25920500000000013 0.709808 0.25920500000000013
0 0.6294489757719184 0.25104314420033985 0.6100775033775666 0.24056080045692083 0.6043493305753982 0.2593798557748074 0.6237208029697499 0.2698621995182265
0 0.6197822408114171 0.3296270622543085 0.6096022672100136 0.29570351842893405 0.5842109906955988 0.30924940533814255 0.5943909642970022 0.343172949163517
0 0.5847951313040974 0.4187670809547836 0.5788356869866059 0.38897651796433164 0.555726941772199 0.3971947971942115 0.5616863860896905 0.42698536018466343
0 0.5403352537214338 0.40329681303142606 0.5288676938640021 0.3675115198592962 0.5113476992801738 0.3774926076828098 0.5228152591376053 0.41327790085493965
0 0.4898968798398194 0.4313024965294567 0.4607003015885947 0.4157340127165576 0.4533965052895095 0.44008473022908223 0.48259308354073416 0.45565321404198134
0 0.4336085149599817 0.49189393543623466 0.42354139751769776 0.4683807373705434 0.4082576556800716 0.4800139749992955 0.41832477312235544 0.5035271730649867
0 0.4046124557963152 0.45384820846443924 0.3974175540030136 0.42855626331607527 0.365947018374195 0.44447190844191103 0.3731419201674966 0.469763853590275
0 0.30132698521805035 0.483571281235114 0.300031360229782 0.4560047921230227 0.27619305490349894 0.4579966149680633 0.2774886798917673 0.48556310408015463
0 0.2538084778360492 0.5053944730984223 0.25317120860728975 0.470794502619335 0.23363575378132237 0.47143416118592546 0.23427302301008177 0.5060341316650128
0 0.17571278975644702 0.48981315724371677 0.14345679205303005 0.4869525092260468 0.14196671369316863 0.5168223313280255 0.1742227113965856 0.5196829793456954
0 0.2103091369553317 0.4361166729151145 0.187015420296617 0.4102232988487078 0.17311277054817462 0.43245768776758053 0.1964064872068893 0.4583510618339873
0 0.25430932888474345 0.3924147962790918 0.23707436571042886 0.37034396212141113 0.21641576788357772 0.3990233532317707 0.23365073105789233 0.42109418738945137
0 0.39051694115510976 0.37287169496988587 0.35991045628436025 0.36744214791135954 0.3571091677158725 0.3955149119161127 0.387715652586622 0.40094445897463893
0 0.4862530200670285 0.37076970227352646 0.4752271643261192 0.33658782399067577 0.45439232277257324 0.34853551707741376 0.46541817851348255 0.38271739536026445
0 0.5538863623883875 0.29421800061638465 0.5316847185173323 0.2830982298264812 0.5219603566379253 0.3176148196853523 0.5441620005089804 0.3287345904752559
0 0.5644240569940507 0.2374395593393862 0.5448657182368858 0.21571305802358817 0.53038331846652 0.23889021555082665 0.5499416572236849 0.2606167168666247
0 0.6570220232779946 0.15519851533723683 0.6408442802815864 0.12572293184153482 0.6029870069328026 0.16266169289337776 0.619164749929211 0.1921372763890798
0 0.5848600710855333 0.16057648518935483 0.5718969000192456 0.1397921819527528 0.550866606459389 0.16311057349829197 0.5638297775256765 0.183894876734894
0 0.6595645338193225 0.07142957017008714 0.6508514024660931 0.03332301788357239 0.6320193461816472 0.04097809941269835 0.6407324775348765 0.0790846516992131
0 0.5491346614880974 0.09683457534264382 0.5288881316384192 0.08338119700783707 0.5193256063265621 0.10896524808776065 0.5395721361762403 0.1224186264225674
0 0.45678030025518357 0.11982193863977769 0.4364114862043438 0.09287586741167694 0.4224340011046654 0.11165937960921865 0.4428028151555052 0.1386054508373194
0 0.3944638887047542 0.18071193781195535 0.3759436301534067 0.16591656951777098 0.36249718605321435 0.19583964230411519 0.3810174446045618 0.21063501059829956
0 0.4119902785996586 0.2904412493567769 0.38711695282143666 0.28528876455947944 0.38455524345196906 0.3072736632645984 0.40942856923019105 0.31242614806189584
0 0.3330457059646306 0.3219159121287052 0.31354333759168945 0.30745706644282855 0.30014998391825176 0.3395729994402993 0.31965235229119293 0.3540318451261759
0 0.27175645355077177 0.3402297334699446 0.24740615808236616 0.3032106522750181 0.2290209362869029 0.3247099832996805 0.25337123175530846 0.361729064494607
0 0.19818919305745164 0.3040752307351677 0.18553476173641845 0.27875905339291585 0.16103190734759587 0.30053307533527723 0.1736863386686291 0.32584925267752907
0 0.24259118947542055 0.21749204546710701 0.2299067521988781 0.19801997424004528 0.20612378560422107 0.2255624232974441 0.21880822288076351 0.24503449452450585
0 0.3563939110314881 0.1471126372118536 0.3380538661075055 0.1178981117167376 0.32488824513709713 0.13259144668288325 0.34322829006107974 0.16180597217799927
0 0.6418266298135487 0.8412325432151283 0.6327845791629476 0.8137392994634066 0.6188201714870325 0.8219040128761691 0.6278622221376335 0.8493972566278909
0 0.5752575012692122 0.84683668871316 0.5589489005920734 0.8317164843777742 0.5441659996983347 0.8600627712021873 0.5604746003754736 0.8751829755375732