0 0.6570763616599458 0.6547436217332511 0.6282101735616353 0.6310703844899265 0.6176694187147937 0.6539201092359413 0.6465356068131043 0.677593346479266
0 0.7224408985981937 0.6238682496145053 0.6914228003641189 0.6081463641426655 0.6846471125943338 0.6319115599588833 0.7156652108284086 0.647633445430723
0 0.6659100540181725 0.5779513478232552 0.6406656875941107 0.5519619855831013 0.628261606956166 0.5733815634265718 0.6535059733802278 0.5993709256667257
0 0.7596377033836239 0.5915332346898433 0.7375924245236313 0.5474752521879743 0.7182340771771685 0.5646953947279211 0.740279356037161 0.6087533772297901
0 0.810598327915976 0.5354800174864318 0.7872212105201968 0.5015484585391496 0.7701845211205962 0.5224149688118448 0.7935616385163755 0.556346527759127
0 0.643067487550898 0.5124589530906025 0.6247599150830359 0.4772605973180487 0.6075818250516001 0.49314462857562724 0.6258893975194623 0.528342984348181
0 0.6954417258767027 0.45413110370224047 0.673859477663373 0.43598107285976406 0.6636113793900112 0.4576451438535946 0.6851936276033411 0.47579517469607113
0 0.7391344539049762 0.43876285632386586 0.7376834953974793 0.4089661263335993 0.7077824771454533 0.41155463628559114 0.7092334356529502 0.4413513662758577
0 0.8479670114162596 0.4215527323885013 0.8135155255770836 0.415481807293607 0.8103702183251876 0.447213528660914 0.8448217041643638 0.45328445375580834
0 0.46119350592452324 0.45627411189694667 0.4322295431902664 0.43788439732362694 0.4235837809994831 0.4620926670935756 0.4525477437337399 0.48048238166689533
0 0.2584825378917445 0.2517827587888425 0.25602301465438476 0.20095545362024977 0.23141602661214997 0.20307230212006255 0.23387554984950973 0.25389960728865524
0 0.37533659489081106 0.26553954446488 0.3646642506167186 0.22317576431246672 0.3436087604600812 0.23260568304662854 0.35428110473417374 0.2749694631990418
0 0.29288010783603324 0.13788413378348824 0.2726752120228881 0.10709476803223648 0.24512221824932828 0.139238932382582 0.26532711406247345 0.17002829813383377
0 0.3455358604103445 0.16218749963124315 0.3434658791847442 0.12030926674338482 0.321846820788191 0.12220899860502521 0.3239168020137913 0.1640872314928835
0 0.5928541937684689 0.8520739125378709 0.5681816611098287 0.847703293862081 0.5630847321683142 0.8988546164536987 0.5877572648269545 0.9032252351294886
0 0.5542476234981432 0.8078618975205976 0.5399728779666473 0.7849822476106295 0.5143412437977127 0.8134119798453795 0.5286159893292086 0.8362916297553475
0 0.515846 0.729769 0.49289400000000005 0.729769 0.49289400000000005 0.769897 0.515846 0.769897
0 0.47504618212183164 0.7231032802622562 0.463474281168399 0.6929186759830345 0.43245510886278554 0.7140597428370024 0.44402700981621823 0.744244347116224
0 0.41539465703776435 0.5952681096118286 0.4012676682221353 0.5576023111226266 0.3818412594395909 0.5705553723721379 0.39596824825522 0.60822117086134
0 0.5086894952901699 0.6196384545213149 0.5081478498503663 0.5808656684554038 0.48598643258229823 0.5814160490161945 0.4865280780221019 0.6201888350821056
0 0.47670749395163986 0.542679829041259 0.4577924801892574 0.5318705806937312 0.44569149043948597 0.569515774109399 0.46460650420186844 0.5803250224569266
0 0.40838302235134594 0.17759357905838716 0.3957953501339638 0.13626262810426257 0.3729305277721367 0.14864247667585984 0.38551819998951886 0.18997342762998445
0 0.3853875619805644 0.5169159434771081 0.36565714259832005 0.4854904771223249 0.35084580388679915 0.5020225142551848 0.3705762232690435 0.533447980609968
0 0.2663094362912428 0.504198605687276 0.2640965085413875 0.4740906070355751 0.24747365264760568 0.47626265024219494 0.24968658039746097 0.5063706488938958
0 0.32958780991611586 0.4605354033052643 0.319508788629264 0.4142617418538213 0.2959740047805967 0.4233749687815975 0.3060530260674486 0.46964863023304054
0 0.15434920910231553 0.47157592031655693 0.11763346376623773 0.4643003203400327 0.1139211614257063 0.49760493003338085 0.1506369067617841 0.5048805300099051
0 0.14475073500410854 0.42280855957271973 0.14215833758928006 0.39194668558666745 0.10785309455786608 0.3970696018793588 0.11044549197269457 0.4279314758654111
0 0.22555307624549217 0.3942558767942472 0.20743333832899932 0.3490256357806976 0.1852808546772939 0.36480258064368276 0.20340059259378676 0.4100328216572323
0 0.165577 0.268487 0.140865 0.268487 0.14086500000000002 0.310808 0.16557700000000003 0.310808
0 0.27672323978442875 0.3078513404015236 0.260498285929399 0.2866279114113634 0.2420727315989705 0.3116697350930565 0.2582976854540003 0.33289316408321673
0 0.3501783270522763 0.3457260370290757 0.3412053504887061 0.303252295211072 0.3180655641021977 0.31194295660618776 0.3270385406657679 0.35441669842419143
0 0.403442 0.359154 0.370817 0.359154 0.370817 0.387051 0.403442 0.387051
0 0.4507936670288182 0.21066949473692306 0.41876707910453426 0.19706373522033688 0.412134238343311 0.2248202495037845 0.4441608262675949 0.23842600902037064
0 0.4762913736847218 0.30506113350925945 0.46472017247180863 0.2779173994658787 0.44385600557002003 0.2937294202176333 0.4554272067829332 0.32087315426101404
0 0.48128754774136545 0.38802265536517605 0.45577259618845223 0.3734784182754904 0.4480328762175207 0.3976167095525644 0.47354782777043397 0.41216094664225017
0 0.5668203556679344 0.44553664559325984 0.5450764667720779 0.4035629528782109 0.5174534583859226 0.4290024481203779 0.5391973472817791 0.4709761408354268
0 0.5656921187927896 0.5308931507769371 0.5438575097643867 0.5296820880727297 0.5427543843285225 0.5650395564701772 0.5645889933569254 0.5662506191743848
0 0.5851951747310549 0.7390497316846645 0.5696478813413614 0.6928369700167857 0.5459783080686921 0.7069936290789156 0.5615256014583856 0.7532063907467943
0 0.3937422053465711 0.8540573107983308 0.378224930020416 0.8347083243045088 0.3546510397502429 0.8683181279621964 0.370168315076398 0.8876671144560185
0 0.43591918458205897 0.9158083612131535 0.42994845681019084 0.8884956359983042 0.40584486451531454 0.8978630880988484 0.4118155922871827 0.9251758133136978
0 0.5077140569154457 0.8868699730822629 0.4795688802046125 0.8674862425651603 0.4689031767310518 0.8950179784649118 0.497048353441885 0.9144017089820144
0 0.47271478493625074 0.8132499000860747 0.4412838742642116 0.8029905382490671 0.43556286963783836 0.8341497447438244 0.4669937803098775 0.8444091065808318
0 0.3989216687764644 0.8066106394144239 0.393782857981365 0.7810718161301338 0.3631827747548803 0.7920179769798602 0.36832158554997974 0.8175568002641503
0 0.3798963961077168 0.7530870153789108 0.36897158345759473 0.7355425755081972 0.3471918539023587 0.7596529772298622 0.3581166665524808 0.7771974171005758
0 0.32109780530973453 0.8182458938053101 0.30587924778761083 0.7950557109144545 0.2783640442477876 0.8271567817109144 0.29358260176991124 0.85034696460177
0 0.3563416287827619 0.6910865286979204 0.3465848538179182 0.6599446996541226 0.31559403683172715 0.6772059666649498 0.3253508117965707 0.7083477957087477
0 0.2882310000000001 0.692808 0.2668850000000001 0.692808 0.2668850000000001 0.72641 0.2882310000000001 0.72641
0 0.7913325861277031 0.3436312854820919 0.7876586664161277 0.3007347730380009 0.7622010562782955 0.3046109427255072 0.7658749759898708 0.3475074551695982
0 0.8198034747531647 0.23481632832337668 0.8056256265313064 0.20737265720387488 0.7768618361509176 0.2337901565260462 0.7910396843727759 0.26123382764554803
0 0.5723107632328107 0.3001685530640408 0.5572810257086322 0.2760708602826825 0.5348473386959549 0.30094534326027234 0.5498770762201334 0.32504303604163065
0 0.5653779981866897 0.19677601366387176 0.5541581223833195 0.16064297391649388 0.5341862373904569 0.17166801154881747 0.5454061131938269 0.20780105129619536
0 0.6262217610496699 0.17538461773465217 0.6129682754131595 0.13732060698659296 0.5917577569976931 0.1504499900973733 0.6050112426342034 0.1885140008454325
0 0.7150229806291328 0.15092739545319556 0.6861606390197258 0.12427987292755537 0.6719913143904976 0.15156345247515915 0.7008536559999046 0.17821097500079933
0 0.6639857999830514 0.05255058614283209 0.6534570433236668 0.026310910791642144 0.6233335345162814 0.047799191146733894 0.6338622911756661 0.07403886649792384
0 0.4853445532811722 0.10434441352560365 0.4685234460219805 0.07674262610555553 0.4400004781793726 0.10764483748158794 0.4568215854385644 0.13524662490163608
0 0.3584654576187008 0.05146953751407193 0.33731907807429984 0.010787931152462267 0.31815438659691425 0.02849787707215847 0.33930076614131516 0.06917948343376813
0 0.6902356765126653 0.9154806885079113 0.6854973488396582 0.8681887090355099 0.6608739907526798 0.8725746456625856 0.6656123184256868 0.9198666251349871
0 0.2764182113294694 0.7902708463959544 0.2619365343044887 0.7675820440421068 0.2354782763001147 0.797604485447328 0.2499599533250954 0.8202932878011756
0 0.21167664166564873 0.7672761153725844 0.21019310151063977 0.7367605185730172 0.17743327274415394 0.7395918879734958 0.1789168128991629 0.770107484773063
0 0.22964760219113758 0.6794547907152088 0.20890630379661324 0.6496384210301114 0.1896584954163111 0.6734418725508159 0.21039979381083546 0.7032582422359134
0 0.20471457390118727 0.5601533323427754 0.16633321815058152 0.5573161825256915 0.16490416455600745 0.5916849558439804 0.2032855203066132 0.5945221056610643
0 0.31093757416370216 0.6198386775377067 0.2920586830546032 0.5825336631202919 0.27129989662336346 0.6012098711773439 0.2901787877324625 0.6385148855947587
0 0.3694618532318565 0.614620869120596 0.3488928197142774 0.6099093437773475 0.34457179348382455 0.6434457661136035 0.36514082700140366 0.648157291456852
0 0.654811921208607 0.7275769439336269 0.6316670275174403 0.7116643724732858 0.6171702687909744 0.7491498637880442 0.640315162482141 0.7650624352483852
0 0.72310540917826 0.7889347730739642 0.7013733526036303 0.7599612427509566 0.6744757158277305 0.7958279087961219 0.6962077724023602 0.8248014391191296
0 0.7919815169555445 0.7431122399977967 0.7655171459993825 0.7101305766208302 0.7523799773509563 0.7288705197732516 0.7788443483071184 0.7618521831502182
0 0.73199 0.6716540000000001 0.700692 0.6716540000000001 0.700692 0.698179 0.73199 0.698179