0 0.612012529790733 0.8607704060396716 0.6038006884333396 0.8169863374639179 0.5820765441056467 0.8242297728106448 0.5902883854630402 0.8680138413863985
0 0.6518221887510248 0.8248852835766588 0.6475931311280427 0.8002390638759578 0.624935750121643 0.8071506936711087 0.6291648077446252 0.8317969133718096
0 0.5706051569261169 0.850124906389785 0.5509245703777667 0.8121732888161417 0.5335260861870526 0.8282130032767859 0.5532066727354028 0.8661646208504291
0 0.5692307692307692 0.7435897435897436 0.5384615384615384 0.7435897435897436 0.5384615384615384 0.7769230769230769 0.5692307692307692 0.7769230769230769
0 0.7443608416991834 0.7188371724752773 0.7286318381689038 0.6972354998303028 0.7061808448070769 0.7262975912217291 0.7219098483373566 0.7478992638667036
0 0.6661378230285012 0.7356405765440711 0.6588317529654241 0.7026837226748016 0.6280211629200863 0.7148264313312049 0.6353272329831633 0.7477832852004744
0 0.6879158004158005 0.641787941787942 0.6853950103950104 0.6216216216216217 0.6705819646569646 0.6249134095634096 0.6731027546777547 0.6450797297297298
0 0.775 0.5871794871794873 0.7461538461538462 0.5871794871794873 0.7461538461538462 0.6174871794871796 0.775 0.6174871794871796
0 0.7154530571722824 0.5530549230178637 0.6953396355502909 0.5203442063722594 0.6797211231172802 0.5374173321317981 0.6998345447392716 0.5701280487774024
0 0.6614830678571998 0.576391934199289 0.6419039944809369 0.563066022242422 0.6270508298437656 0.6018624431625965 0.6466299032200284 0.6151883551194636
0 0.6128144386406794 0.6181070385842203 0.5977813228068405 0.6082170791404894 0.5867524049088773 0.6380204145288786 0.6017855207427161 0.6479103739726093
0 0.557794437455189 0.6531228804395235 0.5309119836363423 0.6528782740432427 0.5307191085375129 0.690562077835248 0.5576015623563595 0.6908066842315288
0 0.491972137063072 0.7188759449549971 0.47839331767192045 0.6965970298203472 0.45580883806686084 0.7210682448879902 0.4693876574580125 0.74334716002264
0 0.45192307692307704 0.7576923076923077 0.425735576923077 0.7576923076923077 0.425735576923077 0.7961538461538461 0.45192307692307704 0.7961538461538461
0 0.40542108753315653 0.7514809902740937 0.3953746684350133 0.7202254641909813 0.37123673740053054 0.7340185676392573 0.3812831564986738 0.7652740937223695
0 0.42625320086578794 0.6423670641917191 0.39716346825609883 0.6421927325036338 0.39705536719831624 0.6742606539113541 0.42614509980800536 0.6744349855994394
0 0.34116057692307705 0.6756410256410257 0.3230769230769232 0.6756410256410257 0.3230769230769232 0.7027243589743589 0.34116057692307705 0.7027243589743589
0 0.2865683092428398 0.745766153021745 0.2865148086403594 0.7050967783695972 0.26054660391163226 0.7051575093899378 0.2606001045141127 0.7458268840420856
0 0.33725649493219667 0.6216915522794968 0.3290312930877503 0.5798729599238776 0.3076650037397592 0.5873440458757203 0.31589020558420555 0.6291626382313394
0 0.37955192307692304 0.5641025641025641 0.3565548076923077 0.5641025641025641 0.35655480769230774 0.6025641025641025 0.3795519230769231 0.6025641025641025
0 0.47177910661420097 0.572537656239393 0.46662537073903987 0.5450919371599726 0.4363092270790692 0.5552123673467836 0.44146296295423043 0.5826580864262039
0 0.5278461538461539 0.5542051282051284 0.5156153846153846 0.5324615384615385 0.4922258461538462 0.5558510769230769 0.5044566153846155 0.5775946666666667
0 0.5843224362045873 0.5701252992213521 0.5824914890313214 0.5384785605966299 0.5560571702978279 0.5411974556804696 0.5578881174710938 0.5728441943051918
0 0.7908385421998299 0.46149463455969675 0.7847308042923328 0.422652048452063 0.7630124215132218 0.42872328580408475 0.769120159420719 0.46756587191171867
0 0.7218086538461539 0.444871794871795 0.7038461538461539 0.444871794871795 0.7038461538461539 0.47307692307692323 0.7218086538461539 0.47307692307692323
0 0.7464290874652048 0.3930844577007031 0.7433241208249804 0.3631927978742643 0.7105047715206068 0.36925338008411457 0.713609738160831 0.39914503991055356
0 0.8001580002050234 0.3215751410805213 0.7851781888086203 0.29508417683772653 0.7569305400700052 0.3234809084171334 0.7719103514664082 0.3499718726599282
0 0.5360961538461538 0.44230769230769246 0.5076923076923077 0.44230769230769246 0.5076923076923077 0.47692307692307706 0.5360961538461538 0.47692307692307706
0 0.45811494775138445 0.49384551504150653 0.4468574465455293 0.4651966494343351 0.4189411801862765 0.48469821056334816 0.4301986813921317 0.5133470761705196
0 0.37278106508875736 0.532741617357002 0.3693934911242604 0.49660749506903357 0.3453887573964497 0.5006082840236687 0.3487763313609467 0.536742406311637
0 0.31153846153846154 0.5205128205128206 0.27692307692307694 0.5205128205128206 0.27692307692307694 0.5602564102564103 0.31153846153846154 0.5602564102564103
0 0.24778069622917184 0.4746513766594684 0.22406847590200202 0.4704311660179067 0.22057646020874094 0.5053123930096785 0.2442886805359108 0.5095326036512402
0 0.29492451232134115 0.4264737647375395 0.29313178597735046 0.39781789710065024 0.26810027506063216 0.40060186982407553 0.26989300140462286 0.4292577374609648
0 0.20675762599469494 0.47870362511052167 0.1986011273209549 0.45151529619805486 0.17566312997347477 0.4637488947833776 0.18381962864721485 0.4909372236958444
0 0.2115384615384616 0.3974358974358974 0.18269230769230774 0.3974358974358974 0.18269230769230774 0.4371794871794872 0.2115384615384616 0.4371794871794872
0 0.26728615558528246 0.33502400735085447 0.25677305753391655 0.3064649947698331 0.22672028189056617 0.32613251427499224 0.23723337994193208 0.3546915268560137
0 0.339650064567492 0.3201510667823402 0.3128829572790589 0.2953335518493634 0.2988102360952305 0.3223170781593575 0.3255773433836637 0.34713459309233435
0 0.20673076923076922 0.26153846153846155 0.181675 0.26153846153846155 0.181675 0.2935897435897436 0.20673076923076922 0.2935897435897436
0 0.3539309667991943 0.23536556996745747 0.32905151587930564 0.23329270715776926 0.3277171455915392 0.261765106609521 0.3525965965114278 0.26383796941920923
0 0.4304853232968041 0.2696710748546729 0.4290959472830915 0.2451104924187196 0.4041785211884629 0.24761638117438367 0.40556789720217556 0.272176963610337
0 0.4740976038721793 0.40390759024708883 0.4633735859503374 0.37252990817947707 0.4383099972188486 0.3877584177884828 0.4490340151406905 0.4191360998560945
0 0.46504522513626534 0.34187998101346967 0.4644615827284462 0.3123795102182456 0.4375247856445032 0.3133269275417416 0.4381084280523223 0.3428273983369656
0 0.4149354860460406 0.3778348407541936 0.40936927465982365 0.34368319426822574 0.38590682987715574 0.35048147016662 0.39147304126337273 0.384633116652588
0 0.5743250262448257 0.23467380324135514 0.568996224150341 0.20979842027412532 0.5387704054753301 0.22130948144028406 0.5440992075698149 0.2461848644075139
0 0.4951923076923077 0.23589743589743598 0.4798076923076923 0.23589743589743598 0.4798076923076923 0.25782435897435907 0.4951923076923077 0.25782435897435907
0 0.45528846153846153 0.17756410256410263 0.43827836538461545 0.15488397435897444 0.4180860576923078 0.18180705128205138 0.43509615384615385 0.20448717948717957
0 0.5491488020176545 0.15479192938209332 0.5341957755359393 0.13086708701134933 0.508186948297604 0.15976578394283306 0.5231399747793191 0.18369062631357705
0 0.5980370192307692 0.13840833333333336 0.5778846153846153 0.11153846153846154 0.5586538461538462 0.1371794871794872 0.57880625 0.164049358974359
0 0.5610192307692308 8.921551931788469e-17 0.5301730769230769 8.669714307963806e-17 0.5301730769230769 0.021794871794871887 0.5610192307692308 0.021794871794871887
0 0.45470153846153855 0.05199384615384617 0.44355519230769236 0.022270256410256376 0.4100075 0.044635384615384605 0.4211538461538462 0.0743589743589744
0 0.39342307692307693 0.10128205128205135 0.3682692307692308 0.10128205128205135 0.3682692307692308 0.13972948717948727 0.39342307692307693 0.13972948717948727
0 0.34731678736201954 0.16759421765661503 0.3436137009417616 0.1281047746161124 0.320424451067948 0.13197064254060997 0.3241275374882059 0.1714600855811126
0 0.2923336798336799 0.12456687456687458 0.2889818607068607 0.09775232155232154 0.2747644490644491 0.10091174636174635 0.2781162681912682 0.1277262993762994
0 0.275 0.18076923076923085 0.24807692307692308 0.18076923076923085 0.24807692307692308 0.20897435897435904 0.275 0.20897435897435904
0 0.1982638718091124 0.5441053881870291 0.17324743687416966 0.5414740719131306 0.1709618643131529 0.5801040848868633 0.19597829924809568 0.5827354011607618