0 0.7251432692307692 0.6483423076923078 0.6990384615384615 0.6483423076923078 0.6990384615384615 0.6751512820512822 0.7251432692307692 0.6751512820512822
0 0.6857978680273752 0.6655711004649676 0.6642653684487834 0.646455146065213 0.6537723232835728 0.6674676339935341 0.6753048228621646 0.6865835883932888
0 0.6065189546807368 0.6674820039389915 0.5793186612516583 0.6585599305220541 0.5739824536223836 0.6874812424253246 0.6011827470514622 0.696403315842262
0 0.6242233079513143 0.5980196229011363 0.5939300581311951 0.5966254275980386 0.5932481154138506 0.6229673593407932 0.6235413652339697 0.624361554643891
0 0.6833524998999033 0.5910940188366094 0.6827643263705027 0.5648080091044817 0.6541769507156076 0.5659451979018918 0.6547651242450082 0.5922312076340194
0 0.7450628983259394 0.5293557559221419 0.737490964931693 0.505053356215711 0.7064056896526574 0.5222716382178891 0.7139776230469038 0.54657403792432
0 0.6684827621335733 0.5097894328751849 0.6669661615291229 0.48722667300547007 0.6420658532765103 0.4902021815388014 0.6435824538809607 0.5127649414085163
0 0.5317268491124261 0.6662428007889546 0.5175005177514792 0.637790138067061 0.4929482248520709 0.6596143984220906 0.5071745562130178 0.6880670611439841
0 0.49615384615384617 0.7935897435897435 0.476923076923077 0.7935897435897435 0.476923076923077 0.8217948717948718 0.49615384615384617 0.8217948717948718
0 0.46269230769230774 0.7492307692307693 0.4547084615384615 0.7279405128205128 0.42663153846153845 0.7466584615384615 0.4346153846153846 0.767948717948718
0 0.4773556893609841 0.6605566277634087 0.4603748783277132 0.6383421653516201 0.43749233419045636 0.6694381564428642 0.4544731452237273 0.6916526188546529
0 0.3957720164810316 0.7182435447297195 0.39219309489698584 0.6866558228382693 0.36372397227372166 0.6923901891656746 0.36730289385776743 0.7239779110571248
0 0.42933331600831603 0.6567293485793486 0.4252272869022869 0.6238811157311158 0.40184849272349277 0.6290764033264034 0.40595452182952185 0.6619246361746363
0 0.48846153846153845 0.5756410256410258 0.4620461538461539 0.5756410256410258 0.46204615384615394 0.5995371794871797 0.4884615384615385 0.5995371794871797
0 0.2935080440556975 0.6617722625624157 0.29317304295295094 0.62907258158925 0.2662024610640598 0.6295637953343578 0.26653746216680646 0.6622634763075235
0 0.3852157402594795 0.5869675311007531 0.3631838569618206 0.5844077881379091 0.36151998527055185 0.6098674464492153 0.3835518685682107 0.6124271894120593
0 0.3129637618032608 0.5668056062862051 0.3114337303548489 0.5451986610463293 0.29827109796517004 0.5468556789913784 0.29980112941358195 0.5684626242312542
0 0.46311860734678595 0.5305464455837722 0.46061991956900705 0.5065710126789036 0.43087830759035123 0.5120814683292452 0.4333769953681301 0.5360569012341138
0 0.7854526545095237 0.416718451265499 0.7840288839363224 0.3882888623026756 0.7510342509653384 0.39122644571247966 0.7524580215385398 0.41965603467530305
0 0.7045149164253259 0.4351430860501527 0.6877653354301129 0.4132178146126504 0.6652688098890078 0.4437706760739668 0.6820183908842208 0.46569594751146914
0 0.40485970402675847 0.4746800914471233 0.3913943284453076 0.4746039190495477 0.39128272297938244 0.5096777968076465 0.4047480985608333 0.5097539692052221
0 0.7895782916408135 0.29206083725480136 0.7678977766920992 0.2818086489597063 0.7588138772601037 0.31595960058689876 0.780494392208818 0.3262117888819938
0 0.6928917619542619 0.3803135828135829 0.6892671517671517 0.35131670131670123 0.663539501039501 0.357033957033957 0.6671641112266112 0.38603083853083864
0 0.6452114298367041 0.42427110791310146 0.6438048074072619 0.40049110481857747 0.616261980697044 0.4033874586381636 0.6176686031264862 0.4271674617326876
0 0.36902854443144445 0.42052801953345864 0.3536967204807535 0.40875335350246006 0.3388043255552386 0.44322700156476647 0.35413614950592953 0.45500166759576505
0 0.4902923076923077 0.44091666666666685 0.4625 0.44091666666666685 0.4625 0.4698602564102565 0.4902923076923077 0.4698602564102565
0 0.546052579107674 0.4205436715218321 0.5374890067703263 0.40306384433131254 0.5196501232300279 0.4186006945606094 0.5282136955673756 0.43608052175112905
0 0.5880994899450729 0.38880239093333746 0.5871001772694883 0.36686320867899114 0.5668075279088822 0.36850643425025154 0.5678068405844668 0.3904456165045978
0 0.7180217833510135 0.3043453312714772 0.7076724678446619 0.26976898563867086 0.6677074164785792 0.29103520967428953 0.6780567319849309 0.3256115553070959
0 0.6062748939784685 0.30458254902303067 0.593344812084916 0.2871911303626602 0.5747961618804894 0.3117074937579122 0.587726243774042 0.3290989124182826
0 0.3969457018973098 0.3772182418674141 0.39489932112024784 0.3565763375864123 0.37574895544586073 0.35995147323550836 0.3777953362229226 0.38059337751651023
0 0.3517863265538386 0.31240558574245586 0.31796440724751596 0.30340828519523094 0.3123040839993017 0.3412355315429716 0.34612600330562443 0.35023283209019657
0 0.4728779840848805 0.3032272325375774 0.43839522546419096 0.2848364279398763 0.42844827586206896 0.31799292661361633 0.4629310344827586 0.3363837312113175
0 0.5281085353003161 0.31703547593958553 0.5197708113804005 0.2873902353354409 0.4999604847207586 0.2972953986652618 0.5082982086406743 0.3269406392694064
0 0.7759615384615385 0.1756410256410258 0.7567307692307692 0.1756410256410258 0.7567307692307692 0.2025641025641027 0.7759615384615385 0.2025641025641027
0 0.7013394024516827 0.2438155856372288 0.6962492595079744 0.22346057230404912 0.6691343319450073 0.23551494206715984 0.6742244748887155 0.2558699554003395
0 0.7272356106557283 0.1257170384626866 0.7179701769543118 0.10031905259958639 0.6888069340263981 0.11923289493326997 0.6980723677278146 0.14463088079637018
0 0.6464834331139726 0.18167849819933896 0.6380558964142864 0.16584843646045344 0.6157174982125363 0.18699050835578324 0.6241450349122225 0.20282057009466875
0 0.5692307692307692 0.24615384615384625 0.5490384615384616 0.21923076923076934 0.5245192307692308 0.25192307692307697 0.5447115384615384 0.2788461538461539
0 0.48907069462550457 0.23829812357499075 0.4536767886712582 0.23379722452119095 0.4508595230836978 0.27318255405937286 0.4862534290379441 0.2776834531131727
0 0.6100961538461539 0.09807692307692314 0.6024038461538461 0.08782051282051281 0.5900447115384616 0.10429935897435898 0.5977370192307693 0.1145557692307693
0 0.39823737208500437 0.209976853132522 0.38877477703982244 0.20760921236577384 0.38634530335931994 0.22487093433672947 0.3958078984045018 0.22723857510347767