0 0.4596740150093809 0.7955753595997498 0.45688320825515943 0.7620856785490931 0.42575046904315195 0.7666979362101313 0.42854127579737333 0.800187617260788
0 0.5443157143837699 0.771500648227931 0.5409098609916551 0.7432505464483737 0.5120984544505697 0.7494257014951858 0.5155043078426846 0.7776758032747431
0 0.49615384615384617 0.6679487179487179 0.46897596153846166 0.6679487179487179 0.46897596153846166 0.7025641025641025 0.49615384615384617 0.7025641025641025
0 0.40000000000000013 0.8 0.3730769230769232 0.8 0.3730769230769232 0.8243589743589743 0.40000000000000013 0.8243589743589743
0 0.3625000000000001 0.7378897435897436 0.3403846153846155 0.7378897435897436 0.3403846153846155 0.7717948717948718 0.3625000000000001 0.7717948717948718
0 0.3992209432902863 0.7038742279618192 0.38947922515440764 0.6681545947969307 0.35713082537900054 0.6838386674153099 0.3668725435148792 0.7195583005801983
0 0.4402853448275863 0.6804383289124669 0.43255968169761283 0.654686118479222 0.41332891246684345 0.6649425287356324 0.42105457559681697 0.6906947391688772
0 0.6096153846153847 0.6974358974358974 0.5807692307692308 0.6974358974358974 0.5807692307692308 0.7346153846153847 0.6096153846153847 0.7346153846153847
0 0.5605769230769232 0.6256410256410257 0.5451923076923076 0.6051282051282051 0.5336538461538461 0.6205128205128206 0.5490384615384617 0.6410256410256412
0 0.609381911134956 0.49290255772366554 0.59431735892775 0.4883017291883894 0.588667166683218 0.5211915022256213 0.6037317188904239 0.5257923307608975
0 0.5852810650887573 0.4122287968441814 0.570784023668639 0.38323471400394477 0.5514792899408284 0.4003944773175542 0.5659763313609467 0.4293885601577908
0 0.5313203003457216 0.4194989484298474 0.5016799913569576 0.4103788533563815 0.49534356093344856 0.4469893402477673 0.5249838699222126 0.4561094353212331
0 0.5096153846153846 0.4756410256410258 0.4855769230769231 0.4756410256410258 0.4855769230769231 0.5102564102564104 0.5096153846153846 0.5102564102564104
0 0.4571205821205822 0.5212404712404713 0.43419958419958427 0.5161469161469163 0.4309833160083161 0.5418770616770617 0.453904313929314 0.5469706167706169
0 0.43653846153846154 0.4564102564102564 0.40663461538461537 0.4564102564102564 0.40663461538461537 0.48717948717948717 0.43653846153846154 0.48717948717948717
0 0.4115384615384615 0.5743589743589743 0.3875 0.5743589743589743 0.38750000000000007 0.6 0.4115384615384616 0.6
0 0.3587426035502958 0.6291518737672585 0.3563905325443787 0.6040631163708087 0.33142011834319524 0.6082248520710059 0.3337721893491124 0.6333136094674557
0 0.37984468847755226 0.5049389064138394 0.3528743161247581 0.49890443954038327 0.3489762053095482 0.5298771839768818 0.3759465776623423 0.5359116508503379
0 0.3180995475113122 0.5811463046757165 0.31142533936651584 0.5455505279034691 0.2865384615384615 0.5538461538461539 0.29321266968325793 0.5894419306184012
0 0.3071415611971582 0.6945553858107792 0.2993342766065335 0.6740434818957002 0.2767556270720969 0.6893215862755548 0.2845629116627216 0.7098334901906339
0 0.29023270085337227 0.7608269686659277 0.2628834387316957 0.7478009543874974 0.2550943150385376 0.776874643190897 0.2824435771602143 0.7899006574693274
0 0.1913461538461539 0.7243589743589743 0.1615384615384616 0.7243589743589743 0.1615384615384616 0.7589743589743589 0.1913461538461539 0.7589743589743589
0 0.1586538461538462 0.5410256410256412 0.13901826923076924 0.5148448717948719 0.11865624999999998 0.5419942307692309 0.13829182692307695 0.5681750000000002
0 0.2676923076923077 0.48435897435897435 0.2575 0.45717948717948714 0.2348076923076923 0.47230769230769226 0.245 0.4994871794871795
0 0.3275597713097713 0.4506063756063757 0.30136434511434523 0.42565835065835084 0.2872661122661123 0.45197505197505217 0.31346153846153846 0.47692307692307706
0 0.4797769230769231 0.385671794871795 0.4755 0.3543076923076924 0.4437680461538461 0.3620002871794873 0.4480449692307692 0.39336438974358984
0 0.5586538461538462 0.2923076923076924 0.5317307692307692 0.2923076923076924 0.5317307692307692 0.32062179487179493 0.5586538461538462 0.32062179487179493
0 0.4356300243530638 0.288893163314357 0.4180345008696887 0.2672941385967062 0.40114311364604105 0.29175720204584954 0.41873863712941617 0.31335622676350033
0 0.3721153846153846 0.3474358974358974 0.34134615384615385 0.3474358974358974 0.34134615384615385 0.3769230769230769 0.3721153846153846 0.3769230769230769
0 0.20569537819245554 0.4658615456301331 0.20480986251948619 0.43404437715656247 0.17534395970645447 0.4355022913029694 0.1762294753794238 0.46731945977654005
0 0.12540348180096153 0.47685428741898084 0.1177560797692645 0.4517957716468062 0.09496472284207158 0.4641611165311853 0.10261212487376861 0.48921963230335996
0 0.17307692307692307 0.37179487179487186 0.15313609467455622 0.3252662721893491 0.12766272189349112 0.3446745562130178 0.14760355029585798 0.3912031558185405
0 0.27997737556561086 0.3324283559577678 0.2535067873303168 0.3236048265460031 0.24864253393665162 0.34954751131221734 0.2751131221719457 0.358371040723982
0 0.22500000000000003 0.2884615384615385 0.19615384615384618 0.28846153846153844 0.1961538461538462 0.3217948717948718 0.22500000000000006 0.3217948717948718
0 0.3076923076923077 0.2705128205128206 0.28557692307692306 0.2705128205128206 0.28557692307692306 0.29358974358974366 0.3076923076923077 0.29358974358974366
0 0.5532957559681696 0.04196286472148548 0.5295822281167109 0.006392572944297151 0.5135875331564986 0.02534924845269681 0.5373010610079575 0.06091954022988513
0 0.5084957850368809 0.06594661046715847 0.480677028451001 0.052037232174218566 0.47376185458377235 0.07662451703547601 0.5015806111696522 0.09053389532841592
0 0.46788461538461534 0.11384615384615387 0.4367307692307692 0.09307692307692313 0.42661461538461537 0.1200533333333334 0.4577684615384615 0.14082256410256416
0 0.3798076923076923 0.12179487179487186 0.3555105769230769 0.12179487179487186 0.3555105769230769 0.16666666666666674 0.3798076923076923 0.16666666666666674
0 0.3153846153846154 0.08717948717948722 0.28942307692307695 0.08717948717948722 0.28942307692307695 0.11923076923076927 0.3153846153846154 0.11923076923076927
0 0.3472713097713098 0.02823977823977831 0.3079781704781705 0.019507969507969566 0.3037941787941788 0.05297990297990304 0.3430873180873181 0.06171171171171179
0 0.2652205882352941 0.036593137254901945 0.25730203619909503 -0.005639140271493222 0.23427601809954748 0.002036199095022631 0.2421945701357466 0.0442684766214178
0 0.2328894311889362 0.07356853549963736 0.20919002725411995 0.0436766854826567 0.193309981932599 0.0660594558655387 0.21700938586741522 0.09595130588251936
0 0.2654294230769231 0.14445358974358977 0.2424101923076923 0.1400689743589744 0.2397692307692308 0.16471794871794873 0.2627884615384615 0.16910256410256413
0 0.15773209549071618 0.13013262599469497 0.1236559151193634 0.1263463837312113 0.1213349602122016 0.16348166224580016 0.15541114058355437 0.16726790450928386