0 0.42980769230769234 0.015384615384615453 0.39903846153846156 0.015384615384615451 0.39903846153846156 0.06282051282051289 0.42980769230769234 0.06282051282051289
0 0.48846153846153845 0.08846153846153854 0.4548076923076923 0.08846153846153854 0.4548076923076923 0.12179487179487186 0.48846153846153845 0.12179487179487186
0 0.5834411164057182 0.07651463580667132 0.564652825051055 0.05459496255956436 0.5395166780122531 0.0928976628091673 0.5583049693669162 0.11481733605627427
0 0.6139864778656378 0.12562966587180746 0.595197638115954 0.12347914209737641 0.592978287244322 0.1579505606388726 0.6117671269940057 0.16010108441330365
0 0.7178256061257684 0.1760500445414811 0.7059960417593393 0.15236771438078434 0.6800279854080561 0.17542781714707048 0.6918575497744852 0.19911014730776724
0 0.6609615384615385 0.257948717948718 0.6460588461538461 0.24801358974358984 0.6360588461538462 0.2746802564102565 0.6509615384615385 0.2846153846153847
0 0.5985576923076923 0.23653846153846164 0.5807692307692308 0.21282051282051292 0.55625 0.2455128205128206 0.5740384615384615 0.26923076923076933
0 0.4970544522447345 0.20612124275855745 0.48050837154208415 0.190069679901503 0.4635389082084183 0.22116703089051448 0.4800849889110687 0.23721859374756896
0 0.4174208144796381 0.186500754147813 0.4110859728506788 0.15271493212669687 0.3807692307692308 0.16282051282051282 0.38710407239819006 0.19660633484162898
0 0.379549185520362 0.09956283559577679 0.36258085972850673 0.07316766214177972 0.33754524886877824 0.10177978883861231 0.3545135746606335 0.12817496229260938
0 0.3174451923076923 0.17481794871794878 0.29423076923076924 0.17481794871794878 0.29423076923076924 0.21538461538461545 0.3174451923076923 0.21538461538461545
0 0.2748261494901181 0.1934090546661627 0.26022650056687574 0.16405008400691792 0.23391368878800656 0.18731204482600805 0.24851333771124884 0.21667101548525283
0 0.2299712420606916 0.1101936250294049 0.1977240649258998 0.09729475417548818 0.1904463655610445 0.1296400846859563 0.2226935426958363 0.14253895553987303
0 0.17403846153846153 0.18846153846153846 0.13653846153846153 0.18846153846153846 0.13653846153846153 0.2230769230769231 0.17403846153846153 0.2230769230769231
0 0.1431923076923077 0.27764102564102566 0.12782053846153849 0.25031343589743593 0.10058976923076925 0.27754420512820516 0.11596153846153846 0.30487179487179494
0 0.1913461538461539 0.31538205128205127 0.16442307692307698 0.31538205128205127 0.16442307692307698 0.3629807692307692 0.1913461538461539 0.3629807692307692
0 0.30480769230769234 0.33846153846153854 0.2865384615384615 0.3141025641025642 0.2615384615384616 0.34743589743589753 0.27980769230769237 0.37179487179487186
0 0.3928846153846154 0.331025641025641 0.3818126923076923 0.3015005128205129 0.351428076923077 0.3217569230769231 0.3625 0.35128205128205126
0 0.47929864253393656 0.3062594268476621 0.4647737556561086 0.28366515837104067 0.4395927601809954 0.31244343891402715 0.4541176470588235 0.33503770739064853
0 0.7067697115384615 0.3745147435897436 0.6989423076923077 0.3432051282051281 0.6672585576923077 0.35728679487179477 0.6750859615384615 0.3885964102564103
0 0.6317307692307692 0.3500000000000002 0.6182692307692308 0.3320512820512822 0.5975961538461538 0.3596153846153848 0.6110576923076924 0.3775641025641027
0 0.5466346153846153 0.328846153846154 0.5283653846153846 0.30448717948717957 0.50625 0.33397435897435906 0.5245192307692308 0.3583333333333334
0 0.1643090192307692 0.4478239230769231 0.16052055769230766 0.41246494871794864 0.13375 0.41756410256410254 0.13753846153846153 0.452923076923077
0 0.22301429285355134 0.45566769243819094 0.20613186421726412 0.42894243303675056 0.17917368073875029 0.45921721969065254 0.1960561093750375 0.4859424790920929
0 0.12179346153846156 0.4944482051282052 0.09667076923076928 0.47769974358974365 0.08080942307692313 0.5199966666666668 0.1059321153846154 0.5367451282051282
0 0.6808023872679045 0.4738284703801946 0.6727122015915119 0.44686118479221937 0.644529177718833 0.4618921308576482 0.6526193633952255 0.4888594164456234
0 0.6071538461538462 0.480871794871795 0.5926923076923076 0.4664102564102565 0.5760769230769229 0.495948717948718 0.5905384615384615 0.5104102564102566
0 0.5259615384615385 0.44743589743589757 0.4971153846153846 0.44743589743589757 0.4971153846153846 0.47820512820512834 0.5259615384615385 0.47820512820512834
0 0.4651045977871565 0.4007749590217225 0.4497921790342129 0.3716051213973388 0.4328280118573594 0.3874365389169988 0.44814043061030306 0.41660637654138255
0 0.40865384615384615 0.4 0.3836538461538462 0.4 0.3836538461538462 0.441025641025641 0.40865384615384615 0.441025641025641
0 0.3546945701357467 0.46478129713423827 0.3508484162895928 0.44426847662141783 0.330666742081448 0.45099570135746614 0.3345128959276018 0.4715085218702866
0 0.6057692307692307 0.5474358974358976 0.5836538461538462 0.5474358974358976 0.5836538461538462 0.5727166666666668 0.6057692307692307 0.5727166666666668
0 0.5370066019844578 0.541439598080333 0.5210169011328067 0.5272320878459702 0.5066722609516421 0.5559325898621994 0.5226619618032932 0.5701401000965624
0 0.4970215759849907 0.601125703564728 0.48492026266416516 0.5809568480300188 0.46581988742964353 0.6013305816135086 0.47792120075046907 0.6214994371482178
0 0.5644230769230769 0.6320512820512822 0.5317307692307692 0.6320512820512822 0.5317307692307692 0.6692307692307692 0.5644230769230769 0.6692307692307692
0 0.43557692307692314 0.608974358974359 0.420673076923077 0.5891025641025642 0.3995192307692308 0.6173076923076924 0.41442307692307695 0.6371794871794874
0 0.22285862947646082 0.7136473207321803 0.21092357222219954 0.6881754130990022 0.1883652136963743 0.7069663313622048 0.20030027095063557 0.7324382389953829
0 0.26559020328318655 0.6873330113420997 0.24439431338115256 0.6868638773013688 0.24402571110555119 0.7164705902773244 0.2652216010075852 0.7169397243180554
0 0.1733031674208145 0.6744343891402715 0.14886877828054304 0.6662895927601811 0.14140271493212675 0.7061085972850678 0.1658371040723982 0.7142533936651584
0 0.4024038461538463 0.7070512820512822 0.3870192307692309 0.6865384615384617 0.3692307692307693 0.7102564102564104 0.3846153846153847 0.730769230769231
0 0.3168461538461538 0.8466153846153848 0.302486423076923 0.8210869743589744 0.2781787307692308 0.8453946666666666 0.2925384615384615 0.870923076923077
0 0.4408653846153846 0.7019230769230771 0.4283653846153846 0.6852564102564104 0.4105769230769231 0.7089743589743591 0.42307692307692313 0.7256410256410258
0 0.24661923076923087 0.7756410256410257 0.2115384615384616 0.7756410256410257 0.2115384615384616 0.8128205128205128 0.24661923076923087 0.8128205128205128