0 0.180263186949506 0.6315002210018715 0.17846623374202733 0.5955141776834754 0.15877627969125674 0.5972621109412461 0.16057323289873537 0.6332481542596423
0 0.21146476547824683 0.34437830583055 0.19842115792934725 0.32002380605208397 0.17218679881837756 0.34500231106233076 0.18523040636727714 0.3693568108407967
0 0.22836057547608246 0.42373336072218376 0.22311026336553264 0.3939850036045763 0.18946528950513905 0.40454149999013017 0.19471560161568888 0.43428985710773765
0 0.2802260084188189 0.4675514498710609 0.27359999747942354 0.4410388948598645 0.24521783580327897 0.4536491394055416 0.2518438467426743 0.480161694416738
0 0.2019215963047964 0.5252217698208856 0.17658114368731542 0.5236199617882482 0.17519674080630226 0.5625552925256476 0.20053719342378326 0.5641571005582852
0 0.24348537053571617 0.6390683867878575 0.22315662196744626 0.6066173683264576 0.2028833415318312 0.6291952823051237 0.22321209010010112 0.6616463007665236
0 0.2798281000733218 0.7235483726476676 0.2770971499303817 0.7042419454758753 0.2529210788380109 0.7103215461963286 0.255652028980951 0.7296279733681209
0 0.2741055476443501 0.7909046090418906 0.2481410067020612 0.7662709625561029 0.23751025597015737 0.7861911468570553 0.26347479691244624 0.8108247933428427
0 0.3213957591989314 0.7267437067531965 0.3124435878494952 0.7073446681282742 0.2905544297072317 0.7253025334681874 0.29950660105666793 0.7447015720931098
0 0.3613120413976012 0.814713700171139 0.34395757771041013 0.7882307280104406 0.33098771917059794 0.8033404747692333 0.348342182857789 0.8298234469299318
0 0.36241443286055386 0.7654231227487859 0.3588708601379211 0.729580540876528 0.33882613380590637 0.7331035978664099 0.3423697065285391 0.7689461797386677
0 0.4086381371109104 0.788340105001982 0.40703677683117234 0.7529659454738181 0.3875275437708626 0.7545360211739032 0.38912890405060063 0.7899101807020671
0 0.45516882446029855 0.8698593243647087 0.4498395433549264 0.8471485448863523 0.425604889513134 0.8572585385276152 0.43093417061850614 0.8799693180059717
0 0.4807526158338841 0.8998412048328065 0.4632280964690014 0.8802566075457476 0.4504385339738677 0.9006019325380072 0.4679630533387503 0.920186529825066
0 0.5105313854021347 0.844165625778614 0.5051548702637695 0.8083298503763228 0.48721863657067876 0.8131138682538562 0.49259515170904394 0.8489496436561476
0 0.5616445190012144 0.8425721311057228 0.5592695033010568 0.8055697163605657 0.5399290079782549 0.8077766104112177 0.5423040236784124 0.8447790251563748
0 0.6170558359981602 0.7847228236595026 0.5947505569628041 0.782681000172877 0.5926551091920884 0.8233762556407747 0.6149603882274445 0.8254180791274003
0 0.5347528860981835 0.7221842420279507 0.5179346270561247 0.7162089506871848 0.5118171853273457 0.7468193691370986 0.5286354443694044 0.7527946604778644
0 0.4703277250361187 0.7166853091439834 0.4457261062406164 0.7122693185701903 0.4425492016492835 0.7437335546960462 0.46715082044478573 0.7481495452698393
0 0.41511242850244273 0.6649592928163229 0.38972071202373804 0.6559351744720819 0.38484376432534706 0.6803308500536774 0.41023548080405176 0.6893549683979185
0 0.361704826834476 0.6613014360682614 0.3593919462308338 0.636732979860183 0.34366395948618295 0.639365222705269 0.34597684008982516 0.6639336789133475
0 0.3088614815900384 0.6127809591484548 0.28327849692908275 0.6126711609310266 0.2832243838375934 0.6350860059392176 0.3088073684985491 0.6351958041566457
0 0.6894383454376852 0.7851826156822854 0.6784596287505175 0.7485818837103727 0.6546510634334542 0.7612780472027462 0.6656297801206221 0.7978787791746588
0 0.6351965649014821 0.7013996253637098 0.6109517107912467 0.698048345663838 0.607846554586055 0.7379848294625468 0.6320914086962904 0.7413361091624188
0 0.5869222502035397 0.6971604442516515 0.5680591291801946 0.6787696392476704 0.5512627995849315 0.7093966543684077 0.5701259206082767 0.7277874593723885
0 0.5085852435810356 0.6819659378339219 0.494184058427176 0.6541052054471922 0.47829650970486204 0.6687047757585592 0.49269769485872167 0.696565508145289
0 0.45554032200926375 0.614649363916705 0.44398244033260503 0.6016093385760554 0.42832854667418535 0.6262753916217602 0.43988642835084407 0.6393154169624099
0 0.4032801944617699 0.579891057319097 0.39118370798544827 0.557520587849539 0.368470133313038 0.5793552817607435 0.38056661978935963 0.6017257512303015
0 0.7467260860007245 0.6544652858135095 0.7223196479052808 0.627323603072559 0.7060286812922002 0.6533666599670511 0.730435119387644 0.6805083427080016
0 0.7137496456962984 0.7366572262696441 0.7124233889638824 0.7090077121179291 0.6824806585978354 0.711561054004966 0.6838069153302513 0.7392105681566811
0 0.6821743020883019 0.6164469009433764 0.6777148504819315 0.5848002647322623 0.6542743212993911 0.5906724369738124 0.6587337729057614 0.6223190731849264
0 0.6212714841219764 0.5668710326766658 0.5991164432281458 0.5487275539479803 0.5901348102750309 0.5682253162846698 0.6122898511688615 0.5863687950133554
0 0.572814000806038 0.5278972506748187 0.568341382428865 0.5053216588208106 0.5435632164380282 0.5140487463195516 0.5480358348152011 0.5366243381735597
0 0.743792067315409 0.5555368550050065 0.7158916123921942 0.554727384383647 0.7155384996379469 0.5763645849555847 0.7434389545611617 0.5771740555769442
0 0.6499025402792088 0.5214575317744805 0.6489479862547913 0.4997215411768137 0.6238319550788531 0.5016824146080555 0.6247865091032706 0.5234184052057224
0 0.7928675903728416 0.5054596039059799 0.7846403344577082 0.4786558542993678 0.7495900059643785 0.49778206871381864 0.7578172618795118 0.5245858183204307
0 0.718350544117647 0.48510123529411736 0.701685102941176 0.47176888235294134 0.6890481102941177 0.4998510882352947 0.7057135514705887 0.5131834411764707
0 0.5912155281281551 0.4590824446194912 0.5673724341291845 0.4527603230958608 0.5643308464808745 0.4731531569279007 0.588173940479845 0.4794752784515312
0 0.5184510044472864 0.4515928406814743 0.49232368984878183 0.44895597519855995 0.4909861283986558 0.4725172083057147 0.5171134429971604 0.47515407378862906
0 0.44676902019611187 0.49603341996428024 0.44344256801357174 0.4635657641213232 0.4207141950928645 0.46770553371976736 0.4240406472754046 0.5001731895627243
0 0.367616542399995 0.520353037667389 0.36531847198783063 0.489567224423262 0.34614213197905175 0.49211203754442684 0.3484402023912161 0.5228978507885539
0 0.34067161090396253 0.45758454375613306 0.3323836896827126 0.4369631640098943 0.31024186635412565 0.45278361096137093 0.3185297875753757 0.4734049907076097
0 0.4043867657013565 0.4029700443103163 0.38484135165949956 0.3899383388971521 0.37458456930217177 0.41728675847066704 0.3941299833440287 0.43031846388383127
0 0.34952790442778237 0.40598997667144965 0.33934865895873206 0.3719172424714957 0.3172217531674791 0.3836691066100273 0.32740099863652944 0.4177418408099813
0 0.29818599708142235 0.3703293514339162 0.2935559713141764 0.35181602731920286 0.27155496809420065 0.3615978314279088 0.27618499386144657 0.38011115554262215
0 0.3304278003858706 0.3286741770343391 0.32725374587715045 0.3073892557201022 0.2992217950048127 0.314820698330243 0.3023958495135328 0.33610561964448
0 0.27059698298180784 0.3150894796693644 0.2675353956945056 0.2840630986087358 0.24224771417038013 0.28849920558225034 0.24530930145768237 0.31952558664287894
0 0.3261634777307538 0.26081587557514424 0.3113288642032427 0.23705549661605957 0.2872287284319551 0.2638052532961559 0.3020633419594662 0.28756563225524057
0 0.4149328088223873 0.25505416195949476 0.4087571383105954 0.23582509924840564 0.38649834107018033 0.24853391747478185 0.39267401158197224 0.2677629801858709
0 0.41422769889078637 0.340733825964811 0.4120199782351174 0.3093789036085406 0.3878397379055818 0.31240565309604373 0.3900474585612508 0.34376057545231414
0 0.4610796174689573 0.28893387606334286 0.4410022415808135 0.2739343345603748 0.4330085986726765 0.2929561157973255 0.4530859745608202 0.30795565730029356
0 0.505826969214751 0.25906688591100696 0.48723967892353326 0.2492117426148942 0.47820702245090946 0.2794980346059747 0.4967943127421273 0.2893531779020875
0 0.4941702715784448 0.22094592462844298 0.4894153097040374 0.1935590916769322 0.45862581210741304 0.20306262937823516 0.4633807739818205 0.23044946232974595
0 0.49010020578890373 0.3900664859879168 0.48909949048147255 0.3406283700360897 0.4596358909980005 0.34168862888733664 0.4606366063054317 0.3911267448391637
0 0.551 0.3925000000000002 0.523788 0.3925000000000002 0.523788 0.42378200000000016 0.551 0.42378200000000016
0 0.55106349363873 0.3057932782880383 0.5491665006567706 0.2866477792095369 0.5247233657214412 0.2909533765363175 0.5266203587034006 0.3100988756148189
0 0.5975337788200434 0.33485628742226425 0.5739212018135642 0.3250071911307915 0.5696803165695307 0.34308230316803956 0.5932928935760099 0.3529313994595123
0 0.6608817527811499 0.4070711894378022 0.6543011259729747 0.38692065016122434 0.6260534190907965 0.4033205524391662 0.6326340458989715 0.42347109171574404
0 0.7153796338718446 0.376612969827514 0.6982608847358801 0.3583992225778731 0.6815103751467084 0.38638763205306587 0.6986291242826729 0.4046013793027069
0 0.6655841325964328 0.3555765021998834 0.6630730024820192 0.33039765734475507 0.6336784837067634 0.33560933134912513 0.636189613821177 0.3607881762042535
0 0.6499495060871253 0.2786602353642825 0.6333599417054431 0.2691753958558227 0.6221439478397499 0.304050878927473 0.6387335122214322 0.31353571843593286
0 0.6103040165408622 0.27206470213388967 0.603014082758296 0.2532679563321647 0.5769057253389172 0.27126901046416985 0.5841956591214834 0.2900657562658948
0 0.5979194300960402 0.2020584960620724 0.5828080911885838 0.18495893609347572 0.557765928304705 0.22430192228170936 0.5728772672121614 0.24140148225030608
0 0.5577094231906089 0.1977442667992617 0.5454389375543759 0.17987000643202108 0.5238318594586581 0.20623982771242286 0.5361023450948912 0.22411408807966346
0 0.5782352620564721 0.15046903985346236 0.5755704106141233 0.12909514094635405 0.5496964263021217 0.13483009623200398 0.5523612777444704 0.1562039951391123
0 0.6769845752532289 0.2182245392472436 0.6640563927144969 0.1958405388273772 0.6401386532044676 0.22039878650424635 0.6530668357431996 0.24278278692411276
0 0.6741122150492374 0.12696571623556055 0.6628672350628361 0.10731597230579144 0.6356640601045846 0.13499168793992067 0.6469090400909858 0.15464143186968976
0 0.7250307607677019 0.2531394800616827 0.7058470279196698 0.2463038174602414 0.699056718075229 0.28018195792737205 0.718240450923261 0.2870176205288133
0 0.771338819908952 0.30771740027113076 0.7651012435233225 0.2882024294152246 0.740439646146577 0.3022159303379478 0.7466772225322064 0.321730901193854
0 0.40769836294801354 0.06888443219547834 0.40048337274112894 0.0496497790996914 0.3759803257077806 0.06598966256167212 0.3831953159146652 0.08522431565745905
0 0.2678016699892077 0.11157840659298471 0.24878179153966318 0.10309892910239352 0.2430291416723469 0.12603843506145496 0.26204902012189135 0.13451791255204615
0 0.2599287295167992 0.24912785342467014 0.2581747476503003 0.23175849847049243 0.2307022426634593 0.2366904311839244 0.23245622452995812 0.2540597861381021