0 0.3682692307692309 0.841025641025641 0.3451923076923078 0.841025641025641 0.3451923076923078 0.8769230769230769 0.3682692307692309 0.8769230769230769
0 0.4298076923076924 0.7935897435897435 0.3990384615384617 0.7935897435897435 0.3990384615384617 0.8269230769230769 0.4298076923076924 0.8269230769230769
0 0.3631957013574662 0.7802488687782807 0.3386368778280544 0.7777300150829566 0.33624434389140284 0.8192006033182507 0.3608031674208146 0.8217194570135748
0 0.2853846153846154 0.8171794871794872 0.2749038461538461 0.7752564102564101 0.25249615384615387 0.7852153846153844 0.2629769230769231 0.8271384615384614
0 0.25576923076923086 0.6692307692307692 0.22307692307692314 0.6692307692307692 0.22307692307692314 0.708974358974359 0.25576923076923086 0.708974358974359
0 0.3423076923076924 0.6756410256410257 0.3192307692307693 0.6756410256410257 0.3192307692307693 0.7115384615384616 0.3423076923076924 0.7115384615384616
0 0.40865384615384626 0.6897435897435897 0.3836538461538463 0.6897435897435897 0.3836538461538463 0.7333333333333333 0.40865384615384626 0.7333333333333333
0 0.5010180995475113 0.7926093514328809 0.4952488687782805 0.7618401206636501 0.46606334841628966 0.7715686274509804 0.4718325791855204 0.8023378582202112
0 0.5588351197982346 0.7896490121899957 0.5269309583858766 0.78578184110971 0.5248660151324087 0.8160676754939052 0.5567701765447668 0.8199348465741909
0 0.5634615384615385 0.7243589743589743 0.5278846153846154 0.7243589743589743 0.5278846153846154 0.7539115384615385 0.5634615384615385 0.7539115384615385
0 0.5192307692307693 0.8423076923076923 0.4932692307692308 0.8423076923076923 0.4932692307692308 0.8756410256410256 0.5192307692307693 0.8756410256410256
0 0.6129702516122877 0.7681522428916134 0.5847049992219083 0.7586203978358174 0.5800730780699661 0.7830386472155396 0.6083383304603455 0.7925704922713358
0 0.6211538461538462 0.7230769230769231 0.5961538461538461 0.7230769230769231 0.5961538461538461 0.7507282051282052 0.6211538461538462 0.7507282051282052
0 0.6850066312997348 0.6898938992042443 0.6496750663129975 0.6859681697612734 0.6473872679045094 0.7225729442970824 0.6827188328912468 0.7264986737400533
0 0.7210650887573965 0.6394082840236688 0.6998816568047337 0.6358777120315583 0.6964644970414201 0.6723274161735702 0.7176479289940829 0.6758579881656805
0 0.6339858927563085 0.649034872027413 0.6058074978293542 0.6346751260193423 0.5986755864784514 0.6595552707754551 0.6268539814054057 0.6739150167835257
0 0.5841346153846155 0.6660256410256412 0.5625000000000001 0.6371794871794874 0.5466346153846153 0.6583333333333337 0.5682692307692307 0.6871794871794875
0 0.4903846153846155 0.6692307692307692 0.4653846153846155 0.6692307692307692 0.4653846153846155 0.6974358974358974 0.4903846153846155 0.6974358974358974
0 0.4525287462697823 0.6418032917699198 0.43594651978322263 0.6164366145024067 0.4200597424166821 0.63489920094772 0.43664196890324175 0.6602658782152331
0 0.49919068111654247 0.6061793679621374 0.4750501926051085 0.5858822745360318 0.46525993453351594 0.606582916635284 0.4894004230449499 0.6268800100613896
0 0.6432692307692308 0.5961538461538463 0.6153846153846154 0.5961538461538463 0.6153846153846154 0.6243589743589745 0.6432692307692308 0.6243589743589745
0 0.6259615384615385 0.5435897435897438 0.5951923076923077 0.5435897435897438 0.5951923076923077 0.5743589743589745 0.6259615384615385 0.5743589743589745
0 0.6913461538461538 0.48717948717948734 0.6653846153846154 0.48717948717948734 0.6653846153846154 0.5230769230769232 0.6913461538461538 0.5230769230769232
0 0.7663461538461539 0.47820512820512834 0.7408653846153845 0.4442307692307692 0.7206730769230768 0.4711538461538462 0.7461538461538462 0.5051282051282053
0 0.6352742307692307 0.4799620512820512 0.6255769230769231 0.4541025641025641 0.5978846153846153 0.4725641025641026 0.607581923076923 0.49842358974358975
0 0.565126923076923 0.45641025641025657 0.5346153846153846 0.45641025641025657 0.5346153846153846 0.48589743589743606 0.565126923076923 0.48589743589743606
0 0.5527188328912467 0.5488063660477456 0.5238229442970823 0.532294429708223 0.5158766744031832 0.5570161582670204 0.5447725629973476 0.573528094606543
0 0.4307692307692308 0.5435897435897435 0.4072115384615385 0.5121794871794872 0.37596153846153846 0.553846153846154 0.39951923076923074 0.5852564102564103
0 0.3946732471068754 0.6306444293169958 0.3760891763104153 0.6089630133877922 0.35887508509189925 0.6351940095302928 0.3774591558883594 0.6568754254594964
0 0.32403846153846166 0.6111179487179488 0.2932692307692309 0.6111179487179488 0.2932692307692309 0.6435897435897436 0.32403846153846166 0.6435897435897436
0 0.2443348374306615 0.6274273734809858 0.2422029248001327 0.5961172720077749 0.210228202332594 0.5999877908345373 0.21236011496312285 0.6312978923077484
0 0.1969317199654279 0.6211610486891387 0.17229904926534145 0.6006338231057333 0.1598206568712187 0.6272543935465285 0.18445332757130517 0.6477816191299338
0 0.11566742081447969 0.5566365007541477 0.08992915723981909 0.5360458898944193 0.07372440610859735 0.572056447963801 0.09946266968325794 0.5926470588235294
0 0.20576923076923082 0.5346153846153846 0.1692307692307693 0.5346153846153846 0.1692307692307693 0.5717948717948718 0.20576923076923082 0.5717948717948718
0 0.20790269792186564 0.4934373632845903 0.18722977335357052 0.4574291612036748 0.16434104409264336 0.4807906027583014 0.18501396866093847 0.5167988048392169
0 0.11319711538461544 0.48132179487179483 0.08076923076923083 0.48132179487179483 0.08076923076923083 0.5166666666666667 0.11319711538461544 0.5166666666666667
0 0.1414522546419098 0.4440053050397879 0.13902314323607426 0.4051395225464191 0.09557057029177721 0.4099675862068966 0.09799968169761274 0.44883336870026536
0 0.19835798816568045 0.3824852071005917 0.1947009467455621 0.34347676528599597 0.15907964497041416 0.34941364891518734 0.16273668639053251 0.388422090729783
0 0.26384615384615384 0.3394871794871796 0.24015384615384616 0.3157948717948719 0.22665384615384618 0.3397948717948719 0.2503461538461539 0.3634871794871796
0 0.3336538461538462 0.3692307692307693 0.31829471153846156 0.3487519230769231 0.2966139423076923 0.3776596153846154 0.31197307692307696 0.3981384615384616
0 0.39773693326507603 0.3858203149452996 0.3788491004674618 0.35474767784541644 0.359814257349075 0.37531751206926806 0.3787020901466892 0.4063901491691513
0 0.34134615384615385 0.4948717948717949 0.31634615384615383 0.4948717948717949 0.31634615384615383 0.5294871794871795 0.34134615384615385 0.5294871794871795
0 0.3742755532139094 0.43249034070951886 0.3458245521601686 0.4182648401826485 0.3377634351949421 0.4469265893923429 0.36621443624868283 0.4611520899192133
0 0.4375234521575985 0.39202626641651034 0.4191604127579738 0.38930581613508447 0.41599437148217644 0.4272983114446529 0.43435741088180113 0.43001876172607884
0 0.49191568047337286 0.4509763313609467 0.47363905325443795 0.4196449704142012 0.45440088757396463 0.43959566074950684 0.47267751479289954 0.4709270216962524
0 0.5990384615384615 0.40000000000000013 0.5679115384615385 0.40000000000000013 0.5679115384615385 0.4295743589743591 0.5990384615384615 0.4295743589743591
0 0.5620192307692309 0.3775641025641027 0.5452528846153847 0.35520897435897447 0.5202528846153847 0.3885423076923079 0.5370192307692307 0.4108974358974361
0 0.49423076923076925 0.3512820512820514 0.4721153846153846 0.3512820512820514 0.4721153846153846 0.39358974358974375 0.49423076923076925 0.39358974358974375
0 0.46006962924853917 0.3635509716498743 0.4543061020428868 0.31802861749618616 0.4322837070734679 0.3229854661048246 0.4380472342791203 0.36850782025851275
0 0.6932466063348415 0.4016742081447964 0.6758710407239817 0.37464555052790355 0.648587036199095 0.4058272699849171 0.6659626018099547 0.4328559276018099
0 0.614423076923077 0.3474358974358976 0.5836538461538462 0.3474358974358976 0.5836538461538462 0.3807692307692309 0.614423076923077 0.3807692307692309
0 0.6298076923076923 0.28717948717948727 0.5913778846153847 0.28717948717948727 0.5913778846153847 0.326923076923077 0.6298076923076923 0.326923076923077
0 0.7163461538461539 0.3051282051282052 0.7009615384615384 0.28461538461538477 0.6831730769230769 0.3083333333333335 0.6985576923076923 0.328846153846154
0 0.7739515125324113 0.3745916882742727 0.7562872947277441 0.3369080236243159 0.7310177182368193 0.3579660040334199 0.7486819360414866 0.3956496686833767
0 0.7583149432534678 0.27067044976881044 0.7560293190416141 0.2371479613282892 0.7300204918032787 0.24030054644808743 0.7323061160151324 0.27382303488860865
0 0.6826923076923077 0.19743589743589754 0.6509615384615385 0.1974358974358975 0.6509615384615385 0.23076923076923087 0.6826923076923077 0.23076923076923092
0 0.6432791435368757 0.14644462067142497 0.6203509119746232 0.1328575204863866 0.6059972244250594 0.17591858313507808 0.6289254559873118 0.18950568332011644
0 0.582816742081448 0.1842081447963801 0.5556561085972851 0.15316742081447968 0.5379411764705883 0.1807239819004525 0.5651018099547511 0.2117647058823529
0 0.510576923076923 0.20128205128205134 0.48365384615384616 0.20128205128205134 0.48365384615384616 0.24615384615384622 0.510576923076923 0.24615384615384622
0 0.5576923076923077 0.22307692307692314 0.5307692307692308 0.22307692307692314 0.5307692307692308 0.26410256410256416 0.5576923076923077 0.26410256410256416
0 0.5394664033527989 0.3201436638945712 0.5347335365015035 0.28551010095005636 0.5015655940898869 0.2935680240522271 0.5062984609411824 0.32820158699674196
0 0.4307692307692308 0.24487179487179495 0.40673076923076923 0.24487179487179495 0.40673076923076923 0.2923076923076924 0.4307692307692308 0.2923076923076924
0 0.47404509283819624 0.21036251105216625 0.47087533156498673 0.1596463306808135 0.44286472148541106 0.16275862068965524 0.44603448275862057 0.213474801061008
0 0.38735207100591723 0.31183431952662727 0.3798816568047338 0.26203155818540436 0.353439349112426 0.2690828402366864 0.36090976331360947 0.3188856015779093
0 0.3298076923076923 0.22179487179487187 0.3 0.22179487179487187 0.3 0.2576923076923078 0.3298076923076923 0.2576923076923078
0 0.27808685771949365 0.26076748867439187 0.25376936185598237 0.236703723751392 0.24016254290124814 0.26114868504161015 0.2644800387647594 0.28521244996461004
0 0.2298076923076923 0.2576923076923077 0.20280576923076923 0.25769230769230766 0.20280576923076926 0.30512820512820515 0.22980769230769232 0.30512820512820515
0 0.16826923076923078 0.258974358974359 0.13365384615384615 0.258974358974359 0.13365384615384618 0.30641025641025643 0.1682692307692308 0.30641025641025643
0 0.17651923076923076 0.1949487179487179 0.17246153846153842 0.15707692307692303 0.1458076923076923 0.1621538461538461 0.1498653846153846 0.200025641025641
0 0.4317372225090345 0.12654448459817602 0.40560144553433136 0.10215109275511972 0.38531879194630864 0.14078471863706774 0.4114545689210118 0.16517811048012404
0 0.35893750217074955 0.10722722719282572 0.34611505532870707 0.056393170327861536 0.31928989633431687 0.06842234731660052 0.3321123431763594 0.11925640418156472
0 0.47115384615384615 0.06538461538461546 0.4480769230769231 0.06538461538461546 0.4480769230769231 0.10897435897435905 0.47115384615384615 0.10897435897435905
0 0.5115384615384615 0.10000000000000007 0.4896528846153846 0.10000000000000007 0.4896528846153846 0.13846153846153852 0.5115384615384615 0.13846153846153852
0 0.5610326811916406 0.05779605750704017 0.5545853712761226 0.0019193715725507787 0.524744330813695 0.008040610641766695 0.531191640729213 0.06391729657625608
0 0.28173076923076923 0.1525641025641026 0.24615384615384617 0.1525641025641026 0.24615384615384617 0.1987179487179488 0.28173076923076923 0.1987179487179488