0 0.24515641608157682 0.4548100235677176 0.24001491015920617 0.41821018027292184 0.21801667938283265 0.4237040245027951 0.2231581853052033 0.4603038677975909
0 0.2065105387241117 0.3742040068395078 0.18856414058725243 0.3605318305802022 0.1732871505681797 0.3961814516325119 0.191233548705039 0.40985362789181756
0 0.21157500412527885 0.285950071441654 0.1994061601130336 0.24460163782886074 0.18013526116607295 0.2546841721579107 0.19230410517831828 0.296032605770704
0 0.28186825187580744 0.3340637613218196 0.26906539042776695 0.3135778514541025 0.24751879979017613 0.33751695161433815 0.26032166123821665 0.35800286148205523
0 0.7943780376043854 0.6040379723272367 0.7873489238449769 0.5643268866886979 0.7706010377530501 0.5695970768211097 0.7776301515124587 0.6093081624596485
0 0.7692147168009136 0.5252428610000596 0.7633158947161119 0.48573862825032343 0.7451284046911005 0.49056667990100467 0.7510272267759021 0.5300709126507408
0 0.8437626188465399 0.49842323497454954 0.8184265893396757 0.47759624812139445 0.8076979839917773 0.500798645287117 0.8330340134986416 0.5216256321402721
0 0.8314601524659656 0.4163842100576524 0.8228411494428565 0.3732646393779372 0.8016476359188023 0.38079581958238445 0.8102666389419114 0.4239153902620997
0 0.7461085960408518 0.43412461171324546 0.7322173925606432 0.4007799443889398 0.7151453976891958 0.4134236748483253 0.7290366011694044 0.44676834217263095
0 0.6784999057445285 0.4366622239692419 0.6770712321474764 0.3945396694876186 0.6558404700762803 0.39581982100273655 0.6572691436733323 0.4379423754843599
0 0.6165 0.4132180000000001 0.592606 0.4132180000000001 0.592606 0.4532180000000002 0.6165 0.4532180000000002
0 0.532778265560166 0.4347473278008298 0.5251193692946058 0.39645284647302903 0.5062460705394192 0.40316335269709547 0.5139049668049794 0.44145783402489625
0 0.47293748685219883 0.3943254024552037 0.45224528190856106 0.39094227646260793 0.4487438210758836 0.42901512273184805 0.4694360260195214 0.43239824872444377
0 0.3943807334682817 0.4088124504909589 0.39129402602518537 0.37835308468742457 0.36754569171934687 0.38263152265539596 0.3706323991624432 0.41309088845893027
0 0.36420492504896096 0.3266242202513025 0.34899658323216953 0.3141398614354745 0.33376155345311725 0.3471339703235148 0.3489698952699087 0.3596183291393428
0 0.33225881036320265 0.268676201504261 0.30517436181641766 0.2666082563834879 0.30380071512450435 0.29859231009714754 0.3308851636712894 0.30066025521792067
0 0.7710903043638259 0.3870766195141431 0.7699717698043962 0.34843280400604537 0.7527530169125646 0.34931883430560434 0.7538715514719941 0.3879626498137021
0 0.803558 0.28635900000000014 0.779058 0.28635900000000014 0.779058 0.31217900000000015 0.803558 0.31217900000000015
0 0.7490073864032638 0.2802629327111106 0.7454540519051517 0.24449784852359205 0.7266477925281315 0.24781952044619518 0.7302011270262437 0.2835846046337137
0 0.7323052334616657 0.32424406961603897 0.7232367350636397 0.3020536119726557 0.6997243899623703 0.31913576241257885 0.7087928883603962 0.34132622005596214
0 0.6819899624644222 0.3399020847031874 0.6655507750194503 0.3250289702682939 0.6496123019017547 0.3563475901328414 0.6660514893467266 0.3712207045677348
0 0.6292150586206442 0.3447273277401667 0.6232840685176678 0.3049116547067635 0.6059749982524627 0.3094954409000839 0.6119059883554391 0.34931111393348707
0 0.5578608794518399 0.35411344158706043 0.5459065254466869 0.315542598043589 0.5255321221181662 0.32676870945173453 0.5374864761233192 0.365339552995206
0 0.5110147507324806 0.30122719533415404 0.49196232822790814 0.2996371643117662 0.49015754285897284 0.33808285263957455 0.5092099653635452 0.33967288366196235
0 0.462981 0.29888500000000007 0.443452 0.29888500000000007 0.443452 0.3372820000000001 0.462981 0.3372820000000002
0 0.41127525322778713 0.285789007933132 0.39214975482023995 0.26821321878494203 0.38020112355598473 0.291328200805831 0.3993266219635319 0.30890398995402096
0 0.6994264396529715 0.2265820735712012 0.6891097380027071 0.19912106293878787 0.6605203799045093 0.21821547246004808 0.6708370815547738 0.24567648309246143
0 0.6246614213370831 0.16149524852529706 0.60016482327348 0.14844362494241609 0.5923144143176606 0.17463817789226838 0.6168110123812638 0.18768980147514935
0 0.5728533307750344 0.19921214121826486 0.5483337636748138 0.17910048771754744 0.5380216455194571 0.20145114884458679 0.5625412126196778 0.22156280234530423
0 0.5275536301504593 0.24275539171620059 0.5141438847597878 0.2068667611671273 0.4975692269148381 0.21787671988232446 0.5109789723055096 0.25376535043139775
0 0.46527928654456124 0.22172407180283019 0.4441570298616667 0.2071630584901538 0.437616485892512 0.22403014451203399 0.45873874257540653 0.23859115782471035
0 0.48334114101487063 0.18477318551095342 0.4805408537681501 0.1471806501139391 0.45934458244985893 0.14998762100140847 0.4621448696965795 0.18758015639842276
0 0.4812447665879655 0.059417110546618225 0.45413148757722976 0.05605712802776799 0.4523055001707405 0.08225224104502835 0.4794187791814763 0.08561222356387857
0 0.6200465837268307 0.07936219085775578 0.6094955044936555 0.039360245756109635 0.5912092038697065 0.047934949090034706 0.6017602831028818 0.08793689419168085
0 0.5702287164887198 0.11133400637751245 0.5691545266652871 0.06751543189176726 0.5484802308963618 0.06841644474638939 0.5495544207197944 0.11223501923213458
0 0.676048 0.0807690000000001 0.642067 0.0807690000000001 0.642067 0.11870500000000012 0.676048 0.11870500000000012
0 0.7676123006755077 0.13245621032521285 0.7564338660139039 0.10828808081753986 0.7311518998902252 0.12907673005197504 0.742330334551829 0.153244859559648
0 0.4657428156109309 0.7905761774597323 0.4378469660248484 0.7746063491647084 0.4294711179913591 0.8006166639582378 0.45736696757744155 0.8165864922532617
0 0.4130783728210343 0.8222041257989541 0.3977206533265543 0.8105603646135968 0.3842539994915748 0.8421373460197561 0.39961171898605474 0.8537811072051135
0 0.3758616656170302 0.8222097394018364 0.36284504176761945 0.7971525166678646 0.34733748925642366 0.8114739391003 0.36035411310583443 0.8365311618342718
0 0.31142710342128055 0.7656274791186267 0.289827719178152 0.7644189749829042 0.28851655923805525 0.8060796569056137 0.3101159434811838 0.8072881610413362
0 0.5177857535284025 0.78057379777968 0.5160736978488315 0.7463623301740496 0.4959831634282639 0.7481497029647874 0.49769521910783493 0.7823611705704178
0 0.6174945854707644 0.7823560999461942 0.5968905618993433 0.7493766158126538 0.5820066923205858 0.7659077065230911 0.6026107158920069 0.7988871906566315
0 0.6815793783202565 0.8412415202785342 0.668072845837715 0.8154184865127986 0.6389348098355152 0.8425125630345729 0.6524413423180568 0.8683355968003085
0 0.644038 0.70391 0.614317 0.70391 0.614317 0.735077 0.644038 0.735077
0 0.5445442908055097 0.7352448982542886 0.532148410804508 0.7035677317699247 0.5164766208556778 0.7144702572819699 0.5288725008566796 0.7461474237663337
0 0.4086092859869748 0.7364378520098812 0.401985594194925 0.6918490975072986 0.37468623965304304 0.699058588883898 0.3813099314450929 0.7436473433864808
0 0.3499506584050011 0.6893868068685939 0.3209537131613073 0.672815892840771 0.3121983186271697 0.7000528745081863 0.3411952638708636 0.7166237885360093
0 0.29688483985234987 0.7132920926805123 0.2773492136311881 0.6872506925987067 0.26201905991742375 0.7076956867268098 0.2815546861385856 0.7337370868086154
0 0.22120517551814928 0.6694022925008353 0.20398635257182562 0.6571627885032313 0.19099640081305028 0.6896509139420725 0.2082152237593739 0.7018904179396764
0 0.29435547689293423 0.6421434925768486 0.2769640164759914 0.6189481534515444 0.26323552212860546 0.6372475053447643 0.28062698254554835 0.6604428444700684
0 0.2235988306655003 0.6118928766091458 0.1996150595016061 0.5892562015106239 0.1880323296884175 0.6110731111708138 0.21201610085231165 0.6337097862693357
0 0.19795634198116588 0.5428208096679406 0.19194178181196694 0.502498693306601 0.14991396590957057 0.5136435592714614 0.15592852607876953 0.553965675632801
0 0.6103350100195123 0.6837647599615273 0.6090735825524723 0.6494055672453228 0.5886249260955335 0.6507401994001014 0.5898863535625735 0.6850993921163059
0 0.5539773318284602 0.6437798669080183 0.5449198472309504 0.615565846361246 0.5195625688546329 0.6300376525453787 0.5286200534521426 0.6582516730921509
0 0.4529595443896284 0.6488367337749168 0.44150466919382236 0.6249369120333484 0.4165047792067037 0.6462384652179805 0.4279596544025097 0.6701382869595487
0 0.48551300973441774 0.5782263645104488 0.46503876365797503 0.5707434087572506 0.45685948638749935 0.6105291217441063 0.47733373246394206 0.6180120774973046
0 0.35774200301033354 0.6190854793731817 0.3528683436670955 0.5863925610229215 0.33146647397334095 0.5920644884934104 0.33634013331657897 0.6247574068436706
0 0.3019772113111088 0.5893465210352541 0.2874850143252743 0.5572704583732737 0.2714943248482266 0.5701143856640749 0.2859865218340611 0.6021904483260553
0 0.2686756886779426 0.5373405587644456 0.2616334719152107 0.5074492193938471 0.2404018955489034 0.5163417163814512 0.2474441123116353 0.5462330557520498
0 0.3838377601845845 0.5409891762099475 0.3562567371307852 0.536100906274417 0.3531724985880524 0.5670380791746916 0.38075352164185167 0.5719263491102222
0 0.43749805921733176 0.5474564723271833 0.4357443214476416 0.5156992042143749 0.41242440370179945 0.5179886270334174 0.4141781414714896 0.5497458951462258
0 0.31766943249021884 0.4309759973662957 0.3038439282900038 0.40785406684454034 0.27989264678931747 0.43331434329232066 0.2937181509895325 0.45643627381407603
0 0.34672582295338117 0.49336025011612217 0.3407711146266249 0.4634236551327587 0.3121759847166004 0.4735354357603463 0.3181306930433566 0.5034720307437097
0 0.5304764277027241 0.5206103451026668 0.5279711396181072 0.49244757373956927 0.5008481403769708 0.4967369828363792 0.5033534284615877 0.5248997541994768
0 0.719973706551061 0.5748552462969497 0.6980107103023899 0.5730829761504842 0.6963500505665415 0.6096693859558817 0.7183130468152126 0.6114416561023471