0 0.7948596641547344 0.4874754028944601 0.7850141619502158 0.4641163720293455 0.7613022495592336 0.48188390410562415 0.7711477517637524 0.5052429349707387
0 0.6344833808480643 0.43029666148231716 0.6296766095337473 0.3960757863118386 0.6108199247090403 0.40078453122574687 0.6156266960233575 0.4350054063962254
0 0.5937459009933974 0.3821456933920457 0.5832715493477704 0.3610894749269317 0.5618496501300285 0.3800339343412427 0.5723240017756557 0.4010901528063567
0 0.5600610262535812 0.28480181921022935 0.5437110655000955 0.26656098766403213 0.5209346417917231 0.30285500885304695 0.5372846025452089 0.32109584039924416
0 0.603885 0.28346200000000005 0.584404 0.28346200000000005 0.584404 0.3225510000000001 0.603885 0.3225510000000001
0 0.652087 0.29105100000000006 0.630413 0.29105100000000006 0.630413 0.3334870000000001 0.652087 0.3334870000000001
0 0.714466928725337 0.36357818237469086 0.6976773625691977 0.34985898313358255 0.684844095943466 0.3777796252093454 0.7016336620996053 0.3914988244504537
0 0.7440151761657087 0.3062810050641115 0.7283103834301271 0.2758743202977532 0.7099563952757515 0.2927270811400562 0.7256611880113333 0.32313376590641446
0 0.7945193749999998 0.3451025000000005 0.7745483750000001 0.3184745000000001 0.7595095 0.33852633333333304 0.7794804999999997 0.3651543333333334
0 0.7799665759602928 0.6234677932386027 0.7632000412619512 0.6097467121218655 0.7470461136904353 0.6448389112261977 0.7638126483887769 0.6585599923429349
0 0.654577 0.776808 0.623933 0.776808 0.623933 0.812641 0.654577 0.812641
0 0.6006855262790813 0.8031608860831401 0.5933881461286168 0.7666102366485379 0.5737311148202413 0.7735872133975201 0.5810284949707057 0.8101378628321222
0 0.7652076641671393 0.4427959910730828 0.7621337244217191 0.418247556451474 0.7325997334190482 0.42482218404397676 0.7356736731644682 0.4493706186655856
0 0.4812923634942459 0.07603509712532273 0.47797888711145975 0.05397203014014424 0.45087152463816954 0.06120943274223622 0.4541850010209557 0.08327249972741471
0 0.6007778038393783 0.029022327539365587 0.5819717369291499 0.01902086152441022 0.5704043023111389 0.0576886060029753 0.5892103692213673 0.06769007201793066
0 0.6321447262508209 0.0539419819987673 0.6144181681608207 0.04499569746535599 0.6027497768875182 0.08609838017631334 0.6204763349775184 0.09504466470972465
0 0.6826189425493591 0.09086468126103488 0.6655170000632167 0.07683379466465899 0.6496098133216494 0.11130299274761524 0.6667117558077917 0.12533387934399112
0 0.7599482256898696 0.1880650032159547 0.7294769078827374 0.18040698928326515 0.7256028549083254 0.2078112514031096 0.7560741727154576 0.21546926533579916
0 0.6848861119303816 0.19760909449837388 0.6713435457266015 0.18071103876763925 0.6488766692691665 0.2127209448291797 0.6624192354729468 0.22961900055991433
0 0.6256746160878881 0.18201192612906644 0.6042747424794755 0.18005945346922075 0.6021511432064575 0.22143810069002043 0.6235510168148699 0.22339057334986606
0 0.584337 0.1469740000000001 0.565471 0.1469740000000001 0.565471 0.18706400000000006 0.584337 0.18706400000000006
0 0.5525886680103573 0.14364258899377588 0.5332725395781939 0.13908974069780652 0.5282991427447987 0.17660150504903402 0.5476152711769622 0.18115435334500335
0 0.5179865635446641 0.1329665004931642 0.5003817381395401 0.11785635599220129 0.4832660384605043 0.15330790660273597 0.5008708638656283 0.16841805110369887
0 0.43393375283690067 0.1986622181996452 0.4230364236053273 0.16572907507095613 0.4073499086348556 0.17495671908692945 0.418247237866429 0.20788986221561848
0 0.5265293506531491 0.22879145122214423 0.5151891555412377 0.19346220460571642 0.49768964401759247 0.20344815834330784 0.509029839129504 0.23877740495973565
0 0.47375485707168863 0.2567910271787258 0.4673277784453084 0.23728314785767765 0.44557605134335593 0.25002330461798056 0.4520031299697362 0.26953118393902875
0 0.40589236282226904 0.2626846089301396 0.3819201062310581 0.2555847359718997 0.3783819891799837 0.27682246178523423 0.40235424577119466 0.2839223347434743
0 0.36362743322066154 0.20589678896187863 0.3497631072071475 0.1901728875626822 0.331848709492767 0.2182542474341355 0.345713035506281 0.2339781488333319
0 0.2549501027275461 0.19984863431681366 0.23706491539065194 0.1934980384832904 0.23019367507647576 0.22790066735359038 0.24807886241336988 0.23425126318711365
0 0.2538637195453094 0.29503104411335435 0.24207952912629518 0.27232454675452455 0.21502066200368672 0.2972898409633207 0.2268048524227009 0.31999633832215046
0 0.20962879528896658 0.3792541479078579 0.19403963645388903 0.3688995347819818 0.18095330163582096 0.40392503171735256 0.19654246047089852 0.41427964484322866
0 0.25618895245326334 0.39327376708430983 0.23093581132131444 0.39312118012882963 0.23084260535124682 0.42054444776647276 0.2560957464831957 0.42069703472195297
0 0.1748299087655467 0.4721975443099968 0.17423410993576194 0.43767216277103294 0.15160680845070945 0.43836634165019966 0.15220260728049423 0.4728917231891635
0 0.2530513137492572 0.4710931440425722 0.25155755598016905 0.44545065249407917 0.2219268374887311 0.44851924776717084 0.22342059525781924 0.4741617393156638
0 0.24529017733945913 0.5814952962594 0.24013227144600757 0.5467129866284687 0.21838739785130787 0.552445556514025 0.22354530374475942 0.5872278661449564
0 0.25987276052767855 0.6436068959096942 0.24617109367131332 0.6261039107975438 0.2274334687475099 0.6521806506847185 0.24113513560387512 0.6696836357968687
0 0.2917259942905265 0.6882554224619156 0.2754634601273073 0.673209931820586 0.2573252937643143 0.7080639393892252 0.27358782792753344 0.723109430030555
0 0.32563905351181455 0.7047811807369971 0.31055854365795726 0.6960825787374398 0.2991488186642638 0.7312482744983501 0.3142293285181211 0.7399468764979075
0 0.3380998586025408 0.8063039083941993 0.33435015917239075 0.7687790352865291 0.3147784037742827 0.7722558734586219 0.3185281032044327 0.8097807465662921
0 0.4020480000000001 0.832615 0.3754810000000001 0.832615 0.3754810000000001 0.86259 0.4020480000000001 0.86259
0 0.4151972555434609 0.7835599222364187 0.40699628367763085 0.7602131730078718 0.3827077370073305 0.7753808092922018 0.39090870887316054 0.7987275585207486
0 0.46850346146163513 0.786704878671041 0.4662450679708053 0.75788467427182 0.45002580277205373 0.760144168337149 0.4522841962628835 0.7889643727363699
0 0.5554161573138161 0.7888200740319616 0.5361968571925882 0.7518542769127963 0.5139728141159544 0.7723960551490998 0.5331921142371823 0.8093618522682652
0 0.44810793733538734 0.7126779954366879 0.44084337170834864 0.6837138801484 0.42450183595726215 0.6910003928389419 0.4317664015843009 0.7199645081272298
0 0.4789133392748519 0.6987296709673091 0.4782477949189914 0.6704679954400489 0.4634401613798859 0.6710879248354732 0.4641057057357464 0.6993496003627335
0 0.3881429541274989 0.6826464385673148 0.36055612284886157 0.6756370059541678 0.35677449985399523 0.702096080943585 0.38436133113263254 0.7091055135567319
0 0.3495921021027869 0.5776817702158338 0.3219464422517121 0.5744438152086802 0.32024554506276226 0.6002611666740175 0.34789120491383707 0.6034991216811711
0 0.30841046373671166 0.5350883126842637 0.29263634236383873 0.5142158483619724 0.2700681231987449 0.5445370364674875 0.28584224457161783 0.5654095007897788
0 0.3656376695587959 0.5189376688713351 0.3430593412230454 0.5118857977584274 0.3361589154949804 0.5511630210025703 0.3587372438307309 0.558214892115478
0 0.32865222095083296 0.45849206650284924 0.30783492873270857 0.4548019972229338 0.30438652162843455 0.4893868334083277 0.3252038138465589 0.4930769026882431
0 0.4296744518397491 0.5940952550239227 0.416598581385903 0.5767252687130338 0.3960407549268167 0.6042374992447834 0.4091166253806628 0.6216074855556724
0 0.47580800000000006 0.5789740000000001 0.455865 0.5789740000000001 0.4558650000000001 0.6099870000000002 0.4758080000000001 0.6099870000000002
0 0.4707102069818566 0.5176231653789527 0.46936929646944936 0.49026666847349837 0.4443584948235326 0.49244610586217985 0.4456994053359399 0.5198026027676342
0 0.41125364307123696 0.44465480916395117 0.3977176848250093 0.42518561355628837 0.3780154051316362 0.44953763125729773 0.3915513633778638 0.46900682686496054
0 0.4907112706970993 0.4594889778470723 0.4764409195019537 0.4275030545774041 0.46172562283513263 0.4391744360914049 0.4759959740302782 0.4711603593610731
0 0.3597919759060931 0.3126243460586025 0.3328326328898428 0.30060287150496856 0.32679028730256005 0.32469274930689884 0.3537496303188103 0.33671422386053285
0 0.3635983293493217 0.39320356578425025 0.3624557758814264 0.36814003739892265 0.33690304004772914 0.3702108900643505 0.33804559351562447 0.3952744184496781
0 0.45923603847289945 0.3129196389585482 0.42742345666134557 0.30782767545860384 0.42488728482306154 0.33599656868965583 0.4566998666346154 0.3410885321896002
0 0.5284153904572869 0.41725814819218543 0.5221846551967255 0.3822992553196893 0.5036245192779079 0.38818010737486514 0.5098552545384692 0.4231390002473614
0 0.561798 0.44234600000000013 0.541365 0.44234600000000013 0.541365 0.4695900000000001 0.561798 0.4695900000000001
0 0.6203286477443084 0.6516089325962324 0.6185118840711672 0.6311126085611144 0.5989709782756453 0.6341918562439892 0.6007877419487865 0.6546881802791072
0 0.6607408284218957 0.7001681580315408 0.646798825481485 0.6815768874092513 0.6258647670403519 0.7094860626604301 0.6398067699807626 0.7280773332827196
0 0.6779099656400961 0.589914496961035 0.662921271977561 0.5784684311580777 0.647957400300437 0.6133044882604336 0.6629460939629721 0.6247505540633911
0 0.6424694043806822 0.4745380715073417 0.6202810647315423 0.46665669708711377 0.6133969727126153 0.5011112790752741 0.6355853123617552 0.5089926534955019
0 0.6984965194187326 0.490255779196928 0.6958182165110887 0.46370129863527204 0.6799789226108544 0.4665414087124163 0.6826572255184984 0.4930958892740722
0 0.7660561606911412 0.5273734279721587 0.7327097180635839 0.5246893651836542 0.7311645473034503 0.5588173617074328 0.7645109899310077 0.5615014244959372