0 0.5442307692307692 0.7256410256410256 0.5192307692307693 0.7256410256410256 0.5192307692307693 0.7717948717948718 0.5442307692307692 0.7717948717948718
0 0.4916480796816318 0.7817165997486759 0.4799194200157752 0.7466426643897137 0.4603576997109196 0.7582718259859543 0.47208635937677623 0.7933457613449166
0 0.7510746606334842 0.6108597285067873 0.7459841628959276 0.5837104072398192 0.7138574660633484 0.5944193061840122 0.7189479638009049 0.6215686274509803
0 0.6376457692307693 0.6209015384615385 0.626225576923077 0.5904476923076926 0.601078653846154 0.6072123076923078 0.6124988461538462 0.6376661538461539
0 0.529215976331361 0.4729783037475346 0.5248520710059171 0.44388560157790935 0.5087461168639054 0.44818052268244585 0.5131100221893491 0.4772732248520711
0 0.6130062158492404 0.3891990550754202 0.5885028569844121 0.35270873735328556 0.56945623829149 0.3754462700409344 0.5939595971563181 0.4119365877630689
0 0.5463758657896551 0.37672560686659634 0.5368875143276177 0.34252177218989993 0.5172828065953055 0.3521901543871583 0.5267711580573429 0.3863939890638547
0 0.49826642335766425 0.3444974733295902 0.47124508702975854 0.3313962193524238 0.45760106681639523 0.3814242934680892 0.48462240314430094 0.3945255474452556
0 0.44303391214736554 0.41232803343097535 0.4153743862571831 0.3964878327244217 0.40122046933090355 0.4404256184939552 0.42887999522108605 0.45626581920050885
0 0.3883857793033406 0.4685759974716115 0.36449027796602806 0.4535888578605173 0.3496334417540045 0.4957004054981665 0.3735289430913171 0.5106875451092608
0 0.3269414149967081 0.4125926571048989 0.3012992559057115 0.4084210222677069 0.2973112129388042 0.4520008597857963 0.3229533720298008 0.4561724946229883
0 0.3755734496678456 0.3976823475083155 0.37451505211186803 0.37153686005666486 0.356251342862478 0.3728512327962317 0.35730974041845565 0.3989967202478824
0 0.337325 0.30384615384615393 0.3096153846153846 0.30384615384615393 0.3096153846153846 0.34978205128205125 0.337325 0.34978205128205125
0 0.40580063637114394 0.23724952214018097 0.3687955987278645 0.23456012737085818 0.36706324831924075 0.2769360835202718 0.4040682859625202 0.2796254782895946
0 0.669423076923077 0.3456410256410256 0.6629807692307692 0.3198717948717948 0.6347126923076921 0.33243538461538463 0.6411549999999999 0.3582046153846154
0 0.7336153846153847 0.2784692307692309 0.698076923076923 0.2784692307692309 0.698076923076923 0.3104782051282053 0.7336153846153847 0.3104782051282053
0 0.8106620370806744 0.17451185909218034 0.7746986714957631 0.17427447714112473 0.7745636524558641 0.21063960522057698 0.8105270180407755 0.21087698717163256
0 0.736603548685415 0.19973213025624872 0.7157229595770738 0.17581101478932326 0.6944413514175644 0.2088360459288878 0.7153219405259058 0.2327571613958133
0 0.6432692307692308 0.19487179487179496 0.6086538461538461 0.19487179487179496 0.6086538461538461 0.23846153846153853 0.6432692307692308 0.23846153846153853
0 0.6080867374005304 0.28265959328028306 0.5773553050397877 0.2662694960212203 0.5670824933687002 0.300512201591512 0.597813925729443 0.3169022988505748
0 0.7222388166006652 0.1265031127117157 0.7147586519511442 0.09069359215273483 0.6826282351523613 0.10262540639460627 0.6901083998018824 0.1384349269535871
0 0.6540905035795946 0.03560234882466225 0.6212926029473687 0.027343313314368345 0.6153971974065628 0.06896386867082777 0.6481950980387888 0.07722290418112167
0 0.5932029177718832 0.010477453580901908 0.5655172413793103 -0.004288240495136965 0.5507957559681698 0.04478337754199832 0.5784814323607427 0.05954907161803719
0 0.6078017601031563 0.14291816432240104 0.5992926207349845 0.10365984927471068 0.5671304650539788 0.11605285367761116 0.5756396044221507 0.1553111687253015
0 0.5314818043182157 0.08032950051534478 0.5075516183497206 0.055098016511929034 0.49001325252797867 0.08466927971915164 0.5139434384964736 0.1099007637225674
0 0.5068829164470857 0.03629208738600009 0.49616159170297464 0.008184881220803202 0.46784221976719603 0.027388888511918653 0.47856354451130706 0.05549609467711554
0 0.5513265384615385 0.20928307692307702 0.5232496153846153 0.19056512820512825 0.5094036538461537 0.22748769230769236 0.5374805769230768 0.2462056410256411
0 0.4894230769230769 0.2192307692307693 0.4737283653846154 0.1983044871794872 0.44920913461538464 0.2309967948717949 0.46490384615384617 0.25192307692307697
0 0.43554257352555387 0.12262704541570381 0.40415969294855114 0.11026148222403327 0.3920205204184484 0.16503182515655015 0.42340340099545115 0.17739738834822064
0 0.4221937133150155 0.05570377840259689 0.4091607790509802 0.032516944992070036 0.38231886483665467 0.05933897970518292 0.39535179910068985 0.08252581311570978
0 0.36644230769230773 0.10346153846153852 0.33701923076923085 0.09038461538461545 0.3247115384615385 0.13961538461538467 0.3541346153846154 0.15269230769230777
0 0.2099401627893809 0.5997462811945817 0.1956484491688139 0.5648176956863884 0.17506268747386725 0.5797920367578376 0.18935440109443422 0.6147206222660309
0 0.25312019230769234 0.5076923076923077 0.22019230769230774 0.5076923076923077 0.22019230769230774 0.5423076923076923 0.25312019230769234 0.5423076923076923
0 0.25579037660278175 0.4517824601961289 0.24499857058837582 0.4118323414134163 0.2141214781512553 0.4266605923322476 0.22491328416566128 0.46661071111496016
0 0.2098076923076923 0.3787179487179488 0.18350591715976333 0.35867850098619336 0.1674112426035503 0.3962327416173571 0.19371301775147928 0.4162721893491125
0 0.13740831024362166 0.41187784845593906 0.1349180146916729 0.3852134643753171 0.11205119091324768 0.3890101326614844 0.11454148646519646 0.41567451674210637
0 0.11161856200384783 0.4671073875527881 0.10926806284186111 0.4285038954335703 0.08665244441095149 0.43095194072695114 0.08900294357293823 0.4695554328461689
0 0.23942307692307696 0.29358974358974366 0.2105769230769231 0.2935897435897436 0.21057692307692313 0.3384615384615385 0.239423076923077 0.3384615384615385
0 0.13076923076923078 0.24487179487179486 0.09903846153846156 0.24487179487179486 0.09903846153846156 0.2782051282051282 0.13076923076923078 0.2782051282051282
0 0.28846153846153844 0.1480717948717949 0.2544653846153846 0.1480717948717949 0.2544653846153846 0.19521538461538468 0.28846153846153844 0.19521538461538468
0 0.19641471594349555 0.13630641232065818 0.18827618921239073 0.09650312496633145 0.16824127029159705 0.10378581649059421 0.1763797970227019 0.14358910384492093