0 0.37387319738380914 0.8246395678348664 0.3597389329058921 0.8045320707877971 0.33851827918883554 0.8310507220222364 0.3526525436667525 0.8511582190693057
0 0.3066792589777666 0.8463826105502089 0.29685522414642646 0.8046087705853442 0.2754003609138225 0.8135786936600519 0.2852243957451626 0.8553525336249165
0 0.22308360062699675 0.7837696279179648 0.2219095108813468 0.7598746016750955 0.19221376018762132 0.7624685753534673 0.19338784993327127 0.7863636015963367
0 0.29884539112813047 0.7393129758195831 0.2886621585253104 0.7076503817895957 0.27244287034565806 0.7169239834003317 0.2826261029484781 0.748586577430319
0 0.6092196863228432 0.8342535166227885 0.5898019815493001 0.8298333862955112 0.5847441171520243 0.8693343302361957 0.6041618219255676 0.8737544605634728
0 0.5495008349776629 0.8670637771619552 0.5314615725807067 0.8636334698834995 0.5272535023961533 0.9029745427026298 0.5452927647931095 0.9064048499810854
0 0.674315058678856 0.8274089097908636 0.6686360899801859 0.799190793908604 0.6462187185922887 0.807211334153792 0.6518976872909589 0.8354294500360515
0 0.6648228958774667 0.7239032448197258 0.6401431002280348 0.7170814694938121 0.6337116976602004 0.7584459253312343 0.6583914933096323 0.765267700657148
0 0.2422572363744512 0.7078500130656817 0.22855318715445208 0.6781926177932216 0.2102993513371988 0.6931876539577069 0.22400340055719792 0.722845049230167
0 0.3760786759104349 0.7687822339742854 0.37214520067380163 0.730009406641762 0.3438558063392385 0.7351115196296386 0.3477892815758718 0.773884346962162
0 0.4100312663642722 0.6905805855997993 0.39439642350789766 0.6777200846764796 0.378659458056188 0.7117322358140453 0.39429430091256246 0.724592736737365
0 0.4740051086830725 0.6988414903210247 0.46326836952046635 0.6654708373883587 0.44805179917297705 0.6741744980356063 0.4587885383355832 0.7075451509682723
0 0.4602359776006495 0.7723952295210476 0.4468561191192779 0.7572780849961388 0.42842012278982605 0.7862866229740713 0.44179998127119763 0.80140376749898
0 0.5127914060421704 0.7476177585551284 0.5120296393219186 0.7185225018788346 0.48130709663806737 0.7199524965928461 0.48206886335831917 0.74904775326914
0 0.6037632562250196 0.7082369548636752 0.5852556798684343 0.7015025086335519 0.5784058909916493 0.7349683940119304 0.5969134673482346 0.7417028402420536
0 0.5608747698928237 0.683970953627107 0.5431519574767713 0.68085791948449 0.5393902264020796 0.7189306456157617 0.5571130388181319 0.7220436797583786
0 0.5195247404829642 0.6337761190802382 0.5027861236821346 0.5976028854218923 0.48427662084070755 0.6128295387676123 0.5010152376415371 0.649002772425958
0 0.4239810121936558 0.6364388890525976 0.422140060111716 0.5989424408035683 0.40329555640355164 0.6005872462281847 0.4051365084854915 0.6380836944772141
0 0.3752629002599619 0.626868412327183 0.3510231125383402 0.6044275910395234 0.33906031530362174 0.6273996689176444 0.36330010302524357 0.6498404902053042
0 0.3214465493377266 0.6195146437166071 0.30334709925535247 0.6113731740302193 0.2946103930047786 0.6459024742415693 0.3127098430871527 0.6540439439279572
0 0.2766501874792798 0.5909092052907704 0.27558297815452604 0.5551050840011408 0.2569206545177009 0.5560940008614558 0.25798786384245465 0.5918981221510854
0 0.23744959556868545 0.5971695536189071 0.21870607858197932 0.5834488091580503 0.20389304874446088 0.6194233101920237 0.22263656573116702 0.6331440546528804
0 0.13622932774634594 0.5956792645189217 0.12432023416926326 0.5698970121936668 0.09650987739585132 0.5927341612732174 0.10841897097293399 0.6185164135984722
0 0.19923368922766094 0.5588366923726816 0.17939514729162384 0.5480296285063153 0.16603155723434967 0.5916412917329253 0.18587009917038677 0.6024483555992917
0 0.2520808048302708 0.5196896494358281 0.24771469124693002 0.49772772588605835 0.22759197359948521 0.5048396769685367 0.23195808718282598 0.5268016005183064
0 0.17743512669435663 0.4548884260237445 0.14935892409465484 0.43884786153699074 0.14106721521852203 0.4646490813544157 0.1691434178182238 0.4806896458411694
0 0.1922476705096686 0.36317607187538153 0.18192244150540704 0.33740280183481186 0.15073877205096478 0.35961210130091165 0.16106400105522634 0.38538537134148126
0 0.24126599264017037 0.39994983532279216 0.21532519275279485 0.3888711090489856 0.20682117029819688 0.4242704684306652 0.2327619701855724 0.4353491947044717
0 0.20844624896834107 0.28809472189063473 0.1780930094257196 0.2673132459137306 0.16855282389167342 0.29208535328839713 0.1989060634342949 0.31286682926530124
0 0.26813460253652305 0.3480885091009021 0.2463688938434043 0.3190707076933079 0.23175416987152495 0.33855911728539084 0.25351987856464375 0.3675769186929851
0 0.38417131571208446 0.5585285145823131 0.36933841331966266 0.5370099791772472 0.3515655699777254 0.5587894746939622 0.3663984723701472 0.5803080100990281
0 0.32898424136984594 0.5004092055116005 0.31979278196218575 0.4546934862549748 0.29874766151372706 0.4622157369906758 0.30793912092138725 0.5079314562473014
0 0.5093922649404036 0.5326566240304028 0.4914007618799524 0.5039401440930545 0.4758796335180951 0.5212278357465816 0.4938711365785462 0.5499443156839299
0 0.4613373248769651 0.5202602424554151 0.4471996240179719 0.4896115600810114 0.4305650502630508 0.5032528716992646 0.444702751122044 0.5339015540736682
0 0.7022161189935053 0.6708444694381555 0.690732307250438 0.6486103010815962 0.6673456692309025 0.670084177105817 0.67882948097397 0.6923183454623765
0 0.7545347221904244 0.6369667185709758 0.7326638312501969 0.6330666211077343 0.7285728560777863 0.6738511388979834 0.750443747018014 0.6777512363612249
0 0.7140325063799666 0.6235759383428309 0.7005287765616226 0.5914456829101719 0.6840011454437113 0.6037945650683704 0.6975048752620551 0.6359248205010294
0 0.6683264122604395 0.6151073444659875 0.6575975490587523 0.5918932385067817 0.6340559107662957 0.6112358852944024 0.6447847739679828 0.6344499912536082
0 0.7588368155610724 0.5622330635122469 0.7395130154922268 0.557638194311926 0.7347913968195089 0.5929392558530819 0.7541151968883545 0.597534125053403
0 0.6805789723592859 0.553267274500488 0.6681339327844448 0.5269876584827146 0.6517192649413562 0.5408069837491585 0.6641643045161975 0.5670865997669319
0 0.7525436163843843 0.510070151579075 0.7442862322726305 0.4843332015503799 0.7163263162477729 0.5002809267620372 0.7245837003595268 0.5260178767907323
0 0.7080587835262487 0.47160124430404404 0.7034194188330312 0.4441121153297106 0.6752493786924575 0.45256417341867616 0.6798887433856751 0.48005330239300964
0 0.7549658309528459 0.4325196816946749 0.7448776510719357 0.3921616357825006 0.7243761972748941 0.4012721904708928 0.7344643771558041 0.44163023638306714
0 0.6838830853703144 0.39716264239378374 0.6712375344540216 0.36977895560524254 0.6432348284532211 0.39276812655940685 0.6558803793695139 0.42015181334794804
0 0.3131359413212471 0.3558622711297345 0.29594250608082184 0.3494320529980276 0.2880283747110973 0.38705195671651593 0.3052218099515226 0.3934821748482229
0 0.37153409370108753 0.3753244436235436 0.3563304294439005 0.3543842872229053 0.34036625800039105 0.3749902165411487 0.35556992225757805 0.395930372941787
0 0.4003838579020235 0.45360792117226034 0.3942884544797522 0.4221493066266692 0.37061883798110007 0.43030257160635405 0.37671424140337145 0.46176118615194517
0 0.459683 0.4179620000000001 0.440202 0.41796200000000006 0.440202 0.4546670000000001 0.459683 0.45466700000000015
0 0.5460646960092262 0.45224900752156955 0.5270909226145013 0.45032314747472146 0.5250256170016275 0.4864966685556583 0.5439993903963525 0.48842252860250635
0 0.495558 0.40359000000000017 0.477808 0.40359000000000017 0.477808 0.4376280000000002 0.495558 0.4376280000000002
0 0.5916712188696799 0.4427415077680013 0.5856804154793159 0.4187255698642769 0.5621811903453289 0.4291467410543219 0.5681719937356927 0.4531626789580463
0 0.44696004992917415 0.3753400919391932 0.436424352518356 0.3525635350135291 0.4143858134366045 0.3706867603709487 0.42492151084742275 0.3934633172966129
0 0.6229014346817769 0.3704950286744054 0.6035342369814533 0.36863559034622395 0.6019128778705437 0.3986577338608477 0.6212800755708675 0.4005171721890291
0 0.7317898835364305 0.3158693985236636 0.7295107175550902 0.2752875820225806 0.7061109309921705 0.2776239101661484 0.7083900969735107 0.31820572666723146
0 0.6585385968156793 0.27862212556426097 0.6343952521978378 0.2657699189693857 0.6269352794985059 0.29068340190791186 0.6510786241163474 0.30353560850278716
0 0.6572471190331588 0.20973439419410791 0.6452010528837612 0.19214922571365672 0.625554116834741 0.2160752762038199 0.6376001829841387 0.23366044468427108
0 0.603654 0.2973720000000001 0.576154 0.2973720000000001 0.576154 0.32534600000000014 0.603654 0.32534600000000014
0 0.5618965780419806 0.37160944690573455 0.5601985697789366 0.33733349760222997 0.5417574914760802 0.3389576025620689 0.5434554997391243 0.37323355186557344
0 0.6031768584900339 0.2439773786615992 0.5817445491639659 0.22345552388209872 0.5713005515784618 0.2428463626198071 0.5927328609045297 0.2633682173993076
0 0.5743571622500011 0.20361099382158201 0.5683516130850861 0.17815901977105444 0.5419003042779961 0.18925475012026258 0.5479058534429111 0.21470672417079015
0 0.5144890573779644 0.25300956435216176 0.49923589298424037 0.24149290033630397 0.48578645172770357 0.27316048713164887 0.5010396161214276 0.2846771511475067
0 0.4729849858883997 0.28760702690393075 0.4693281983648166 0.2582887129292958 0.4460437003029372 0.2634517481618427 0.44970048782652033 0.29277006213647766
0 0.41956035034413386 0.3061149755219977 0.4086593678179842 0.2817145535789905 0.386389842190853 0.29940165826515064 0.3972908247170026 0.32380208020815776
0 0.21462185244468876 0.22788071733364698 0.18782398241079482 0.19347497741724923 0.1729079751702702 0.21412875201945708 0.19970584520416415 0.2485344919358548
0 0.28007543293412795 0.2889111948013644 0.2737195661351762 0.24652230054438332 0.25294125371820575 0.25206103372623506 0.25929712051715753 0.2944499279832162
0 0.3435273195812221 0.23846558182714583 0.3239730088022766 0.23446832198950351 0.3197107340611226 0.2715363128072374 0.33926504484006814 0.2755335726448797
0 0.394659273867902 0.22164069292530056 0.3772341697255814 0.2082382859255463 0.3627210364127082 0.24178355175897584 0.3801461405550288 0.2551859587587301
0 0.23562693567716408 0.1771008404941156 0.2243015253020926 0.14187231691442254 0.2061864412010146 0.1522255819811755 0.21751185157608607 0.18745410556086853
0 0.288827 0.09989700000000003 0.27076 0.09989700000000003 0.27076 0.13970500000000002 0.288827 0.13970500000000002
0 0.44327664727247634 0.2068095145688448 0.4263202327182601 0.19805506769314207 0.4180423896761215 0.2265586847523995 0.4349988042303377 0.23531313162810222
0 0.4275364341800079 0.856935398297752 0.4110362364781998 0.819708351266086 0.39203944664065143 0.834677194883834 0.4085396443424596 0.8719042419154999
0 0.48232844958594934 0.8300364500766719 0.46411575551112777 0.8132431980615502 0.44544899232048774 0.8492335321740201 0.4636616863953093 0.8660267841891418
0 0.5322431746497155 0.7963071907069463 0.5052848867500566 0.7880565297044078 0.4995944320434707 0.8211108329954014 0.5265527199431297 0.82936149399794
0 0.5059550820501753 0.909725906864866 0.4892470676718157 0.9052723442549288 0.48338560021769067 0.9443655341662213 0.5000936145960503 0.9488190967761584