0 0.3718204866629417 0.3902031084083176 0.3516333950881479 0.3848057517417204 0.345926480427537 0.42275223093053044 0.3661135720023308 0.42814958759712773
0 0.2433301852579736 0.6956288228607197 0.22031040652220765 0.6723696326221864 0.2086792105065465 0.692834474908285 0.23169898924231244 0.716093665146818
0 0.2942531495311095 0.6852205606931826 0.26925977210166646 0.6622088158119092 0.25734199767382016 0.685220480193124 0.2823353751032632 0.7082322250743974
0 0.29160157693552763 0.8177069181088265 0.2788542001246744 0.7780532015712609 0.2604704255373325 0.7885594843426743 0.27321780234818577 0.8282132008802398
0 0.3545820591405211 0.8619584654414483 0.3455340666452117 0.8169770170361949 0.32352760185426105 0.8248465063611835 0.3325755943495705 0.8698279547664369
0 0.3285117633783828 0.7827024810143771 0.3280143801493196 0.753261718925375 0.30840473668519014 0.7538506836181581 0.30890211991425337 0.7832914457071602
0 0.44441532336317885 0.9133183283442982 0.43822241272741413 0.8821782280923363 0.40838894263971603 0.8927258863757698 0.41458185327548075 0.9238659866277317
0 0.4833102018043475 0.877922863498982 0.4813253325965232 0.8383324704336257 0.46095344681277617 0.8401481984161736 0.4629383160206004 0.8797385914815299
0 0.538430812424587 0.8259693638248071 0.5371575657650429 0.7794463822543257 0.5148845400344402 0.780530063849084 0.5161577866939843 0.8270530454195654
0 0.607096391767442 0.750988551901953 0.5790756763683884 0.7375042908231462 0.5713593903950218 0.7660103941069046 0.5993801057940754 0.7794946551857114
0 0.645423 0.7799999999999999 0.620635 0.7799999999999999 0.620635 0.80909 0.645423 0.80909
0 0.41679594290371685 0.7933445263430983 0.39699136714616 0.7909523443428195 0.39428193086718616 0.8308298274967537 0.41408650662474306 0.8332220094970325
0 0.4450335689989813 0.743242726729197 0.43727303516261645 0.7086482011230804 0.41915115785889223 0.7158753146378466 0.42691169169525706 0.7504698402439633
0 0.37695576441243484 0.6855041090113053 0.37306903217025106 0.641991853291364 0.3527129891971759 0.6452243929154884 0.3565997214393598 0.6887366486354298
0 0.3150217507148009 0.6193617483522204 0.3137589683043449 0.5939799590119755 0.2881165323684927 0.5962479589636623 0.2893793147789487 0.6216297483039072
0 0.22898864590269696 0.6120762079514851 0.21055184422558745 0.5969623708917453 0.19465578424412727 0.631435270472847 0.21309258592123678 0.6465491075325869
0 0.1727391950618511 0.5342383432473655 0.1389903277279429 0.5306862728611397 0.13702673726835446 0.563853260230036 0.17077560460226265 0.5674053306162619
0 0.2267755206356645 0.5768847520520325 0.22511125481175193 0.5376224402924717 0.20599127597023775 0.5390632668613188 0.2076555417941503 0.5783255786208796
0 0.28923063809636157 0.5347541727322674 0.2755288977135791 0.5003023656169129 0.25813186474150823 0.5126026849672134 0.2718336051242908 0.547054492082568
0 0.16500671722917012 0.47333705041828344 0.13149104018268334 0.4649790959254565 0.1278036685861787 0.4912661775706984 0.16131934563266548 0.49962413206352535
0 0.47185708128531945 0.2000138414445815 0.4549813357493492 0.18547973379358204 0.4395278828850277 0.21737877286958338 0.45640362842099796 0.23191288052058284
0 0.21022184942815303 0.45480374232201465 0.18112023451481235 0.4224446753603803 0.16792732490503573 0.44353771452511315 0.1970289398183764 0.4758967814867475
0 0.17981719160849985 0.3747604097950165 0.16285357768285974 0.3502964169929897 0.13849974742939597 0.38031815201109404 0.15546336135503608 0.4047821448131208
0 0.24451972828105523 0.44293324270144907 0.23960575129740633 0.4034717178560529 0.2202384405530644 0.4077592367711136 0.22515241753671333 0.44722076161650975
0 0.2938186448624046 0.4275638857895667 0.2770583232796566 0.41799149950233994 0.267676023582462 0.44719594104534316 0.2844363451652099 0.4567683273325699
0 0.6409454736090843 0.6767701065817554 0.6139268537452803 0.6720322767321556 0.6112590241788347 0.6990792863754889 0.6382776440426386 0.7038171162250888
0 0.7021441076269757 0.7138827696190561 0.6949706197260094 0.6729116979154399 0.6725908730037525 0.6798777334636495 0.6797643609047189 0.7208488051672658
0 0.7172342876417606 0.6371023392126801 0.7138125284946905 0.6096026968931076 0.6908208043847092 0.6146886389083038 0.6942425635317793 0.6421882812278763
0 0.6396337991672717 0.630308950094367 0.635797675314527 0.6030209787725472 0.6079258922244397 0.6099866600193065 0.6117620160771843 0.6372746313411264
0 0.5891522891320734 0.6420566971302346 0.5704462707766181 0.6298244901516397 0.5566750949055351 0.6672635584984079 0.5753811132609904 0.6794957654770029
0 0.5134546836846174 0.19244221135655135 0.5008813257214423 0.17828302446108338 0.48592559815076336 0.20189313305266096 0.4984989561139383 0.21605231994812893
0 0.508529 0.6607690000000002 0.4908850000000001 0.6607690000000002 0.4908850000000001 0.7006280000000001 0.508529 0.7006280000000001
0 0.4787862783396292 0.7057493216004641 0.4669713796370657 0.6690015116652862 0.45322599508418654 0.6768580802986107 0.46504089378675006 0.7136058902337885
0 0.5587107928078721 0.5822168173368598 0.5375160263513329 0.5784141422894473 0.5349081768046782 0.6042545538271091 0.5561029432612173 0.6080572288745216
0 0.46345781920658163 0.6203323684150925 0.4535133609323195 0.5802602605323776 0.4347538941570004 0.5885365734959127 0.44469835243126254 0.6286086813786277
0 0.41040727567900015 0.5623402803513995 0.38469390526570885 0.5600637749239497 0.38354083273531536 0.5832176888951057 0.4092542031486066 0.5854941943225557
0 0.36604754880677953 0.4956900184685068 0.34993959964923504 0.49027332440873217 0.342473631079399 0.5297435468343185 0.3585815802369434 0.5351602408940931
0 0.411577 0.491346 0.393635 0.491346 0.393635 0.521538 0.411577 0.521538
0 0.5143977948013779 0.5219489021144815 0.49188631958043433 0.49879874756152587 0.47929095320103837 0.520572753624606 0.5018024284219819 0.5437229081775615
0 0.5793279879296198 0.5253653108054833 0.57512651357962 0.5034711100727888 0.5462115749661522 0.5133355485573206 0.550413049316152 0.535229749290015
0 0.6075949032523013 0.4330206032173548 0.592871389774523 0.4163928337570038 0.5765167414673482 0.4421380264306018 0.5912402549451264 0.4587657958909528
0 0.6675291824826931 0.34535587051314953 0.6649684792405955 0.31956441617564274 0.642932374298898 0.3234539336278789 0.6454930775409957 0.34924538796538573
0 0.6261697506666117 0.36627146938243 0.6239829698962673 0.3215310055612963 0.6025690730175614 0.32339171235929876 0.6047558537879058 0.36813217618043237
0 0.5653806868966387 0.36343175738387457 0.5562569030911318 0.3430348012240415 0.5352423015453148 0.359746025063125 0.5443660853508218 0.38014298122295787
0 0.5294038729681741 0.45223891100760444 0.5214995969792354 0.43111307982937597 0.5008533990580457 0.444846093439496 0.5087576750469843 0.4659719246177244
0 0.4605656257693015 0.42692757704707596 0.4416783199245892 0.4253959191661319 0.4398837783240512 0.4647363622328495 0.4587710841687635 0.46626802011379354
0 0.31526933463562923 0.3908205497830104 0.3135833611582092 0.3511310757899713 0.2915542371170456 0.35279468032913675 0.29324021059446564 0.3924841543221758
0 0.6629228469002231 0.22692024974445896 0.6446055369858503 0.22509681141693338 0.6425409073006656 0.2619682646305257 0.6608582172150383 0.26379170295805127
0 0.5716273581618948 0.23528708822478184 0.5413648532819871 0.22992357097997912 0.5384935345289826 0.2587250023487604 0.5687560394088903 0.26408851959356305
0 0.6322448087429554 0.15193520038805414 0.6139484207667562 0.14000525681984266 0.6001466989420832 0.17763555977046544 0.6184430869182823 0.18956550333867692
0 0.5861902300383575 0.12612283349588438 0.5629287900595547 0.11778515441264702 0.5579121713139851 0.14266685103756924 0.5811736112927879 0.15100453012080658
0 0.5661083749620478 0.18302874011772657 0.5529107109827195 0.1586090491992035 0.5319534744242957 0.17874482619845375 0.5451511384036241 0.2031645171169768
0 0.47338363681007917 0.3481548823990831 0.4637511736165481 0.32735466685933573 0.4431347379711623 0.3443277437568856 0.45276720116469343 0.365127959296633
0 0.3715758025493032 0.3150386171142605 0.34690824401575926 0.29554972553017067 0.3363030544924829 0.3194132691695237 0.36097061302602684 0.3389021607536135
0 0.2419424438447497 0.3173280933218769 0.21767850979988126 0.31515678798552543 0.21559657285936168 0.356517248095951 0.23986050690423008 0.35868855343230244
0 0.1716185898313957 0.2364611743405579 0.16741432552316612 0.1944961267404622 0.14195329689407146 0.1990309013805894 0.146157561202301 0.2409959489806851
0 0.2583529556932494 0.24162979798178583 0.2429565920128596 0.200578859748111 0.22378433739417602 0.21336224080300153 0.23918070107456588 0.2544131790366764
0 0.31029469329684756 0.20655843283257758 0.29912429634989524 0.17038245567428104 0.2861869825038699 0.1774842799572874 0.29735737945082225 0.21366025711558395
0 0.3673508461590894 0.08437253443353368 0.34710191164908133 0.07717568662617585 0.3398288367992597 0.11355507450697887 0.36007777130926777 0.1207519223143367
0 0.5187502746910744 0.26535514045889325 0.4980120893905156 0.2592925616596271 0.4920424168096008 0.295595463339146 0.5127806021101594 0.3016580421384121
0 0.446144 0.27830800000000006 0.420423 0.27830800000000006 0.420423 0.30373100000000003 0.446144 0.30373100000000003
0 0.41110667549198465 0.2465224906724786 0.38753319425793803 0.23580950914769166 0.3811843055696041 0.26064590380157016 0.40475778680365077 0.2713588853263571
0 0.39914352191661245 0.1725542494033781 0.37654573421182846 0.16368946565786094 0.3691160365137744 0.19735971987547454 0.3917138242185584 0.20622450362099165
0 0.5276504308523811 0.08240874041577487 0.5156795218509391 0.032262848809037736 0.49137784224352155 0.04257633605697223 0.5033487512449635 0.09272222766370937
0 0.4387504463269394 0.0622195241683568 0.41996400583284227 0.03303439495496613 0.4049080097638374 0.05026378277316402 0.4236944502579345 0.0794489119865547
0 0.43733868007586546 0.11235881262543257 0.4167836287953065 0.09630540606189984 0.40056664365539246 0.13322007279263273 0.42112169493595136 0.14927347935616544
0 0.7336464160209273 0.3174290829144134 0.7206197798195202 0.3067817565391847 0.7084299106022215 0.33329532828945646 0.7214565468036285 0.3439426546646852
0 0.09949357934700846 0.37004957330636906 0.0859101409192564 0.3339567293755073 0.0672857396507469 0.3464176006092943 0.08086917807849894 0.38251044454015604