0 0.3446807217210226 0.6710455350756797 0.3237092446991828 0.6494140361990204 0.3111214067741218 0.6711096040316545 0.3320928837959615 0.6927411029083137
0 0.2697835698822696 0.6305436933740811 0.2574882875267647 0.614293324793773 0.23937173023213337 0.6386618045221756 0.2516670125876382 0.6549121731024837
0 0.2622959810627879 0.5484131374043341 0.23420911421711052 0.5448560835439428 0.23225566655495916 0.5722776403367295 0.26034253340063657 0.5758346941971209
0 0.18240503900260516 0.5317304872594336 0.17656699016738908 0.4924554364071884 0.15601482716874387 0.4978865136105107 0.16185287600395995 0.5371615644627559
0 0.22944200000000006 0.479231 0.21076900000000007 0.479231 0.21076900000000007 0.518321 0.22944200000000006 0.518321
0 0.16177131982996498 0.45857323210965856 0.15927112699577783 0.4335224111079175 0.13090232384908265 0.43855591060165316 0.1334025166832698 0.4636067316033942
0 0.09266448896287374 0.4259490792908778 0.0709928660887732 0.42369519529503386 0.0687942048282468 0.46127856121715666 0.09046582770234733 0.4635324452130006
0 0.15991838490463284 0.3649539427630806 0.15555649279344916 0.33403770257991033 0.1323519619324301 0.3398579106722971 0.13671385404361375 0.37077415085546733
0 0.27263772063789254 0.41531589937353963 0.26865375522894186 0.3753215601339133 0.23060433422480348 0.38205973936374443 0.23458829963375416 0.4220540786033708
0 0.4926699478337095 0.7816016174376258 0.4788630144731903 0.768144617535368 0.46185152398187584 0.7991736918421933 0.4756584573423949 0.8126306917444512
0 0.5860394433254411 0.743168474283003 0.5830175150401025 0.7210613900267063 0.5604770695026926 0.726539019561922 0.5634989977880313 0.7486461038182186
0 0.5638947230079545 0.7046828336723895 0.557683998051777 0.685423995571009 0.5355509107972466 0.6981131208115614 0.541761635753424 0.7173719589129418
0 0.6733739483343038 0.6709798511218348 0.6593376817114336 0.6634922205039505 0.6502013221369422 0.6939401562456691 0.6642375887598125 0.7014277868635533
0 0.6931694358965622 0.6402994042874944 0.6906002588147294 0.6014533320507349 0.6718299704977402 0.6036602965264104 0.6743991475795731 0.6425063687631698
0 0.6229891145061182 0.6310048199085866 0.6169619885999127 0.605410267583435 0.6037690211299865 0.6109333648430952 0.609796147036192 0.6365279171682469
0 0.5732139663836512 0.6221152572293994 0.5490898997249256 0.6084716242673394 0.542021330140507 0.6306908797737857 0.5661453967992325 0.6443345127358456
0 0.49111067729803715 0.6152431630797245 0.4657730572768672 0.6149791584158915 0.4656113863121665 0.6425635699103757 0.49094900633333644 0.6428275745742087
0 0.4260168520961562 0.5746246266892086 0.40981707938262524 0.5689030276802953 0.4030678021340033 0.602875428981386 0.41926757484753424 0.6085970279902994
0 0.3255470735602966 0.5261399813519858 0.3115092175494784 0.5154589160323173 0.29735031274899176 0.5485410371564644 0.31138816875981 0.5592221024761329
0 0.3796003799368685 0.5131992864891017 0.3611747369426275 0.4888766936420854 0.3485487862504662 0.5058808208202774 0.36697442924470725 0.5302034136672938
0 0.362885 0.426269 0.335413 0.426269 0.335413 0.45021800000000006 0.362885 0.45021800000000006
0 0.311058 0.32141000000000003 0.28726 0.32141000000000003 0.28726 0.346538 0.311058 0.346538
0 0.7428848343759886 0.5978478583802842 0.7312646232717229 0.5620607101673571 0.7119020577118605 0.5732377629145037 0.7235222688161262 0.6090249111274307
0 0.6675527743816959 0.5207911071561765 0.6496415130059677 0.5162487007153679 0.6446584829360819 0.5511797122105596 0.66256974431181 0.5557221186513682
0 0.602692 0.5418720000000001 0.573404 0.5418720000000001 0.573404 0.5670130000000001 0.602692 0.5670130000000001
0 0.5312754123511831 0.5071847175171975 0.50292396950127 0.4969952419034004 0.4974068295506968 0.5242859500693126 0.52575827240061 0.5344754256831098
0 0.43745384395983733 0.4987960168963606 0.42024794223987133 0.4796799263350117 0.4101861037083466 0.49578019693886477 0.4273920054283126 0.5148962875002137
0 0.7066110501888017 0.4682118087847056 0.6899826158407939 0.4555329261664964 0.675371461140148 0.4895998085573032 0.6919998954881558 0.5022786911755124
0 0.7454280078100587 0.3693064683693499 0.7376950599429152 0.33058562542153913 0.7183783868155187 0.33744382442933973 0.7261113346826621 0.3761646673771505
0 0.6834520640093537 0.41318977967980935 0.6666807838887779 0.383838998808582 0.651035789147691 0.39973176328626775 0.6678070692682667 0.4290825441574951
0 0.61165659535809 0.44994034357385826 0.6101160406132798 0.4187681811593311 0.5911882805278745 0.4204311606812058 0.5927288352726847 0.4516033230957329
0 0.5291639320079128 0.44127946745645996 0.5043834573981899 0.4276250031825001 0.49714412937339153 0.4509816601977071 0.5219246039831144 0.4646361244716671
0 0.4624269222760009 0.4352274421498424 0.45801257076843666 0.41369846052953385 0.4354536946375177 0.4219216132897422 0.43986804614508196 0.44345059491005084
0 0.6998834338953974 0.2771177046453212 0.690452343573386 0.2477794803594667 0.6727050149086454 0.2579218292309228 0.6821361052306568 0.28726005351677725
0 0.6674641512780559 0.34412818342123686 0.6563183258337991 0.32047689992533807 0.6319470939513379 0.34089486603007324 0.6430929193955948 0.3645461495259721
0 0.6181587738961208 0.3369964398538612 0.6018043539828885 0.32609512225245185 0.5877504999850516 0.36357766650729273 0.604104919898284 0.37447898410870206
0 0.551502625112238 0.35374593602623505 0.549582578092138 0.31955843214056645 0.5319534328714739 0.3213185964059683 0.533873479891574 0.355506100291637
0 0.492168868834762 0.3701139463616516 0.4857470451840934 0.3304973905765154 0.46393169133922835 0.3367840711486355 0.47035351498989697 0.37640062693377163
0 0.39385324387331255 0.33278272445177337 0.39169287446681994 0.2954060911214538 0.37115679322089923 0.29751628755881254 0.37331716262739184 0.3348929208891322
0 0.35373477215861193 0.2894572422399588 0.33002364899177294 0.2699352352884464 0.32028301754792604 0.2909678006809503 0.343994140714765 0.3104898076324627
0 0.25803252949708055 0.26956620156960676 0.2493390400566067 0.2346654241222197 0.23072817721176372 0.24290686241688375 0.23942166665223752 0.27780763986427076
0 0.18487698495590701 0.2745755558509733 0.1799040901321747 0.23465411903223626 0.15997241515546112 0.2390680382459519 0.16494530997919343 0.2789894750646889
0 0.21510185660246633 0.16558640565671184 0.1980653437273592 0.12858648593418393 0.1831038057870487 0.140833596410243 0.20014031866215587 0.17783351613277093
0 0.2775 0.13559000000000004 0.250106 0.13559000000000004 0.250106 0.16102600000000003 0.2775 0.16102600000000003
0 0.37431334370763647 0.20936522342035951 0.3537443710692433 0.1819883991868587 0.3387388769900631 0.20203114902082064 0.3593078496284563 0.22940797325432147
0 0.480237326640688 0.24926326302264104 0.4627045729223199 0.23548322360047316 0.4468026224743412 0.2714521554806395 0.46433537619270926 0.2852321949028074
0 0.5986137483093564 0.260979413917114 0.5852275082600379 0.2499713325047463 0.5707736720271915 0.2812182786464605 0.5841599120765101 0.2922263600588282
0 0.573441440407092 0.22068620943708317 0.5602257204012462 0.20579970652853727 0.5401289102668374 0.23751748379637022 0.5533446302726831 0.25240398670491615
0 0.6653985615326156 0.18375492849791408 0.6605051130040273 0.15111358500764183 0.6282223989266608 0.1597174683209238 0.633115847455249 0.19235881181119607
0 0.596385 0.06897400000000008 0.574865 0.06897400000000008 0.574865 0.11606400000000011 0.596385 0.11606400000000011
0 0.5027290059922006 0.15022620247968085 0.48810315768865375 0.13743686771779726 0.47114187757882364 0.17192019857836618 0.48576772588237044 0.18470953334024978
0 0.4552892878604855 0.13537641312992402 0.43708312417651984 0.12892571806290562 0.428983890288011 0.169563813332935 0.44719005397197664 0.17601450839995336
0 0.3886130844301494 0.14237846798364284 0.3833304500033087 0.11837345330884357 0.36000622646236435 0.12749846122357708 0.36528886088920504 0.15150347589837634
0 0.28482168596486696 0.076615862201707 0.2619033568583192 0.05717864990967248 0.2525067224048829 0.07687559068603703 0.27542505151143076 0.09631280297807154
0 0.3429578979873848 0.05026081148521219 0.3149130301087659 0.04486655018084143 0.31129745747142584 0.07828420603508741 0.3393423253500447 0.08367846733945818
0 0.4325415843034499 0.017031704453606047 0.4141111062934156 0.001935417673469977 0.40005685645557537 0.032439053300350504 0.4184873344656098 0.04753534008048658
0 0.18721200000000005 0.6613590000000001 0.14755800000000005 0.6613590000000001 0.14755800000000005 0.698179 0.18721200000000005 0.698179
0 0.25847502246980825 0.6945356081597066 0.24372561468214404 0.6781839062692508 0.2237985757584228 0.7101383943565179 0.238547983546087 0.7264900962469736
0 0.3021019361847994 0.7661232424697069 0.28458254604392036 0.7561451995980989 0.2735001775092734 0.7907378374159385 0.29101956765015247 0.8007158802875467
0 0.34609844332595624 0.8512728771040334 0.33647445840466794 0.8256125437036148 0.3180326992646036 0.837908787290786 0.32765668418589183 0.8635691206912045
0 0.3532615604416534 0.7758084846188459 0.3519360114390893 0.7494305712628037 0.33390103159220064 0.7510417676687345 0.33522658059476473 0.7774196810247768