0 0.5619431009823563 0.711105043907257 0.5516900141962728 0.670052710724108 0.5360767905284499 0.6769851622718556 0.5463298773145332 0.7180374954550046
0 0.4820706600966426 0.8746652823158063 0.47804129794295014 0.8341066629217679 0.45571147550253976 0.8380504720020274 0.45974083765623225 0.8786090913960659
0 0.4056385949769022 0.8529249480273992 0.3976973784049279 0.8282481097541551 0.37416531318961394 0.8417108988371471 0.3821065297615882 0.8663877371103912
0 0.5487109371639199 0.8407623591174841 0.548479908064028 0.8191033810026374 0.5259968850745053 0.8195297257348835 0.5262279141743971 0.8411887038497302
0 0.44384600000000013 0.762308 0.4200870000000001 0.762308 0.4200870000000001 0.787474 0.44384600000000013 0.787474
0 0.3180956341014955 0.7910093886569864 0.3055454595785015 0.7742811500908394 0.28334716075957794 0.8038883078786266 0.29589733528257206 0.8206165464447739
0 0.40322911193105104 0.7278265613433553 0.39584911076314155 0.7081503479464568 0.37208056868540945 0.7239990946092284 0.37946056985331894 0.7436753080061269
0 0.29565202695938425 0.7544047770432581 0.2849695585398873 0.727288286015489 0.2664799206782469 0.7402375178541194 0.2771623890977438 0.7673540088818885
0 0.33304097417125345 0.6595290323048829 0.3126330554680005 0.6478381198201789 0.3005584509323819 0.6853095867389675 0.32096636963563485 0.6970004992236715
0 0.23561351724137944 0.6679827241379312 0.20495958189655203 0.6504661896551721 0.19658380172413786 0.6765241724137928 0.22723773706896527 0.6940407068965521
0 0.27013984088426746 0.6081501715711285 0.268736246692767 0.5802595853241946 0.23582333419079354 0.5832041948162289 0.23722692838229395 0.6110947810631627
0 0.38208630000000005 0.6430384666666666 0.3711803999999998 0.6139560666666666 0.3531615999999999 0.6259686 0.36406750000000015 0.6550510000000002
0 0.4214996256044402 0.5753118115986475 0.4092791678957772 0.5426259451596012 0.3948747098398534 0.5522001313094816 0.4070951675485164 0.584885997748528
0 0.3504439337743293 0.5299476526059759 0.3358730486767817 0.5066733529199596 0.3109939969595798 0.5343632031971809 0.32556488205712747 0.5576375028831971
0 0.23916038487839253 0.5304730691657211 0.20840981031059141 0.5052629597606044 0.1969625617377359 0.5300861211663259 0.22771313630553702 0.5552962305714425
0 0.2599180765769463 0.4767390493484455 0.2477625060693816 0.45040652031973144 0.21904503254043606 0.4739736383988916 0.23120060304800075 0.5003061674276056
0 0.31636432720131585 0.47159886702820397 0.31323653264882856 0.4403377376030772 0.29243073092226174 0.44403853647572467 0.2955585254747491 0.47529966590085154
0 0.395865 0.443692 0.367115 0.443692 0.367115 0.47347400000000006 0.395865 0.47347400000000006
0 0.472933 0.4459230000000002 0.446125 0.4459230000000001 0.446125 0.47628200000000004 0.472933 0.47628200000000015
0 0.5058345579874496 0.720418984988517 0.4847258477510318 0.7007563769688353 0.47355042974998596 0.722084951274276 0.49465913998640376 0.7417475592939575
0 0.6463943778615612 0.7083792323067377 0.6277930643760551 0.6991799962958316 0.6178954735906879 0.7347594125249586 0.6364967870761938 0.7439586485358647
0 0.6988388818697916 0.7168609354779684 0.6744556249297294 0.7068671486447317 0.6694050323861837 0.728774074572265 0.6937882893262458 0.7387678614055014
0 0.6250934194855822 0.6565554573561779 0.6201774401471747 0.6319116129654304 0.59487480651704 0.6408847601496498 0.5997907858554475 0.6655286045403972
0 0.727349467733728 0.6244624026154978 0.7251787276713589 0.5811302246922758 0.702289890772651 0.5831686673613228 0.7044606308350202 0.6265008452845447
0 0.6016184604033786 0.5353265841751423 0.5730825914311857 0.5330921278771563 0.5717852941508759 0.5625455809449298 0.6003211631230688 0.5647800372429158
0 0.5415858889103174 0.4391027313103589 0.5274776232858083 0.437258161295566 0.5251372211666899 0.46908155114903577 0.539245486791199 0.4709261211638287
0 0.601923 0.4665130000000001 0.579288 0.4665130000000001 0.579288 0.4895640000000001 0.601923 0.4895640000000001
0 0.771705811452862 0.5172619179288611 0.7445646146528325 0.5102174471533352 0.7404857685797059 0.5381554535107933 0.7676269653797354 0.5451999242863192
0 0.7111834121614588 0.49330373540558536 0.69676544250294 0.47648645804236184 0.6788572830598917 0.5037810650680231 0.6932752527184105 0.5205983424312467
0 0.7751609028442774 0.4426084336396193 0.7577178975441016 0.4307515564508071 0.7457547402089378 0.4620393025663969 0.7631977455091137 0.47389617975520915
0 0.6519791713695547 0.43176235068012037 0.6296691863783223 0.4261999136291553 0.6245429411013974 0.4627519034667685 0.6468529260926299 0.4683143405177335
0 0.16657088594507027 0.4466925619570492 0.16209831378710804 0.40198509577399083 0.13673985874362504 0.4064951063801546 0.14121243090158728 0.45120257256321294
0 0.1713582190532318 0.3283740108088249 0.1544041146315274 0.3253581013253279 0.15124585919784223 0.35692131940442184 0.16819996361954664 0.3599372288879188
0 0.269187678600314 0.38428391789524385 0.2550836217871384 0.35945809403120477 0.2298740603756517 0.38491954459029193 0.24397811718882728 0.409745368454331
0 0.23592716624260932 0.27879995366917454 0.21760633870195292 0.24326274563818567 0.20070405670415464 0.25875392913891027 0.21902488424481098 0.29429113716989913
0 0.3034621618689592 0.33081183466496344 0.29374100099479583 0.2945444267882761 0.27787645632847113 0.3021041639946803 0.28759761720263444 0.33837157187136774
0 0.3995779576644595 0.3999615930807798 0.3826241569557517 0.38450715351412623 0.37382556437274767 0.4016666482011181 0.39077936508145544 0.41712108776777157
0 0.3925467383879353 0.34076170424616675 0.3835998966980269 0.31798638714996597 0.3586070848566383 0.3354405053750078 0.36755392654654656 0.3582158224712086
0 0.33694510521511656 0.22130358963993865 0.3106817262735282 0.2191436518680487 0.3094730587582684 0.2452709008457455 0.3357364376998567 0.24743083861763543
0 0.33401 0.12794900000000006 0.301125 0.12794900000000006 0.301125 0.15767900000000007 0.33401 0.15767900000000007
0 0.31573260081904203 0.04484591844812852 0.29749066517513145 0.04067358762093129 0.2923793451381644 0.08040213905239622 0.31062128078207496 0.08457446987959348
0 0.37240767732043156 0.08150687809684107 0.35302209153560793 0.06563827086514187 0.33969339033312934 0.09458539498967318 0.3590789761179529 0.11045400222137237
0 0.4095043854282067 0.19344043963786797 0.3986560774828042 0.15008004834448813 0.3794693662447982 0.15861393410256897 0.39031767419020075 0.20197432539594884
0 0.555192 0.3630260000000001 0.533606 0.3630260000000001 0.533606 0.40562800000000016 0.555192 0.40562800000000016
0 0.5106155347398924 0.34227798900464856 0.4939348505327871 0.3253603621624151 0.47607143310643774 0.3566727681428008 0.49275211731354307 0.37359039498503427
0 0.47032709022637004 0.27515139858738835 0.4482742872207662 0.24567161019710376 0.43139112468595714 0.2681244206937243 0.45344392769156094 0.2976042090840088
0 0.8008681350523758 0.3599503619317071 0.779640210816994 0.3344793055268034 0.7674919371896067 0.35247848096060835 0.7887198614249885 0.37794953736551207
0 0.7275379879389063 0.3702503336217246 0.7249919594103231 0.3280923445692658 0.7034819700813008 0.33040175459620313 0.706027998609884 0.37255974364866196
0 0.663952 0.29370500000000005 0.642288 0.29370500000000005 0.642288 0.33480800000000016 0.663952 0.33480800000000016
0 0.6090217349818532 0.34292396504810735 0.6051409629519345 0.3039872165228623 0.5852425493234504 0.3075129897593252 0.5891233213533691 0.34644973828457026
0 0.562051093399012 0.3081655422345873 0.5596137958184069 0.28366588203451454 0.5355309501359075 0.28792513831529226 0.5379682477165126 0.312424798515365
0 0.5320938114048801 0.26233990908717564 0.5237877274017467 0.23641319904259833 0.49796367649706386 0.2511211018276542 0.5062697605001971 0.2770478118722315
0 0.7810335470367566 0.23437791356003412 0.7530747420536463 0.21142330758639932 0.7396070877999011 0.24058536725555882 0.7675658927830115 0.2635399732291936
0 0.7028150923809688 0.25177518674357274 0.6796265036671505 0.24230763235558933 0.6743272354232546 0.2653820041415641 0.6975158241370729 0.2748495585295475
0 0.6953997851217457 0.2062692910605817 0.6937567238018232 0.1680270064701749 0.6696734356047181 0.16986652089909798 0.6713164969246407 0.20810880548950475
0 0.6130529513332101 0.22096203509116083 0.6086479928973316 0.19167207456056878 0.5796491964312749 0.19942526542624295 0.5840541548671534 0.228715225956835
0 0.5545793921706631 0.20418137174191778 0.5476371901653855 0.17149226559941858 0.5345561164582407 0.17643099313622113 0.5414983184635186 0.20912009927872033
0 0.5864116700567197 0.15871086634977088 0.5763841676340755 0.13695916058694574 0.5575623317441446 0.15238464855498093 0.5675898341667889 0.17413635431780608
0 0.5032043610775511 0.1848107869828114 0.4952186571717793 0.16617886211339036 0.47089964848642785 0.1847090072156904 0.4788853523921995 0.2033409320851114
0 0.4582922082533986 0.05128464879479511 0.4389448695773514 0.047822333858966073 0.43463976675820554 0.09059001133408937 0.45398710543425275 0.0940523262699184
0 0.1527927815327687 0.2768804654189559 0.1507264626673441 0.2348938949459924 0.13075444116116525 0.23664127122915501 0.1328207600265899 0.2786278417021186