0 0.9462079004691689 0.08054240672475425 0.9440997821715817 0.05032604445933871 0.9092338827915549 0.05465049709562109 0.9113420010891421 0.08486685936103662
0 0.85791015625 0.046223958333333474 0.8271484375 0.04622395833333346 0.8271484375 0.07942708333333347 0.85791015625 0.07942708333333347
0 0.78076171875 0.04427083333333346 0.7490234375 0.04427083333333346 0.7490234375 0.07942708333333347 0.78076171875 0.07942708333333347
0 0.7109375 0.04492187500000011 0.67333984375 0.04492187500000011 0.67333984375 0.07877604166666678 0.7109375 0.07877604166666678
0 0.6267409752155172 0.07277747844827588 0.6247171336206896 0.0403960129310345 0.5931573275862069 0.04390265804597702 0.5951811691810345 0.0762841235632184
0 0.5064847342388673 0.07139399806389159 0.5040499455469505 0.03676589222329784 0.4727848196999031 0.04067403295417876 0.47521960839181987 0.0753021387947725
0 0.39404296875 0.04166666666666672 0.361328125 0.04166666666666672 0.361328125 0.07031250000000006 0.39404296875 0.07031250000000006
0 0.25608431355337075 0.040145131086142365 0.22172796699438202 0.035782420411985046 0.21954661165730335 0.06632139513108616 0.2539029582162921 0.07068410580524348
0 0.13790802908415845 0.043387737211221154 0.0992806311881188 0.03823741749174919 0.09709061726485148 0.06743760313531355 0.13571801516089113 0.0725879228547855
0 0.04501693860619469 0.04562476954277287 0.008233804618362837 0.04235515763274336 0.006676057798672568 0.07351009402654866 0.043459191786504425 0.07677970593657818
0 0.9443359375 0.21549479166666682 0.91162109375 0.21549479166666682 0.91162109375 0.24544270833333348 0.9443359375 0.24544270833333348
0 0.8713983251324754 0.2361270462717638 0.8687295964231643 0.210507250662377 0.8325354253406511 0.21720987493691646 0.8352041540499622 0.24282967054630325
0 0.7978142233455884 0.21158471200980408 0.7630514705882354 0.20801930147058836 0.7612678079044118 0.2389361213235296 0.7960305606617648 0.24250153186274528
0 0.68359375 0.21158854166666677 0.65283203125 0.21158854166666674 0.65283203125 0.23697916666666674 0.68359375 0.23697916666666677
0 0.603759765625 0.2373046875 0.6029263431078767 0.20730147688356163 0.5723512414383563 0.20881135844748858 0.5731846639554795 0.23881456906392695
0 0.5196451899799244 0.2342018604353645 0.5192410951523382 0.20941737767674384 0.48416511056329714 0.2104340728822233 0.4845692053908834 0.23521855564084396
0 0.3994140625 0.20572916666666674 0.37158203125 0.20572916666666674 0.37158203125 0.23046875000000008 0.3994140625 0.23046875000000008
0 0.325446824250915 0.22916607102012812 0.3241941795802837 0.20160788826623974 0.2944737998913541 0.20400953510978959 0.2957264445619854 0.231567717863678
0 0.250548873766116 0.22759493352135374 0.24798352827860595 0.19766590283373622 0.21494683596897662 0.20270006547139405 0.2175121814564867 0.23262909615901153
0 0.14208330119446405 0.23032963460860367 0.13772527051745415 0.19961589459920073 0.1056312808533145 0.20771167577574048 0.10998931153032439 0.23842541578514342
0 0.06874966924216765 0.23517929279565342 0.06560953707133785 0.20670876111346315 0.03582231358488569 0.21254939316963026 0.038962445755715495 0.24101992485182053
0 0.8929213258785943 0.31928913738019177 0.8592252396166133 0.3174920127795528 0.8582705171725239 0.34931609424920135 0.8919666034345048 0.3511132188498404
0 0.8125 0.31445312500000017 0.78271484375 0.31445312500000017 0.78271484375 0.3483072916666668 0.8125 0.3483072916666668
0 0.7250773443872349 0.31670309526237095 0.6929885839365826 0.3154806662928223 0.6923724574327081 0.34423323647362714 0.7244612178833606 0.3454556654431758
0 0.615234375 0.31119791666666674 0.58349609375 0.31119791666666674 0.58349609375 0.34179687500000017 0.615234375 0.34179687500000017
0 0.515043075770548 0.3130351027397261 0.48472014126712326 0.30877925228310515 0.48231217893835615 0.33928010844748874 0.5126351134417808 0.34353595890410976
0 0.4072462248322148 0.31134647651006725 0.3785431522651007 0.3056767337807607 0.3753237730704699 0.3346511465324385 0.40402684563758395 0.34032088926174503
0 0.32969408356741586 0.3113661633895131 0.29918583216292144 0.30749209971910113 0.2972041783707866 0.3352352528089888 0.32771242977528103 0.3391093164794008
0 0.23314565472898233 0.305836905420354 0.2039784119192478 0.3032442616150443 0.20243794939159293 0.3340535121681416 0.23160519220132747 0.3366461559734513
0 0.16995634191176473 0.3122931985294118 0.1374885110294118 0.3026731004901961 0.1321920955882353 0.3344515931372549 0.16465992647058825 0.3440716911764706
0 0.9306640625 0.4615885416666668 0.9013671875 0.4615885416666668 0.9013671875 0.4947916666666668 0.9306640625 0.4947916666666668
0 0.7278461416645011 0.45930718879937643 0.7271507723167879 0.4305652557605683 0.6945800781250001 0.4319661458333333 0.6952754474727133 0.46070807887214144
0 0.6603731538412779 0.4571316134212306 0.6567184726800203 0.4269195824881677 0.628624968306288 0.43296119633198105 0.6322796494675457 0.46317322726504395
0 0.5393934168995759 0.4585923445129787 0.5387673477255204 0.428541024158314 0.5026759468966846 0.42987774270753015 0.5033020160707401 0.45992906306219483
0 0.3839497338098016 0.45044638516141594 0.38080012033255534 0.42000012154803584 0.3505466243071762 0.42556398288603664 0.35369623778442244 0.4560102464994167
0 0.30078125 0.4212239583333333 0.26806640625 0.4212239583333333 0.26806640625 0.4524739583333333 0.30078125 0.4524739583333333
0 0.21673422759433963 0.4525058962264152 0.21565540241745285 0.4194219241352201 0.18115879274764152 0.42142172759433966 0.1822376179245283 0.4545056996855347
0 0.09868084828220083 0.4584700124661934 0.09455076144143003 0.42432796124915484 0.06639585050076065 0.43038278080628806 0.07052593734153144 0.4645248320233266
0 0.9488247806078767 0.5949120647831051 0.9155949004708905 0.5932710830479454 0.9145695098458906 0.6301851455479454 0.9477993899828767 0.6318261272831052
0 0.8842692896262887 0.5881268792955326 0.851489006121134 0.5861401954467355 0.8501248389175258 0.6261557667525776 0.8829051224226805 0.6281424506013747
0 0.8033134693591939 0.6170012430848261 0.7990094939574552 0.5817496350324903 0.7681569620982613 0.5884463086143309 0.7724609375000001 0.6236979166666666
0 0.71826171875 0.5794270833333335 0.6875 0.5794270833333335 0.6875 0.6165364583333335 0.71826171875 0.6165364583333335
0 0.63818359375 0.5774739583333335 0.603515625 0.5774739583333335 0.603515625 0.6158854166666669 0.63818359375 0.6158854166666669
0 0.55078125 0.5774739583333335 0.51416015625 0.5774739583333335 0.51416015625 0.6152343750000001 0.55078125 0.6152343750000001
0 0.4463686015271493 0.6116020927601811 0.4449026530684389 0.5705555359162897 0.40504697221436653 0.5730860553355959 0.4065129206730769 0.6141326121794872
0 0.35189607827970304 0.5710731229372937 0.3187316290222773 0.566651196369637 0.31586478960396047 0.6048757219471949 0.3490292388613862 0.6092976485148516
0 0.2854164290602189 0.6059344586374696 0.28470824304288317 0.5709972817822384 0.2527161981067518 0.5721501482664233 0.2534243841240876 0.6070873251216545
0 0.22563558505059228 0.5979326052977952 0.20232726508514315 0.5654422198914116 0.18406805281342548 0.5887293311944718 0.2073763727788746 0.6212197166008555
0 0.12420734489051097 0.5983491104014599 0.10213845802919716 0.5672891955596108 0.08027914005474457 0.5949009656326035 0.10234802691605838 0.6259608804744526
0 0.05126819349315073 0.587582049086758 0.025418717893835666 0.5839540525114155 0.02276460830479457 0.6175727739726028 0.04861408390410964 0.6212007705479453
0 0.0682550299657535 0.7713345462328767 0.05248153895547952 0.7486854309360731 0.0304379815924658 0.7759774543378996 0.04621147260273978 0.7986265696347031
0 0.13671875000000006 0.7571614583333334 0.10546875000000008 0.7571614583333334 0.10546875000000008 0.79296875 0.13671875000000006 0.79296875
0 0.2096716729525862 0.7786516702586206 0.20433762122844826 0.7494131645114942 0.1731512661637931 0.759527658045977 0.17848531788793104 0.7887661637931034
0 0.28321996228448276 0.7815193965517242 0.277604080321618 0.7459521441202476 0.24381683106763927 0.7554362842617152 0.24943271303050402 0.7910035366931919
0 0.3848780009116693 0.7808279308481901 0.3827626430814424 0.7479223646002161 0.34874914530996753 0.7518096214883846 0.3508645031401944 0.7847151877363587
0 0.4784168368018967 0.7842541216631543 0.4742731349611433 0.7503152303960311 0.43641821777858275 0.7585318015674396 0.4405619196193362 0.7924706928345628
0 0.5505100268913132 0.78747312992795 0.5499074416292823 0.7593524843665036 0.5149332018505302 0.7606848363580752 0.5155357871125612 0.7888054819195216
0 0.6352637646600356 0.7920478585213777 0.6343840465409739 0.7580320912509898 0.6037093137618765 0.7594424237925574 0.6045890318809383 0.7934581910629454
0 0.6977529608845595 0.7729900270248468 0.6952657044106969 0.7376157127299129 0.6633955446817521 0.741599482696031 0.6658828011556147 0.7769737969909648
0 0.785128994395784 0.7795450749703089 0.7841698290899645 0.7424573498119557 0.7523178861713182 0.7439218069576405 0.7532770514771377 0.7810095321159939
0 0.8760898585277429 0.7824428922341321 0.873274698534048 0.7474097900903741 0.8397415372793191 0.7522002416981924 0.842556697273014 0.7872333438419505
0 0.9947656249999998 0.7961979166666667 0.9905859374999998 0.7571875 0.962900390625 0.7624609374999999 0.967080078125 0.8014713541666666
0 0.9921875 0.922526041666667 0.95654296875 0.922526041666667 0.95654296875 0.9602864583333336 0.9921875 0.9602864583333336
0 0.9176095406016209 0.9164799589567748 0.8847814545667083 0.9142914198877806 0.8834310707605987 0.9503016547173734 0.9162591567955113 0.9524901937863676
0 0.8437745048210968 0.9164161729399011 0.8126924082249072 0.9110105909231726 0.8097763345144053 0.9408193444083026 0.840858431110595 0.9462249264250312
0 0.7769083180147058 0.9392662377450979 0.7736994485294117 0.8979074754901962 0.7406479779411765 0.9024662990196081 0.7438568474264706 0.9438250612745097
0 0.6990591653963415 0.9332952235772357 0.6982145579268293 0.8972586382113822 0.6633212652439024 0.8987125254065041 0.6641658727134147 0.9347491107723577
0 0.60595703125 0.890625 0.5693359375 0.890625 0.5693359375 0.9303385416666666 0.60595703125 0.9303385416666666
0 0.4896230342129254 0.921479837756618 0.4872263409136952 0.8841979419908156 0.4472715603474473 0.8887642026269581 0.4496682536466775 0.9260460983927605
0 0.3695063694267516 0.9153471669320595 0.368640525477707 0.8830223261677284 0.3322576632165606 0.8847548434182592 0.3331235071656051 0.9170796841825903
0 0.28843401918316836 0.9115421307755777 0.28584757889851486 0.8770562603135313 0.2530215423886139 0.8814330651815182 0.25560798267326734 0.9159189356435644
0 0.21124057112068964 0.9143543462643678 0.2092436691810345 0.8824039152298851 0.1725922683189655 0.8864762931034483 0.1745891702586207 0.9184267241379311
0 0.11902467232074027 0.8831698952711385 0.08141534550886668 0.8817769572410691 0.08070005300693917 0.9161109973335902 0.11830937981881275 0.9175039353636597
0 0.09079873100828742 0.9165623561233888 0.05632445614640899 0.8985044026243095 0.04741022099447528 0.9287587764732965 0.08188449585635371 0.9468167299723759