0 0.0842885880816246 0.06544611757360673 0.08174475059148265 0.03718125657202943 0.041600176212539426 0.04360438847266035 0.04414401370268139 0.07186924947423765
0 0.18898370439914164 0.057006661301859836 0.15291376072961374 0.02741081008583693 0.13800965665236054 0.05970303558655223 0.17407960032188843 0.08929888680257514
0 0.3112257050304878 0.07976054369918699 0.307932783917683 0.040245490345528455 0.2675245331554878 0.04623189786585366 0.2708174542682926 0.08574695121951219
0 0.400390625 0.053385416666666734 0.35791015625 0.05338541666666672 0.35791015625 0.08658854166666674 0.400390625 0.08658854166666674
0 0.46518578506097563 0.08425495426829266 0.4644507431402439 0.052893165650406505 0.4244354992378049 0.0545604674796748 0.4251705411585366 0.08592225609756095
0 0.5689068538954435 0.08764429922701382 0.5674551210333605 0.05377053244507729 0.52393094614524 0.05708666005560076 0.525382679007323 0.09096042683753729
0 0.7036462732263512 0.06243841497747763 0.6733926309121621 0.033625422297297515 0.6550161000844594 0.06792827984234262 0.6852697423986485 0.09674127252252274
0 0.8097782358924759 0.058894604900391556 0.7804626008871396 0.02795032350586994 0.7604920540955173 0.0615849286286021 0.7898076891008536 0.09252921002312371
0 0.9112920802038627 0.056009142525035825 0.8791795198497854 0.029433230507868464 0.8645436561158798 0.060873234084406404 0.8966562164699571 0.08744914610157377
0 1.0046582031249998 0.05194010416666702 0.9678457031249998 0.025023437500000394 0.9535351562499998 0.059817708333333774 0.9903476562499998 0.0867343750000004
0 0.09551075920367616 0.3195767924812296 0.09208552745165746 0.2882603878913444 0.05273084725616235 0.2959126868182463 0.056156079008181044 0.32722909140813145
0 0.19376824718858132 0.31889327422145336 0.18190081639273356 0.289224697231834 0.14789008434256057 0.3134101066897348 0.15975751513840833 0.3430786836793542
0 0.3269611889870539 0.32341189570212275 0.30888555698915326 0.2919760139666434 0.27977319694716585 0.32173531534289723 0.2978488289450665 0.3531711970783766
0 0.4056540293236301 0.33857109731735163 0.4047677654109589 0.30666559646118724 0.36682429901541097 0.30853934788812787 0.3677105629280822 0.3404448487442923
0 0.4813386969610092 0.33528287461773704 0.47726759604357805 0.3040711009174312 0.4376003440366973 0.31326930428134564 0.44167144495412847 0.34448107798165145
0 0.5609871285860655 0.33783726092896177 0.5586097592213114 0.30296917691256836 0.518766809682377 0.30779862534153013 0.5211441790471311 0.3426667093579236
0 0.6564416273584907 0.32094634433962266 0.6342681308962266 0.28869398584905664 0.6091502063679246 0.31939367138364794 0.6313237028301888 0.3516460298742139
0 0.785804635708822 0.3316962673168451 0.7829486510390107 0.29818604719105896 0.7456769306157571 0.3038332775582186 0.7485329152855685 0.3373434976840047
0 0.9135822233606558 0.33279969262295084 0.9110487640881147 0.29564228995901637 0.8740674628586067 0.3001248719262295 0.8766009221311477 0.33728227459016397
0 0.9722183070231958 0.3029088810137457 0.9613326554445876 0.26517195554123724 0.9285473381121134 0.2819849387886599 0.9394329896907216 0.31972186426116833
0 0.9936523437500001 0.4928385416666667 0.9901592548076924 0.45557892628205127 0.9548828125 0.4614583333333333 0.9583759014423077 0.4987179487179487
0 0.8914566247171944 0.4733391072775266 0.8704159007352941 0.44645373774509817 0.8492457048925338 0.47590792326546016 0.8702864288744343 0.5027932927978885
0 0.7805647533938646 0.48745114891866476 0.7759488082907263 0.454919726287024 0.7406441455835684 0.46382540696991076 0.7452600906867066 0.4963568296015515
0 0.7032531020220588 0.49340456495098045 0.7003303079044118 0.4557329963235294 0.6623810891544116 0.4609673713235294 0.6653038832720587 0.49863893995098046
0 0.610950397995283 0.49009925314465413 0.6037643720518867 0.456564465408805 0.5688108048349055 0.46988011006289304 0.5759968307783018 0.5034148977987423
0 0.5304601332720588 0.4797985600490197 0.513409103611884 0.4531099918852677 0.48825757340520665 0.48167716199655547 0.5053086030653815 0.5083657301603075
0 0.4625605380373303 0.4936021163273001 0.45972541360294117 0.4624157475490196 0.42074731334841625 0.46871523849924585 0.4235824377828054 0.49990160727752636
0 0.36904877011138615 0.47989505981848196 0.34410775061881194 0.45268667491749187 0.3260292581992575 0.4821479218234325 0.3509702776918317 0.5093563067244226
0 0.26686085668103443 0.49047683189655183 0.26471241918103444 0.4561018318965518 0.22696996228448274 0.46029543821839086 0.22911839978448276 0.4946704382183909
0 0.17057024846311475 0.48672301912568305 0.16800477074795084 0.449096012636612 0.12736936475409832 0.4540215163934426 0.12993484246926226 0.49164852288251365
0 0.06935594902663934 0.481413294057377 0.06685050589139345 0.4446667947404372 0.025906922387295087 0.44962965334699456 0.02841236552254098 0.48637615266393436
0 0.15520293445121955 0.6057158282520325 0.1544374047256098 0.5730532266260162 0.11736423399390243 0.5745979420731707 0.11812976371951218 0.607260543699187
0 0.28754308363970593 0.6121438419117647 0.28477711397058825 0.5764935661764705 0.24816061580882354 0.5815441176470587 0.25092658547794117 0.617194393382353
0 0.44367745190822006 0.6131822659147096 0.4392412749150185 0.5800588110321384 0.4043602489570457 0.5883638172126081 0.40879642595024723 0.6214872720951794
0 0.5806443364245634 0.6153593879883624 0.5793743181109724 0.5814922329592686 0.5408719412406483 0.5840590580839568 0.5421419595542393 0.6179262131130506
0 0.7031233075173309 0.6132270905545928 0.7020316561958405 0.5782942482668978 0.6664082809792028 0.5802733246678221 0.6674999323006932 0.6152061669555171
0 0.8426229260631442 0.610339481314433 0.8401568540592782 0.5763624892611684 0.8079952279317009 0.5805123765034365 0.8104612999355668 0.6144893685567011
0 0.950450206464111 0.7566867183251769 0.9497811098083199 0.7254622077215878 0.911865632646819 0.7269066068515498 0.9125347293026101 0.758131117455139
0 0.8361181484624601 0.7458013012513313 0.8293330670926518 0.7145488052449415 0.7937886880990415 0.7282676883652822 0.8005737694688498 0.759520184371672
0 0.712890625 0.7194010416666666 0.67724609375 0.7194010416666666 0.67724609375 0.7565104166666666 0.712890625 0.7565104166666666
0 0.6099068071312803 0.7504600553754727 0.6079956252532415 0.7207305594948675 0.5749100201326987 0.7245117715086439 0.5768212020107375 0.754241267389249
0 0.549048447027439 0.751341780995935 0.5465713128810975 0.7216161712398373 0.5118437976371951 0.7267609883130081 0.5143209317835366 0.7564865980691057
0 0.46949630877293574 0.7535407110091743 0.46879882812499996 0.7228515625000002 0.4333939578555046 0.7242820623088687 0.4340914385034404 0.7549712108180429
0 0.3555280394124394 0.7258394326767404 0.31780758820156507 0.7235001798884692 0.3167625134916352 0.7534589882397914 0.3544829647025095 0.7557982410280627
0 0.2486651959196891 0.7510598823402419 0.24722716968911918 0.7213406735751295 0.21212253076424872 0.7243604274611398 0.21356055699481868 0.7540796362262522
0 0.18622671274038458 0.7359124599358974 0.1687424879807692 0.7059395032051282 0.14247671274038462 0.7331780849358974 0.15996093749999998 0.7631510416666666
0 0.08764648437500008 0.7360026041666666 0.06494140625000003 0.7057291666666666 0.042236328125 0.7360026041666666 0.06494140625000006 0.7662760416666669
0 0.03271484375000008 0.8932291666666666 8.225105821421799e-17 0.8932291666666666 8.401507582041167e-17 0.931640625 0.03271484375000008 0.931640625
0 0.14530408135775863 0.9250695941091953 0.1435260641163793 0.8847678699712644 0.10454101562499998 0.8878255208333333 0.1063190328663793 0.9281272449712642
0 0.2619628906250001 0.9065755208333336 0.23876953125000008 0.875651041666667 0.2165527343750001 0.9052734375000001 0.2397460937500001 0.9361979166666669
0 0.35699201440177253 0.9245512909281142 0.3560493503046529 0.8918722688946331 0.3182446974242984 0.8938109690423436 0.319187361521418 0.9264899910758246
0 0.413291049810385 0.9179983773337224 0.4100229269982497 0.8864065234830808 0.3738542198439323 0.8930582397413459 0.37712234265606764 0.9246500935919876
0 0.4891347529629254 0.9208287960899515 0.48708705809359804 0.888975764789303 0.4510931327238654 0.8930893562601296 0.4531408275931928 0.924942387560778
0 0.5676649712711069 0.916546962945591 0.5594631288109756 0.882177337398374 0.5239514320473733 0.8972429057223265 0.5321532745075046 0.9316125312695435
0 0.659716796875 0.9188151041666667 0.65205078125 0.8881510416666666 0.619091796875 0.9027994791666666 0.6267578125 0.9334635416666667
0 0.7333984375 0.8893229166666666 0.6962890625 0.8893229166666666 0.6962890625 0.931640625 0.7333984375 0.931640625
0 0.8518321531431424 0.8976924399794389 0.8121594787509073 0.8934035022073054 0.8100068600326562 0.9288021211296567 0.8496795344248913 0.9330910589017902