0 0.044081191671380096 0.12099211679864257 0.04278205422794118 0.08461626838235294 0.003019168905542986 0.08714089602187029 0.004318306348981901 0.12351674443815991
0 0.12332817377006541 0.11628912443024177 0.12268400248959573 0.08107442776456601 0.089833879867717 0.08214272443519621 0.09047805114818669 0.11735742110087198
0 0.20603799904242778 0.10882140357984676 0.20342078852386564 0.07305285982616383 0.1674045074948438 0.07773790451286586 0.17002171801340596 0.1135064482665488
0 0.29360271516393444 0.09473830259562842 0.2882108094262295 0.06418417008196721 0.2442847079918033 0.07796490778688522 0.2496766137295082 0.10851904030054642
0 0.34836432482273566 0.07589370806648375 0.317213946706313 0.0733765057944496 0.3160292057410797 0.09944080702958225 0.34717958385750236 0.10195800930161641
0 0.4152708535992217 0.09283550178339817 0.4136388162694552 0.0580187054150454 0.37864975984922183 0.0609344601167315 0.38028179717898836 0.09575125648508427
0 0.4865001727442938 0.08101057269377082 0.48113674103958626 0.04382411287446506 0.4441555311608416 0.053306474381835466 0.44951896286554915 0.09049293420114123
0 0.5797454209835845 0.07437082324183708 0.5778650914121367 0.03843563587639037 0.5385284916576965 0.042094854458198765 0.5404088212291442 0.07803004182364547
0 0.6713528397387251 0.060360540437987886 0.6643974787239808 0.02210605485689506 0.6261057262304857 0.034483186976004644 0.6330610872452298 0.07273767255709747
0 0.7325033115268167 0.021264507641291935 0.6973713911115917 0.02003180867935421 0.6965887894679931 0.05968362528835075 0.731720709883218 0.06091632425028848
0 0.82177734375 0.011718750000000132 0.7861328125 0.01171875000000013 0.7861328125 0.053385416666666796 0.82177734375 0.053385416666666796
0 0.9225610241091631 0.04264617505656108 0.9212309548218327 0.005404235011312218 0.8819552460407241 0.007897930806938161 0.8832853153280544 0.04513987085218702
0 0.9344489983009292 0.11684920925097515 0.9005959518023056 0.11328573067217267 0.8982761958017893 0.15246383201422356 0.9321292423004129 0.15602731059302608
0 0.8176906006809338 0.1268973938067446 0.7855894333657587 0.12422229653048 0.7838756991731517 0.1607819593060961 0.8159768664883268 0.1634570565823607
0 0.6849433813202246 0.13149578651685404 0.6538360252808989 0.12754564606741584 0.6507834445224719 0.17028177668539335 0.6818908005617976 0.17423191713483155
0 0.5233601120283019 0.1922882272012579 0.5221440153301887 0.15499459512578614 0.48349425117924527 0.157235161163522 0.4847103478773585 0.19452879323899372
0 0.468330078125 0.1744661458333333 0.464326171875 0.13709635416666666 0.42754882812499995 0.14410156249999997 0.4315527343749999 0.18147135416666663
0 0.34344692887931033 0.21064565373563218 0.3414837015086207 0.17923401580459772 0.3114190463362069 0.18257453304597704 0.31338227370689653 0.21398617097701153
0 0.2295500348328026 0.16190286624203826 0.19292334295382169 0.16015873805732486 0.19188271297770704 0.19900892383227178 0.22850940485668794 0.20075305201698515
0 0.15643857758620688 0.2250224497126437 0.15407125538793104 0.1871452945402299 0.11487405711206895 0.19150053879310347 0.11724137931034483 0.2293776939655173
0 0.08727243405963306 0.18178397362385326 0.05237600344036699 0.1678254013761468 0.04388259747706424 0.20557387232415902 0.0787790280963303 0.21953244457186546
0 0.07175077685272047 0.31713912992495313 0.03215968720684805 0.3125488586616636 0.029755841053001903 0.3494078330206379 0.06934693069887432 0.3539981042839275
0 0.1925139976229937 0.33894374055012794 0.18722570383374038 0.3063325955163992 0.14784018176465455 0.3176869802570365 0.15312847555390785 0.3502981252907653
0 0.30652995566255203 0.32898827892623445 0.3008466059079417 0.29530916926928413 0.26447967402215944 0.30621924883501883 0.2701630237767698 0.3398983584919691
0 0.3876351134417808 0.32052654109589035 0.3853341716609589 0.29138127853881285 0.3516561429794521 0.29610801940639275 0.353957084760274 0.3252532819634703
0 0.46315216281918054 0.29006071234164693 0.46266504138212594 0.2712253501088678 0.436833687462886 0.2724129985649248 0.4373208088999406 0.2912483607977039
0 0.5099839154411765 0.3097732843137255 0.508251953125 0.27975260416666664 0.4702780330882353 0.2836473651960784 0.4720099954044118 0.3136680453431373
0 0.9752570848259979 0.2619013348686455 0.9731980072927328 0.24062420035823948 0.9448612021814226 0.24549934962470144 0.9469202797146877 0.2667764841351074
0 0.889887777107611 0.28682818948773975 0.8883457614484704 0.24879180322893904 0.8531208746813547 0.2513305338067492 0.8546628903404953 0.28936692006554987
0 0.855322769007732 0.3382664841065293 0.8199953688788659 0.3361254295532647 0.8189735019329897 0.36610019329896915 0.8543009020618557 0.36824124785223383
0 0.78173828125 0.3450520833333335 0.75341796875 0.3450520833333335 0.75341796875 0.36328125000000017 0.78173828125 0.36328125000000017
0 0.7138671875 0.34765625000000017 0.68212890625 0.34765625000000017 0.68212890625 0.37890625000000017 0.7138671875 0.37890625000000017
0 0.6363867036912105 0.3818482355114366 0.6356781876445644 0.3478394652724235 0.6012944535466461 0.34911293690567974 0.6020029695932922 0.38312170714469285
0 0.554561880082553 0.3901116108099228 0.5533591054706752 0.3540283724535896 0.5157164474494824 0.35625904848447515 0.5169192220613602 0.39234228684080835
0 0.43556171227555257 0.39816233598066314 0.43424928781077354 0.3649142495395948 0.394500226605663 0.3677036573434622 0.395812651070442 0.40095174378453047
0 0.35983303373893805 0.40108775811209435 0.358469735204646 0.37382178742625366 0.32470054964048667 0.3768234928097345 0.32606384817477874 0.4040894634955752
0 0.2950345552884615 0.4133112980769231 0.29219501201923076 0.3830228365384616 0.2516902043269231 0.38977363782051283 0.2545297475961538 0.4200620993589743
0 0.22638290777439027 0.4239780233739838 0.22561594893292686 0.3912544461382114 0.18878668064024393 0.3927889989837398 0.18955363948170734 0.4255125762195122
0 0.15663276142033722 0.4294244845434733 0.15451766012130075 0.39370277371530166 0.11762537368805917 0.3975861722872219 0.11974047498709565 0.43330788311539353
0 0.0763949992153874 0.43110774225848886 0.07283446915351507 0.39597717898134865 0.037051579873565284 0.4024245464191774 0.040612109935437596 0.43755510969631767
0 0.9921020032830739 0.5541656533722438 0.9906618585846303 0.5234425664721141 0.9598070434095329 0.5260138010700389 0.9612471881079765 0.5567368879701686
0 0.9248948317307693 0.5563000801282052 0.922198016826923 0.5275340544871795 0.8877028245192307 0.5332832532051283 0.8903996394230768 0.5620492788461539
0 0.8872511449353448 0.5793072018678159 0.8815382543103448 0.5479920977011493 0.8444709725215517 0.560013918821839 0.8501838631465517 0.5913290229885056
0 0.8079294386942676 0.5741573779193206 0.8071892416401274 0.5465233545647559 0.7719384454617835 0.5482019639065817 0.7726786425159237 0.5758359872611466
0 0.7166955336084905 0.5714671776729561 0.712310215212264 0.5510023584905661 0.6874815742924527 0.5604608883647799 0.6918668926886791 0.5809257075471699
0 0.7506705200938134 0.5968190077755239 0.7462334004183571 0.5601388184584177 0.7139028429259634 0.5670916265212981 0.7183399626014197 0.6037718158384043
0 0.046142578124999986 0.6240234374999999 0.039501953125 0.5974609375000001 0.008447265625000006 0.6112630208333334 0.015087890624999989 0.6378255208333333
0 0.07417769705414014 0.6472954816878981 0.06983665903662421 0.615047770700637 0.03528034185907643 0.6233176585721868 0.03962137987659235 0.655565369559448
0 0.13547422827743905 0.624388655995935 0.13294350228658539 0.5940199441056911 0.09591153772865854 0.5995061610772358 0.0984422637195122 0.6298748729674796
0 0.16753379639505117 0.6418804216439135 0.16469743227389078 0.6097349616040956 0.1277263758532423 0.6155343430034129 0.1305627399744027 0.6476798030432308
0 0.22418855072049407 0.6189970741842026 0.22285996111619397 0.5897681028896005 0.1898520592692132 0.5924354080893565 0.1911806488735133 0.6216643793839586
0 0.2685013816866812 0.6326049627001454 0.265273181632096 0.6003229621542939 0.23124275040938863 0.6063728165938863 0.23447095046397376 0.6386548171397378
0 0.3199716244103773 0.5989951847484276 0.31396484374999994 0.5709635416666666 0.2824937352594339 0.5829525353773585 0.28850051591981124 0.6109841784591195
0 0.34298197018533444 0.629060485495568 0.34038357423448834 0.5987458660690304 0.31078963852236097 0.603255418177545 0.31338803447320707 0.6335700376040827
0 0.38330078125 0.5846354166666666 0.37329101562500006 0.5712890625000001 0.35986328125 0.5891927083333335 0.36987304687499994 0.6025390625000001
0 0.4159850422597865 0.6173700696915777 0.4123026023131673 0.5870922301304865 0.3796159085854093 0.5941596233689206 0.3832983485320285 0.6244374629300119
0 0.4866971032745592 0.5817754250629722 0.47596045044867763 0.5542455460222502 0.4429522689704031 0.5771312185138538 0.4536889217962846 0.604661097554576
0 0.5210960669760545 0.6127005757542471 0.5155576360665641 0.5778875814660223 0.478828416767355 0.588275643490041 0.4843668476768453 0.623088637778266
0 0.5677769075190356 0.5636071013113367 0.536477335818528 0.5606261897208122 0.5348166838515229 0.5916250264382404 0.5661162555520306 0.5946059380287649
0 0.6342546452702703 0.5704173704954956 0.6302264569256757 0.5534783220720719 0.6003053737331081 0.5661278856981982 0.6043335620777026 0.5830669341216218
0 0.6587917018581082 0.6016715934684685 0.652172191722973 0.5729870495495496 0.6099002322635135 0.5903293918918919 0.6165197423986486 0.6190139358108109
0 0.1874757054190457 0.7762100028887983 0.18674169045677003 0.7419559713159325 0.1467213467322594 0.743480555838771 0.14745536169453508 0.7777345874116368
0 0.28482132292497014 0.7662116899993358 0.2832677361498605 0.7316875394413446 0.24027796806496615 0.7351267208881361 0.24183155484007574 0.7696508714461273
0 0.37705808807155583 0.7638241971001584 0.37615053444180524 0.7287321234164686 0.337336234412114 0.7305166889350753 0.3382437880418646 0.7656087626187649
0 0.4619140625000001 0.72265625 0.4208984375000001 0.72265625 0.4208984375000001 0.7552083333333334 0.4619140625000001 0.7552083333333334
0 0.5534760424371301 0.7418134399654833 0.551645421135355 0.7084554517998027 0.512056501941568 0.7123177853796844 0.5138871232433432 0.745675773545365
0 0.6413770882068756 0.7106413793395715 0.6100480255797397 0.7082544031394088 0.6089784949654191 0.7332101174735558 0.640307557592555 0.7355970936737184
0 0.7341363193889776 0.7322783546325878 0.7331191967851437 0.6983742678381256 0.6958936014876197 0.7003596329206602 0.6969107240914536 0.7342637197151225
0 0.8317719558189655 0.7217627514367818 0.8296773976293103 0.688249820402299 0.7937937769396551 0.6922368893678162 0.7958883351293103 0.7257498204022991
0 0.917459656762295 0.7120239924863386 0.9160835040983606 0.6762440232240436 0.8759371798155738 0.6789890710382513 0.8773133324795083 0.7147690403005463
0 0.97705078125 0.6790364583333336 0.94677734375 0.6790364583333336 0.94677734375 0.7005208333333336 0.97705078125 0.7005208333333336
0 0.99951171875 0.8450520833333336 0.96826171875 0.8450520833333336 0.96826171875 0.8802083333333336 0.99951171875 0.8802083333333336
0 0.9371256244902122 0.8842218512098968 0.9364816189590132 0.8541682597539424 0.8994582706719007 0.8555786730220228 0.9001022762030997 0.8856322644779772
0 0.8863085937499998 0.88875 0.8822558593749998 0.8509244791666667 0.8476660156249999 0.8575130208333334 0.8517187499999999 0.8953385416666668
0 0.8242254387842465 0.8863085045662101 0.8158176369863013 0.856414098173516 0.7829088184931505 0.8728685074200914 0.7913166202910957 0.9027629138127855
0 0.7618852325883577 0.8700718446812199 0.7307306555353432 0.868731862872488 0.7299596584264555 0.900599743373181 0.76111423547947 0.9019397251819129
0 0.7108730567893402 0.8709946065989849 0.6780466767131981 0.8678682846869713 0.6761431234137056 0.9034012796108292 0.7089695034898478 0.9065276015228427
0 0.6596826263484991 0.9019174581769858 0.6574326849788931 0.8674183571763602 0.6267121907246717 0.8709801536116322 0.6289621320942776 0.9054792546122578
0 0.5958450029481134 0.8843209512578617 0.572239829009434 0.8829525353773585 0.5715847951061321 0.9030402417452831 0.5951899690448115 0.9044086576257863
0 0.5473363415948275 0.9186602011494251 0.5457620554956896 0.8829763829022989 0.510583917025862 0.8857354525862068 0.5121582031249999 0.9214192708333332
0 0.47878400148266426 0.9246982398114357 0.4781955691149635 0.8956689096715328 0.44386939723996344 0.8969058888381993 0.44445782960766417 0.9259352189781023
0 0.39942614368556706 0.930041881443299 0.3982009101159794 0.8941016967353952 0.35959548163659794 0.8964414196735394 0.3608207152061855 0.9323816043814434
0 0.3235419331072064 0.9228747312425859 0.31060161115435947 0.8899357299080664 0.27807009008007116 0.9126561573250296 0.2910104120329181 0.9455951586595491
0 0.25366661690908116 0.9358649881029053 0.2514872765940318 0.9079694320702734 0.2150378884446114 0.9130318470910262 0.21721722875966082 0.9409274031236582
0 0.16643443943298966 0.9484831400343642 0.1653269974226804 0.9159981743986254 0.1259020618556701 0.9183875644329897 0.12700950386597937 0.9508725300687285
0 0.07541756465517242 0.9579831178160921 0.07321188038793104 0.92269216954023 0.03134765625000001 0.9273437500000002 0.03355334051724139 0.9626346982758623