0 0.869140625 1.3864979060659162e-16 0.826171875 1.351416877965341e-16 0.826171875 0.0319010416666668 0.869140625 0.0319010416666668
0 0.7845139512414117 0.03605656620861963 0.7838185850640226 -0.0010296299188007434 0.7403764980871331 0.000418439647095555 0.7410718642645222 0.037504635774515925
0 0.6697010060116984 0.04306240070768343 0.6685619651754765 0.006613093948584642 0.6246521948115251 0.00905252563547082 0.625791235647747 0.04550183239456961
0 0.55255859375 0.0198437500000001 0.5127238581730769 0.01689302884615392 0.5111433293269231 0.05482572115384623 0.5509780649038463 0.05777644230769241
0 0.45226892731340446 0.06114386979563342 0.44985076369716304 0.02825684461474995 0.40696866223581496 0.033862348073749694 0.4093868258520564 0.06674937325463316
0 0.33642578125 0.04557291666666672 0.2978515625 0.04557291666666672 0.2978515625 0.08528645833333337 0.33642578125 0.08528645833333337
0 0.38427734375 0.01822916666666673 0.34375 0.018229166666666723 0.34375 0.056640625000000056 0.38427734375 0.056640625000000056
0 0.2373046875 0.060546875000000035 0.201171875 0.060546875000000035 0.201171875 0.09570312500000004 0.2373046875 0.09570312500000004
0 0.12646484375 0.05273437500000002 0.08837890625 0.05273437500000002 0.08837890625 0.09049479166666667 0.12646484375 0.09049479166666669
0 0.07745528249479787 0.07827789028438369 0.037047251226218804 0.07696380796670631 0.036351987496284204 0.11497155853646455 0.07676001876486327 0.1162856408541419
0 0.07568359375000003 0.21549479166666666 0.03076171875000002 0.21549479166666666 0.03076171875000002 0.2526041666666667 0.07568359375000003 0.2526041666666667
0 0.18741291799363058 0.22590731157112529 0.18038415605095542 0.19404359076433123 0.13266788166799365 0.2127558552282378 0.1396966436106688 0.2446195760350319
0 0.2876513593666577 0.2167589873642997 0.2857046213878136 0.18509204957510236 0.23281330815369727 0.19087252096680904 0.23476004613254137 0.22253945875600636
0 0.38630094233247425 0.20193701675257733 0.38507772229381443 0.16605589561855671 0.34000483247422675 0.16878758591065293 0.34122805251288657 0.20466870704467355
0 0.46851911587952494 0.15490225537330327 0.4209846047794118 0.15188419117647067 0.41963686015271495 0.18962104072398198 0.4671713712528281 0.19263910492081457
0 0.5673107172818792 0.17545354446308728 0.563220952181208 0.1445530970357942 0.5165081664219799 0.15554434074384785 0.5205979315226511 0.18644478817114093
0 0.659556255674315 0.17201062472488174 0.6586309554514692 0.1380829498872015 0.6121281711682899 0.14033763033729502 0.6130534713911356 0.1742653051749753
0 0.7733739137581744 0.16301179982940006 0.7708332407769404 0.12970075407544313 0.72476570274737 0.13594719990996115 0.727306375728604 0.1692582456639181
0 0.8511159012957317 0.16391164888211385 0.8477515243902439 0.12353912601626016 0.794749190167683 0.13139132367886178 0.7981135670731707 0.17176384654471546
0 0.9439780462211042 0.1238385561976885 0.8985848212061578 0.12020709819649278 0.8969553357911518 0.15641788519662564 0.9423485608060982 0.16004934319782135
0 0.9617931120986238 0.27853234900611623 0.9609563145068808 0.24171325496941898 0.9157060815653671 0.24354154720948015 0.9165428791571102 0.2803606412461774
0 0.7902305117833 0.2835548896261058 0.7882542808353155 0.25035420969996663 0.7354417857254631 0.2559428335211151 0.7374180166734476 0.2891435134472542
0 0.6485473198398577 0.29213560201660743 0.6444332462188612 0.25830877446619227 0.5919699455071175 0.26965219083629904 0.5960840191281139 0.30347901838671415
0 0.4912347136653801 0.31602351172802856 0.49032194087737535 0.2807296305918448 0.4424263054854513 0.2829317287707839 0.44333907827345603 0.31822560990696763
0 0.3947866093408096 0.3235648591356674 0.38973925567560175 0.2882333834792122 0.34170071457877454 0.30043364788475563 0.3467480682439824 0.33576512354121074
0 0.2917636475622407 0.33343436635546336 0.28731036047717845 0.3045940309474412 0.23676170254149376 0.3184701331258644 0.24121498962655602 0.3473104685338866
0 0.1851337139423077 0.3501101762820513 0.18051382211538464 0.31931089743589747 0.12755408653846156 0.3334334935897436 0.13217397836538464 0.3642327724358974
0 0.09533503605769231 0.3658653846153847 0.09260817307692307 0.3367788461538462 0.04861778846153847 0.34411057692307695 0.051344651442307696 0.3731971153846154
0 0.10009908536585364 0.4909463922764228 0.0990920350609756 0.44797891260162603 0.052963986280487804 0.44990091463414633 0.05397103658536585 0.4928683943089431
0 0.20498122872081714 0.4712401710440986 0.2031136004377432 0.4313974343385214 0.15885290004863814 0.4350858260376134 0.16072052833171208 0.4749285627431907
0 0.2960655088682433 0.4188066582207208 0.2544137985641892 0.4175151323198199 0.2537352195945946 0.45642032657657666 0.2953869298986487 0.4577118524774775
0 0.39470941310975616 0.4451016260162602 0.39373237423780494 0.40341463414634143 0.3459274961890244 0.4054065040650406 0.3469045350609756 0.44709349593495934
0 0.5102313809545128 0.42540760058500476 0.5088546796651146 0.3893074334407833 0.46024327319126074 0.39260312201528186 0.46161997448065906 0.42870328915950334
0 0.6108905412519141 0.41453747128637053 0.6088883638016844 0.37649609973200615 0.5592254498468606 0.3811429220903522 0.5612276272970903 0.4191842936447167
0 0.7228463772123893 0.4035421275811209 0.720901894358407 0.36465247050147487 0.6639933628318583 0.36971100663716805 0.6659378456858406 0.4086006637168141
0 0.89599609375 0.3587239583333335 0.8515625 0.3587239583333335 0.8515625 0.3971354166666668 0.89599609375 0.3971354166666668
0 0.9976849540734823 0.39288388578274763 0.9965399111421724 0.35471578807241744 0.9495837909345047 0.35722011448349306 0.9507288338658146 0.39538821219382325
0 0.9967684025713437 0.4919591322334522 0.996302764565993 0.4665042546076099 0.9630241620838289 0.46758648558263965 0.9634898000891796 0.49304136320848196
0 0.9481543110486212 0.48278188497822944 0.9277095711629173 0.4507117047653606 0.9010631633254715 0.4809109669811323 0.9215079032111755 0.5129811471940011
0 0.8777560409869495 0.4690410039423602 0.8329544440762644 0.46733427644100073 0.8321033371992252 0.5070525973694945 0.8769049341099103 0.5087593248708538
0 0.7988813041460395 0.5072194719471949 0.7962706915222771 0.47241130363036304 0.7545492342202971 0.47797416460396036 0.7571598468440595 0.5127823329207921
0 0.7223333291733226 0.5126734724440895 0.721359106679313 0.48019938931043665 0.6788294978035144 0.4824676351171459 0.679803720297524 0.5149417182507987
0 0.6508495060770952 0.5168921209655547 0.6493675784428398 0.4823138094995931 0.5991965806804312 0.4861363617100624 0.6006785083146867 0.5207146731760239
0 0.5723247931985295 0.5198598345588236 0.5697863051470589 0.48714154411764715 0.518493221507353 0.49421645220588245 0.5210317095588236 0.5269347426470589
0 0.4794459513988522 0.5361323454686753 0.4755771806626614 0.4979604742049258 0.42643240842449787 0.506815388121712 0.43030117916068866 0.5449872593854616
0 0.3841884668077136 0.5504813806418795 0.38330620057574916 0.5151907313633001 0.338125281804939 0.5171987721975583 0.33900754803690347 0.5524894214761377
0 0.28076171875 0.5319010416666666 0.23535156250000006 0.5319010416666666 0.23535156250000006 0.5709635416666666 0.28076171875 0.5709635416666666
0 0.18816105769230768 0.5845252403846153 0.1849834735576923 0.5506310096153846 0.1388897235576923 0.5583133012820513 0.1420673076923077 0.592207532051282
0 0.11025628167229728 0.5844851492117117 0.10224794130067569 0.5508090512387388 0.05618137668918918 0.5702843468468469 0.06418971706081078 0.6039604448198198
0 0.14905405754906595 0.761092493792859 0.14823359725999052 0.7255392145995901 0.09482112441623315 0.7277304955367699 0.09564158470530859 0.7632837747300387
0 0.26345097149258345 0.736241212144623 0.2589484027348578 0.7026220320869386 0.2059001757571075 0.7152525623197364 0.21040274451483312 0.7488717423774208
0 0.35406479099926075 0.7261103966444882 0.3528649042015772 0.6901137927139805 0.3034074763584278 0.6930446032528339 0.30460736315611137 0.7290412071833415
0 0.46690331146911385 0.7070965226121174 0.46344333663486414 0.6711127843359207 0.41489977916801424 0.679410828347348 0.41835975400226394 0.7153945666235447
0 0.5863985168147208 0.6961056472081218 0.5844354774746192 0.6594622461928933 0.5334608978426396 0.6643169680626057 0.5354239371827411 0.7009603690778342
0 0.68896484375 0.6510416666666669 0.64306640625 0.6510416666666669 0.64306640625 0.6888020833333334 0.68896484375 0.6888020833333334
0 0.7719836357159588 0.6841793215178015 0.7712955891825423 0.6474835064022487 0.7226565549851656 0.6491048075421613 0.7233446015185822 0.6858006226577139
0 0.8894196709697734 0.6819554864609573 0.8889830466782116 0.6452790459697734 0.8360682413019522 0.6463989360306467 0.836504865593514 0.6830753765218304
0 0.9838772033919514 0.6708087585090764 0.9818607295698745 0.6380074510032924 0.9370160202132274 0.6429085121351663 0.9390324940353043 0.6757098196409504
0 0.9142095145915599 0.7489916245064167 0.858930823127468 0.7473537373519251 0.8582432286525173 0.7886094058489636 0.9135219201166092 0.7902472930034552
0 0.8602909482758619 0.8560479525862067 0.8584337957974137 0.8139524964080459 0.8130657327586207 0.8175107758620689 0.8149228852370689 0.8596062320402297
0 0.7965833420721476 0.7560428901006713 0.7528739775587249 0.7474089415548099 0.7482992082634229 0.788581865212528 0.7920085727768457 0.7972158137583895
0 0.7594079787490362 0.8610881882870728 0.7585752276888974 0.8211161374004111 0.7093510565246722 0.822939254850938 0.710183807584811 0.8629113057375997
0 0.7233058286516855 0.7942503511235955 0.720485867275281 0.7547708918539328 0.6737557057584269 0.7607048806179777 0.6765756671348314 0.8001843398876405
0 0.662109375 0.826171875 0.61279296875 0.826171875 0.61279296875 0.8671875 0.662109375 0.8671875
0 0.5943041320240826 0.8004234757262997 0.5935591671444954 0.7676450210244647 0.5469784797878441 0.7695270689984709 0.5477234446674313 0.8023055237003058
0 0.5540918055607027 0.8659377238981124 0.5528028472891344 0.8327112440087953 0.5076649878168544 0.8358241998344699 0.5089539460884227 0.869050679723787
0 0.5139911358173077 0.8230919471153847 0.5089205228365384 0.789287860576923 0.4658203125 0.80078125 0.47089092548076916 0.8345853365384617
0 0.4612079606180297 0.873320360904585 0.45657273756970257 0.8415359742874845 0.4081773495585502 0.8540829267348203 0.4128125726068773 0.8858673133519207
0 0.3936673677884615 0.842548076923077 0.3885216346153846 0.808243189102564 0.34110201322115385 0.8208884214743589 0.3462477463942307 0.8551933092948718
0 0.28449788529571846 0.904755155418481 0.2819647048485123 0.8630984102866474 0.23162000238116837 0.8685410808236576 0.23415318282837447 0.9101978259554911
0 0.25953231395914395 0.8561491772049284 0.2532958034411478 0.8248067140888455 0.20200898285505833 0.8429489907587547 0.20824549337305442 0.8742914538748376
0 0.15154122834158418 0.9281017945544555 0.14899346379950495 0.894131600660066 0.1033560875618812 0.9002165841584158 0.10590385210396039 0.9341867780528053
0 0.07546171813045205 0.9359454508657151 0.06992663777507935 0.903070428148956 0.024133717040047603 0.9167771527227071 0.029668797395420304 0.9496521754394661
0 0.9539011000646871 0.9682699811072779 0.9525813689779449 0.9286780485050108 0.9035787718703796 0.931581906111385 0.9048985029571218 0.9711738387136521
0 0.8218058725421348 0.9711025280898876 0.8192690045646067 0.9355863764044945 0.7704189343398877 0.9417895599250937 0.7729558023174158 0.9773057116104868
0 0.7090066822652283 0.9841403606175972 0.7069568924492385 0.9458776173857869 0.6599728347081218 0.9503522895516077 0.6620226245241116 0.988615032783418
0 0.6123046875 0.9505208333333334 0.5693359375 0.9505208333333334 0.5693359375 0.9889322916666666 0.6123046875 0.9889322916666666
0 0.5395990286196248 0.984785400465081 0.5380372433954712 0.9504261255336995 0.4906556460144099 0.9542549414836842 0.49221743123856365 0.9886142164150656
0 0.4538540574445775 0.9840598162572397 0.44363350293963444 0.9495370543738767 0.3986642333545536 0.9732050909976034 0.4088847878594966 1.0077278528809666