0 0.8568039615597345 0.10092298119469027 0.8552289304480089 0.06942235896017698 0.8139734858960177 0.07308950958702064 0.8155485170077433 0.10459013182153391
0 0.7477554157996432 0.1201346053804994 0.7471963018356123 0.08956970868014269 0.7053242977110583 0.0909313998711851 0.7058834116750893 0.12149629657154182
0 0.62939453125 0.09895833333333344 0.58740234375 0.09895833333333344 0.58740234375 0.13606770833333345 0.62939453125 0.13606770833333345
0 0.5070735769298866 0.10908802525967902 0.4607479970786119 0.10761737193106712 0.46010451708569405 0.14365225153446656 0.5064300969369688 0.14512290486307847
0 0.41162109375 0.11328125000000007 0.36669921875 0.11328125000000007 0.36669921875 0.14713541666666674 0.41162109375 0.14713541666666674
0 0.2644803406762295 0.14141478825136614 0.26210697361680324 0.10660540471311476 0.21803758965163933 0.11194714822404372 0.2204109567110656 0.14675653176229508
0 0.15688476562499998 0.11334635416666668 0.11645507812499999 0.09537760416666669 0.10810546874999999 0.12877604166666667 0.14853515625 0.14674479166666668
0 0.051301125919117646 0.23752680759803924 0.04943991268382353 0.20526577818627453 0.00881491268382353 0.20943244485294119 0.010676125919117646 0.2416934742647059
0 0.15341201069470925 0.2363293662615189 0.14976502919447093 0.2052084574594852 0.1106801864871306 0.2133511330235144 0.11432716798736892 0.24447204182554813
0 0.27945786802813427 0.2175539599786114 0.24156425453479766 0.21643118624547553 0.24105548764499016 0.24695719963392568 0.27894910113832677 0.24807997336706156
0 0.5245393573113208 0.21555866745283028 0.4799565153301887 0.21297415487421392 0.4788270194575472 0.24761202830188692 0.5234098614386794 0.2501965408805033
0 0.3772235815779014 0.2220012751722311 0.3347603462837837 0.21896818693693695 0.33350323554252775 0.2502562764970853 0.37596647083664547 0.25328936473237945
0 0.746854922332466 0.22343690698872262 0.7443604627521146 0.1910089324441552 0.707352429143624 0.19606986011711122 0.7098468887239753 0.2284978346616786
0 0.8911780196629213 0.20761206694756554 0.8889813026685394 0.1768580290262172 0.8437719452247192 0.18259889981273406 0.8459686622191012 0.21335293773408237
0 0.9940814936926606 0.16861740252293592 0.9516695635034405 0.16690378918195733 0.9509344538417431 0.19924861429663623 0.9933463840309633 0.20096222763761484
0 0.8539661684246844 0.33768832971871715 0.851355327040615 0.3086789810068349 0.81186538840694 0.31499737118822296 0.8144762297910094 0.3440067199001052
0 0.7275569409835231 0.34774789378220783 0.7267782337011798 0.3295780571941958 0.693432875432262 0.3321186559194467 0.6942115827146053 0.3502884925074587
0 0.5720079431331567 0.3636258878806416 0.5713057899163949 0.3308587377650897 0.5361921550010195 0.33219640004758016 0.5368943082177813 0.3649635501631321
0 0.43532543285472974 0.34082101632882883 0.39480864653716213 0.3395646818693694 0.3942161106418919 0.37353673986486496 0.4347328969594595 0.3747930743243244
0 0.20605468750000006 0.3287760416666667 0.16455078125000006 0.3287760416666667 0.16455078125000006 0.359375 0.20605468750000006 0.359375
0 0.0741784793814433 0.3549385201890034 0.07314553801546392 0.3246389067869416 0.026345038659793815 0.3274753006872852 0.0273779800257732 0.3577749140893471
0 0.09943783096667566 0.4784808418780357 0.09834163560779816 0.4470565749235474 0.06114240420939017 0.4493635040025184 0.062238599568267675 0.4807877709570067
0 0.20497490164786222 0.488196197050673 0.20409924287410927 0.4543373911322248 0.16279598426365796 0.45623639152810763 0.1636716430374109 0.4900951974465559
0 0.3021685409840016 0.46466003276792606 0.25862303934560527 0.4630472364109484 0.25792393504240557 0.4966042429645336 0.3014694366808019 0.49821703932151123
0 0.43769768792229724 0.5048236908783784 0.4370621304898648 0.4683850647522522 0.39268660261824323 0.4697610501126126 0.39332216005067566 0.5061996762387387
0 0.5366663981958762 0.49351643041237114 0.5355378141108247 0.46041129725085916 0.4967108972293814 0.4627644437285223 0.49783948131443295 0.49586957689003436
0 0.6585233094262296 0.48646687158469953 0.6564421106557378 0.45594262295081966 0.6136054367315574 0.46113494706284147 0.6156866355020493 0.49165919569672134
0 0.7781581365013465 0.48229680954518256 0.7741146943727558 0.4467145188135846 0.7294198657708707 0.4557437771169958 0.7334633078994613 0.4913260678485936
0 0.8703312865576256 0.47169491984402095 0.8692506363734835 0.4371141139514732 0.8322665050909878 0.4391687879116118 0.8333471552751298 0.47374959380415954
0 0.9317101332720589 0.4627014399509804 0.9293095128676471 0.4317601102941176 0.8918600643382353 0.43692555147058826 0.8942606847426471 0.46786688112745106
0 0.9461449296211047 0.6273452254485363 0.9454256484596317 0.5870654804060434 0.9035502058250708 0.5883948595372993 0.9042694869865439 0.6286746045797923
0 0.81787109375 0.6054687500000001 0.77978515625 0.6054687500000001 0.77978515625 0.6412760416666669 0.81787109375 0.6412760416666669
0 0.7169117647058824 0.647173713235294 0.7148724724264707 0.611825980392157 0.6721564797794118 0.6162071078431374 0.6741957720588235 0.6515548406862745
0 0.5834281978559535 0.6387933015889538 0.5633440232098251 0.6130855580419096 0.540716395191507 0.6445128191784623 0.5608005698376354 0.6702205627255066
0 0.4212611823212441 0.6619060295129925 0.4206808914397263 0.627862297797281 0.3800968294237222 0.629092117858372 0.38067712030524 0.6631358495740836
0 0.2602539062500001 0.6139322916666666 0.21826171875000006 0.6139322916666666 0.21826171875000006 0.6510416666666666 0.2602539062500001 0.6510416666666666
0 0.12474556587837837 0.6292926520270271 0.12418892525337837 0.597378589527027 0.08379698057432432 0.5986310529279278 0.08435362119932432 0.6305451154279279
0 0.21093750000000006 0.767578125 0.17529296875000006 0.767578125 0.17529296875000006 0.7994791666666666 0.21093750000000006 0.7994791666666666
0 0.38399457837219847 0.786425931457372 0.33712585489452873 0.7830172970226323 0.33574936526656235 0.8166648212618105 0.3826180887442321 0.8200734556965502
0 0.5460160294933432 0.8124726485453649 0.544393433339497 0.7829053408530572 0.5073513775887574 0.7865191999506903 0.5089739737426036 0.8160865076429981
0 0.6666842352544334 0.8035776672127989 0.6661089894949885 0.7759658707594448 0.6294890251542019 0.7773221657350294 0.6300642709136468 0.8049339621883836
0 0.7804103822753575 0.7938356237236217 0.7769435521613344 0.7587050785681869 0.7354133870830497 0.7659910724415702 0.7388802171970729 0.801121617597005
0 0.9093746667022184 0.7844363267918087 0.9061116814206485 0.7474558269340159 0.8643528023677474 0.7540062393344709 0.8676157876493173 0.7909867391922637
0 0.9876839073905109 0.8782133895985403 0.9445939781021898 0.8715841697080293 0.9411531991332117 0.911344282238443 0.9842431284215328 0.9179735021289539
0 0.8534943026746725 0.9223128184133915 0.8494260030021834 0.8816298216885006 0.805800525382096 0.8893854621542939 0.8098688250545851 0.9300684588791848
0 0.69189453125 0.8997395833333334 0.6494140625 0.8997395833333334 0.6494140625 0.9375 0.69189453125 0.9375
0 0.5912433704540258 0.9128932458447699 0.552294341119625 0.9097458495349194 0.5509818339718665 0.9386210067856057 0.5899308633062672 0.9417684030954562
0 0.49447702363757035 0.9476287606704146 0.49384722927076835 0.9140397277743078 0.4567122355168645 0.9152775608994378 0.4573420298836665 0.9488665937955446
0 0.3911132812500001 0.9186197916666666 0.3491210937500001 0.9186197916666666 0.3491210937500001 0.951171875 0.3911132812500001 0.951171875
0 0.27373523246951226 0.9130938770325204 0.23884694169207327 0.9079252413617888 0.2361911680640245 0.9397945248983741 0.27107945884146345 0.9449631605691059
0 0.12500000000000008 0.8893229166666666 0.07958984375000008 0.8893229166666666 0.07958984375000008 0.92578125 0.1250000000000001 0.92578125