0 0.049884024187592316 0.03435903649679961 0.00028416959010340095 0.03181545420974889 -0.0005438169313146187 0.06051898695224028 0.0490560376661743 0.063062569239291
0 0.16064453125 0.03255208333333336 0.11474609375 0.032552083333333356 0.11474609375 0.06575520833333336 0.16064453125 0.06575520833333336
0 0.263671875 0.03645833333333338 0.21630859375 0.03645833333333337 0.21630859375 0.06835937500000004 0.263671875 0.06835937500000004
0 0.3465914869812856 0.041771553770002766 0.29878442204027666 0.03812911072687827 0.29754564178193654 0.06703398342148092 0.3453527067229455 0.07067642646460542
0 0.6173404137010676 0.07851423487544487 0.6168682926490214 0.045151013864175575 0.5689969208741104 0.046355325103795954 0.5694690419261565 0.07971854611506525
0 0.7480769985204447 0.05057295402917275 0.6994454470050215 0.048374917802486955 0.6985868566176471 0.08214613970588246 0.7472184081330703 0.08434417593256827
0 0.8808725717905406 0.07562640765765767 0.8762800886824325 0.0388865427927928 0.8244167018581082 0.05041173986486484 0.8290091849662163 0.08715160472972971
0 0.9924787684519303 0.06946284380519807 0.9891742761165783 0.03773971738581879 0.9509974096328538 0.044809507475397393 0.9543019019682059 0.07653263389477667
0 0.9743165077637735 0.1513062792359667 0.9733125365449586 0.1098088021916147 0.9225211351676197 0.11199337859494111 0.9235251063864346 0.15349085563929313
0 0.89208984375 0.11914062500000015 0.84765625 0.11914062500000015 0.84765625 0.15429687500000014 0.89208984375 0.15429687500000014
0 0.8144546850039935 0.15369783346645366 0.8133080820686901 0.11547773562300319 0.764616457418131 0.118074622271033 0.7657630603534344 0.15629472011448348
0 0.7198067143278303 0.11993784394654101 0.6711766656839623 0.11711871069182402 0.6699016067216981 0.15622051886792465 0.7185316553655661 0.15903965212264165
0 0.6294546274038462 0.14907852564102567 0.6260892427884616 0.11318108974358974 0.5792142427884616 0.12099358974358972 0.5825796274038462 0.15689102564102564
0 0.5471435226059462 0.1493798421758651 0.5464884172757886 0.11531436500766538 0.505049315764619 0.11673108642685065 0.5057044210947766 0.15079656359505036
0 0.4530662904847587 0.11472500793818806 0.4074787653471635 0.10578627751905172 0.4032926115315411 0.1437407387806944 0.44888013666913634 0.15267946919983075
0 0.3565620236280488 0.11689532520325208 0.3168802400914635 0.10555767276422771 0.31222846798780496 0.13450203252032525 0.35191025152439026 0.14583968495934965
0 0.2613557032315825 0.13571776233515234 0.25941190420361526 0.1007293798317417 0.2140337227148704 0.10521117553433378 0.21597752174283763 0.1401995580377444
0 0.16341830088273504 0.13301516247441347 0.16287904648382148 0.09994089267438198 0.11057275367560226 0.10145701710360573 0.11111200807451582 0.13453128690363722
0 0.07362474913990827 0.10269853784403671 0.026765875860091742 0.0918327121559633 0.022519172878440373 0.12439076834862388 0.06937804615825689 0.13525659403669726
0 0.12329153692170823 0.3596636825326216 0.07450841720418153 0.35843643423784105 0.07406566253336302 0.38972443097568205 0.12284878225088973 0.3909516792704626
0 0.21044921875000006 0.3619791666666667 0.16162109375000006 0.3619791666666667 0.16162109375000006 0.3938802083333333 0.21044921875000006 0.3938802083333333
0 0.29447380514705884 0.39067095588235295 0.2927131204044118 0.36015242034313727 0.24689797794117652 0.36485140931372545 0.24865866268382356 0.39536994485294114
0 0.37233976628895193 0.373582462818697 0.3274201044617564 0.37215644180830987 0.32687151425283284 0.40287749350802654 0.3717911760800284 0.4043035145184137
0 0.4579174652416841 0.4031666883229383 0.45733528375129945 0.37910318672037424 0.4153867471738566 0.3809074248527374 0.41596892866424123 0.4049709264553014
0 0.5524815922289823 0.4181214279129793 0.5508158185840708 0.3848059550147492 0.5071297704646017 0.3886891592920354 0.5087955441095132 0.42200463219026546
0 0.6210548603429202 0.42109720685840707 0.6194322974280972 0.3886459485619469 0.5772694275442477 0.39239375921828906 0.5788919904590707 0.4248450175147493
0 0.7006911057692307 0.4245592948717949 0.6978365384615384 0.394110576923077 0.6593149038461538 0.4005308493589744 0.6621694711538461 0.4309795673076923
0 0.79150390625 0.3990885416666668 0.7509765625 0.3990885416666668 0.7509765625 0.43359375000000017 0.79150390625 0.43359375000000017
0 0.86474609375 0.40039062500000017 0.828125 0.40039062500000017 0.828125 0.4368489583333335 0.86474609375 0.4368489583333335
0 0.9478756527685676 0.43063384173297975 0.9442931967009283 0.39640148375331563 0.9037935697115385 0.40393629807692305 0.9073760257791778 0.4381686560565871
0 0.9251912519490644 0.6923152720027721 0.9243336635914761 0.6643007189882191 0.876173702247921 0.6669216692654193 0.8770312906055093 0.6949362222799723
0 0.8321886439126899 0.6923648770788141 0.8317607358324296 0.6649787599421547 0.7824555568736442 0.6663483482465654 0.7828834649539045 0.6937344653832248
0 0.7523303307231524 0.6883337242590454 0.7486625829965358 0.6599698085065434 0.7047922605730369 0.6700549400981523 0.7084600082996535 0.6984188558506542
0 0.6611328125 0.6608072916666669 0.60888671875 0.6608072916666669 0.60888671875 0.6907552083333334 0.6611328125 0.6907552083333334
0 0.5790252850506757 0.6521596987612613 0.5319372888513514 0.650699605855856 0.5314168074324325 0.6805405405405406 0.5785048036317568 0.682000633445946
0 0.47008445945945954 0.6454961993243243 0.42853489231418923 0.6442078406531532 0.42801097972972973 0.6742454954954956 0.46956054687500004 0.6755338541666668
0 0.3547372494103774 0.6306358097484277 0.3114294663915095 0.6198088639937107 0.30581883844339625 0.6597066627358492 0.34912662146226414 0.6705336084905662
0 0.25473936987704926 0.625474299863388 0.2070133196721312 0.6222109801912569 0.2058773053278689 0.6517473531420764 0.25360335553278696 0.6550106728142077
0 0.1653945840371622 0.6267521818693693 0.12282358530405413 0.6254321509009009 0.12241686021959466 0.6487510557432433 0.16498785895270274 0.6500710867117118
0 0.10213923476097897 0.6419199355748705 0.10084549047918574 0.6134575613754194 0.047965033165599275 0.617730729643184 0.0492587774473925 0.6461931038426351
0 0.10295543534738724 0.7495252499010293 0.05758239311163903 0.747439133016627 0.05681285722238725 0.7771945207343626 0.10218589945813547 0.7792806376187649
0 0.16830545003953915 0.7589813154277752 0.1221892386607547 0.7563647927963548 0.12128548809591061 0.7846823104948034 0.16740169947469505 0.7872988331262238
0 0.257860576923077 0.7638201121794873 0.21194110576923084 0.760418669871795 0.21052734375000004 0.7943489583333333 0.25644681490384624 0.7977504006410255
0 0.36759010170990575 0.7806222975628931 0.32254108932783027 0.7780107606132076 0.32153043926886804 0.8090040290880506 0.3665794516509435 0.8116155660377361
0 0.4667968750000001 0.7858072916666666 0.4223632812500001 0.7858072916666666 0.4223632812500001 0.8216145833333334 0.4667968750000001 0.8216145833333334
0 0.5908203125 0.7942708333333334 0.54541015625 0.7942708333333334 0.54541015625 0.8248697916666666 0.5908203125 0.8248697916666666
0 0.68896484375 0.7981770833333334 0.6494140625 0.7981770833333334 0.6494140625 0.8268229166666666 0.68896484375 0.8268229166666666
0 0.7828650841346154 0.8258713942307693 0.7781700721153846 0.7945713141025643 0.7350698617788461 0.8060647035256411 0.7397648737980769 0.8373647836538461
0 0.8702974611303061 0.8023346238483055 0.8248338012092795 0.8009875524432379 0.8243539552227297 0.8297783116362291 0.8698176151437563 0.8311253830412966
0 0.9531933593749999 0.8294140625 0.9493359375 0.7934114583333334 0.90435546875 0.8019791666666668 0.9082128906249999 0.8379817708333334
0 0.9267578125 0.9667968750000003 0.888671875 0.9667968750000001 0.888671875 0.9993489583333335 0.9267578125 0.9993489583333336
0 0.8486328125 0.9700520833333334 0.806640625 0.9700520833333334 0.806640625 0.9993489583333334 0.8486328125 0.9993489583333334
0 0.779296875 0.9680989583333334 0.7373046875 0.9680989583333334 0.7373046875 0.9993489583333334 0.779296875 0.9993489583333334
0 0.6729238489768684 0.9929988693653619 0.6687367938167261 0.9585719713819693 0.6253517015124556 0.9679525318801899 0.6295387566725978 1.0023794298635824
0 0.5656250504162363 0.9899769160858716 0.5650740009518584 0.957648680842368 0.5249668765326535 0.9588640482490104 0.5255179259970315 0.9911922834925141
0 0.4731445312500001 0.9518229166666666 0.4311523437500001 0.9518229166666666 0.4311523437500001 0.9856770833333334 0.4731445312500001 0.9856770833333334
0 0.38291015625 0.976953125 0.37950721153846156 0.9406550480769229 0.33768028846153847 0.9476262019230769 0.3410832331730769 0.9839242788461539
0 0.28539663461538467 0.9349358974358973 0.24080528846153854 0.9275040064102563 0.23763521634615392 0.9613181089743591 0.28222656250000006 0.96875
0 0.19339243338289122 0.9250539655763953 0.1529839211173377 0.9217886312519061 0.15151595022301015 0.954083990927112 0.19192446248856368 0.9573493252516011
0 0.0934084929843497 0.9413820072180248 0.09225801487452778 0.9084016347364633 0.04789767648745277 0.9111526634736462 0.049048154597274685 0.9441330359552077