0 0.04386190169145873 0.13681247000959693 0.043135384177063335 0.11211087452015356 -0.000599058301343572 0.11439764275431863 0.00012745921305182262 0.139099238243762
0 0.1259765625 0.10807291666666669 0.0810546875 0.10807291666666667 0.0810546875 0.142578125 0.1259765625 0.14257812500000003
0 0.20064939506322954 0.11921915531776915 0.1560239086819066 0.11550036478599224 0.1546654608463035 0.14448058527885863 0.19929094722762644 0.14819937581063555
0 0.27017962346311475 0.12539489412568308 0.22564689568883986 0.11903307587221525 0.22340067879098363 0.1469859972677596 0.26793340656525855 0.15334781552122742
0 0.3909796824406368 0.13761889503507832 0.3385630986913114 0.13436825418240697 0.3372824473826228 0.1710802583648139 0.3896990311319482 0.17433089921748524
0 0.49961713440930466 0.156715224233316 0.4547274201189231 0.14557979123105078 0.44960825192760057 0.18226716326886225 0.49449796621798214 0.19340259627112744
0 0.6311747380714805 0.16386784893565565 0.5829277315402758 0.15865195633768758 0.5804466391509434 0.1994521422955976 0.6286936456821481 0.20466803489356566
0 0.7713723838876148 0.18061926605504605 0.7271582927178899 0.16293362958715607 0.717589772075688 0.20546038799694197 0.7618038632454128 0.22314602446483192
0 0.890245847510745 0.18984673471824273 0.8432773885207738 0.177627298233047 0.8373743620164759 0.21796464601241658 0.884342821006447 0.23018408249761232
0 0.9835967879987603 0.1981136229147883 0.9387847652727683 0.19429983374661877 0.936954701237038 0.2325278380485424 0.9817667239630299 0.23634162721671195
0 0.9559146521226415 0.12656495676100632 0.9546911851415094 0.089045302672956 0.9113161482900944 0.09155979756289308 0.9125396152712265 0.1290794516509434
0 0.8448493756338742 0.08951096602434093 0.7977406345081134 0.0809457403651117 0.7939017336460444 0.1184816599053416 0.8410104747718052 0.1270468855645708
0 0.6976866005743416 0.07621422463861653 0.6490500572728445 0.07474038999311661 0.6484692622289623 0.10881369923421108 0.6971058055304594 0.110287533879711
0 0.6070831484533468 0.07818178456727527 0.5657921843306287 0.0706743365449629 0.562913008684077 0.0988262762001353 0.604203972806795 0.10633372422244769
0 0.48567625398089176 0.05428443471337588 0.4410206011146497 0.05215797505307864 0.4399849472531847 0.0908223858811041 0.4846406001194268 0.09294884554140136
0 0.34912109375 0.03776041666666672 0.30419921875 0.03776041666666672 0.30419921875 0.07812500000000006 0.34912109375 0.07812500000000006
0 0.23095703125 0.02343750000000003 0.1845703125 0.023437500000000028 0.1845703125 0.060546875000000035 0.23095703125 0.060546875000000035
0 0.06500604950221242 0.22574599004424778 0.014787230365044271 0.22069252396755165 0.013003491426991174 0.25220524520648974 0.06322231056415932 0.25725871128318584
0 0.18725186276690395 0.24227461447212342 0.13941767682384346 0.231932087781732 0.13558093305160146 0.26347864768683277 0.18341511899466195 0.27382117437722425
0 0.2811063878676471 0.2563955269607843 0.23343864889705884 0.2422717524509804 0.22796989889705882 0.2750842524509804 0.27563763786764706 0.28920802696078435
0 0.3954934512867648 0.2736864276960785 0.344674862132353 0.2684742647058824 0.3429400275735294 0.29854473039215695 0.3937586167279412 0.30375689338235307
0 0.4841184850175327 0.28347603535756033 0.43724971110934013 0.28236011216927004 0.4368675847246573 0.3108922155589205 0.48373635863284986 0.31200813874721084
0 0.6409809956534198 0.30644807389186096 0.588768859560088 0.30098798122850595 0.5869694769177494 0.33157748614826144 0.6391816130110812 0.33703757881161645
0 0.7819712031591904 0.31771118253099945 0.7324407865495077 0.30884006313822043 0.7288991982357769 0.3439936064004378 0.7784296148454596 0.35286472579321676
0 0.9595144997322018 0.4434216037684027 0.9162483391356296 0.44027497390683373 0.9148897134558339 0.4734858238573941 0.9581558740524061 0.476632453718963
0 0.866160976935539 0.4309123109936337 0.8231209498635743 0.4266614441223285 0.821143843792633 0.4622493533992725 0.8641838708645977 0.4665002202705777
0 0.7323882004310345 0.4198096264367817 0.6891500538793104 0.41500538793103453 0.6872103987068966 0.44603987068965517 0.7304485452586207 0.45084410919540235
0 0.61962890625 0.4075520833333335 0.56689453125 0.4075520833333335 0.56689453125 0.4381510416666668 0.61962890625 0.4381510416666668
0 0.5126546779075717 0.3897288184970442 0.468715360675307 0.3853891328444748 0.4667782230559345 0.4202576099931788 0.5107175402881993 0.42459729564574816
0 0.40114107067953025 0.3825678131991052 0.35420544515520136 0.37152413660514544 0.34994363464765105 0.4037244826621924 0.39687926017197994 0.4147681592561521
0 0.2381555538366337 0.35323844884488453 0.19614402846534656 0.3476369121287129 0.19344156095297033 0.38366981229372943 0.23545308632425746 0.38927134900990107
0 0.13379579741379313 0.33713182471264375 0.08688038793103452 0.33191900143678166 0.08460398706896556 0.3683414152298851 0.13151939655172418 0.37355423850574715
0 0.9555096080558163 0.6636313223108196 0.9146332302415574 0.6588920321294561 0.9121505994957787 0.6969590368980615 0.9530269773100377 0.7016983270794249
0 0.8857421875 0.6647135416666669 0.84521484375 0.6647135416666669 0.84521484375 0.6959635416666666 0.8857421875 0.6959635416666666
0 0.8151796229672172 0.681293089076751 0.8146343713700309 0.6493049953751505 0.7682494171883066 0.6507106000473241 0.768794668785493 0.6826986937489244
0 0.7209515994822485 0.6460798816568049 0.6826056305473371 0.6247765655818541 0.6682027782914199 0.6708656928007889 0.7065487472263314 0.6921690088757396
0 0.6214161955302315 0.6247545908124705 0.5755500487128012 0.6234251372815305 0.5749782729835854 0.6584940486734374 0.6208444198010157 0.6598235022043775
0 0.47673827033258803 0.6096199139416808 0.4249242331609839 0.6013954635969817 0.4217336195150923 0.6371303364309672 0.47354765668669646 0.6453547867756663
0 0.330297123568629 0.5955192002254329 0.28374499260298186 0.5933413227533558 0.28284047898094067 0.6277128403909212 0.3293926099465878 0.6298907178629983
0 0.22509765625000006 0.5872395833333334 0.19335937500000006 0.5872395833333334 0.19335937500000006 0.61328125 0.22509765625000006 0.61328125
0 0.15332952535377362 0.5771054441823898 0.10612286261792458 0.5591219536163522 0.09915794516509438 0.5916249017295598 0.1463646079009434 0.6096083922955976
0 0.12135575457317083 0.7025851117886178 0.07585627858231717 0.6958444486788616 0.07314095846036595 0.7284282901422764 0.1186404344512196 0.7351689532520326
0 0.24464832710775594 0.7186288411049473 0.19788095954574006 0.7150139721146466 0.19646057933849703 0.7476827168812367 0.24322794690051291 0.7512975858715373
0 0.3803710937500001 0.73046875 0.3408203125000001 0.73046875 0.3408203125000001 0.7682291666666666 0.3803710937500001 0.7682291666666666
0 0.741796433116516 0.7976438772624436 0.7404608402856336 0.7602472779977377 0.6965685538037331 0.7630340898378583 0.6979041466346154 0.8004306891025642
0 0.6491235866398446 0.7518534094062154 0.6105921805632631 0.7501409024694784 0.6095429990982243 0.7921081610710322 0.6480744051748057 0.7938206680077692
0 0.8369140625 0.7708333333333334 0.7939453125 0.7708333333333334 0.7939453125 0.810546875 0.8369140625 0.810546875
0 0.9607328232020549 0.7866652397260275 0.9139581549657535 0.7843553795662102 0.9129789169520549 0.8196079480593609 0.9597535851883563 0.8219178082191783
0 0.98046875 0.9492187500000003 0.93359375 0.9492187500000003 0.93359375 0.9856770833333336 0.98046875 0.9856770833333336
0 0.8504182370706869 0.9742276940228968 0.8493238942691693 0.9377496006389777 0.8071452862919329 0.9399991263977636 0.8082396290934505 0.9764772197816827
0 0.7537553176177073 0.9348278637836916 0.7134578708738485 0.927894969720232 0.709949442649693 0.9641487280365064 0.7502468893935518 0.9710816220999661
0 0.6481891257225433 0.9633422145953757 0.6426119942196532 0.9150070749036608 0.6014806493858382 0.9234442738439307 0.6070577808887283 0.9717794135356455
0 0.5131484297928315 0.9132423287980928 0.46504526034815863 0.9085777790337609 0.4631024115730846 0.9441966732434509 0.5112055810177575 0.9488612230077828
0 0.3597089698909014 0.8980007487164862 0.3158222901365517 0.893041801851588 0.3134533043799915 0.9303138444214681 0.3573399841343412 0.9352727912863664
0 0.24122777478448287 0.8871003951149427 0.1960499730603449 0.8820806393678162 0.19393521012931042 0.9159168462643681 0.2391130118534484 0.9209366020114945
0 0.10088900862068967 0.9020519037356323 0.09910930765086207 0.8617120150862069 0.05099339978448275 0.8654858117816092 0.05277310075431034 0.9058257004310346