0 0.9882066163374351 0.10196560610967194 0.9817362572862693 0.06918245358376514 0.9462852675680051 0.0816213973445596 0.9527556266191709 0.1144045498704664
0 0.8926648086376404 0.11403909176029965 0.8873458347963483 0.08465809339887646 0.8545229108146067 0.09522179307116108 0.8598418846558988 0.12460279143258428
0 0.823288251768868 0.11925117924528299 0.8114497346698114 0.09083873820754722 0.7833827756485849 0.1116290782232705 0.7952212927476415 0.14004151926100628
0 0.7303867757755474 0.14569552159367402 0.7214907903740876 0.11307690845498786 0.6862062328923357 0.1301845726885645 0.6951022182937956 0.16280318582725065
0 0.6272198932926829 0.1509654471544716 0.6045243426067073 0.13138497205284563 0.5857779153963415 0.1700139735772359 0.608473466082317 0.18959444867886188
0 0.5519875919117647 0.19132965686274508 0.5447782628676471 0.1528799019607843 0.5088177849264706 0.1648667279411765 0.5160271139705882 0.20331648284313728
0 0.6046689214939025 0.0321728912601627 0.5739677019817073 0.030893673780487893 0.5731378620426829 0.06630017784552855 0.6038390815548781 0.06757939532520335
0 0.39429837740384616 0.21952123397435894 0.3911733774038461 0.1861879006410256 0.3574594350961538 0.191806891025641 0.36058443509615384 0.22514022435897432
0 0.2283599720251092 0.25332628275109176 0.22458592044213974 0.21558576692139733 0.1904595387554585 0.22165267922125176 0.19423359033842796 0.25939319505094616
0 0.07335486778846154 0.2785456730769231 0.055851862980769246 0.24353966346153846 0.023963341346153855 0.271885016025641 0.041466346153846145 0.3068910256410256
0 0.09619140625000003 0.3684895833333333 0.055175781250000035 0.3684895833333333 0.05517578125000004 0.4055989583333333 0.09619140625000003 0.4055989583333333
0 0.21182752364974128 0.37227707929064263 0.2086865423876132 0.3396108741645106 0.17147515261157828 0.34597179549374735 0.17461613387370636 0.37863800061987934
0 0.31247200709814954 0.31990477216376395 0.2723929041182874 0.31557189616594106 0.2701520546081278 0.352421421444122 0.3102311575879899 0.3567542974419449
0 0.4243021150914634 0.32426003556910576 0.41425662157012194 0.28790491615853664 0.3807676733993902 0.3043556275406505 0.39081316692073165 0.3407107469512196
0 0.5257147082018927 0.3116768533123028 0.5200980875394322 0.27516881900630913 0.4788162953470031 0.2864595655888538 0.4844329160094637 0.3229675998948475
0 0.6284754136029411 0.2737821691176469 0.6044289981617647 0.24630055147058824 0.5810604319852941 0.28265165441176476 0.6051068474264705 0.31013327205882346
0 0.7516446065225659 0.23848791941345515 0.7160134460573023 0.23082530425963502 0.7110860642748479 0.2715583269945911 0.7467172247401115 0.2792209421484112
0 0.8735727163461536 0.2100360576923078 0.8427734374999999 0.20182291666666677 0.836895282451923 0.2410106169871796 0.8676945612980768 0.2492237580128206
0 0.9478774126838236 0.19393765318627465 0.9125103400735294 0.18905943627450994 0.909241153492647 0.23119561887254916 0.9446082261029413 0.23607383578431387
0 0.9956752735785197 0.45300936371841155 0.9922414400947651 0.41065875075210595 0.9575043716155234 0.4156658957581228 0.960938205099278 0.4580165087244284
0 0.8794785796618851 0.4719358350409835 0.8765769082991802 0.4293779883879781 0.8408283171106558 0.4337111509562841 0.8437299884733607 0.47626899760928953
0 0.7684186091188525 0.47326460040983614 0.7455574410860655 0.44786330259562845 0.7231845543032787 0.48365992144808745 0.7460457223360656 0.5090612192622951
0 0.6535859374999997 0.5052135416666668 0.6353925781249998 0.4701744791666668 0.6049746093749998 0.49825260416666683 0.6231679687499998 0.5332916666666668
0 0.562518780048077 0.5365835336538463 0.5565091646634616 0.49651943108974367 0.5224233774038463 0.5056089743589745 0.5284329927884617 0.545673076923077
0 0.46850585937500006 0.5244140625000002 0.4482421875 0.4973958333333335 0.422607421875 0.5315755208333335 0.44287109375000006 0.5585937500000002
0 0.37748046874999996 0.559609375 0.37351562499999996 0.5226041666666666 0.340771484375 0.5288411458333333 0.344736328125 0.5658463541666666
0 0.2828929227941176 0.5827742034313724 0.27652803308823526 0.5445848651960784 0.2429744944852941 0.5545266544117647 0.24933938419117643 0.5927159926470588
0 0.1673490084134615 0.6089493189102565 0.1597092848557692 0.5715995592948719 0.12248347355769232 0.5851362179487181 0.13012319711538461 0.6224859775641026
0 0.052698947653785556 0.6036922482912724 0.014152454652996922 0.5975248094111462 0.01013915245465307 0.6421170560594113 0.048685645455441705 0.6482844949395374
0 0.06065282281839626 0.8066467669025159 0.032337116745283084 0.7856721698113209 0.018149321933962403 0.8197228773584907 0.04646502800707558 0.8406974744496855
0 0.1644848220567543 0.7757509576297686 0.1299716741909006 0.7717494332395248 0.12793243579971864 0.8030177552376485 0.16244558366557232 0.8070192796278923
0 0.26027798587328765 0.777648758561644 0.25765865796232873 0.744470605022831 0.22276059503424656 0.7493685787671232 0.22537992294520548 0.7825467323059362
0 0.34594726562500006 0.7431640625000001 0.3293457031250001 0.7210286458333335 0.3071289062500001 0.7506510416666669 0.32373046875000006 0.7727864583333335
0 0.4689833658503767 0.719303630696089 0.4473081984997309 0.6941730018837461 0.42794514010360607 0.7238630247578043 0.44962030745425186 0.7489936535701472
0 0.554043797662467 0.6964315318302389 0.5215044502238064 0.688397125055261 0.5167932485079576 0.7223177774093723 0.5493325959466182 0.7303521841843502
0 0.6197718178353658 0.6885638973577238 0.5887719131097562 0.67333587398374 0.5797851562500002 0.7058593750000002 0.6107850609756098 0.721087398373984
0 0.72705078125 0.6542968750000001 0.69189453125 0.6542968750000001 0.69189453125 0.6907552083333334 0.72705078125 0.6907552083333334
0 0.8224537333504098 0.6694255891393442 0.8199122694672132 0.6321507855191257 0.7852643122438525 0.6363505379098361 0.7878057761270492 0.6736253415300547
0 0.99169921875 0.6054687500000001 0.955078125 0.6054687500000001 0.955078125 0.6484375000000001 0.99169921875 0.6484375000000001
0 0.922022033005618 0.7741938787453186 0.8969238281249999 0.7465494791666668 0.8756901773174157 0.780821336610487 0.9007883821980338 0.8084657361891389
0 0.8152453412391093 0.8085761031784445 0.8125255248668924 0.7698942703291384 0.7741512509075508 0.7746910545740561 0.7768710672797676 0.8133728874233622
0 0.7143181275036418 0.7948663965768391 0.6796064161507647 0.7923646516144696 0.6781277027949745 0.8288395810572955 0.7128394141478516 0.831341326019665
0 0.6300089577285922 0.8415086780358007 0.6214877766690856 0.8060037569545235 0.5849375510250363 0.8215985198959848 0.5934587320845428 0.8571034409772619
0 0.54833984375 0.8287760416666666 0.51025390625 0.8287760416666666 0.51025390625 0.8665364583333334 0.54833984375 0.8665364583333334
0 0.44770507812500004 0.8474609375000002 0.41154296875000007 0.8405729166666669 0.4072949218750001 0.8802213541666668 0.4434570312500001 0.8871093750000002
0 0.3050137410121681 0.9166810702433628 0.3029396259679203 0.8751987693584069 0.2646981298396018 0.8785980134587019 0.26677224488384954 0.9200803143436578
0 0.17695312500000002 0.9412760416666668 0.16357421875000003 0.9055989583333334 0.13115234375000007 0.9272135416666667 0.14453125000000006 0.9628906250000001
0 0.06347656250000008 0.9420572916666666 0.029785156250000087 0.9420572916666666 0.02978515625000009 0.9759114583333334 0.06347656250000008 0.9759114583333334
0 0.8598391286333504 0.9093979740353562 0.8263581240438552 0.9043250945520994 0.822456355972718 0.9501058399201089 0.8559373605622133 0.9551787194033657
0 0.786335860148515 0.9165635313531354 0.752397896039604 0.9120384694719474 0.7497969523514852 0.9467177186468648 0.7837349164603962 0.9512427805280529
0 0.6881835937500002 0.9454427083333335 0.65771484375 0.9251302083333335 0.64638671875 0.9553385416666668 0.6768554687500001 0.9756510416666669
0 0.53515625 0.966796875 0.4980468750000001 0.966796875 0.4980468750000001 0.9993489583333334 0.53515625 0.9993489583333334
0 0.10901696009761663 0.16019124514029748 0.10536227893635902 0.1299792142072346 0.0716654253296146 0.13722584939148072 0.0753201064908722 0.16743788032454357
0 0.2024387668918919 0.13904138513513514 0.19838735219594597 0.10663006756756759 0.16568570523648649 0.11389710022522526 0.16973711993243243 0.1463084177927928
0 0.36774027122641506 0.10869939072327046 0.3606279481132075 0.07550854952830188 0.32806051002358483 0.0879151926100629 0.3351728331367924 0.12110603380503149