0 0.9729054364566773 0.09643282988871239 0.9321894562301272 0.09208979199788038 0.9300422607810016 0.12787638281664032 0.9707582410075517 0.13221942070747233
0 0.8840972762302037 0.13232790111236803 0.8829284944145929 0.09960201027526398 0.8447199342477377 0.10202795060331826 0.8458887160633486 0.13475384144042232
0 0.7439510737208667 0.10851674405195448 0.7066866436407502 0.10583101936149564 0.7051780572878733 0.14304281606579275 0.7424424873679898 0.1457285407562516
0 0.68017578125 0.10807291666666678 0.63525390625 0.10807291666666678 0.63525390625 0.14583333333333345 0.68017578125 0.14583333333333345
0 0.5808613578680202 0.14743284686971234 0.5788264395621826 0.1094477051607445 0.5388518202728426 0.11325481175972925 0.5408867385786802 0.15123995346869712
0 0.48388671875 0.10872395833333341 0.44140625 0.10872395833333341 0.44140625 0.1477864583333334 0.48388671875 0.1477864583333334
0 0.384164478345244 0.1421218503573189 0.3828861392619517 0.10377167785855103 0.340998394375308 0.10625391459257437 0.34227673345860027 0.14460408709134223
0 0.2708569029717788 0.11070603501520337 0.23110513023802734 0.09974002874382366 0.22590384923745724 0.13325939519194227 0.2656556219712086 0.14422540146332197
0 0.1826171875 0.10156250000000004 0.1435546875 0.10156250000000004 0.1435546875 0.13671875000000003 0.1826171875 0.13671875000000003
0 0.10266084285926368 0.22120261777513858 0.06729408680967937 0.21957656002573236 0.06640509018705466 0.2539510961005543 0.10177184623663897 0.25557715384996044
0 0.2578125 0.23046875000000008 0.22509765625 0.23046875000000003 0.22509765625 0.26106770833333337 0.2578125 0.2610677083333334
0 0.43992314136533667 0.2270495635910225 0.4008849945448878 0.22444702046965925 0.39956992284912723 0.2595155990232752 0.4386080696695761 0.26211814214463847
0 0.6238088625286698 0.2620430762614679 0.6230065581995414 0.22674168577981657 0.5871286374713304 0.22819129873853214 0.5879309418004588 0.2634926892201835
0 0.7842292631950041 0.25155494560838026 0.7814357121273168 0.21896351648536128 0.7458100668563659 0.22439218624093474 0.7486036179240532 0.25698361536395375
0 0.96044921875 0.20703125000000014 0.9228515625 0.20703125000000014 0.9228515625 0.24088541666666682 0.96044921875 0.24088541666666682
0 0.9627819079743465 0.3723687328573733 0.960252110055663 0.3363893846805421 0.9256592978581799 0.34071348620522746 0.9281890957768634 0.37669283438205875
0 0.8355040134039898 0.3816695241064007 0.8342047712749375 0.3470230673316708 0.7960920452774314 0.34956391573150464 0.7973912874064837 0.3842103725062344
0 0.90185546875 0.4720052083333335 0.86181640625 0.4720052083333335 0.86181640625 0.5052083333333335 0.90185546875 0.5052083333333335
0 0.8211007492534129 0.4764180709613199 0.7816649557380546 0.47023206413538127 0.7786986054820819 0.5038507003697384 0.8181343989974402 0.5100367071956771
0 0.5051202089088397 0.36377762430939237 0.48138866108425415 0.36211225253222845 0.48048628496201656 0.38497244762891353 0.5042178327866021 0.3866378194060774
0 0.682761751879337 0.38714742354150605 0.6822482471569005 0.3624991968645592 0.6485963702293754 0.36374556267668984 0.6491098749518119 0.38839378935363666
0 0.35395072710396036 0.372337819719472 0.33140276918316824 0.34774004744224424 0.31447729733910884 0.3753222978547855 0.33702525525990096 0.3999200701320133
0 0.2780827702702703 0.3828652871621622 0.2740181587837838 0.35034839527027034 0.24131651182432434 0.357615427927928 0.2453811233108108 0.3901323198198199
0 0.16451462698331978 0.3842475462774613 0.16304461833807973 0.34994734455519394 0.12427612006712775 0.3529011348996474 0.1257461287123678 0.38720133662191486
0 0.07453648811070689 0.35600744975744986 0.03927517135524952 0.3544908339830215 0.03863309673856553 0.3810299181392931 0.0738944134940229 0.38254653391372145
0 0.2589833388594165 0.4948883731211318 0.23017863063660476 0.46848405725022113 0.21339574353448276 0.5010326867816093 0.2422004517572945 0.52743700265252
0 0.40771484375 0.482421875 0.37255859375 0.482421875 0.37255859375 0.5162760416666666 0.40771484375 0.5162760416666666
0 0.4919688487714111 0.5145358593325177 0.49132763114294453 0.4846123700040783 0.45583762935868677 0.48596437007205 0.45647884698715335 0.5158878594004894
0 0.5922952586206895 0.5158539870689655 0.5908354660560344 0.4827653556034482 0.5532243399784482 0.4857152478448275 0.5546841325431033 0.5188038793103448
0 0.7292711455937911 0.5093391542104687 0.7286189276034823 0.47542381871441086 0.6868545191360054 0.47685166173894 0.6875067371263142 0.5107669972349979
0 0.9957132273706895 0.6722970545977013 0.9935142780172411 0.6371138649425289 0.9543170797413791 0.6414691091954025 0.9565160290948275 0.6766522988505748
0 0.9075072081622731 0.6741809366897149 0.9068015847828437 0.6421926768222413 0.868318101096586 0.6437018330452319 0.8690237244760155 0.6756900929127053
0 0.7938922825482195 0.6766104104846687 0.7927673520956973 0.6458623114490605 0.7569816974221067 0.6481898337042534 0.758106627874629 0.6789379327398617
0 0.6652048982197686 0.6826972991458038 0.6646292014790978 0.6473878990513305 0.6212669664472131 0.6486447754290663 0.621842663187884 0.6839541755235395
0 0.52576171875 0.6553906250000001 0.48556640624999997 0.6477343750000001 0.48198242187499996 0.6811848958333333 0.522177734375 0.6888411458333333
0 0.39977919316924776 0.6541557199483776 0.3615701050884956 0.6507593565634219 0.35976389657079644 0.6868835269174042 0.3979729846515486 0.6902798903023598
0 0.28956840873194956 0.6576601985559568 0.25314862082581235 0.6524104993983154 0.25044103959837555 0.6858040012033696 0.28686082750451275 0.691053700361011
0 0.15234375000000006 0.6451822916666666 0.11181640625000006 0.6451822916666666 0.11181640625000006 0.6829427083333334 0.15234375000000006 0.6829427083333334
0 0.05072927328556812 0.6457193843824632 0.011469861502047145 0.6389650769788467 0.00815934461361316 0.6731737514926647 0.04741875639713414 0.6799280588962812
0 0.08740234375000008 0.7584635416666666 0.04687500000000007 0.7584635416666666 0.04687500000000007 0.7903645833333334 0.08740234375000008 0.7903645833333334
0 0.24512098571197072 0.7615465643906655 0.2047291115222559 0.7599625693244021 0.20389350488872088 0.7978434033779891 0.2442853790784357 0.7994273984442525
0 0.3673470374381188 0.8048615408415842 0.36519086478960394 0.7761125721947195 0.33159131342821785 0.7805925123762375 0.3337474860767327 0.8093414810231022
0 0.5301622596153847 0.803321314102564 0.5288161057692308 0.7710136217948717 0.4936598557692307 0.7736177884615384 0.4950060096153846 0.8059254807692308
0 0.6885692290145986 0.7936340480535281 0.6800439096715329 0.7623745437956205 0.6504832915145986 0.7767069647201947 0.6590086108576643 0.8079664689781022
0 0.8125 0.7623697916666666 0.77880859375 0.7623697916666666 0.77880859375 0.79296875 0.8125 0.79296875
0 0.9446493756823144 0.9155692776564773 0.9415235227893014 0.8843107487263464 0.9065655704148471 0.8905254958151384 0.9096914233078601 0.9217840247452692
0 0.7779231506719069 0.8923457044455713 0.7464983400418357 0.8855876806541582 0.74288079994929 0.9154926787525358 0.7743056105793612 0.9222507025439489
0 0.6014614762931036 0.9052846623563219 0.5707485856681036 0.9028758081896554 0.569603650323276 0.9288276760057473 0.600316540948276 0.9312365301724138
0 0.22705078125 0.9225260416666666 0.22281461148648649 0.8886366835585585 0.18536211993243246 0.8969594594594593 0.18959828969594594 0.9308488175675675
0 0.11309931506849315 0.9182684075342467 0.11092947345890411 0.8907837471461186 0.0766414276541096 0.8955961044520547 0.07881126926369864 0.9230807648401828