0 0.8849782410105811 0.027980313695600317 0.8417562432747488 0.02019256635581072 0.8384181368812769 0.05312854943806803 0.8816401346171091 0.06091629677785763
0 0.8082048477825875 0.055359597898290314 0.8059824582448547 0.028197059103778715 0.763641885821627 0.03435568781988457 0.7658642753593597 0.061518226614396175
0 0.7240429687499998 0.06307291666666665 0.7215039062499998 0.03937499999999999 0.68130859375 0.04703124999999999 0.68384765625 0.07072916666666663
0 0.6340793918918919 0.07328617680180187 0.6308197846283784 0.047209318693693714 0.591942039695946 0.05584881756756758 0.5952016469594595 0.08192567567567573
0 0.5486398642642232 0.07784777306710432 0.5464570227024069 0.05618104941648435 0.5060037224767505 0.0634264166210795 0.5081865640385668 0.08509314027169947
0 0.472243930091072 0.09217886869214693 0.46886722249178864 0.06651589093759329 0.42671611395192593 0.07637579936797051 0.4300928215512093 0.10203877712252417
0 0.39066336870963403 0.09925757422856119 0.3892663271999462 0.07255855871008253 0.3519637946548708 0.07602856173753138 0.35336083616455866 0.10272757725601005
0 0.3157419568637353 0.10125458035529315 0.314173326794593 0.0733678235705407 0.2775749932022996 0.07702765692977004 0.27914362327144193 0.10491441371452248
0 0.24587388602251406 0.10860791901188244 0.2441937587945591 0.08284596818323951 0.20584581672138835 0.08729210639462164 0.20752594394934332 0.11305405722326456
0 0.16741568963980027 0.11126961483594865 0.16419763061697573 0.08895773894436519 0.12654634004992865 0.0986119160128388 0.1297643990727532 0.12092379190442225
0 0.06498134003252787 0.125191198110285 0.06210066217472118 0.09574426889714995 0.023545502730018583 0.10244951401796781 0.026426180587825275 0.13189644323110286
0 0.07174833694306931 0.20469136757425743 0.06911355198019803 0.16956090140264027 0.02028542698019802 0.17607131806930695 0.022920211943069306 0.2112017842409241
0 0.16498276203591913 0.19135967684123156 0.1616106295276185 0.1593244180123755 0.1108106618340628 0.1688308447152631 0.11418279434236342 0.20086610354411916
0 0.28162576040403275 0.17873719236405897 0.277917606314433 0.15048458977663232 0.23200910115979384 0.1611965743127148 0.23571725524939358 0.18944917690014149
0 0.38118996230544744 0.17502127918287938 0.3799037116974708 0.14758126621271075 0.33658537512159525 0.15119112759403372 0.3378716257295719 0.17863114056420235
0 0.44091796875 0.1438802083333334 0.3994140625 0.1438802083333334 0.3994140625 0.17252604166666674 0.44091796875 0.17252604166666674
0 0.5186743829036965 0.16075662694552528 0.5173140351410506 0.13173587467574577 0.4751812530398833 0.13524693985084302 0.47654160080252916 0.16426769212062253
0 0.6180525463907015 0.15690528989940186 0.6173559689794046 0.12439834403887982 0.5730143760195758 0.12608754758020665 0.5737109534308727 0.15859449344072868
0 0.7142251760848446 0.14152735049654588 0.7077611419203368 0.10877624406303983 0.6602207638439119 0.12545707847582047 0.6666847980084197 0.15820818490932653
0 0.8011978722269624 0.13558109357224116 0.7983281783276449 0.10305789604664388 0.7570225842576791 0.109537204920364 0.7598922781569966 0.1420604024459613
0 0.8886679386909124 0.1257266665139856 0.8864421348250275 0.09486218624038106 0.8426854073149505 0.10047202310064736 0.8449112111808353 0.13133650337425187
0 0.9641120793269231 0.11460136217948717 0.9625931490384615 0.07814703525641026 0.9192157451923075 0.08136017628205129 0.9207346754807691 0.11781450320512821
0 0.9459494620458478 0.3537949646770473 0.9388947272383219 0.32288850742502884 0.8984417238862458 0.3393042189302191 0.9054964586937717 0.37021067618223763
0 0.8846669646848458 0.36569042430338256 0.880253880056996 0.3410841342571897 0.8395591193562807 0.3540592753501713 0.8439722039841305 0.3786655653963642
0 0.828391614198244 0.3778602510782501 0.8279914221349354 0.35011360135551445 0.7833302044824398 0.35125876078250157 0.7837303965457485 0.37900541050523723
0 0.750804211667847 0.39073897839943345 0.7502713903151558 0.3609009826487252 0.7121489354638809 0.3621112193106704 0.7126817568165722 0.39194921506137864
0 0.6829683354670534 0.39867304468986514 0.6824443851030356 0.367236022848799 0.6393450090233218 0.368513041399309 0.6398689593873396 0.39995006324037513
0 0.6190735084059521 0.4033919249424533 0.6174781244861889 0.3741432197467938 0.5718388405335417 0.37856884728159595 0.5734342244533049 0.4078175524772554
0 0.5106410355578828 0.40194657987433363 0.5050404905274181 0.37755309485275457 0.4631567066712681 0.3946485168348566 0.4687572517017327 0.41904200185643564
0 0.4363819958280857 0.409993899559194 0.4238625629722922 0.37789278967254414 0.38638051991498745 0.4038803395256088 0.3988999527707809 0.43598144941225864
0 0.36769543259153165 0.4245690533584871 0.365102547250559 0.3955287375395939 0.32838565321059254 0.4013568159586362 0.33097853855156517 0.4303971317775294
0 0.283650532027715 0.43830864677601816 0.28240773472850683 0.40351032239819 0.24102092760181 0.40613805618401205 0.24226372490101813 0.4409363805618402
0 0.16470061862929186 0.4477140893240344 0.1593567680391631 0.4177885260193133 0.12142171573229615 0.4298313997675251 0.12676556632242492 0.45975696307224617
0 0.09042039415951637 0.4558144825793033 0.08654461412831513 0.4235163156526262 0.04363908931357255 0.43266949427977125 0.047514869344773794 0.46496766120644833
0 0.06445312500000006 0.576171875 0.021972656250000056 0.576171875 0.021972656250000056 0.6106770833333334 0.06445312500000006 0.6106770833333334
0 0.14960186298076922 0.5990084134615384 0.14617638221153845 0.5624699519230768 0.10446965144230769 0.5694210737179487 0.10789513221153846 0.6059595352564102
0 0.227099609375 0.5880859374999999 0.21826171875 0.5527343749999999 0.185888671875 0.5671223958333332 0.19472656249999998 0.6024739583333333
0 0.27099609375 0.5520833333333334 0.23339843750000006 0.5520833333333334 0.23339843750000006 0.5911458333333334 0.27099609375 0.5911458333333334
0 0.3523029264856557 0.5792189634562841 0.34967741419057374 0.5407114497950819 0.3097464139344262 0.5455515710382514 0.31237192622950816 0.5840590846994536
0 0.4443359375 0.5397135416666666 0.4033203125 0.5397135416666666 0.4033203125 0.572265625 0.4443359375 0.572265625
0 0.5344400703287423 0.5289510514119891 0.48910858725311857 0.5270013102044353 0.48838986973752607 0.5567083008489261 0.5337213528131498 0.5586580420564797
0 0.6269906850961537 0.5446714743589743 0.6212964716148577 0.512133111608711 0.5774283373946258 0.5257809755883387 0.583122550875922 0.558319338338602
0 0.6895945581896551 0.5374191810344829 0.6876313308189654 0.5060075431034484 0.6502525592672413 0.5101607399425289 0.652215786637931 0.5415723778735634
0 0.7720231681034482 0.5288029813218391 0.770026266163793 0.4968525502873564 0.7266264816810344 0.5016747485632185 0.7286233836206896 0.5336251795977012
0 0.8623046875 0.4817708333333335 0.81640625 0.4817708333333335 0.81640625 0.5110677083333335 0.8623046875 0.5110677083333335
0 0.9410057339960769 0.49852517237280075 0.9360567492867331 0.4642122117213503 0.8957613565442224 0.4745443637066094 0.9007103412535662 0.5088573243580599
0 0.9976402407786886 0.48890667691256834 0.9922547387295083 0.4583888319672131 0.9521388319672132 0.47097421448087423 0.9575243340163935 0.5014920594262295
0 0.9512352961459648 0.6750513937053385 0.9485161914801389 0.6412136467528374 0.9060006255911097 0.6472872990226987 0.9087197302569356 0.6811250459751998
0 0.8843125640368852 0.6880251024590165 0.8459256531762296 0.6759029200819673 0.8418538678278689 0.6988255635245902 0.8802407786885245 0.7109477459016394
0 0.8038066081330869 0.7169196222273567 0.8033816861136784 0.6874583622150339 0.7535484779343808 0.6887361367837337 0.7539733999537893 0.7181973967960565
0 0.7465144230769231 0.6865284455128208 0.7067270132211539 0.6720602964743593 0.7007324218750002 0.7013671875000003 0.7405198317307693 0.7158353365384618
0 0.64990234375 0.6927083333333334 0.61474609375 0.6927083333333334 0.61474609375 0.71875 0.64990234375 0.71875
0 0.5394892604028514 0.7300257999005305 0.5346938722645889 0.6954990053050397 0.500283643484748 0.7039953580901855 0.5050790316230106 0.7385221526856763
0 0.4931805214185394 0.7629257373595507 0.4904263957162922 0.72436797752809 0.4586277650983146 0.7284058988764047 0.4613818908005618 0.7669636587078653
0 0.38898151676829273 0.7234978404471546 0.3500202458079269 0.7177258003048781 0.3476502953506099 0.746165205792683 0.3866115663109757 0.7519372459349594
0 0.4394531250000001 0.7161458333333334 0.3969726562500001 0.7161458333333334 0.3969726562500001 0.75 0.4394531250000001 0.75
0 0.3014661029280086 0.7508142684455588 0.28709748276325214 0.7169190619030563 0.2562217384491404 0.7401877387774594 0.27059035861389685 0.7740829453199618
0 0.3715543122270743 0.7629725027292578 0.33532917405840623 0.7393840406659389 0.32469018661299137 0.7684301651200874 0.36091532478165944 0.7920186271834062
0 0.26754056490384626 0.7738381410256411 0.23925781250000008 0.7486979166666666 0.225360576923077 0.7764923878205129 0.25364332932692313 0.8016326121794873
0 0.19682099467255723 0.7484962426368676 0.16723988110706864 0.7307475744975745 0.1575920120841996 0.7593338530838531 0.1871731256496882 0.7770825212231464
0 0.16386375633445943 0.7978501548423423 0.163247730152027 0.762531320382883 0.12669182854729727 0.7636648367117118 0.12730785472972972 0.7989836711711712
0 0.047492913440265544 0.7526156895280235 0.01411262444690272 0.7496485527286133 0.013017232439159365 0.7715563928834807 0.04639752143252219 0.7745235296828907
0 0.04532604768786139 0.7870965799614642 0.014173139450867178 0.7737453335741811 0.008335779443641722 0.7979595676782275 0.03948868768063593 0.8113108140655106
0 0.11083984375000008 0.890625 0.06396484375000008 0.890625 0.06396484375000008 0.9270833333333334 0.11083984375000008 0.9270833333333334
0 0.16415005387931034 0.9245105962643678 0.16266163793103447 0.8907731681034482 0.12284651131465517 0.8938959231321838 0.12433492726293104 0.9276333512931035
0 0.22152251629085645 0.945675057750655 0.2193455536305337 0.910118000965384 0.17723538671390152 0.914701420493725 0.17941234937422423 0.950258477278996
0 0.262470703125 0.9210807291666668 0.257822265625 0.8776953124999999 0.21373046874999996 0.88609375 0.21837890624999998 0.9294791666666669
0 0.30829126791240585 0.9354084673259777 0.306582809136168 0.9027579218245424 0.26931417771124866 0.9062247712594186 0.2710226364874866 0.9388753167608539
0 0.3564453125000001 0.8717447916666666 0.3178710937500001 0.8717447916666666 0.3178710937500001 0.9114583333333334 0.3564453125000001 0.9114583333333334
0 0.416914333297227 0.923940957177932 0.41584383800909874 0.889685107957828 0.37538673228986125 0.89193272494223 0.3764572275779895 0.926188574162334
0 0.5169177446209017 0.9121894211065573 0.5149005827356558 0.882604380122951 0.47395699923155743 0.8875672387295084 0.4759741611168033 0.9171522797131147
0 0.6245646427309142 0.8937734399544456 0.6164235538407163 0.8601236058749607 0.5777471687971252 0.876758610194785 0.5858882576873231 0.9104084442742697
0 0.7437972430200247 0.8689749930163492 0.7421768177708187 0.8460729828275699 0.7020343788593861 0.8511223462126557 0.7036548041085922 0.8740243564014349
0 0.8430381620197437 0.8543375911597296 0.8408494947305227 0.8292408729099964 0.7978937725120064 0.83590067480434 0.8000824398012274 0.8609973930540732
0 0.9359730819026675 0.8451814048902762 0.9313665556718219 0.8172010233399547 0.8887029121736665 0.8296879433881953 0.8933094384045122 0.8576683249385169
0 0.994747413429054 0.858439963400901 0.9402256651182432 0.8567493665540541 0.9395927470439189 0.8930366694819822 0.9941144953547297 0.8947272663288292
0 0.8638721492494226 0.8988404541955349 0.8600098783920322 0.8689722262317167 0.8159760437716512 0.879094946834103 0.8198383146290416 0.9089631747979214
0 0.7459610955563584 0.9145404323217726 0.7429185106575145 0.8881713631984587 0.7008331828034682 0.8968042509633912 0.7038757677023121 0.923173320086705