0 0.8954814189189189 0.03211219031531535 0.8706966818610891 0.003961624768150503 0.8493337949622416 0.03739918687069429 0.8741185320200715 0.06554975241785914
0 0.8285173602541953 0.042421823585061004 0.806688344490375 0.014581919422507564 0.7868052235007401 0.042297785044422755 0.8086342392645605 0.0701376892069762
0 0.7485672479461315 0.043760074355241395 0.7218373024126457 0.020409777107598615 0.7059454132435525 0.052751165592069015 0.7326753587770383 0.0761014628397118
0 0.6010994384415352 0.06978008428981337 0.5781053846843617 0.04642104555236718 0.5609896206958394 0.07637363253228109 0.5839836744530129 0.09973267126972729
0 0.5014104497247409 0.09764107027202075 0.4950033395401554 0.06517837867012094 0.4689258318490932 0.07432838136873926 0.47533294203367865 0.10679107297063907
0 0.5591120793269231 0.07545072115384617 0.5339768629807693 0.0563000801282052 0.5200045072115385 0.0889022435897437 0.5451397235576922 0.10805288461538469
0 0.661885838150289 0.0587081526974953 0.6370664739884393 0.03526764210019281 0.62102149566474 0.06546995423892106 0.6458408598265896 0.08891046483622356
0 0.44140625 0.09765625000000007 0.416484375 0.07273437500000009 0.399609375 0.10273437500000011 0.42453124999999997 0.1276562500000001
0 0.3560239833515283 0.10890079148471628 0.3277488741812226 0.08331854985443972 0.3111063728165938 0.11601960516739458 0.3393814819868995 0.14160184679767115
0 0.27705110640954494 0.10610678528486872 0.2388123439234184 0.10440728472992977 0.23786016838928967 0.14249430609507954 0.2760989308754162 0.14419380665001852
0 0.1949757543103448 0.12937769396551727 0.16632661954868155 0.10178963826910076 0.14794030489350912 0.13573360378634214 0.17658943965517238 0.16332165948275865
0 0.09112716132614215 0.13893096975465316 0.06014732709390866 0.12183864741962776 0.05107570590101525 0.151069426818951 0.08205554013324874 0.1681617491539764
0 0.017089843750000014 0.126953125 1.1660455362975287e-17 0.126953125 1.3454371572663792e-17 0.166015625 0.017089843750000014 0.166015625
0 0.03956320175874403 0.35827992514573387 0.03723901406001589 0.3195434635002649 -0.0013615982710651862 0.3236608621489136 0.0009625894276629535 0.36239732379438255
0 0.11364065701844261 0.33105682206284154 0.08701412013319673 0.3090793630464481 0.07343429815573771 0.33832821038251365 0.10006083504098359 0.3603056693989071
0 0.1835466056034483 0.329009518678161 0.16269531249999997 0.30429687499999997 0.1455078125 0.330078125 0.1663591056034483 0.3547907686781609
0 0.23144531250000006 0.30598958333333337 0.20117187500000006 0.3059895833333333 0.20117187500000006 0.3424479166666667 0.23144531250000006 0.3424479166666667
0 0.2904710036057692 0.3311047676282051 0.286018837035809 0.29904916832449163 0.25489576425729443 0.3067338776525199 0.25934793082725466 0.3387894769562334
0 0.3489749772941334 0.31247126726767144 0.33304933480220666 0.28805194878005025 0.31217202637244346 0.31225752377108 0.32809766886437025 0.3366768422587012
0 0.3984765624999999 0.32132812499999996 0.3943164062499999 0.28250000000000003 0.36259765624999996 0.28854166666666675 0.36675781249999995 0.32736979166666663
0 0.4685889862804878 0.31083841463414635 0.46773342225609754 0.27433434959349595 0.43587366615853657 0.27566183943089434 0.4367292301829268 0.31216590447154474
0 0.5343577665441176 0.2728783700980393 0.5097455193014706 0.2519952512254903 0.4934397977941176 0.28615962009803936 0.5180520450367646 0.3070427389705883
0 0.594921875 0.2605468750000002 0.5687499999999999 0.2430989583333334 0.5561523437499999 0.2766927083333333 0.5823242187500001 0.2941406250000001
0 0.6501321231617646 0.27270986519607837 0.6433249080882352 0.23640471813725483 0.6124195772058822 0.24670649509803913 0.6192267922794117 0.28301164215686264
0 0.7050670931053535 0.2546871162819253 0.69078942319499 0.2244520505893909 0.66405962211444 0.24689188359528488 0.6783372920248034 0.2771269492878193
0 0.7900381125364784 0.24058016172179006 0.7707586028696496 0.21144668044747097 0.7459047072592412 0.24068655763618682 0.76518421692607 0.2698200389105059
0 0.8435102035142349 0.24676332666073542 0.8356994411699289 0.21343740732502967 0.8050332934830962 0.22621496886120998 0.8128440558274022 0.25954088819691573
0 0.9059372805477529 0.2221515098314608 0.8799102440308989 0.20046231273408255 0.8632044417134832 0.23610135767790275 0.8892314782303372 0.257790554775281
0 0.9809027075921732 0.21987774229193646 0.9579035868774255 0.1961816785252266 0.9397449567432082 0.22751421679603298 0.9627440774579559 0.2512102805627428
0 0.9345703125 0.4049479166666668 0.89990234375 0.4049479166666668 0.89990234375 0.4368489583333335 0.9345703125 0.4368489583333335
0 0.8643525795118342 0.4425873705621302 0.8626583302514792 0.40983188486193295 0.8323103504068047 0.4126225036982248 0.8340045996671597 0.44537798939842205
0 0.7988671875 0.44820312500000004 0.7942734375 0.4145156250000001 0.7604999999999998 0.4227031250000001 0.7650937499999999 0.4563906250000001
0 0.7255244038068844 0.45838954929988346 0.722383906432322 0.4280314080124466 0.6927913278515168 0.4334737213146637 0.6959318252260792 0.46383186260210046
0 0.6512952485542703 0.4710881895017794 0.646964315502669 0.43547829552194556 0.6128117354314947 0.44286263715895613 0.6171426684830961 0.47847253113879
0 0.5885493440448113 0.4648253242924529 0.5594873968160378 0.44329795597484284 0.5464512087264151 0.4745848073899372 0.5755131559551886 0.49611217570754723
0 0.5153813073394495 0.4951368979357798 0.5145682518635322 0.45936245699541284 0.48009469968463303 0.46075532779051986 0.48090775516055045 0.4965297687308869
0 0.4329187729779411 0.4883003982843137 0.40641084558823537 0.46580882352941194 0.3921760110294118 0.49563419117647073 0.41868393841911755 0.5181257659313726
0 0.36328125 0.4869791666666667 0.33154296875 0.4869791666666667 0.33154296875 0.5188802083333334 0.36328125 0.5188802083333334
0 0.3017578125 0.4928385416666667 0.271484375 0.4928385416666667 0.271484375 0.521484375 0.3017578125 0.521484375
0 0.23876953125000006 0.49609375 0.20361328125000006 0.49609375 0.20361328125000006 0.5286458333333334 0.23876953125000006 0.5286458333333334
0 0.16531296772949933 0.5056954334482341 0.12975702161193764 0.5018515473814708 0.12796264116926712 0.531359136883164 0.1635185872868288 0.5352030229499275
0 0.10046134791275796 0.534547959662289 0.09850272631332083 0.5045157618042526 0.06272536057692307 0.5086638621794871 0.06468398217636023 0.5386960600375235
0 0.037518475506756806 0.5136894707207207 0.0018132390202703144 0.5061725788288288 -0.001801361908783744 0.5366958755630631 0.03390387457770275 0.544212767454955
0 0.9947153600374065 0.5745710593308395 0.9933637585723192 0.5385283535951787 0.9601216684850373 0.5407444929343308 0.9614732699501246 0.5767871986699916
0 0.92236328125 0.576171875 0.9174241286057693 0.5432441907051283 0.884559044471154 0.5520082131410257 0.8894981971153848 0.5849358974358974
0 0.8649833029376971 0.5861860048633019 0.8620536154376971 0.5536339215299684 0.8353483278292585 0.5579067675473186 0.8382780153292585 0.5904588508806521
0 0.8016321163366337 0.5966313428217821 0.7991085241336634 0.5629834467821783 0.7689414449257427 0.567005724009901 0.771465037128713 0.600653620049505
0 0.7281216325431034 0.6128367456896553 0.7258418642241379 0.5763604525862069 0.6978380926724137 0.5794719827586208 0.7001178609913792 0.6159482758620691
0 0.66259765625 0.5872395833333335 0.63671875 0.5872395833333335 0.63671875 0.6276041666666669 0.66259765625 0.6276041666666669
0 0.6160098805147061 0.6278339460784313 0.6148963341346155 0.5966546474358975 0.5895631539875567 0.5982631033182504 0.5906767003676472 0.6294424019607844
0 0.5483774038461539 0.6213441506410257 0.52392578125 0.599609375 0.5083759014423077 0.6307091346153846 0.5328275240384616 0.6524439102564102
0 0.4695136219548722 0.6216813515042598 0.4385865427815495 0.6200319072816826 0.4375702001797125 0.6539099940095846 0.46849727935303515 0.6555594382321619
0 0.40430119607300885 0.6595916297935104 0.40276289408185845 0.6288255899705014 0.3725910017975663 0.6315075359513275 0.3741293037887167 0.6622735757743363
0 0.3295898437500001 0.6341145833333334 0.2993164062500001 0.6341145833333334 0.2993164062500001 0.669921875 0.3295898437500001 0.669921875
0 0.25028219158397874 0.6392157752500807 0.21904731743102615 0.6353114159809615 0.21664656189496612 0.6694554947160373 0.24788143604791874 0.6733598539851564
0 0.18310546875000006 0.6419270833333334 0.15234375000000006 0.6419270833333334 0.15234375000000006 0.6751302083333334 0.18310546875000006 0.6751302083333334
0 0.13378906250000006 0.6438802083333334 0.10546875000000006 0.6438802083333334 0.10546875000000006 0.6770833333333334 0.13378906250000006 0.6770833333333334
0 0.07802734375000006 0.6454427083333333 0.04949824892241385 0.642272808908046 0.04722184806034488 0.6786952227011493 0.07575094288793109 0.6818651221264367
0 0.058673020762278386 0.7827528137789906 0.022467598908594885 0.7791769696452935 0.020538454979536214 0.8139015603683494 0.056743876833219714 0.8174774045020464
0 0.16503906250000006 0.7734375 0.12597656250000006 0.7734375 0.12597656250000006 0.8079427083333334 0.16503906250000006 0.8079427083333334
0 0.2730426114215178 0.7650199779106029 0.23641238143191276 0.7634444841476092 0.23553580999870072 0.7996761033870411 0.27216603998830574 0.8012515971500349
0 0.3637147039005289 0.7610449298209927 0.33098118706773805 0.7585509475861133 0.32950323242982105 0.7930365558041769 0.3622367492626119 0.7955305380390563
0 0.42189453125 0.7833854166666665 0.418291015625 0.7497526041666668 0.3869140625 0.7557291666666668 0.390517578125 0.7893619791666665
0 0.5060593197906582 0.7762811592449177 0.5035862437984027 0.7411085229106162 0.46932620023596316 0.7453910283559212 0.4717992762282187 0.7805636646902226
0 0.5995546377388534 0.7432689755838643 0.5760064191878981 0.7214271496815288 0.55832130772293 0.7553236133227177 0.5818695262738853 0.777165439225053
0 0.6591796875 0.7220052083333334 0.630859375 0.7220052083333334 0.630859375 0.7532552083333334 0.6591796875 0.7532552083333334
0 0.7297750763041065 0.7411332604975954 0.7289329130826859 0.7074467316407694 0.6974899850860157 0.7088441951072881 0.6983321483074363 0.742530723964114
0 0.8300346147896039 0.7253313221947195 0.8274675123762376 0.6911032900165016 0.7933845142326733 0.6956476897689768 0.7959516166460396 0.7298757219471947
0 0.8965325342465753 0.7193600171232877 0.8935841181506848 0.6820134132420091 0.8628545055650685 0.686326341324201 0.865802921660959 0.7236729452054794
0 0.9583697150735295 0.7146063112745099 0.956195427389706 0.6769186580882353 0.9266228170955884 0.6799517463235295 0.9287971047794119 0.717639399509804
0 0.9616541872401246 0.8095709892584892 0.9391424928534303 0.7814313712751213 0.914885776702183 0.815929812023562 0.9373974710888773 0.8440694300069299
0 0.86474609375 0.796875 0.83154296875 0.796875 0.83154296875 0.8352864583333334 0.86474609375 0.8352864583333334
0 0.8060253906249999 0.8367057291666665 0.8021679687499998 0.8007031250000001 0.7722949218749998 0.8063932291666668 0.7761523437499999 0.8423958333333333
0 0.7586678538602941 0.8426217830882354 0.756184512867647 0.8106142769607843 0.7300965073529411 0.8142126225490197 0.7325798483455882 0.8462201286764707
0 0.7048373287671232 0.8461490439497718 0.6958877354452053 0.814328267694064 0.6665105950342465 0.8290168378995434 0.6754601883561644 0.8608376141552512
0 0.6433627865720526 0.8300440092794762 0.6162407887554586 0.8252223207787485 0.6121127865720525 0.8665023426128095 0.6392347843886464 0.8713240311135372
0 0.6025792129476127 0.8718363174182139 0.5969218853614059 0.8360065760389035 0.5688437707228117 0.8438881520778071 0.5745010983090185 0.8797178934571175
0 0.5554112264554795 0.84308647260274 0.5327643407534247 0.8419681078767125 0.5316901220034247 0.8806399828767124 0.5543370077054794 0.8817583476027399
0 0.5143195433937824 0.8778908948618308 0.5080009816224094 0.8458768485535408 0.47343927096826427 0.8580037645725391 0.4797578327396373 0.8900178108808291
0 0.3782851562499999 0.8948593750000002 0.37317578124999995 0.857390625 0.3393164062499999 0.8655989583333333 0.34442578124999995 0.9030677083333335
0 0.436433977578045 0.8911654245564654 0.4327276380181678 0.8528665824377345 0.39676824782497433 0.8590531441914021 0.40047458738485153 0.897351986310133
0 0.3099498630798969 0.9050136920103092 0.3087689271907217 0.870372905927835 0.2769853414948454 0.8722991838487971 0.2781662773840206 0.9069399699312714
0 0.25023577691680265 0.8939449938825449 0.2320363478792822 0.8682516823001633 0.21141861235725934 0.894214756661229 0.22961804139477976 0.9199080682436107
0 0.2221786299126637 0.8851977574599709 0.21847280977074232 0.8481395560407569 0.19090304312227074 0.853040847889374 0.19460886326419213 0.890099049308588
0 0.17333984375000006 0.8815104166666666 0.13916015625000006 0.8815104166666666 0.13916015625000008 0.9173177083333334 0.17333984375000008 0.9173177083333334
0 0.11046389248704663 0.9222433613989639 0.10880120628238342 0.8878811798359241 0.07306913860103627 0.890954906088083 0.07473182480569948 0.9253170876511229
0 0.04677832451578201 0.9050515976207558 0.013606023583213889 0.8847796359397418 0.0010606281384505922 0.9212753317790533 0.034232929071018714 0.9415472934600672