0 0.06775730875282807 0.05345464507918552 0.06668242717760182 0.023357960972850686 0.02464605132918552 0.02602693721719458 0.025720932904411763 0.05612362132352942
0 0.15918939834586943 0.025406892741798418 0.1213698866171596 0.019676663691993893 0.11870313894377867 0.05096650305966346 0.15652265067248852 0.05669673210946798
0 0.24009881915799855 0.048922932358919195 0.2369340981438307 0.017697685019129605 0.19837774334200145 0.024644775974414154 0.2015424643561693 0.055870023314203744
0 0.3226401212528281 0.05019943674585218 0.32153762195984165 0.019329456542232278 0.2821923165299774 0.021827571172699855 0.28329481582296384 0.052697551376319755
0 0.39766332485896677 0.052747519546714174 0.39674185347387175 0.017117292656373715 0.36211505808343236 0.01870932922604909 0.3630365294685274 0.05433955611638955
0 0.5094525209407216 0.020903135738831694 0.4647118637242268 0.01819158075601383 0.46343327158505154 0.055696950171821386 0.5081739288015463 0.058408505154639245
0 0.651022767276863 0.02469332214038139 0.6125966407603985 0.022558537333911128 0.6115405315749566 0.05635403126805324 0.6499666580914211 0.0584888160745235
0 0.8146753771551724 0.027693965517241514 0.7755589978448275 0.023347701149425415 0.7734341325431033 0.057345545977011615 0.8125505118534482 0.061691810344827715
0 0.9227527816098849 0.05621176223608445 0.9218167061540308 0.024385196737044146 0.880166221809021 0.02656299984005119 0.8811022972648752 0.05838956533909149
0 0.10933330407303372 0.19212459035580523 0.10684691011235957 0.15731507490636706 0.06442569346910113 0.16270189606741578 0.06691208742977528 0.19751141151685395
0 0.2231926081730769 0.19451322115384614 0.22164212740384612 0.15730168269230768 0.17829176682692305 0.1605128205128205 0.17984224759615383 0.197724358974359
0 0.32079677894467207 0.1906965078551913 0.31849945568647536 0.15700243340163936 0.2808137487192623 0.16157039788251368 0.283111071977459 0.1952644723360656
0 0.4624164384664949 0.1937728200171821 0.4612566446520619 0.1597522014604811 0.42205319748711345 0.1621281679553265 0.42321299130154644 0.19614878651202747
0 0.57373046875 0.16276041666666677 0.53369140625 0.16276041666666674 0.53369140625 0.1966145833333334 0.57373046875 0.1966145833333334
0 0.6581963878736861 0.19300904443166889 0.6575855550878779 0.1612457395696452 0.619199334243594 0.16255808900021898 0.6198101670294022 0.19432139386224268
0 0.7431246798155737 0.193311987704918 0.7418548283811475 0.16029585040983604 0.7031070696721311 0.16294526980874316 0.7043769211065574 0.19596140710382515
0 0.8577931559504791 0.1894593650159744 0.8568977136581469 0.15961128860489882 0.8152066069289137 0.1618348142971246 0.8161020492212459 0.19168289070820022
0 0.9744613440328056 0.18856346625188536 0.9732616303733034 0.15497148378582204 0.9278382176187784 0.15785550999245854 0.9290379312782806 0.19144749245852186
0 0.09082031250000003 0.2721354166666667 0.05029296875000003 0.2721354166666667 0.05029296875000003 0.3033854166666667 0.09082031250000003 0.3033854166666667
0 0.15771484375 0.2747395833333333 0.11767578125000003 0.2747395833333333 0.11767578125000003 0.3040364583333333 0.15771484375000003 0.3040364583333333
0 0.22661856332428237 0.29687651522498065 0.2216304426881303 0.267779144847427 0.18359261358126455 0.2793716260990432 0.1885807342174166 0.30846899647659687
0 0.2900390625 0.27343750000000006 0.2529296875 0.27343750000000006 0.2529296875 0.30533854166666674 0.2900390625 0.30533854166666674
0 0.381116184543919 0.30573937218468467 0.38057326858108115 0.2746121903153153 0.34258736275337837 0.2757900478603604 0.3431302787162162 0.30691722972972973
0 0.4970703125 0.2727864583333334 0.46044921875 0.2727864583333334 0.46044921875 0.3059895833333334 0.4970703125 0.3059895833333334
0 0.59423828125 0.27539062500000006 0.5576171875 0.27539062500000006 0.5576171875 0.30143229166666674 0.59423828125 0.30143229166666674
0 0.68994140625 0.2708333333333335 0.65673828125 0.2708333333333334 0.65673828125 0.3014322916666668 0.68994140625 0.3014322916666668
0 0.77783203125 0.2688802083333335 0.74267578125 0.2688802083333335 0.74267578125 0.29882812500000017 0.77783203125 0.29882812500000017
0 0.86181640625 0.2669270833333335 0.82421875 0.2669270833333335 0.82421875 0.29687500000000017 0.86181640625 0.29687500000000017
0 0.9563273131199811 0.2677841703078257 0.9173150943256968 0.26665338135726674 0.9168328099167454 0.2962334917729493 0.9558450287110297 0.29736428072350823
0 0.09242475200985478 0.5742206409923928 0.09098422101919088 0.5428490771957123 0.05210730841545643 0.5460227027143845 0.05354783940612033 0.5773942665110651
0 0.2147719898162939 0.570524660543131 0.2138266273961661 0.5390125798722044 0.17172601961861023 0.5412579456203407 0.172671382038738 0.5727700262912673
0 0.3204536880107726 0.572116456166419 0.32002272357912326 0.5387885401188707 0.2770246621935364 0.5397770013001485 0.27745562662518575 0.5731049173476969
0 0.4105348248714653 0.5690351863753212 0.40897056756105404 0.538445265638389 0.3704643818284062 0.5419458279777206 0.37202863913881745 0.5725357487146528
0 0.505586730647208 0.571082513747885 0.5037575348984771 0.5369375264382402 0.4656914260786802 0.5405628701353639 0.46752062182741116 0.5747078574450085
0 0.5814173922911853 0.5705908423434577 0.5805340046219876 0.53819996113954 0.538437680546385 0.5402409950341147 0.5393210682155827 0.5726318762380324
0 0.6822600778848001 0.5707686294997438 0.6818487356480591 0.5427973574013579 0.6409732897770946 0.5438659965090956 0.6413846320138356 0.5718372686074815
0 0.7802734375 0.5397135416666669 0.73828125 0.5397135416666669 0.73828125 0.5742187500000001 0.7802734375 0.5742187500000001
0 0.879578046350671 0.5406660724272931 0.8383173984415332 0.5394157497633799 0.8377502157814919 0.5726904658191363 0.8790108636906298 0.5739407884830495
0 0.975908954326923 0.5681690705128205 0.9742265509430473 0.5375119421844182 0.9366158931213018 0.5411812746548325 0.9382982965051776 0.5718384029832347
0 0.07430024832184327 0.7305641857160134 0.06801282996190135 0.7043666092162555 0.03093109352322207 0.7201881500967587 0.037218511883163996 0.7463857265965167
0 0.19140625000000006 0.7239583333333334 0.18157393292682927 0.6955538617886178 0.14590320121951222 0.7175050813008129 0.15573551829268295 0.7459095528455285
0 0.2651367187500001 0.7063802083333334 0.22558593750000006 0.7063802083333334 0.22558593750000006 0.7395833333333334 0.2651367187500001 0.7395833333333334
0 0.3415345407869056 0.7375271690915541 0.34014455065649396 0.704785179352969 0.2982221918803229 0.7079491309587178 0.29961218201073453 0.7406911206973029
0 0.43902343750000006 0.7103906250000002 0.4008105468750002 0.7031119791666668 0.39716796875000016 0.7371093750000002 0.43538085937500004 0.7443880208333334
0 0.52759765625 0.7321874999999999 0.5244140625 0.702473958333333 0.48291992187499994 0.7103776041666664 0.486103515625 0.7400911458333334
0 0.6064453125 0.7083333333333334 0.56298828125 0.7083333333333334 0.56298828125 0.7389322916666666 0.6064453125 0.7389322916666666
0 0.7112792968749999 0.7357421875 0.7041992187499999 0.707421875 0.668896484375 0.7231119791666666 0.6759765625 0.7514322916666666
0 0.6863138654590709 0.7178137675147492 0.6848079715154868 0.6876958886430679 0.6479924294800884 0.6909683812684366 0.6494983234236725 0.721086260140118
0 0.7862838224085366 0.7199847560975611 0.7855287728658537 0.6877693089430895 0.7491415777439023 0.6892854420731708 0.7498966272865852 0.7215008892276423
0 0.806035125198728 0.7444656283121356 0.8042978065381556 0.7155103173025966 0.766298812599364 0.7195635433227344 0.7680361312599364 0.7485188543322735
0 0.8897030101102941 0.6948261335784315 0.852370174632353 0.6896767769607846 0.8496421185661766 0.7248383884803923 0.8869749540441176 0.7299877450980393
0 0.9465881446471938 0.7445762923862206 0.945469814574339 0.712517496964382 0.9046447062196439 0.7150492866297894 0.9057630362924987 0.747108082051628
0 0.99951171875 0.690104166666667 0.9755859375 0.690104166666667 0.9755859375 0.727213541666667 0.99951171875 0.727213541666667
0 0.03030408873175182 0.8908350440997567 0.029584497604927006 0.855335215176399 -0.0007195911268248131 0.8564272544099757 0 0.8919270833333334
0 0.08110439699909756 0.840695509927798 0.050084964462996456 0.8362242403730447 0.04750430110559574 0.868052421780987 0.07852373364169685 0.8725236913357403
0 0.16353995901639343 0.8894087260928961 0.1622124743852459 0.8548941256830601 0.12378938268442621 0.8575213456284153 0.12511686731557375 0.8920359460382513
0 0.23193359375000006 0.837890625 0.20068359375000006 0.837890625 0.20068359375000006 0.8704427083333334 0.23193359375000006 0.8704427083333334
0 0.3588593031522265 0.8724399503872217 0.3568329123305905 0.8436201698128428 0.32789716692884796 0.8472371379880607 0.329923557750484 0.8760569185624395
0 0.42598259743679767 0.8875519370318351 0.41957678634129214 0.8521674566947565 0.3821557891502809 0.8642109960205993 0.38856160024578645 0.8995954763576778
0 0.49625257396038996 0.868904437623396 0.49571223508452616 0.8364841050715698 0.458859774108465 0.8375760298412308 0.4594001129843288 0.869996362393057
0 0.5496140114985165 0.8587274357072207 0.5143630030600892 0.8564346871909002 0.513173741190653 0.8889411782888231 0.5484247496290803 0.8912339268051436
0 0.6997650315089781 0.86050982677256 0.6607848109461327 0.8577743726979744 0.6594170839088399 0.8924234576427258 0.6983973044716852 0.8951589117173113
0 0.759765625 0.8404947916666666 0.7275390625 0.8404947916666666 0.7275390625 0.8697916666666666 0.759765625 0.8697916666666666
0 0.7888004954268294 0.8618680132113824 0.7544481230945123 0.8567787728658539 0.7516673018292683 0.8901486280487806 0.7860196741615855 0.8952378683943091
0 0.9081061315752263 0.8661042962858221 0.8688951587245475 0.8649919282616895 0.8683218149038462 0.9009214743589746 0.9075327877545251 0.9020338423831072
0 0.9590860445205479 0.875636772260274 0.9564827696917808 0.842661957762557 0.9197546553938356 0.8478167808219178 0.9223579302226027 0.8807915953196348
0 0.9511841761728792 0.985483611825193 0.9496402534543702 0.9552913453299056 0.910681183724293 0.9588330789417309 0.912225106442802 0.9890253454370183
0 0.86669921875 0.9537760416666666 0.83251953125 0.9537760416666666 0.83251953125 0.9772135416666666 0.86669921875 0.9772135416666666
0 0.796223189507558 0.982157706463549 0.7957319098370336 0.9520258866713903 0.7545340731282474 0.9532200268658478 0.7550253527987718 0.9833518466580067
0 0.6834155525128865 0.9869603737113404 0.6821550821520618 0.9499865764604811 0.6386769088273195 0.9526216172680412 0.6399373791881443 0.9895954145189004
0 0.58349609375 0.94921875 0.5458984375 0.94921875 0.5458984375 0.9817708333333334 0.58349609375 0.9817708333333334
0 0.4921875000000001 0.9479166666666666 0.4492187500000001 0.9479166666666666 0.4492187500000001 0.98046875 0.4921875000000001 0.98046875
0 0.4080037854381443 0.9746214561855671 0.40711984536082474 0.948692547250859 0.3719253382731959 0.9508255476804123 0.37280927835051547 0.9767544566151204
0 0.2924804687500001 0.9518229166666666 0.2480468750000001 0.9518229166666666 0.2480468750000001 0.9811197916666666 0.2924804687500001 0.9811197916666666
0 0.19371979703608247 0.9780202963917528 0.19278753221649483 0.9506738616838488 0.1534290431701031 0.9530592246563573 0.15436130798969075 0.9804056593642613
0 0.12304687500000008 0.9479166666666666 0.08203125000000008 0.9479166666666666 0.08203125000000008 0.9765625 0.12304687500000008 0.9765625
0 0.02392578125000009 0.9485677083333334 8.718432779086138e-17 0.9485677083333334 8.846996774113813e-17 0.9765625 0.02392578125000009 0.9765625