0 0.05517578125 0.024088541666666675 0.010253906250000003 0.02408854166666667 0.010253906250000003 0.052734375 0.05517578125 0.052734375
0 0.17014328453726502 0.02964687546627875 0.12825120125055955 0.023704735992987194 0.1253868656277977 0.05960440913160254 0.16727894891450315 0.0655465486048941
0 0.26303542564655163 0.060129310344827595 0.2609812769396551 0.027262931034482768 0.2229963631465517 0.03148347701149427 0.22505051185344824 0.0643498563218391
0 0.3443296783958485 0.06182477543092984 0.3430991954206118 0.031472862041757706 0.30959805171158045 0.03388735888565186 0.31082853468681715 0.06423927227482398
0 0.41265720274390244 0.059308307926829264 0.4099478372713415 0.02679592225609756 0.37055783155487804 0.03263147865853658 0.373267197027439 0.06514386432926829
0 0.48828125 0.03385416666666675 0.44482421875 0.03385416666666674 0.44482421875 0.06315104166666674 0.48828125 0.06315104166666674
0 0.568359375 0.03515625000000009 0.521484375 0.03515625000000008 0.521484375 0.0683593750000001 0.568359375 0.0683593750000001
0 0.68994140625 0.03906250000000011 0.6484375 0.039062500000000104 0.6484375 0.07096354166666678 0.68994140625 0.07096354166666678
0 0.7880859375 0.035807291666666796 0.74658203125 0.03580729166666679 0.74658203125 0.07031250000000012 0.7880859375 0.07031250000000012
0 0.8840730308957615 0.0703680102061771 0.8828769945170035 0.034486918843436846 0.8414873975788567 0.03693963569903074 0.8426834339576147 0.07282072706177099
0 1.0002791539634146 0.03626651422764244 0.9609346417682926 0.034627159552845684 0.9601124237804877 0.06970846036585382 0.9994569359756096 0.07134781504065058
0 0.98095703125 0.16145833333333348 0.93896484375 0.16145833333333348 0.93896484375 0.19466145833333348 0.98095703125 0.19466145833333348
0 0.890625 0.16406250000000014 0.85205078125 0.16406250000000014 0.85205078125 0.19596354166666682 0.890625 0.19596354166666682
0 0.8034213999155406 0.1930352618243243 0.8028085409628379 0.15789801520270266 0.760464527027027 0.15921100788288284 0.7610773859797297 0.19434825450450446
0 0.7080078125 0.15885416666666677 0.66943359375 0.15885416666666677 0.66943359375 0.19466145833333345 0.7080078125 0.19466145833333348
0 0.6130162098128599 0.18890530030390276 0.6119732935460653 0.1534461472328855 0.5651415921904991 0.15589486364363406 0.5661845084572936 0.19135401671465135
0 0.50244140625 0.1555989583333334 0.462890625 0.1555989583333334 0.462890625 0.19205729166666674 0.50244140625 0.19205729166666674
0 0.43308524408284016 0.15240923939842213 0.3944757766272189 0.14885894354043397 0.3926382211538461 0.18438501602564109 0.4312476886094674 0.18793531188362925
0 0.3582203329374383 0.15000919042036862 0.3186782279584156 0.14883757249506424 0.31811619840510863 0.18255934569348475 0.35765830338413135 0.18373096361878913
0 0.279296875 0.14843750000000003 0.2392578125 0.14843750000000003 0.2392578125 0.18229166666666674 0.279296875 0.18229166666666674
0 0.19419030354227143 0.1818499221395743 0.19210997029209 0.14763999758103533 0.15328948487391147 0.15183680681543302 0.1553698181240929 0.18604673137397196
0 0.10353182164634146 0.18168064024390249 0.10268483231707316 0.14554242886178861 0.06044397865853659 0.14730246443089431 0.06129096798780488 0.18344067581300816
0 0.94921875 0.3138020833333335 0.91064453125 0.3138020833333335 0.91064453125 0.3483072916666668 0.94921875 0.3483072916666668
0 0.85888671875 0.3092447916666668 0.8173828125 0.3092447916666668 0.8173828125 0.3470052083333335 0.85888671875 0.3470052083333335
0 0.7847610552967936 0.3062660221692664 0.7424354487110051 0.30391459958116707 0.7414555012456671 0.3352729184719816 0.7837811078314556 0.337624341060081
0 0.6994542738970589 0.30421262254901976 0.6580415900735296 0.30061151960784327 0.6563658088235296 0.33487193627451 0.6977784926470589 0.33847303921568644
0 0.5904768318965518 0.3053116020114944 0.5465971848060345 0.3018700610632185 0.5452081088362069 0.33335578304597707 0.5890877559267241 0.336797323994253
0 0.5132429465092635 0.30836163437641223 0.47431327313036603 0.30615285858186486 0.4733177353987799 0.33734637417156205 0.5122474087776774 0.3395551499661094
0 0.42138671875 0.30273437500000006 0.38427734375 0.30273437500000006 0.38427734375 0.3352864583333333 0.42138671875 0.3352864583333333
0 0.34953211026712894 0.3297276457993475 0.3488040693821371 0.2957524044997281 0.31571166394779776 0.29701306756389345 0.3164397048327896 0.33098830886351277
0 0.29258166693652854 0.29868982081174444 0.2622141151230571 0.2960775582901555 0.26076090916450784 0.3261104814335061 0.2911284609779793 0.3287227439550951
0 0.23144531250000003 0.2955729166666667 0.19531250000000003 0.2955729166666667 0.19531250000000006 0.3274739583333333 0.23144531250000006 0.32747395833333337
0 0.12417615216988136 0.290422153189911 0.08424401891691398 0.2878249412710188 0.08298231175816027 0.32231160361028693 0.12291444501112765 0.3249088155291791
0 0.04562230603448278 0.2850170617816092 0.009334590517241406 0.28098509339080463 0.0076104525862069235 0.30857130028735635 0.0438981681034483 0.31260326867816096
0 0.05419921875000004 0.4029947916666667 0.013671875000000038 0.4029947916666667 0.013671875000000038 0.427734375 0.05419921875000004 0.427734375
0 0.13792731832470415 0.43500023113905334 0.13640353411612427 0.40723349667159764 0.0983190412352071 0.41094905695266276 0.09984282544378698 0.43871579142011846
0 0.22163410052954668 0.4417270276803382 0.22063698436656773 0.4131430310082749 0.18776614358472746 0.41518153276218744 0.1887632597477064 0.4437655294342508
0 0.2883001730103807 0.41687977580738184 0.2485071096453288 0.4154835279700116 0.24783196366782015 0.44969092416378326 0.287625027032872 0.4510871720011535
0 0.391577808277027 0.44551309121621624 0.3906418512863825 0.41493849618849615 0.34877919536122665 0.41721673596673586 0.3497151523518711 0.44779133099445595
0 0.515625 0.42382812500000017 0.47216796875 0.42382812500000017 0.47216796875 0.45312500000000017 0.515625 0.45312500000000017
0 0.6224071341016683 0.4220006293207095 0.5786401389201985 0.41827577866696736 0.577330497280771 0.44563273735722886 0.6210974924622408 0.449357588010971
0 0.7216796875 0.4186197916666668 0.6767578125 0.4186197916666668 0.6767578125 0.4498697916666668 0.7216796875 0.4498697916666668
0 0.8127241290983607 0.44925076844262296 0.810698962602459 0.41954832650273227 0.7646044121413934 0.42513554474043724 0.7666295786372951 0.4548379866803279
0 0.9138364641853933 0.45647091526217226 0.9111898700842698 0.4194185978464419 0.8714876667837079 0.4244601474719101 0.8741342608848315 0.4615124648876405
0 0.9942221254154358 0.4275131939315609 0.9505855047544312 0.4252754185130479 0.949587304975997 0.4598796774987693 0.9932239256370016 0.4621174529172823
0 0.061035156250000056 0.6178385416666666 0.020996093750000056 0.6178385416666666 0.02099609375000006 0.65625 0.061035156250000056 0.65625
0 0.1898806085846304 0.6328074335278858 0.1500581377675098 0.6294888942931258 0.1484564992704281 0.663657182230869 0.1882789700875487 0.666975721465629
0 0.23808779823012488 0.6207365753668418 0.2023290566483246 0.6195140542871221 0.20173201893068332 0.6505600156044677 0.2374907605124836 0.6517825366841874
0 0.29006667625112204 0.6680815426765411 0.2861766438509874 0.6338492575553561 0.24872845250785458 0.641414548735787 0.2526184849079892 0.675646833856972
0 0.3368870192307692 0.6523457532051281 0.3356700721153846 0.6231390224358974 0.3023257211538461 0.6256089743589742 0.3035426682692307 0.6548157051282051
0 0.4758567574097939 0.6307278243127149 0.43166982119845365 0.6280498281786943 0.4306086903994846 0.6591763316151203 0.4747956266108248 0.661854327749141
0 0.5657320642996801 0.6610746052553621 0.5648849926679702 0.631144740934945 0.5221429384776041 0.6332952845420073 0.522990010109314 0.6632251488624245
0 0.6504909905028374 0.6285253126313578 0.6103029190967845 0.6227841595733503 0.6074120231715008 0.6587597533102145 0.6476000945775537 0.664500906368222
0 0.22265625 0.25 0.21923828125 0.25 0.21923828125 0.25390625 0.22265625 0.25390625
0 0.7394610564720813 0.6639501374788495 0.7375798104378174 0.6288335448392556 0.700103604854061 0.6324027072758037 0.7019848508883249 0.6675192999153977
0 0.8043963310976516 0.6676765166716211 0.8038000589885553 0.6350803080410227 0.76626046234022 0.6363011079320254 0.7668567344493163 0.6688973165626239
0 0.877483499461207 0.6377177622126439 0.8350922683189655 0.6343929597701151 0.8334455818965517 0.6717178520114944 0.8758368130387931 0.675042654454023
0 0.964396518943584 0.6746491288716814 0.962717782079646 0.6410743915929202 0.9180594925331859 0.6450440173303834 0.9197382293971239 0.6786187546091446
0 0.93310546875 0.7376302083333336 0.89599609375 0.7376302083333335 0.89599609375 0.7773437500000001 0.93310546875 0.7773437500000003
0 0.6640218533217715 0.7326275402436854 0.6222425397712114 0.7261501272901102 0.6189973194036821 0.7633619875044468 0.6607766329542423 0.7698394004580221
0 0.5505171424837362 0.7609721092781908 0.546863201382435 0.7236207113537795 0.5122115691798328 0.7296470821716233 0.5158655102811339 0.7669984800960347
0 0.4580078125000001 0.72265625 0.4243164062500001 0.72265625 0.4243164062500001 0.7623697916666666 0.4580078125000001 0.7623697916666666
0 0.3580679086538463 0.7235777243589744 0.32651742788461546 0.718319310897436 0.3233924278846154 0.7516526442307693 0.35494290865384626 0.7569110576923078
0 0.23136620224406534 0.7218889094955491 0.19607955072329386 0.7195938427299704 0.19485957205118704 0.7529399264342237 0.23014622357195852 0.7552349931998025
0 0.04859825721153853 0.7066887019230769 0.012198016826923147 0.7039923878205129 0.010522836538461606 0.7441967147435897 0.046923076923076984 0.7468930288461538
0 0.8274530089727723 0.8686442863036304 0.8247940516707921 0.8331915222772276 0.7790116413985149 0.8392958436468646 0.781670598700495 0.8747486076732675
0 0.9953664335683066 0.848590741415267 0.9470702790216834 0.8473982437721405 0.9466181543537883 0.8799512198605876 0.9949143089004114 0.881143717503714
0 0.5761847465974211 0.8620996746657116 0.5748672266744269 0.8275513744627508 0.5303335982270774 0.8305706035100288 0.5316511181500717 0.8651189037129895
0 0.4157841532939189 0.8552185388513514 0.4152129961993243 0.8224721987612612 0.3747983530405405 0.8237253659909909 0.3753695101351351 0.856471706081081
0 0.3300781250000001 0.8391927083333334 0.2958984375000001 0.8391927083333334 0.2958984375000001 0.8697916666666666 0.3300781250000001 0.8697916666666666
0 0.16553308823529422 0.8297870710784315 0.1262408088235295 0.8284083946078433 0.1256004676686852 0.8608523464532873 0.16489274708044993 0.8622310229238755
0 0.9466487030807367 0.9687075808545798 0.9460931967067989 0.9375992239140699 0.8972230214235126 0.9391506580500472 0.8977785277974504 0.9702590149905571
0 0.8505268252212391 0.9654270372418878 0.8487541482300887 0.9341097437315636 0.8004407494469027 0.9389714693952804 0.8022134264380532 0.9702887629056046
0 0.770292471809946 0.9662261468774095 0.7695764263685427 0.9318559656900541 0.7272777925019276 0.933422581759188 0.7279938379433308 0.9677927629465434
0 0.677734375 0.9322916666666666 0.63525390625 0.9322916666666666 0.63525390625 0.9635416666666666 0.677734375 0.9635416666666666
0 0.53857421875 0.9283854166666666 0.5 0.9283854166666666 0.5 0.9654947916666666 0.53857421875 0.9654947916666666
0 0.48327707279624277 0.9628153600674375 0.4793030843569364 0.9283741269267822 0.43872211434248554 0.9366984284682079 0.44269610278179194 0.9711396616088632
0 0.4021005593385214 0.9642129742217898 0.40059961697470814 0.9321928704604409 0.3578284593871595 0.9357571335927366 0.3593294017509727 0.9677772373540855
0 0.3097355363175676 0.9293292511261261 0.26548485008445954 0.9279571368243241 0.2648485008445947 0.96444115990991 0.3090991870777028 0.9658132742117118
0 0.2022978621668313 0.9213730616567951 0.1596106089585391 0.9201082541543272 0.15909509385797146 0.9510391601883844 0.20178234706626366 0.9523039676908523
0 0.05712890625000008 0.912109375 0.018066406250000083 0.912109375 0.018066406250000087 0.9459635416666666 0.05712890625000008 0.9459635416666666
0 0.12611984969574913 0.9180687385727345 0.08380760948748724 0.9170239919009257 0.08335180220474811 0.949842116258142 0.12566404241301002 0.9508868629299508