0 0.9241170719212314 0.028913955251232987 0.8829030887644942 0.027814915700386657 0.8823622894592164 0.06386820271891258 0.9235762726159535 0.0649672422697589
0 0.8289389701374547 0.02646583526931694 0.7810011958731284 0.025013175443125233 0.7804350215378161 0.05822873644811577 0.8283727958021423 0.059681396274307484
0 0.6884913835109148 0.023278867810117922 0.6361332185550935 0.02042944386694397 0.6351757406444906 0.05170705561330572 0.6875339056003118 0.054556479556479666
0 0.5317601697198275 0.005363236350574799 0.48315766433189655 0.0015512751436782453 0.4816776670258621 0.03509788074712652 0.5302801724137931 0.038909841954023076
0 0.99951171875 0.09700520833333348 0.958984375 0.09700520833333348 0.958984375 0.12630208333333348 0.99951171875 0.12630208333333348
0 0.9191785678742039 0.11954700769639065 0.9172656345694513 0.09085300812510205 0.8751720108862079 0.0958418820431161 0.8770849441909605 0.1245358816144047
0 0.8331777228066387 0.11696545173165517 0.8327431862351925 0.09089325744488319 0.7902836851400543 0.09215131673659098 0.7907182217115005 0.11822351102336294
0 0.7011862362132354 0.10897288602941178 0.6995691636029413 0.08094362745098042 0.6533432904411766 0.08568474264705885 0.6549603630514707 0.1137140012254902
0 0.5301636164576125 0.06936634948096894 0.49092269950259515 0.06798947520184553 0.4903952205882353 0.09471507352941184 0.5296361375432526 0.09609194780853526
0 0.4466065136445421 0.06021679869718785 0.40209306902239106 0.05902977350726382 0.4016043973035786 0.09160788809476217 0.4461178419257297 0.0927949132846862
0 0.36181640625 0.050781250000000056 0.31640625 0.050781250000000056 0.31640625 0.08463541666666673 0.36181640625 0.08463541666666674
0 0.25862371447734495 0.044747987877583495 0.21356055619038153 0.03994125099364073 0.21158103760930044 0.07293322734499208 0.25664419589626386 0.07773996422893485
0 0.140625 0.03125000000000002 0.095703125 0.03125000000000002 0.095703125 0.06315104166666669 0.140625 0.06315104166666669
0 0.09161750121437824 0.25562763115284975 0.046840339621114016 0.24313167908031086 0.04187884553108811 0.2747382340241796 0.08665600712435234 0.28723418609671847
0 0.18543502649221455 0.260224282727797 0.14326644950259518 0.2587446835351788 0.14271464100346024 0.2867029808246829 0.1848832179930796 0.2881825800173011
0 0.25128980590397926 0.2666810841983853 0.21254967290224916 0.2653217812860439 0.21202489727508653 0.29191041306228377 0.2507650302768166 0.2932697159746252
0 0.31005859375 0.27343750000000006 0.27197265625 0.27343750000000006 0.27197265625 0.29882812500000006 0.31005859375 0.29882812500000006
0 0.37618087108074366 0.30309421822974475 0.3755170036764706 0.27653952205882354 0.3317830448806881 0.2784832535608583 0.33244691228496115 0.3050379497317795
0 0.46436095505617986 0.28605600421348326 0.4169164764747192 0.2800313085205994 0.41495237886235964 0.3075286750936331 0.4623968574438203 0.31355337078651696
0 0.5652335683402168 0.290802532373946 0.5206898151135777 0.28945272167010844 0.5202385897973671 0.31592460688779905 0.5647823430240062 0.3172744175916366
0 0.689278180659525 0.29997694297453115 0.6418062524199792 0.2985383996945449 0.6413086441662363 0.32773141724746174 0.688780572405782 0.329169960527448
0 0.7724609375 0.30664062500000017 0.73046875 0.30664062500000017 0.73046875 0.3352864583333335 0.7724609375 0.3352864583333335
0 0.83544921875 0.31445312500000017 0.79736328125 0.31445312500000017 0.79736328125 0.3430989583333335 0.83544921875 0.3430989583333335
0 0.892578125 0.3177083333333335 0.85302734375 0.3177083333333335 0.85302734375 0.3450520833333335 0.892578125 0.3450520833333335
0 0.96044921875 0.3209635416666668 0.9169921875 0.3209635416666668 0.9169921875 0.3509114583333335 0.96044921875 0.3509114583333335
0 0.9786789042576506 0.4207511904287537 0.9351834268907395 0.41971558382477964 0.9348123518190149 0.44742252251354814 0.978307829185926 0.4484581291175222
0 0.8828846972276264 0.44294645752269773 0.8814825510700389 0.41303400616083 0.8374954401750974 0.4166995987354085 0.8388975863326849 0.44661205009727617
0 0.7803398840206186 0.4069050687285225 0.7365737757731959 0.4042525773195878 0.7354854623067011 0.43617643900343656 0.7792515705541238 0.4388289304123712
0 0.6832911658653846 0.40060056089743606 0.6387684795673078 0.39955909455128213 0.6384173677884616 0.4262435897435899 0.6829400540865385 0.4272850560897437
0 0.6024850051542026 0.4179025573316765 0.6015472756862856 0.38852036733694834 0.556364380930863 0.3910839358337099 0.55730211039878 0.42046612582843806
0 0.4341776959668609 0.4030758755159019 0.4329770859887109 0.3734608293882011 0.3890545338674436 0.37662641873027436 0.3902551438455936 0.40624146485797524
0 0.3408203125 0.3665364583333333 0.29443359375 0.3665364583333333 0.29443359375 0.3958333333333333 0.3408203125 0.3958333333333333
0 0.24560476820301297 0.3610301590148255 0.20232161271520807 0.35907385820181736 0.2015919229734577 0.3877749880439982 0.2448750784612626 0.3897312888570063
0 0.1595068607233503 0.35782505816412863 0.11345970812182746 0.35343961505922167 0.11197999286167518 0.38106096658206434 0.15802714546319802 0.38544640968697125
0 0.04620261270491807 0.3418929303278688 0.0009005186987705235 0.3364017674180328 -0.0012167008196720952 0.36745432035519127 0.044085393186475454 0.37294548326502736
0 0.06928516010041894 0.5150782405125679 0.06819837935867423 0.48247481826022676 0.026039901891325778 0.48497309840644 0.02712668263307048 0.5175765206587811
0 0.31825420673076926 0.5012219551282051 0.27282151442307695 0.49785657051282045 0.27134615384615385 0.5332652243589745 0.31677884615384616 0.536630608974359
0 0.40708225148367966 0.5124080427794265 0.3650115332900595 0.5096717359050447 0.3639005123330862 0.5400396420623147 0.40597123052670636 0.5427759489366966
0 0.5060620014568207 0.52227149606738 0.46393640887705395 0.5178662053400841 0.4621265777249714 0.5486333349254873 0.5042521703047381 0.5530386256527832
0 0.5935959273145961 0.5289810413714376 0.5514325991969768 0.527758915918753 0.5509450098901748 0.5576643934026139 0.5931083380077941 0.5588865188552985
0 0.6768311004924954 0.5385897924484053 0.6384831584193247 0.5341436542370233 0.6365318656191371 0.5640634771732335 0.6748798076923078 0.5685096153846155
0 0.7422690328916511 0.547252433161351 0.7002127183982176 0.5423763387273297 0.6982687543972796 0.5721837867417138 0.7403250688907131 0.5770598811757349
0 0.8158196800796006 0.5782370789485519 0.8148410095116028 0.5501818559992805 0.7743105036596061 0.55269537574204 0.7752891742276039 0.5807505986913114
0 0.8876953125 0.5598958333333335 0.8515625 0.5598958333333335 0.8515625 0.5865885416666669 0.8876953125 0.5865885416666669
0 0.960219777249135 0.5611042027104961 0.9202084234429067 0.5597002955594005 0.9196447880622838 0.5882578215109575 0.9596561418685121 0.5896617286620532
0 0.9500826322115385 0.6661157852564105 0.906025654560811 0.6642208614864867 0.9052282638708422 0.6971796766718644 0.9492852415215698 0.6990746004417882
0 0.8806213441678095 0.6610184282510572 0.8399994241729517 0.6600154178808137 0.8396186083197635 0.6874341593103647 0.8802405283146213 0.6884371696806082
0 0.7471282992855162 0.6454669869126897 0.7029878910585462 0.643505190991491 0.7022367725097115 0.6735499329448761 0.7463771807366815 0.6755117288660748
0 0.64599609375 0.6380208333333335 0.60302734375 0.6380208333333335 0.60302734375 0.6692708333333334 0.64599609375 0.6692708333333334
0 0.546875 0.6321614583333335 0.5048828125 0.6321614583333335 0.5048828125 0.6621093750000001 0.546875 0.6621093750000001
0 0.3475726715773386 0.61915136154156 0.3031433816996019 0.6131270510496635 0.301085020081035 0.6401144589375415 0.3455143099587717 0.6461387694294379
0 0.2374666198827504 0.6068637801404345 0.19166475183823534 0.6035922181372549 0.19054038528418127 0.6315764523714891 0.23634225332869632 0.6348480143746688
0 0.1463016388018583 0.5987788326490925 0.10589541581136568 0.5971942748847595 0.10526828881266212 0.6256240321593202 0.14567451180315477 0.6272085899236531
0 0.059082031250000056 0.5930989583333334 0.014160156250000056 0.5930989583333334 0.014160156250000056 0.62109375 0.059082031250000056 0.62109375
0 0.09078832165948283 0.7728605423850574 0.05120218211206905 0.7697557471264367 0.04998147898706904 0.79742501795977 0.08956761853448283 0.8005298132183908
0 0.18889280225409844 0.7777493169398908 0.1457479508196722 0.7725196379781422 0.1436667520491804 0.8030438866120219 0.18681160348360662 0.8082735655737706
0 0.2560382285814607 0.7842799040262172 0.21753423455056187 0.7793905079588015 0.21524973665730346 0.8113734784644197 0.2537537306882023 0.8162628745318353
0 0.3338520168494334 0.7891269945170037 0.2903831936914737 0.7865510642557912 0.28915442875184827 0.8234140124445543 0.33262325190980796 0.8259899427057666
0 0.4441957343692408 0.8042385140219931 0.4006676116729636 0.8008901968915101 0.39934963025248815 0.8313502119424993 0.44287775294876536 0.8346985290729823
0 0.5446345713915746 0.8067575247467772 0.5022714520027625 0.8037846742633518 0.5012058658494475 0.830779523480663 0.5435689852382596 0.8337523739640883
0 0.6632527087697142 0.8117286327419091 0.6246679013676688 0.8094421256366027 0.6236480216547561 0.8400385170239857 0.6622328290568015 0.8423250241292921
0 0.7453091537984673 0.824332051209799 0.705908511327773 0.8209788050420803 0.704558583183048 0.8491773040652242 0.7439592256537423 0.8525305502329429
0 0.9015252728123719 0.8358437307652852 0.8573553549446042 0.8286323156032007 0.8546528775133363 0.8580592920770075 0.898822795381104 0.8652707072390919
0 0.9951171875 0.838541666666667 0.9521484375 0.838541666666667 0.9521484375 0.869791666666667 0.9951171875 0.869791666666667
0 1.0003384469204784 0.9632279214310464 0.9614503475831602 0.9611115622834373 0.960447391502079 0.9938747942654195 0.9993354908393972 0.9959911534130286
0 0.9134475021626298 0.9556390570934257 0.8689804552335642 0.9540788098327568 0.8683411278114188 0.9864713992214535 0.9128081747404845 0.9880316464821224
0 0.80712890625 0.9485677083333334 0.76123046875 0.9485677083333334 0.76123046875 0.9778645833333334 0.80712890625 0.9778645833333334
0 0.7107859992094734 0.9437838797108933 0.6653327370773102 0.9424065081311307 0.6648013499451472 0.9735812198847015 0.7102546120773103 0.9749585914644641
0 0.60009765625 0.927734375 0.55419921875 0.927734375 0.55419921875 0.9615885416666666 0.60009765625 0.9615885416666666
0 0.5177546980574325 0.9528318552927927 0.5173120777027027 0.9274549549549548 0.47874736064189183 0.928650760135135 0.4791899809966216 0.9540276604729728
0 0.44939021328727513 0.9484485459511568 0.4478583406973008 0.9184919264138819 0.4014874377410026 0.9227074630462725 0.4030193103309768 0.9526640825835475
0 0.3569794544198896 0.9171774286372009 0.3148158600722483 0.9089789519584929 0.3114080595250745 0.9401359855326535 0.3535716538727158 0.9483344622113615
0 0.2510168331185568 0.9037666451890033 0.20687419458762896 0.9010913337628864 0.20585534793814442 0.9309775021477663 0.24999798646907231 0.9336528135738832
0 0.13427734375000006 0.88671875 0.08837890625000008 0.88671875 0.08837890625000008 0.919921875 0.13427734375000008 0.919921875