0 0.9377209142736486 0.1252959600225225 0.9371756228885134 0.09403258727477476 0.8923461254222972 0.09542264921171169 0.8928914168074323 0.12668602195945944
0 0.8022289787371134 0.11212816795532647 0.8011577802835051 0.08070634664948453 0.7581447326030928 0.08331319802405499 0.759215931056701 0.11473501932989694
0 0.9393218756752377 0.009856219389225157 0.8962324269392826 0.008166437085854364 0.8955605654440363 0.03862415820368784 0.9386500141799914 0.04031394050705863
0 0.72412109375 0.07747395833333344 0.685546875 0.07747395833333344 0.685546875 0.10872395833333344 0.72412109375 0.10872395833333344
0 0.6521819560941212 0.09921271897268409 0.6514338767443588 0.07028698411520189 0.6128382014548693 0.07206149792161519 0.6135862808046317 0.10098723277909738
0 0.5789490470976841 0.06253788722288213 0.5385875565988718 0.06068218651029305 0.537805262767221 0.09093088133412519 0.5781667532660333 0.09278658204671426
0 0.4929450582470415 0.05520602194280089 0.4508566591161243 0.05109983666173579 0.44916385447485213 0.0819464990138068 0.4912522536057693 0.0860526842948719
0 0.41084135389819587 0.045682318513745775 0.3731868153994845 0.04082366838487979 0.3709336742912371 0.07186694587628872 0.40858821278994845 0.0767255960051547
0 0.31640625 0.03776041666666672 0.2763671875 0.03776041666666671 0.2763671875 0.06770833333333338 0.31640625 0.06770833333333338
0 0.24969267003676474 0.06107919730392158 0.24802389705882355 0.03215379901960785 0.21034869025735295 0.03601792279411765 0.21201746323529413 0.06494332107843137
0 0.1483028841252039 0.056217925842849376 0.14763099956668024 0.024863313111745514 0.1030803139019168 0.026560482089450794 0.10375219846044045 0.05791509482055465
0 0.08691406250000003 0.15625 0.050781250000000014 0.15625 0.050781250000000014 0.18359375 0.08691406250000003 0.18359375
0 0.1758131253248441 0.1626957185550936 0.12985174928534307 0.1601944191787942 0.12901283946205824 0.18759880673943174 0.17497421550155928 0.19010010611573114
0 0.28525504620622566 0.19156077739948119 0.28392699720330733 0.1632290653372244 0.2398486898103113 0.16690225761997404 0.24117673881322957 0.19523396968223083
0 0.39691536598493005 0.17579106117689278 0.35305861687634554 0.17171136358539651 0.3516395002186491 0.19883225971026197 0.3954962493272336 0.20291195730175823
0 0.52598610218509 0.18844191838046284 0.48394521208226227 0.18462001928020574 0.4824186114235219 0.21447354327335058 0.5244595015263497 0.21829544237360765
0 0.6096676662525813 0.19702295484856314 0.5674975094379193 0.19574507130872487 0.5670125052432884 0.22419865072706943 0.6091826620579504 0.2254765342669077
0 0.6958496093750001 0.20748697916666678 0.6547206662735849 0.20510269261006298 0.6538325471698113 0.23233834512578624 0.6949614902712264 0.23472263168239005
0 0.7953152738249549 0.21921289121205303 0.7517552147909153 0.21550565214532624 0.7504594422762625 0.24257290022918557 0.7940195013103021 0.2462801392959124
0 0.8708582704048844 0.22704417041559566 0.8270721200192803 0.22306361128963162 0.8256938865681235 0.25001573211225375 0.8694800369537276 0.25399629123821776
0 0.9532093853858936 0.23470484828902036 0.9141108232551698 0.2326997938207781 0.9133607309361151 0.25870299421467274 0.952459293066839 0.260708048682915
0 1.0018197085911957 0.3571053246146662 0.9684902371117469 0.35227496642923883 0.965923396631247 0.383761542990036 0.9992528681106959 0.38859190117546333
0 0.8769759700353471 0.34634144708654685 0.8341618633515425 0.3424492555698373 0.8325546774582263 0.3738786685946873 0.8753687841420309 0.3777708601113969
0 0.7569683674888725 0.3306901428041545 0.7157055591617212 0.32800638291295764 0.7146055498887242 0.3580733030415432 0.7558683582158755 0.36075706293274007
0 0.640817822680595 0.34413140344664783 0.6402703390580736 0.313472320585458 0.5979766067634561 0.3148149787535411 0.5985240903859774 0.34547406161473093
0 0.544921875 0.30338541666666674 0.5068359375 0.30338541666666674 0.5068359375 0.33268229166666674 0.544921875 0.33268229166666674
0 0.45239585664726945 0.29585734668755603 0.4100517744236795 0.2898510938898837 0.40780380098757835 0.3180256942890183 0.4501478832111683 0.3240319470866906
0 0.3714643528215871 0.3145035013142764 0.37053014492976843 0.2864772645597175 0.3317612393728438 0.288774681185313 0.33269544726466244 0.3168009179398719
0 0.2875067349137931 0.3097880747126437 0.2860823006465517 0.27750089798850575 0.24019901670258617 0.28109958692528736 0.24162345096982757 0.3133867636494253
0 0.20361328125 0.2766927083333333 0.1650390625 0.2766927083333333 0.16503906250000003 0.3053385416666667 0.20361328125000003 0.3053385416666667
0 0.11914062500000003 0.271484375 0.07861328125000003 0.271484375 0.07861328125000003 0.298828125 0.11914062500000003 0.298828125
0 0.08154296875000003 0.39453125 0.04296875000000004 0.39453125 0.04296875000000004 0.423828125 0.08154296875000003 0.423828125
0 0.20898437500000006 0.4010416666666667 0.16748046875000006 0.4010416666666667 0.16748046875000006 0.4329427083333333 0.20898437500000006 0.4329427083333333
0 0.3076171875 0.4075520833333333 0.265625 0.4075520833333333 0.265625 0.439453125 0.3076171875 0.439453125
0 0.39892578125 0.4127604166666667 0.3583984375 0.4127604166666667 0.3583984375 0.4459635416666667 0.39892578125 0.4459635416666667
0 0.4727738107085988 0.419439191878981 0.43074803443471343 0.41743796443736736 0.42983367336783446 0.45157411093418265 0.47185944964171983 0.4535753383757963
0 0.5753678617104093 0.4620632692022539 0.5749218054937723 0.43054196322657184 0.5340405012789146 0.43157042370996446 0.5344865574955516 0.4630917296856465
0 0.6784149078198798 0.4472787632388722 0.6345387807267067 0.44118485669815377 0.6321476911362173 0.4717908034564191 0.6760238182293903 0.47788470999713756
0 0.7957729318128518 0.46058327470293947 0.7499028934099438 0.4552650093808632 0.7477867026266416 0.4877132680581615 0.7936567410295496 0.4930315333802378
0 0.8948747306034482 0.47367097701149435 0.8501818426724137 0.4687051005747127 0.8482118803879309 0.5002244971264369 0.8929047683189655 0.5051903735632185
0 0.970147161200495 0.5095142326732673 0.9674882038985149 0.47406146864686466 0.9282806698638614 0.47928913985148514 0.9309396271658416 0.5147419038778879
0 0.9199046415441178 0.5758195465686277 0.8770019531250001 0.5714192708333335 0.8752987132352942 0.6009420955882354 0.9182014016544119 0.6053423713235296
0 0.7984678748204761 0.5607803630659282 0.7524816789341404 0.5532724127171387 0.7498308947989332 0.5821365066338395 0.7958170906852688 0.589644456982629
0 0.6866091170400943 0.5462006191037737 0.6472177181603774 0.5439170597484279 0.6462844560731132 0.572537097091195 0.6856758549528301 0.574820656446541
0 0.6064526412992496 0.538950125078174 0.5661240912288932 0.5342743511569732 0.5642369254221389 0.5632108935272045 0.6045654754924953 0.5678866674484053
0 0.5162853803790984 0.5306790044398909 0.47639840548155743 0.5258442196038252 0.47439325051229514 0.5552531591530055 0.5142802254098362 0.5600879439890712
0 0.4404296875 0.5221354166666666 0.4072265625 0.5221354166666666 0.4072265625 0.5501302083333334 0.4404296875 0.5501302083333334
0 0.37548828125 0.515625 0.33837890625 0.515625 0.33837890625 0.5462239583333334 0.37548828125 0.5462239583333334
0 0.259815001755618 0.5054936212546818 0.21716336025280902 0.5000775397940076 0.21507636938202251 0.5292954119850188 0.2577280108848315 0.534711493445693
0 0.16408410536504422 0.5225675239675516 0.16266247234513273 0.4941348635693215 0.1252635854535398 0.4974592090707964 0.12668521847345132 0.5258918694690266
0 0.09157125538793107 0.49469737787356327 0.05404599946120694 0.49175422054597706 0.05294820851293108 0.5166374820402299 0.09047346443965522 0.5195806393678161
0 0.09551677247976104 0.6710542959714726 0.056010038189090276 0.6695910835903366 0.055417474821704005 0.6980341252248778 0.09492420911237477 0.6994973376060138
0 0.19316737662613126 0.6793496064291099 0.14952232395361997 0.6781114489064856 0.14907668445984168 0.7060381905165912 0.19272173713235297 0.7072763480392156
0 0.27488234588310584 0.6877266424914676 0.23765631665955636 0.681887265358362 0.2353198992107509 0.7083666631114904 0.2725459284343004 0.7142060402445961
0 0.3315429687500001 0.693359375 0.2963867187500001 0.693359375 0.2963867187500001 0.7200520833333334 0.3315429687500001 0.7200520833333334
0 0.38178603030041436 0.7004830657228363 0.3479826700621548 0.6981109000920811 0.34691978159530396 0.7250374079189686 0.38072314183356354 0.7274095735497238
0 0.4464116851668553 0.7035978153280545 0.4065792031957015 0.7010687688536955 0.40557944181278294 0.7290620875754149 0.44541192378393674 0.7315911340497739
0 0.5044721283783783 0.7342666103603604 0.5040057538006756 0.7075278012387387 0.46811945734797294 0.7086405546171171 0.46858583192567566 0.7353793637387388
0 0.5765756753591506 0.7141410641786385 0.5329017996564648 0.7126852683218824 0.5323330023227671 0.7430211261190925 0.5760068780254529 0.7444769219758487
0 0.6787634302104463 0.7284363907200812 0.6369495198402637 0.7208338615618661 0.6340762867647058 0.7489276960784315 0.6758901971348884 0.7565302252366464
0 0.7832321318069307 0.737243450907591 0.7486656868811883 0.7326345915841586 0.7466110380569309 0.7600299092409242 0.7811774829826733 0.7646387685643566
0 0.8489628232758621 0.7457749640804598 0.8107506061422414 0.7427779274425288 0.8094995959051724 0.7711341594827587 0.8477118130387932 0.7741311961206897
0 0.9193148955455803 0.7556111878453041 0.8760547954074588 0.7525753913443832 0.8748934413846687 0.7819963599217313 0.9181535415227903 0.7850321564226522
0 1.000403712951031 0.7655015034364263 0.9603364610180413 0.7630731851374573 0.9593568782216496 0.7918076138316152 0.9994241301546394 0.7942359321305843
0 0.9721882785420276 0.8977853300115543 0.9712049461113518 0.866318692229925 0.9317633299935008 0.8685098931253611 0.9327466624241766 0.8999765309069904
0 0.880114762134527 0.8870613809954008 0.879487246940703 0.8544305909165573 0.8406255774679698 0.8557591950010952 0.8412530926617938 0.8883899850799387
0 0.8055486222044729 0.8626884484824281 0.7795698756988818 0.8307146066293929 0.7583975014976038 0.8612969249201278 0.7843762480031948 0.8932707667731631
0 0.71142578125 0.8346354166666666 0.6708984375 0.8346354166666666 0.6708984375 0.8658854166666666 0.71142578125 0.8658854166666666
0 0.60986328125 0.828125 0.57080078125 0.828125 0.57080078125 0.857421875 0.60986328125 0.857421875
0 0.5091556490384616 0.817373798076923 0.4667247596153846 0.8142307692307691 0.46534705528846154 0.847295673076923 0.5077779447115385 0.8504387019230769
0 0.4292619662047511 0.8408594928355959 0.42688109799208146 0.8146699424962294 0.3868239182692308 0.8211438301282054 0.3892047864819005 0.8473333804675719
0 0.3504128715373366 0.8178100445916495 0.31495081566156236 0.8140771966047259 0.3136240886312802 0.8364841420050472 0.34908614450705444 0.8402169899919708
0 0.27837065077319595 0.8120234643470791 0.24023236146907223 0.8071023947594503 0.23847454896907222 0.8313211447594502 0.27661283827319594 0.836242214347079
0 0.21197912793723978 0.8018424362978386 0.1739971789485426 0.7904478516012294 0.17011503801680555 0.8134531311967083 0.20809698700550272 0.8248477158933175
0 0.08837890625000008 0.7838541666666666 0.04296875000000007 0.7838541666666666 0.04296875000000007 0.810546875 0.08837890625000008 0.810546875
0 0.11083984375000008 0.9029947916666666 0.07568359375000008 0.9029947916666666 0.07568359375000008 0.9296875 0.11083984375000008 0.9296875
0 0.1894531250000001 0.9075520833333334 0.1518554687500001 0.9075520833333334 0.1518554687500001 0.9361979166666666 0.1894531250000001 0.9361979166666666
0 0.2714843750000001 0.9244791666666666 0.2333984375000001 0.9244791666666666 0.2333984375000001 0.9479166666666666 0.2714843750000001 0.9479166666666666
0 0.3576565318049389 0.9553498138642249 0.35702734808546055 0.9301824650850906 0.3170489820338513 0.931959281354051 0.31767816575332963 0.9571266301331853
0 0.44747019170822944 0.937253221113882 0.4043894170822943 0.9343811694721529 0.40339702501558605 0.9608449579177059 0.44647779964152123 0.963717009559435
0 0.5326319280660377 0.9434207940251572 0.49439316557991136 0.9417212934702183 0.49371574986126543 0.9688179222160564 0.5319545123473918 0.9705174227709953
0 0.60400390625 0.9518229166666666 0.5654296875 0.9518229166666666 0.5654296875 0.9772135416666666 0.60400390625 0.9772135416666666
0 0.6874660152251791 0.9632418010064825 0.6532573407113613 0.9573564376492665 0.6507984422978506 0.9827650545888775 0.6850071168116684 0.9886504179460935
0 0.7507037463040375 0.9937789941884178 0.7500458012591762 0.9630748920948885 0.7151133800214111 0.9644056509991844 0.7157713250662724 0.9951097530927137