0 0.11504744427227537 0.06669318026889841 0.11447399340076769 0.042608243665575966 0.06939603554461364 0.04451630537377296 0.06996948641612132 0.0686012419770954
0 0.30124499578807906 0.04159731990970952 0.2979620998675085 0.014896433089069183 0.25072366833780424 0.025221773314141143 0.25400656425837476 0.05192266013478147
0 0.08360896556303118 0.12323647013692164 0.03878225699362607 0.12181340002360719 0.038286506285410776 0.14957543968366382 0.08311321485481589 0.1509985097969783
0 0.2223502726313321 0.12812084701375862 0.22061701160881803 0.1015441780018762 0.17470483261022512 0.10686732919011883 0.1764380936327392 0.13344399820200126
0 0.34476586481070937 0.10910587909276946 0.3435614821367667 0.08742699096180083 0.30068332729365616 0.09166187045247838 0.30188770996759884 0.11334075858344701
0 0.4701857260607798 0.09242701165902141 0.46837491592051866 0.066834228343331 0.42509121245368736 0.07227871934544815 0.4269020225939485 0.09787150266113857
0 0.6200232872596154 0.06638120993589751 0.6147385817307692 0.04054487179487184 0.5775954026442307 0.05405148237179491 0.5828801081730769 0.07988782051282058
0 0.7609028778318759 0.05052973469793321 0.7590770630465024 0.02009948827503974 0.7183222687301271 0.024446666335453105 0.7201480835155006 0.05487691275834658
0 0.9523878858474082 0.11007836767132602 0.9446004113278974 0.08115346231314313 0.910218813701223 0.09760961160454285 0.9180062882207338 0.12653451696272575
0 0.9159289675767917 0.10709079920364051 0.9132759172354947 0.07702289533560865 0.8798744800554608 0.08226233646188848 0.8825275303967577 0.11233024032992034
0 0.8421007127424115 0.1268971332209107 0.8347822578520236 0.09884305614109046 0.7920382983768971 0.1186663416947723 0.799356753267285 0.14672041877459255
0 0.7221006888656812 0.15211312392887746 0.7206825393637533 0.12438042255784061 0.6821211238753213 0.1278860057840617 0.6835392733772493 0.15561870715509854
0 0.6143922018348622 0.16802250573394498 0.6108049025229356 0.14051987767584098 0.5694273222477064 0.15011467889908253 0.573014621559633 0.17761730695718655
0 0.4898711380134561 0.16422147957979233 0.44859989155453256 0.16291128127950905 0.448111333657932 0.19027052348914078 0.48938258011685554 0.1915807217894241
0 0.377763671875 0.1976692708333333 0.37507812499999993 0.17260416666666664 0.332900390625 0.18063802083333333 0.3355859375 0.205703125
0 0.2094080036254729 0.22315376733921818 0.20737052234394704 0.19779844472467425 0.16301020156841112 0.2041356334068937 0.16504768284993698 0.22949095602143763
0 0.06786513910060976 0.24276708587398377 0.06539991425304878 0.21318438770325207 0.024348561356707318 0.21926606961382114 0.026813786204268292 0.24884876778455287
0 0.0785182176438053 0.3516143528761062 0.0770965846238938 0.3231816924778761 0.033799433075221236 0.3270303281710914 0.035221066095132744 0.3554629885693215
0 0.17481469957610413 0.33583173140115674 0.17241873274842273 0.3092098777602523 0.12940531348580442 0.3160920248422713 0.1318012803134858 0.34271387848317564
0 0.26900338772123894 0.32172912057522124 0.26750103705752215 0.29518759218289087 0.22637876797566372 0.29932568215339234 0.22788111863938054 0.3258672105457227
0 0.947590125956045 0.2425256193174837 0.9463266779741062 0.2133259326237867 0.8989707758362514 0.21696869432669863 0.9002342238181902 0.24616838102039562
0 0.8636217029816512 0.25780652714067276 0.8625882226457096 0.22818009084367688 0.8204487338943605 0.23079339247166752 0.8214822142303021 0.2604198287686634
0 0.7494572274187923 0.2733116509731633 0.7481949746537465 0.2452615895277003 0.7076086634989038 0.2485084944200877 0.7088709162639496 0.2765585558655507
0 0.6381776245415649 0.288575412591687 0.635022300962714 0.26052809189079046 0.5937870090922983 0.2687751502648736 0.5969423326711492 0.29682247096577014
0 0.48894387992846594 0.2892050574847753 0.4445702390347932 0.2882351418368262 0.4442505341970044 0.31423780197698387 0.4886241750906771 0.315207717624933
0 0.9901790978773585 0.30689858490566047 0.9529320720033296 0.3052431615334814 0.9521072506243063 0.3382360166944138 0.9893542764983352 0.33989144006659283
0 0.9147865032327585 0.3481725933908047 0.9126010237068964 0.3132049209770116 0.875909213362069 0.3172817887931035 0.878094692887931 0.35224946120689665
0 0.8125282531696733 0.3557550487860223 0.8096431059606876 0.32651889040163373 0.7668751196604834 0.3340220458928976 0.7697602668694691 0.3632582042772861
0 0.7296642533458941 0.3762526799636175 0.7288531582965178 0.3427274179227305 0.6903033028521309 0.3443854762214138 0.6911143979015073 0.3779107382623008
0 0.6560105393869807 0.3832940212326943 0.6551002770567093 0.35295194355697546 0.6090021590455271 0.3554105098509052 0.6099124213757986 0.38575258752662406
0 0.5524804687499999 0.39625000000000005 0.54835546875 0.3660000000000001 0.50684765625 0.37606250000000013 0.5109726562499999 0.4063125000000001
0 0.08332453547297297 0.4511014921171172 0.07977459881756757 0.4227019988738739 0.026723500844594603 0.4344911317567568 0.03027343750000001 0.46289062500000006
0 0.16328784839527027 0.4424602336711712 0.16000580658783783 0.41474521396396397 0.11554977829391891 0.4241043778153153 0.11883182010135135 0.4518193975225226
0 0.08889749461206896 0.4907192887931035 0.08703192349137931 0.460870150862069 0.044440328663793105 0.46560255028735636 0.04630589978448276 0.4954516882183908
0 0.18145901088800906 0.46875707013574663 0.17654747596153847 0.4454727564102565 0.1391747384049774 0.45948753299396694 0.144086273331448 0.48277184671945705
0 0.07697342976485148 0.5696511448019802 0.07173141630569306 0.5386983034240924 0.031851407797029704 0.5507051877062706 0.03709342125618813 0.5816580290841585
0 0.12966261666769344 0.5855165208641367 0.1287688381745934 0.5587031660711352 0.09330287010226714 0.5608048530680138 0.0941966485953672 0.5876182078610154
0 0.20568941797879176 0.549460756748072 0.1998287877570694 0.5193203727506427 0.16037967946658097 0.5329571015424165 0.16624030968830333 0.5630974855398458
0 0.24789004176529497 0.5648163427106093 0.24668231916879096 0.5350258519968439 0.21043108157319737 0.5376385538055354 0.21163880416970138 0.5674290445193008
0 0.3262412815617207 0.5331008416458852 0.3252829839463841 0.5075462385702411 0.2856847139962594 0.5101861232335827 0.286643011611596 0.535740726309227
0 0.37013221153846154 0.5380508814102565 0.36490384615384613 0.512489983974359 0.3301983173076923 0.5251101762820514 0.3354266826923077 0.5506710737179489
0 0.435546875 0.4895833333333333 0.396484375 0.4895833333333333 0.396484375 0.51953125 0.435546875 0.51953125
0 0.5030689552722558 0.5034521526577357 0.4668238845073467 0.5020307773336216 0.4661929592966725 0.5306327202175166 0.5024380300615817 0.5320540955416307
0 0.570416334852812 0.5034428547891037 0.5655356677010106 0.4727643755492092 0.5277869789378296 0.48344077237111893 0.5326676460896309 0.5141192516110135
0 0.607563277714932 0.5160226951357467 0.5995209983031673 0.4859981853318251 0.5670734940610859 0.5014493778280543 0.5751157734728506 0.5314738876319759
0 0.6574023943490932 0.494901298035406 0.6516720470369171 0.4658675383203799 0.6234794972474093 0.47575966105354056 0.6292098445595855 0.5047934207685666
0 0.6967377533783785 0.4899000563063065 0.6700538429054055 0.48397029842342354 0.6663191511824325 0.5138478322072073 0.6930030616554055 0.5197775900900903
0 0.7438839106089055 0.4822863577432046 0.7374031820010728 0.44599427753934195 0.7034728741952789 0.4567658038268956 0.7099536028031115 0.49305788403075823
0 0.7881750190548781 0.49028772865853654 0.7825462080792683 0.4612055386178862 0.7512095083841464 0.47198805894308943 0.7568383193597561 0.5010702489837398
0 0.8915886769195676 0.4574165379936366 0.8857846824992981 0.4256880351628299 0.847015809236384 0.43829579882556624 0.8528198036566534 0.47002430165637293
0 0.9467536059390899 0.4618917968013944 0.9394837633373375 0.43206680151215365 0.9024859008444037 0.44809920859242497 0.9097557434461561 0.47792420388166573
0 0.9985652043269229 0.44107572115384613 0.9954552283653845 0.4079026442307692 0.9580153245192307 0.4141426282051282 0.961125300480769 0.4473157051282051
0 0.9716007580685342 0.6766557448516387 0.9683568665577946 0.6476151922793032 0.928068689797387 0.6556156812813699 0.9313125813081266 0.6846562338537056
0 0.8923486581120467 0.686110548898964 0.887863048494171 0.6575355542962004 0.8493194421955957 0.6682919095423143 0.8538050518134714 0.6968669041450779
0 0.8130033052884614 0.705438701923077 0.8118344350961537 0.6773858173076922 0.77443359375 0.6801562499999999 0.7756024639423077 0.7082091346153846
0 0.7515749187138727 0.7115659621868979 0.7484589505057803 0.6845609043834296 0.7180415688222543 0.6908003672928708 0.7211575370303469 0.7178054250963392
0 0.6973560225610806 0.7252680338093599 0.6958609342739162 0.7000176538483597 0.6576405766087405 0.7040408493920625 0.659135664895905 0.7292912293530627
0 0.6156371976195065 0.7111332642636854 0.5854006541538165 0.7100133922834747 0.584806208437741 0.7385467866551015 0.615042751903431 0.7396666586353122
0 0.5548420384987113 0.7382403082044675 0.552842602287371 0.7106925204037803 0.5199319426546392 0.7149390571305844 0.5219313788659794 0.7424868449312716
0 0.4947182259908537 0.7202823297764228 0.46277748666158547 0.7155503683943091 0.46013957698170743 0.7472052845528455 0.49208031631097565 0.7519372459349594
0 0.4189453125000001 0.7272135416666666 0.3862304687500001 0.7272135416666666 0.3862304687500001 0.755859375 0.4189453125000001 0.755859375
0 0.33816969566143074 0.7637467866830683 0.33490031817751703 0.7323607628374967 0.30116788299583647 0.7386075100933635 0.30443726047975017 0.7699935339389351
0 0.2458220347678236 0.7809749257348342 0.2421473748241088 0.7497403162132582 0.20132248182457788 0.7582788559255785 0.20499714176829267 0.7895134654471544
0 0.14526430056330472 0.8007907501788271 0.14298593414699573 0.7663621021101573 0.10181690920064378 0.7712055168097282 0.10409527561695278 0.8056341648783979
0 0.07275390625000008 0.7825520833333334 0.03906250000000007 0.7825520833333334 0.03906250000000007 0.8125 0.07275390625000008 0.8125
0 0.07802196817660559 0.8984613914373089 0.05257758744266064 0.8882836391437309 0.042632776662844096 0.9324827981651375 0.06807715739678905 0.9426605504587156
0 0.128662109375 0.9156901041666665 0.11967773437499998 0.8797526041666665 0.084814453125 0.8952473958333332 0.09379882812500001 0.9311848958333333
0 0.18300999070631968 0.9066183588909541 0.17789955564591078 0.8715753756195787 0.14246885164962825 0.8807611136926891 0.14757928671003714 0.9158040969640644
0 0.24658203125000006 0.8645833333333334 0.20556640625000006 0.8645833333333334 0.20556640625000006 0.904296875 0.24658203125000006 0.904296875
0 0.3333146625623441 0.8903441266625105 0.331891219217581 0.8523856374688279 0.2870570156639651 0.8553745843724022 0.28848045900872815 0.8933330735660848
0 0.41790587117448325 0.8794858737413883 0.41614526406001584 0.8501424218335982 0.3752546204292528 0.8545040904875463 0.3770152275437202 0.8838475423953364
0 0.5108074590295629 0.8656427404670094 0.5092883897011568 0.835936495822622 0.4712240420147815 0.8393968910668379 0.4727431113431877 0.8691031357112253
0 0.5813925253378378 0.8528962556306307 0.577564136402027 0.8205676379504504 0.5429370777027027 0.827857545045045 0.5467654666385134 0.8601861627252253
0 0.660710889959432 0.8454839101588911 0.6575553847616632 0.8146300815584856 0.6167873668864097 0.8220424484448955 0.6199428720841784 0.8528962770453009
0 0.7566038037909836 0.8299287056010929 0.7544385566086066 0.7981717469262294 0.7157402663934426 0.8028624487704917 0.7179055135758196 0.8346194074453552
0 0.845413448033708 0.8130018141385769 0.8430740870786518 0.7802507607677903 0.8062752370084271 0.7849236306179775 0.8086145979634832 0.8176746839887641
0 0.9175355479241272 0.8026434506490601 0.9150045287320949 0.770921343442256 0.8752286222862579 0.7765633159877648 0.87775964147829 0.8082854231945689
0 0.9446354334029564 0.9307700032133677 0.9428279141227507 0.895422959511568 0.8994062801253213 0.8993703807840615 0.901213799405527 0.9347174244858611
0 0.85693359375 0.912109375 0.80908203125 0.912109375 0.80908203125 0.9485677083333334 0.85693359375 0.9485677083333334
0 0.7554421780220969 0.9645142800404392 0.7544994651754764 0.9343474689485847 0.7135752342396012 0.9366210373339111 0.7145179470862217 0.9667878484257656
0 0.6015324863818807 0.9928200258027524 0.6008901053612385 0.9645552608944955 0.5644356543864678 0.9660281680045872 0.56507803540711 0.9942929329128442
0 0.6903882170376713 0.9731075199771689 0.688017711900685 0.9430811215753425 0.654441352739726 0.9477935930365297 0.6568118578767124 0.9778199914383561