0 0.99722926434532 0.12095708949873824 0.9951161793487612 0.08526943177907777 0.9585303708921198 0.08912056951135582 0.9606434558886786 0.12480822723101627
0 0.9091796875 0.09505208333333348 0.87744140625 0.09505208333333348 0.87744140625 0.12044270833333348 0.9091796875 0.12044270833333348
0 0.8125 0.09049479166666681 0.7744140625 0.0904947916666668 0.7744140625 0.1236979166666668 0.8125 0.12369791666666681
0 0.650390625 0.08789062500000011 0.60986328125 0.08789062500000011 0.60986328125 0.12630208333333345 0.650390625 0.12630208333333345
0 0.49689117973372776 0.09005177514792906 0.45462855954142006 0.08616555719921111 0.4528707470414201 0.1201499321992111 0.4951333672337278 0.12403615014792906
0 0.39990234375 0.09375000000000007 0.361328125 0.09375000000000007 0.361328125 0.12239583333333341 0.39990234375 0.12239583333333341
0 0.294921875 0.09179687500000004 0.2587890625 0.09179687500000004 0.2587890625 0.11718750000000004 0.294921875 0.11718750000000004
0 0.1828939931243806 0.08911140877931949 0.1501980224851338 0.06575714403700034 0.13768369827799803 0.09690390650809384 0.17037966891724482 0.12025817125041299
0 0.07958984375 0.06901041666666667 0.04296875000000001 0.06901041666666667 0.042968750000000014 0.10091145833333333 0.07958984375 0.10091145833333333
0 0.18010272171134661 0.2617236206359102 0.1787998266053616 0.22697975114297586 0.14112545783977556 0.22949137572734826 0.1424283529457606 0.2642352452202826
0 0.31690772804054057 0.2709389076576576 0.3123680320945946 0.23462134009009014 0.27641997466216217 0.24260979729729734 0.2809596706081081 0.27892736486486486
0 0.39460057075777205 0.27259148316062176 0.39319695191062176 0.2435833603195164 0.3603981136658031 0.24640476575993095 0.3618017325129534 0.2754128886010363
0 0.4824325770547945 0.2755261843607307 0.479976455479452 0.24441531107305936 0.44434128852739724 0.2494167380136986 0.4467974101027397 0.28052761130136994
0 0.6632018330496109 0.2759099383916991 0.6617806876215953 0.24559216926070038 0.6284027693336576 0.24837366245136183 0.6298239147616732 0.27869143158236054
0 0.821424110036733 0.2750023633318928 0.8209404710458081 0.2530773957433016 0.7897892245570441 0.25429901325266496 0.7902728635479689 0.2762239808412561
0 0.92562890625 0.27199479166666674 0.92166015625 0.24289062500000003 0.8874570312499999 0.2511822916666667 0.8914257812499999 0.28028645833333343
0 0.9421666880122952 0.4401895491803279 0.9400294569672132 0.408843493852459 0.911501024590164 0.4123014856557377 0.913638255635246 0.44364754098360654
0 0.69091796875 0.4075520833333335 0.66015625 0.4075520833333335 0.66015625 0.4420572916666668 0.69091796875 0.4420572916666668
0 0.6076898342225611 0.40824282266260176 0.5741413395579269 0.4032726753048781 0.5710151486280488 0.44078696646341475 0.604563643292683 0.4457571138211383
0 0.4489540476766699 0.4071934747095838 0.4156015549370765 0.40302441311713455 0.4131766925822846 0.4375113443852856 0.446529185321878 0.44168040597773484
0 0.2717765155165768 0.4319914947956823 0.271122211112182 0.4005848833847339 0.23515278647841173 0.40191708429709583 0.2358070908828065 0.4333236957080442
0 0.10621495863970591 0.386866574754902 0.07384650735294122 0.3824019607843137 0.07114257812500005 0.4172526041666667 0.10351102941176474 0.421717218137255
0 0.0626881083504098 0.5278400358606558 0.034279745133196704 0.5043918630464481 0.01857710040983601 0.538212943989071 0.04698546362704911 0.5616611168032787
0 0.15273919092465754 0.5378214183789954 0.13655500856164388 0.5040457334474887 0.10519370719178087 0.5307609160958905 0.12137788955479453 0.5645366010273973
0 0.2847607884195193 0.5573025726814761 0.2833923206482156 0.5235470343226512 0.2428777796112527 0.5264670012442341 0.24424624738255643 0.560222539603059
0 0.4121128544388361 0.5639366216349961 0.4112476339815915 0.5304814306215361 0.37307239088479816 0.5322366142121933 0.3739376113420428 0.5656918052256533
0 0.5733637247543668 0.5594836017103347 0.5713295749181223 0.5391421033478893 0.5434719568777292 0.5440945687772926 0.5455061067139737 0.564436067139738
0 0.6716796875 0.5561197916666668 0.65966796875 0.5240885416666669 0.62451171875 0.5475260416666669 0.6365234375 0.5795572916666668
0 0.860894206055667 0.5638510583834839 0.8561573392051153 0.5312193089685723 0.8246541381958375 0.5393491672935472 0.8293910050463893 0.5719809167084589
0 0.9052734375 0.677734375 0.86767578125 0.677734375 0.86767578125 0.712890625 0.9052734375 0.712890625
0 0.7939064863331894 0.6788434528954194 0.7570013707324978 0.677396193460098 0.7562337098908816 0.7121968182800349 0.7931388254915731 0.713644077715356
0 0.6641556736680329 0.7110813695355193 0.6628384349385246 0.6768331625683061 0.6219803406762294 0.6796268784153005 0.6232975794057377 0.7138750853825138
0 0.5542163468024824 0.7111029833378306 0.5531180433756071 0.6796182851007374 0.5147857254283594 0.6819954831129699 0.5158840288552348 0.7134801813500631
0 0.44175080588863347 0.7093231562089356 0.44113580250082135 0.677342980042707 0.4046513761703351 0.6785903108574245 0.4052663795581472 0.7105704870236531
0 0.32336698781948886 0.6761785310170394 0.2718283558805911 0.6734298039802983 0.2708829934604633 0.7049418846512245 0.32242162539936103 0.7076906116879659
0 0.1968745581165159 0.6698040394042232 0.15128875318156115 0.6669097025829562 0.150135437287896 0.6992025476055806 0.19572124222285076 0.7020968844268477
0 0.10595703125000006 0.6608072916666666 0.06787109375000006 0.6608072916666666 0.06787109375000006 0.6966145833333334 0.10595703125000006 0.6966145833333334
0 0.10546875000000008 0.8802083333333334 0.06689453125000008 0.8802083333333334 0.06689453125000008 0.9192708333333334 0.10546875000000008 0.9192708333333334
0 0.16051624287868635 0.8875809874888293 0.15073883629356574 0.8540584506255587 0.11228374245978556 0.8739981289097409 0.12206114904490617 0.9075206657730117
0 0.262108360096709 0.894419234747883 0.25731858039838335 0.857378271747498 0.21581918482967666 0.8669183626828328 0.22060896452800233 0.9039593256832178
0 0.3896484375000001 0.8678385416666666 0.3505859375000001 0.8678385416666666 0.3505859375000001 0.904296875 0.3896484375000001 0.904296875
0 0.5482381558199542 0.9037288560779818 0.5474103175172018 0.8673039707568809 0.5100984625860092 0.8688115204510706 0.5109263008887615 0.9052364057721713
0 0.6135343499139909 0.9154332712155964 0.6015557805332569 0.885772051796636 0.5703707353784404 0.9081613149847093 0.5823493047591743 0.9378225344036698
0 0.7163313338858344 0.9021896224126781 0.713024539133247 0.8677989569857698 0.6701840182325356 0.8751221229517033 0.6734908129851229 0.9095127883786116
0 0.8284807162047512 0.9103506787330319 0.8271241339083711 0.8723663744343892 0.7880108173076924 0.8748497596153847 0.7893673996040724 0.9128340639140274
0 0.9571784116882094 0.9115535676754942 0.9541323494640606 0.8736470155527534 0.9183578972257251 0.8787576515868012 0.921403959449874 0.916664203709542
0 0.8284381734913793 0.4418597341954024 0.8261516702586206 0.40527568247126444 0.7922077047413792 0.40904723419540234 0.794494207974138 0.4456312859195404