0 0.954899249690594 0.12717228754125415 0.9525496983292079 0.09584493605610561 0.9114567218440595 0.10132399958745873 0.9138062732054456 0.13265135107260725
0 0.8779296875000001 0.09570312500000017 0.8420170680732484 0.09399300026539292 0.841205339371019 0.12429753848195342 0.8771179587977708 0.12600766321656068
0 0.8025090144230769 0.09329927884615398 0.7625075120192307 0.08263221153846166 0.7576622596153846 0.11493389423076933 0.7976637620192307 0.12560096153846165
0 0.7001953125 0.08007812500000011 0.65966796875 0.08007812500000011 0.65966796875 0.11263020833333344 0.7001953125 0.11263020833333344
0 0.61569340680653 0.10495578678719193 0.6145176318807339 0.07125023891437308 0.5674605475074204 0.07416850771271812 0.5686363224332164 0.10787405558553696
0 0.5249949017246737 0.09821665566086596 0.523349797525637 0.06897035878910296 0.48234509740133624 0.07307082880153304 0.4839902016003729 0.10231712567329604
0 0.4345703125 0.06315104166666674 0.3876953125 0.06315104166666673 0.3876953125 0.09570312500000007 0.4345703125 0.09570312500000007
0 0.33642578125 0.05794270833333339 0.29541015625 0.05794270833333339 0.29541015625 0.0865885416666667 0.33642578125 0.0865885416666667
0 0.23951589263866233 0.07910103147090809 0.2388360426437602 0.0473746983754758 0.19639022354200653 0.04899168196030452 0.19707007353690864 0.08071801505573682
0 0.14672074212425795 0.03977362160460517 0.1057936559801673 0.03723550773520419 0.10468850133229898 0.06891660764076274 0.1456155874763896 0.07145472151016372
0 0.06689453125 0.03710937500000001 0.025878906250000003 0.03710937500000001 0.025878906250000007 0.06640625 0.06689453125 0.06640625000000001
0 0.12744140625 0.15690104166666669 0.08398437500000003 0.15690104166666666 0.08398437500000003 0.18880208333333334 0.12744140625 0.18880208333333334
0 0.2723109534982935 0.17162169368600685 0.23256352655716722 0.165386803185438 0.2298338177261092 0.19632350327076228 0.2695812446672355 0.2025583937713311
0 0.4189453125 0.17838541666666674 0.375 0.17838541666666674 0.375 0.21158854166666674 0.4189453125 0.21158854166666674
0 0.5153092742505656 0.2145895197021116 0.5148178998161764 0.18379672181372544 0.46895061510180996 0.18509792138009049 0.4694419895361991 0.2158907192684766
0 0.61279296875 0.1888020833333334 0.56689453125 0.1888020833333334 0.56689453125 0.21875000000000008 0.61279296875 0.21875000000000008
0 0.743969767502795 0.20399693730203108 0.7039055949552824 0.19763754483417192 0.7012076295241756 0.2278547576625677 0.7412718020716882 0.23421415013042682
0 0.8415613765210177 0.2123922612463128 0.7978753284015486 0.20850905696902666 0.7963262237278761 0.23949115044247804 0.8400122718473452 0.24337435471976418
0 0.923828125 0.21549479166666682 0.87939453125 0.21549479166666682 0.87939453125 0.24674479166666682 0.923828125 0.24674479166666682
0 1.0003710937499999 0.3374479166666668 0.9547220552884614 0.33406650641025654 0.9534059495192306 0.365653044871795 0.999054987980769 0.36903445512820526
0 0.9265118898266423 0.36026364811435524 0.9259042113366789 0.33028484260948904 0.8830195740191606 0.3318302349452555 0.8836272525091241 0.3618090404501217
0 0.8550308313607977 0.32623535287402644 0.8085811593473007 0.31915730761482686 0.8055121877518132 0.35496197622884784 0.8519618597653102 0.3620400214880474
0 0.7152941176470589 0.31559283088235307 0.6707146139705882 0.3094439338235295 0.667805606617647 0.34693780637254906 0.7123851102941177 0.35308670343137266
0 0.5730736656526549 0.30610481194690276 0.5323043418141594 0.30248087205014756 0.5305845547566372 0.33687661320059004 0.5713538785951328 0.3405005530973452
0 0.38916015625 0.29296875000000006 0.34423828125 0.29296875000000006 0.34423828125 0.32617187500000006 0.38916015625 0.32617187500000006
0 0.23979578864644968 0.28419548200197237 0.1919696514423077 0.27979767628205127 0.1902996717825444 0.31208394970414205 0.23812580898668637 0.31648175542406315
0 0.14409516433189654 0.3058705998563218 0.14274986530172412 0.27537715517241373 0.09812601023706896 0.2788770653735632 0.09947130926724138 0.30937051005747124
0 0.04340168304896143 0.4265470450049456 0.04226168397626113 0.3953870703511375 0.007070080675074182 0.39767595511869436 0.008210079747774482 0.42883592977250246
0 0.1816773541205752 0.4336772907448377 0.18014121266592917 0.40295446165191734 0.14112192339601767 0.40642284292035397 0.1426580648506637 0.4371456720132743
0 0.0963497365014793 0.40956915680473377 0.09461272651627219 0.377916974852071 0.05385106555103551 0.3818937222633136 0.05558807553624261 0.41354590421597637
0 0.25173275027654873 0.4158658278023599 0.21870894980641595 0.41293037887168144 0.217371577710177 0.4396778207964602 0.25039537818030977 0.4426132697271386
0 0.291192416487069 0.4278353987068966 0.2896635910560345 0.39318202227011495 0.25291116648706896 0.3960645653735632 0.25443999191810346 0.43071794181034484
0 0.3581222015786559 0.4210345119399311 0.32554944262370755 0.4193641140448055 0.32465005308345646 0.45054295144017725 0.3572228120384048 0.4522133493353028
0 0.41229045694390903 0.4377283916409663 0.41165271720797997 0.40711688431637105 0.3731895570306476 0.40854144580442037 0.37382729676657667 0.43915295312901564
0 0.46044921875 0.4329427083333334 0.43115234375 0.4329427083333333 0.43115234375 0.46289062500000006 0.46044921875 0.46289062500000017
0 0.5110639861616425 0.4144333636521138 0.4789968002858629 0.41305412985100504 0.478190780925156 0.4463695967602219 0.5102579668009356 0.4477488305613307
0 0.5805864177766394 0.44176378927595644 0.5500328189036886 0.43806032274590173 0.548159740010246 0.4655321465163936 0.5787133388831969 0.4692356130464483
0 0.62451171875 0.42578125000000017 0.58837890625 0.42578125000000017 0.58837890625 0.4563802083333335 0.62451171875 0.4563802083333335
0 0.720456112132353 0.43527113970588255 0.6767693014705882 0.43079044117647075 0.6749885110294118 0.46165747549019626 0.7186753216911766 0.466138174019608
0 0.82177734375 0.4342447916666668 0.7744140625 0.4342447916666668 0.7744140625 0.4635416666666668 0.82177734375 0.4635416666666668
0 0.9557027576605834 0.4429440946764425 0.9097492192480874 0.44184996280947836 0.9093387641456806 0.47249727712251627 0.9552923025581767 0.47359140898948043
0 0.9239003180762928 0.6362208667152222 0.9229273118854697 0.6122200473415876 0.8893340597687545 0.6146411826292789 0.8903070659595775 0.6386420020029133
0 0.81103515625 0.6074218750000001 0.76953125 0.6074218750000001 0.76953125 0.6373697916666669 0.81103515625 0.6373697916666669
0 0.6980972860816709 0.6309015871778886 0.696829703086035 0.597099373960931 0.6567200163653366 0.5997733530756443 0.6579875993609725 0.6335755662926017
0 0.5830135122811284 0.6225174286640726 0.581552468385214 0.5913484922178988 0.5351334508754864 0.5952167436770427 0.5365944947714008 0.6263856801232165
0 0.46777343750000006 0.5813802083333334 0.42822265625 0.5813802083333334 0.42822265625000006 0.6139322916666667 0.4677734375000001 0.6139322916666669
0 0.373046875 0.572265625 0.32763671875 0.572265625 0.32763671875000006 0.607421875 0.37304687500000006 0.607421875
0 0.28427623131102525 0.5982813347572552 0.28283562283869 0.5646671370694332 0.24043779241253055 0.5678974479590453 0.24187840088486579 0.6015116456468673
0 0.21919450431034487 0.5671066810344828 0.17700700431034488 0.5624191810344829 0.17483499461206903 0.5971713362068966 0.21702249461206902 0.6018588362068966
0 0.12289693497600963 0.5601262099326936 0.08241508084266298 0.5590466938224711 0.08189966201019597 0.5934079493202719 0.12238151614354262 0.5944874654304945
0 0.05761718750000006 0.66015625 0.017089843750000062 0.66015625 0.017089843750000062 0.6966145833333334 0.05761718750000007 0.6966145833333334
0 0.15966796875000006 0.6640625 0.11865234375000006 0.6640625 0.11865234375000006 0.7005208333333334 0.15966796875000006 0.7005208333333334
0 0.28756984147609155 0.6750622617810117 0.24398612103690234 0.6726903586278586 0.24287028163981295 0.7091411122661122 0.2864540020790022 0.7115130154192655
0 0.4008789062500001 0.6809895833333334 0.3583984375000001 0.6809895833333334 0.3583984375000001 0.716796875 0.4008789062500001 0.716796875
0 0.4977981229762548 0.6881204746806979 0.4571769702003508 0.6856013334232776 0.4558847245176741 0.7226457096600107 0.4965058772935781 0.7251648509174311
0 0.5898207720588237 0.698965992647059 0.5493824678308825 0.694818474264706 0.5473690257352942 0.7297181372549021 0.5878073299632354 0.733865655637255
0 0.6830682184278352 0.7068218427835053 0.6501771907216496 0.7048284471649486 0.6490012886597939 0.739321574312715 0.6818923163659795 0.7413149699312717
0 0.857110694679054 0.744528786599099 0.8565733213682432 0.713719383445946 0.8142406566722972 0.7150320242117117 0.814778029983108 0.7458414273648648
0 0.9412869194201995 0.7186769404613468 0.9026384234725686 0.7161003740648381 0.9013891053615961 0.7494155236907732 0.940037601309227 0.751992090087282
0 0.9811411249518119 0.86821149768697 0.9805026322764072 0.8375638492675405 0.9454548055609098 0.83886191692367 0.9460932982363145 0.8695095653430996
0 0.9044117647058825 0.8366268382352944 0.8622129966770364 0.8339475513763199 0.8611988740808826 0.8623429840686277 0.9033976421097286 0.8650222709276022
0 0.8004753823465993 0.8576859495646462 0.7995729404109168 0.830612691494168 0.7623959424285363 0.8328157728560868 0.7632983843642188 0.8598890309265649
0 0.693513447685404 0.8245345836285627 0.6505756044815778 0.8232900084632343 0.6500607987423241 0.8548647604707921 0.6929986419461504 0.8561093356361203
0 0.56396484375 0.81640625 0.5224609375 0.81640625 0.5224609375 0.8483072916666666 0.56396484375 0.8483072916666666
0 0.4757018330496109 0.8371078550583658 0.47433008572470814 0.8078439121271076 0.4298869923394941 0.8115475032425422 0.4312587396643969 0.8408114461738004
0 0.3647460937500001 0.8014322916666666 0.3251953125000001 0.8014322916666666 0.3251953125000001 0.8352864583333334 0.3647460937500001 0.8352864583333334
0 0.27547284665805033 0.8011861075209258 0.23410525526218617 0.7990646925775481 0.23328303868168396 0.8275682007016248 0.27465063007754814 0.8296896156450025
0 0.18577586206896557 0.791033584770115 0.14661907327586216 0.7879624640804598 0.14519632273706906 0.8202114762931033 0.18435311153017248 0.8232825969827585
0 0.10359201666857276 0.8203655125419337 0.10196858202767614 0.7846499504422081 0.06440532436527907 0.7876853652028059 0.06602875900617566 0.8234009273025314
0 0.94140625 0.9433593750000003 0.8974609375 0.9433593750000001 0.8974609375 0.9778645833333335 0.94140625 0.9778645833333336
0 0.8379337879834257 0.9396617460865565 0.7967495575794201 0.9367716246546963 0.7954870403142268 0.9687553953729283 0.8366712707182323 0.9716455168047884
0 0.79150390625 0.955078125 0.75439453125 0.955078125 0.75439453125 0.98828125 0.79150390625 0.98828125
0 0.7259211457370611 0.9337901455637709 0.6887410105707025 0.9328368087646335 0.6882803474468577 0.9647761186845348 0.7254604826132164 0.9657294554836723
0 0.640625 0.9309895833333334 0.5966796875 0.9309895833333334 0.5966796875 0.9602864583333334 0.640625 0.9602864583333334
0 0.56005859375 0.9283854166666666 0.521484375 0.9283854166666666 0.521484375 0.9563802083333334 0.56005859375 0.9563802083333334
0 0.4775390625000001 0.9212239583333334 0.4375000000000001 0.9212239583333334 0.4375000000000001 0.9518229166666666 0.4775390625000001 0.9518229166666666
0 0.3848373136442411 0.9151102304034838 0.33947332974137945 0.9128277658045977 0.3386377144063279 0.9423528409764191 0.3840016983091896 0.9446353055753053
0 0.27523587740384614 0.9376923076923074 0.27403395432692307 0.9088461538461537 0.2345778245192307 0.9117688301282051 0.2357797475961538 0.9406149839743586
0 0.17453754659140017 0.938410445476808 0.17383318928262748 0.9064795808124461 0.13745897931071738 0.9079060204191877 0.13816333661949007 0.9398368850835496
0 0.10151891473965072 0.9294946299590342 0.0987190355150388 0.9003758860230703 0.057085636824870625 0.9074927063119879 0.05988551604948254 0.9366114502479518