0 0.09503409875690608 0.04754762315837938 0.06056440996201658 0.045128697628913444 0.05936124179903315 0.07560895775782689 0.09383093059392264 0.07802788328729283
0 0.2001953125 0.053385416666666706 0.16552734375 0.05338541666666669 0.16552734375 0.0865885416666667 0.2001953125 0.0865885416666667
0 0.3443858819326842 0.06149449618966978 0.34069173039267575 0.028000855560259653 0.30168297854043186 0.03564963043324865 0.3053771300804403 0.06914327106265877
0 0.4808013657896877 0.043874786515940144 0.47846956073113206 0.01356132075471698 0.4409659391265452 0.018690021145087832 0.4432977441851008 0.04900348690631099
0 0.59228515625 0.0071614583333334285 0.55029296875 0.007161458333333425 0.55029296875 0.04361979166666676 0.59228515625 0.04361979166666676
0 0.6782321558852139 0.010214007782101261 0.6392000547178988 0.0069613326848249986 0.6377010122811284 0.03894090466926079 0.6767331134484436 0.04219357976653706
0 0.7576332429471125 0.022143856806128587 0.7198828009907189 0.01723323021017494 0.7178007720425751 0.04568762583480666 0.7555512139989687 0.050598252430760306
0 0.9259352675085885 0.0615996837913804 0.9253109628747659 0.028303436654174476 0.8834547987585885 0.029698642124713705 0.884079103392411 0.06299488926191964
0 0.9302226755878711 0.2142835963283829 0.924273379486386 0.17915441934818488 0.8847680422339109 0.19104849938118815 0.890717338335396 0.22617767636138617
0 0.804619817450495 0.20873298267326734 0.8024056311881188 0.1792104991749175 0.7669206373762376 0.18394183168316833 0.7691348236386139 0.21346431518151818
0 0.6886898730802048 0.17531685509101258 0.6537302687713311 0.1698329955915814 0.6510438886518771 0.20027863694539258 0.6860034929607508 0.20576249644482378
0 0.582855504587156 0.19355050649847091 0.5751684346330275 0.15938575114678896 0.5417950831422018 0.1727350917431192 0.5494821530963303 0.20689984709480116
0 0.4485658074817518 0.17768400243309004 0.41177720118613137 0.17202421684914848 0.4088795905565693 0.205507717457421 0.4456681968521897 0.2111675030413626
0 0.34750045158959536 0.21332941955684012 0.34012373554913294 0.18272970857418117 0.30582550578034684 0.19742894990366092 0.31320222182080926 0.22802866088631987
0 0.2495806525735294 0.2282781862745098 0.24498506433823528 0.20070465686274508 0.2110696231617647 0.2107536764705882 0.21566521139705883 0.23832720588235293
0 0.09535745174799709 0.24017130978392817 0.09391999157865986 0.20471395894027675 0.05857667971595048 0.20726122466011165 0.0600141398852877 0.24271857550376308
0 0.15380859375000006 0.3678385416666667 0.11279296875000003 0.3678385416666667 0.11279296875000003 0.4055989583333333 0.15380859375000006 0.4055989583333333
0 0.13867187500000006 0.4921875 0.09912109375000006 0.4921875 0.09912109375000006 0.5319010416666666 0.13867187500000006 0.5319010416666666
0 0.2795339581547036 0.5089273410705537 0.27735786494059284 0.47628594285889275 0.23874154060509556 0.4808626924097665 0.2409176338192063 0.5135040906214274
0 0.3639836193947831 0.49739278038296203 0.3609125421307151 0.4638156689624853 0.32219950954352283 0.47011047100918324 0.32527058680759086 0.5036875824296599
0 0.46489902712264153 0.48737224842767296 0.46372070312499997 0.45123697916666666 0.42780439268867926 0.4533190841194969 0.4289827166863208 0.48945435338050314
0 0.5608112980769231 0.4552423878205128 0.5252223557692307 0.45260616987179486 0.5238206129807692 0.4862479967948718 0.5594095552884616 0.48888421474358973
0 0.6493112970050535 0.4554876387237417 0.6086295147146253 0.45416465393380906 0.6079496367791319 0.49133131440745154 0.6486314190695601 0.4926542991973842
0 0.7728529740883705 0.46398909740473065 0.7342540525418856 0.46266947615527815 0.7336027969981931 0.4965347644272888 0.772201718544678 0.49785438567674123
0 0.8639482743551896 0.47034665035218576 0.8263788407007459 0.46658970698674135 0.8245971755554693 0.4982637540138804 0.8621666092099131 0.5020206973793248
0 0.9956452281564503 0.39898668610856974 0.9941602813357733 0.366317856053675 0.958985268469808 0.3691602813357731 0.960470215290485 0.40182911139066785
0 0.8758790750594209 0.3696538056395853 0.8387300298455056 0.36819698033707876 0.8380037273120138 0.4011226951887066 0.875152772525929 0.4025795204912131
0 0.7764656530559392 0.35948470591620635 0.7460451916436465 0.3573499366942911 0.7446369993093923 0.393024142495396 0.775057460721685 0.3951589117173113
0 0.9416458225051976 0.500787746881497 0.9408712724142413 0.4687730097886349 0.9030924140787423 0.4703979069213445 0.9038669641696986 0.5024126440142066
0 0.028320312500000035 0.380859375 3.504116329591548e-17 0.380859375 3.6775282298614364e-17 0.4186197916666667 0.028320312500000038 0.4186197916666667
0 0.94775390625 0.6569010416666669 0.90625 0.6569010416666669 0.90625 0.6959635416666669 0.94775390625 0.695963541666667
0 0.8179141250910414 0.6882359189123575 0.8165349883922068 0.6542172136744355 0.7751519966542243 0.6571997716375334 0.7765311333530589 0.6912184768754553
0 0.6867288523706897 0.6908539870689654 0.6850670123922414 0.6531856142241379 0.6454236260775862 0.6562948994252874 0.6470854660560345 0.6939632722701149
0 0.5566856857507565 0.685688705559758 0.5502767173316945 0.6500833254538578 0.5127876501040091 0.6620798269667172 0.5191966185230711 0.6976852070726173
0 0.4585090569690265 0.6916655143805309 0.45683896225110615 0.6582636200221238 0.41713910398230086 0.6617924963126843 0.4188091987002212 0.6951943906710913
0 0.3443697415865385 0.7026993189102565 0.33903620793269235 0.6671424278846155 0.3031663161057693 0.676707732371795 0.3084998497596154 0.712264623397436
0 0.264289438594092 0.6913150756746901 0.2296011693107221 0.682505356491612 0.2246521129649891 0.7171487509117433 0.259340382248359 0.7259584700948213
0 0.19410306490384613 0.7292868589743589 0.19114332932692307 0.6977163461538461 0.15730919471153842 0.7033553685897435 0.1602689302884615 0.7349258814102563
0 0.029785156250000066 0.7161458333333334 6.577692768857855e-17 0.7161458333333334 6.73615536738034e-17 0.7506510416666666 0.02978515625000007 0.7506510416666666
0 0.10732347936080372 0.7369507286206564 0.10357306985294117 0.7027803308823531 0.06163349273806057 0.7109636630023298 0.06538390224592312 0.745134060740633
0 0.1322808854643184 0.876325313548338 0.13078789741537056 0.8434795764714852 0.09663009992566332 0.8462398025312595 0.09812308797461117 0.8790855396081123
0 0.20851562500000007 0.8484895833333335 0.18445312500000002 0.8244270833333335 0.16804687500000007 0.85359375 0.1921093750000001 0.8776562500000002
0 0.28452987735499574 0.8504406796852949 0.2808750033075783 0.8173031549887101 0.24848719636430988 0.8236537053697431 0.2521420704117273 0.856791230066328
0 0.3705911075367647 0.8212124693627452 0.34632065716911764 0.8017961090686274 0.3329647288602941 0.8314759497549019 0.3572351792279412 0.8508923100490197
0 0.465046470355832 0.8271686166054922 0.46431603983992664 0.7930818591965743 0.4269860222522431 0.7945039551046764 0.42771645276814846 0.8285907125135944
0 0.5888591828893442 0.8227992657103825 0.5866619172643442 0.7905727032103825 0.5477875256147542 0.7952847506830601 0.5499847912397542 0.8275113131830601
0 0.7111155790441177 0.8006127450980393 0.7092859604779412 0.7688993566176471 0.6773236443014707 0.7721775428921568 0.6791532628676472 0.803890931372549
0 0.76806640625 0.7858072916666666 0.734375 0.7858072916666666 0.734375 0.8177083333333334 0.76806640625 0.8177083333333334
0 0.8466796875 0.7688802083333334 0.81298828125 0.7688802083333334 0.81298828125 0.80078125 0.8466796875 0.80078125
0 0.9829906974871135 0.78491462628866 0.951821238724227 0.7664438359106532 0.9427402142396909 0.7936869093642613 0.9739096730025775 0.8121576997422683
0 0.9551054485103628 0.7982634391191712 0.9159225226683939 0.7948928648531953 0.9143488908678757 0.82741458873057 0.9535318167098447 0.8307851629965458
0 0.96435546875 0.9388020833333336 0.92431640625 0.9388020833333336 0.92431640625 0.973307291666667 0.96435546875 0.973307291666667
0 0.859668455813591 0.9674609050290939 0.8583144190305486 0.9313532574812968 0.8178150814370324 0.9340532133208646 0.8191691182200748 0.9701608608686616
0 0.7679938892326734 0.9677831064356436 0.7653639387376239 0.9327170998349835 0.7249477877475248 0.9381059199669967 0.7275777382425743 0.9731719265676567
0 0.6096964702347285 0.9525873750942685 0.5984461167279411 0.9186389399509803 0.566039928591629 0.9377309577677225 0.5772902820984163 0.9716793929110107
0 0.47472386853448273 0.9679777298850576 0.4725686961206896 0.933494971264368 0.43995824353448265 0.9371183548850576 0.4421134159482758 0.9716011135057472
0 0.3374167049632353 0.9781135110294117 0.32367302389705876 0.9475719975490194 0.2933708639705882 0.971813725490196 0.3071145450367647 1.002355238970588
0 0.25701073078793774 0.9985205901426717 0.2553691938229572 0.9635011348897535 0.2222952638618677 0.9662572957198443 0.22393680082684825 1.0012767509727625
0 0.02734375000000008 0.8515625 7.821474674241885e-17 0.8515625 7.988906853812812e-17 0.8880208333333334 0.027343750000000083 0.8880208333333334