0 0.0849609375 0.07291666666666667 0.04052734375000001 0.07291666666666667 0.040527343750000014 0.10286458333333333 0.0849609375 0.10286458333333333
0 0.17701403929455445 0.1140934405940594 0.17417137221534654 0.07619121287128715 0.13641417852722773 0.08122550536303631 0.13925684560643564 0.11912773308580855
0 0.2822265625 0.0709635416666667 0.2431640625 0.0709635416666667 0.2431640625 0.10872395833333337 0.2822265625 0.10872395833333337
0 0.5588773544520548 0.07908996860730602 0.5215900577910959 0.07385666381278548 0.5193586793664384 0.10212079052511426 0.5566459760273973 0.1073540953196348
0 0.7802734375 0.07356770833333347 0.75 0.07356770833333347 0.75 0.09895833333333344 0.7802734375 0.09895833333333344
0 0.9234291403210115 0.0729647981517511 0.8916319613326847 0.0703150332360572 0.8904787056177043 0.09491782182230883 0.922275884606031 0.09756758673800274
0 0.9728505557345362 0.25439755154639176 0.971497462951031 0.21470682989690723 0.9303670666881443 0.21719958118556704 0.9317201594716494 0.2568903028350516
0 0.89794921875 0.22070312500000014 0.8583984375 0.22070312500000014 0.8583984375 0.2630208333333335 0.89794921875 0.2630208333333335
0 0.8405388578056768 0.2660656613901019 0.8370931700327511 0.23160878366084428 0.8007919111626638 0.23806234079330424 0.8042375989355895 0.27251921852256183
0 0.7548828125 0.24934895833333348 0.72998046875 0.2161458333333334 0.7080078125 0.2454427083333334 0.73291015625 0.2786458333333335
0 0.6633482803254437 0.2682353303747535 0.6610834065273667 0.22696429672090726 0.6254036265717456 0.23044525086291912 0.6276685003698226 0.27171628451676527
0 0.5601725893725681 0.23454726005188076 0.5279498267266537 0.2318620298313879 0.5261258967655642 0.2707725356679637 0.5583486594114786 0.2734577658884566
0 0.4945346341274752 0.2574418574669968 0.47245320235148514 0.22145730198019808 0.44876189279084155 0.24730236695544563 0.47084332456683164 0.28328692244224435
0 0.4372196618690852 0.2562167291009465 0.40743912657728704 0.22501807308096744 0.38959760695977913 0.2552945912197688 0.41937814225157727 0.28649324723974784
0 0.36083984375 0.24283854166666674 0.31884765625 0.24283854166666674 0.31884765625 0.2805989583333334 0.36083984375 0.2805989583333334
0 0.2931015186095505 0.2711946980337079 0.2577477615870786 0.24238793305243447 0.24210520540730338 0.2765171465355805 0.27745896242977525 0.30532391151685395
0 0.21142578125 0.2591145833333333 0.17236328125 0.2591145833333333 0.17236328125 0.2942708333333333 0.21142578125 0.2942708333333333
0 0.12832601127320953 0.2742076978337754 0.09463071949602124 0.24332034703801944 0.07978541528514592 0.2721112400530504 0.11348070706233422 0.30299859084880637
0 0.08251953125000003 0.3802083333333333 0.04443359375000004 0.3802083333333333 0.04443359375000004 0.4186197916666667 0.08251953125000003 0.4186197916666667
0 0.04883961397058825 0.2544883578431373 0.01006433823529413 0.242999387254902 0.0029871323529411867 0.2854626225490196 0.04176240808823531 0.2969515931372549
0 0.1659835912619427 0.38928186372080686 0.12786126592356692 0.3801585721868366 0.12311747362659242 0.4153981721072187 0.1612397989649682 0.424521463641189
0 0.25927734375 0.3815104166666667 0.21875000000000006 0.3815104166666667 0.21875000000000006 0.4127604166666667 0.25927734375 0.4127604166666667
0 0.3454291139885808 0.4038794861337683 0.34470266619086465 0.3699785889070146 0.30153199237867045 0.371623186004622 0.3022584401763866 0.40552408323137573
0 0.437237957040693 0.39310168630808495 0.43445699662570514 0.3606571481332259 0.3993821924103546 0.3660018802041365 0.4021631528253425 0.3984464183789955
0 0.4988602711970075 0.3598198514131339 0.4633289822319202 0.3574510988154614 0.4620528756234414 0.3914806083748961 0.49758416458852867 0.3938493609725686
0 0.5596044542522198 0.36191557991120976 0.5219834949014983 0.3602435372733999 0.5212047377913429 0.39139382167961534 0.5588256971420644 0.3930658643174252
0 0.6513671875 0.35937500000000017 0.6162109375 0.35937500000000017 0.6162109375 0.39453125000000017 0.6513671875 0.39453125000000017
0 0.7376062729779412 0.3587048100490198 0.699557674632353 0.3548023897058825 0.6974954044117647 0.3905484068627452 0.735544002757353 0.3944508272058825
0 0.8091694278939688 0.3866300867380026 0.8076855848735408 0.3549747689688716 0.7707814019941633 0.35805011754215305 0.7722652450145914 0.38970543531128404
0 0.8945393789886238 0.3499352571217167 0.8563981643659823 0.3482400920273771 0.8555294464483907 0.38298880873103974 0.8936706610710322 0.3846839738253794
0 0.9609375 0.3411458333333335 0.92529296875 0.3411458333333335 0.92529296875 0.3802083333333335 0.9609375 0.3802083333333335
0 0.9858589722938144 0.6320715206185566 0.9847555573453608 0.5997046821305841 0.9521303157216495 0.6016819695017183 0.9532337306701031 0.6340488079896907
0 0.9266748968160377 0.6314489976415095 0.9198205336084905 0.5994619693396227 0.8880269752358488 0.611573801100629 0.894881338443396 0.6435608294025158
0 0.8581618476159794 0.6128516967353953 0.8293935244845361 0.5958038015463919 0.8178962628865979 0.6302955863402063 0.8466645860180412 0.6473434815292097
0 0.7742539702868853 0.6097698941256833 0.7419833824282788 0.6058583077185794 0.739718077612705 0.6390827783469947 0.7719886654713115 0.6429943647540985
0 0.6729897443519619 0.6345070662405866 0.6723838924085909 0.6013871600029727 0.6340468471313911 0.602633893182719 0.6346526990747622 0.6357537994203329
0 0.5549348894159685 0.6376300158123872 0.5538991267249876 0.6065571350829638 0.5158991016972647 0.60880898841794 0.5169348643882455 0.6398818691473634
0 0.4418945312500001 0.619140625 0.4082031250000001 0.619140625 0.4082031250000001 0.650390625 0.4418945312500001 0.650390625
0 0.3435015975685785 0.6600426018287614 0.34239961619389025 0.6306564318370741 0.3090357602088529 0.6328806889027432 0.3101377415835412 0.6622668588944305
0 0.2636718750000001 0.6360677083333334 0.22509765625000006 0.6360677083333334 0.22509765625000006 0.6666666666666666 0.2636718750000001 0.6666666666666666
0 0.19228115046224373 0.6419982973378912 0.15922733209679932 0.6386929155013467 0.15773426575124305 0.6652363172001244 0.19078808411668746 0.6685416990366688
0 0.11945286106418924 0.6350932573198197 0.08118322423986492 0.6339066019144143 0.08063661317567573 0.6652456362612612 0.11890625000000006 0.6664322916666666
0 0.04361307989690728 0.6386517396907215 0.008019893685567072 0.6364945768900343 0.007014134987113466 0.6659968320446735 0.042607321198453674 0.6681539948453609
0 0.0394967622353069 0.7576571953327571 0.004428293134183303 0.7562819612503602 0.0036863757292567717 0.7899155502736962 0.038754844830380365 0.7912907843560931
0 0.11914062500000008 0.7565104166666666 0.08593750000000008 0.7565104166666666 0.08593750000000008 0.7936197916666666 0.11914062500000008 0.7936197916666666
0 0.1820355135784824 0.7558133554227303 0.1481588446920479 0.7543562943953569 0.14731780307952191 0.7891193477130978 0.18119447196595642 0.7905764087404713
0 0.2675781250000001 0.7473958333333334 0.23242187500000006 0.7473958333333334 0.23242187500000006 0.7825520833333334 0.2675781250000001 0.7825520833333334
0 0.3604670027955272 0.7494071984824281 0.32308540709864225 0.7474135133785942 0.3221026045826678 0.7801735972444089 0.35948420027955275 0.7821672823482428
0 0.4535043736152143 0.7348952563392417 0.414893371491876 0.7329152049483013 0.4139117602935747 0.766944393156081 0.45252276241691297 0.7689244445470212
0 0.5986328125 0.7194010416666666 0.5546875 0.7194010416666666 0.5546875 0.75390625 0.5986328125 0.75390625
0 0.7322026944388976 0.7221497687034079 0.69289059379992 0.7200531233359957 0.6918290110822684 0.7554392139243875 0.731141111721246 0.7575358592917997
0 0.8994067241690751 0.7449203697013488 0.872622945267341 0.7196245785163778 0.8563380599710981 0.7502784802504819 0.8831218388728322 0.775574271435453
0 0.9609375 0.8587239583333336 0.9296875 0.8587239583333336 0.9296875 0.8919270833333336 0.9609375 0.8919270833333336
0 0.8734841790877685 0.9119081318236096 0.8705554911399692 0.8816450230296828 0.8408552968270214 0.8867547338792221 0.8437839847748208 0.9170178426731489
0 0.81787109375 0.8626302083333334 0.78662109375 0.8626302083333334 0.78662109375 0.8958333333333334 0.81787109375 0.8958333333333334
0 0.7037041445266051 0.8845244841210861 0.703132257450208 0.8532613239447087 0.6682468554919738 0.8543958085612365 0.6688187425683709 0.885658968737614
0 0.616747287888601 0.8873866580310882 0.6151979436528497 0.8553668771588946 0.5834343628562176 0.8580992281951642 0.5849837070919689 0.8901190090673577
0 0.5353979958537687 0.8582134099122354 0.5002044378387971 0.8571469384572362 0.4996364989352091 0.890466020801067 0.5348300569501807 0.891532492256066
0 0.4311523437500001 0.8763020833333334 0.3979492187500001 0.8763020833333334 0.3979492187500001 0.9075520833333334 0.4311523437500001 0.9075520833333334
0 0.8361910478784403 0.7325938933486239 0.8012220470183486 0.7244851395259939 0.7965954701834863 0.7599555619266057 0.8315644710435779 0.7680643157492355
0 0.99951171875 0.7122395833333336 0.96533203125 0.7122395833333336 0.96533203125 0.7539062500000003 0.99951171875 0.7539062500000003
0 0.34038278813669454 0.8800635070166322 0.3026511337058213 0.8784406401593903 0.3018476521894492 0.911651209502772 0.33957930662032243 0.9132740763600139
0 0.2548828125000001 0.88671875 0.22021484375000006 0.88671875 0.22021484375000008 0.9192708333333334 0.2548828125000001 0.9192708333333334
0 0.06933593750000008 0.8938802083333334 0.03369140625000008 0.8938802083333334 0.03369140625000008 0.92578125 0.06933593750000008 0.92578125
0 0.1538981475163756 0.8975419623362445 0.11954788141375551 0.8914352483624454 0.11654996247270748 0.9214144377729259 0.1509002285753276 0.927521151746725