0 0.9717543998334156 0.03002246832839754 0.9466433435649062 -0.004980822227706498 0.9174862529306516 0.03220503249424156 0.9425973091991608 0.06720832305034559
0 0.8678724445687551 0.04723203993761866 0.8662975488201791 0.010484472470843498 0.8232739714707079 0.013762459316517492 0.824848867219284 0.05051002678329266
0 0.7970916435580204 0.04542404365756545 0.793788662542662 0.007990258816837329 0.7456554634172354 0.015540564562002257 0.7489584444325939 0.05297434940273038
0 0.2236328125 0.004557291666666703 0.208984375 0.004557291666666702 0.208984375 0.0143229166666667 0.2236328125 0.014322916666666704
0 0.7176231971153846 0.04331931089743588 0.7145132211538461 0.01014623397435895 0.6675781249999999 0.017968749999999978 0.6706881009615384 0.051141826923076915
0 0.6187550511853448 0.04295303520114949 0.5948999865301724 0.005363236350574748 0.5638840247844827 0.04035560344827586 0.5877390894396551 0.07794540229885061
0 0.4876678762446178 0.04622746232508076 0.46699082094321853 0.014522644196268438 0.43910202502691065 0.046857480041263035 0.45977908032830994 0.07856229817007536
0 0.372188483180058 0.06960599689415943 0.3693679853884317 0.029492250524362707 0.32359717222289447 0.03521360217005485 0.32641767001452077 0.07532734853985158
0 0.29590644211065575 0.060013234289617544 0.26939517161885246 0.030556267076502757 0.2487032530737705 0.06366333674863389 0.2752145235655738 0.09312030396174868
0 0.23330517029494374 0.0543583216292135 0.19915620610955054 0.026533239700374578 0.1820773349719101 0.06379623127340826 0.21622629915730332 0.0916213132022472
0 0.134552741133218 0.08166180074971167 0.13376980157871973 0.04199286332179932 0.09135725291955017 0.04348102292387543 0.09214019247404844 0.08314996035178777
0 0.061987030372191006 0.06068951896067418 0.033128511235955053 0.028903323970037465 0.011832316537921349 0.06327612944756555 0.04069083567415731 0.09506232443820227
0 0.08106659679878048 0.30714875508130085 0.0802686737804878 0.27310403963414637 0.03561928353658537 0.27496443089430894 0.03641720655487805 0.3090091463414634
0 0.19177007474128022 0.27223373418934455 0.18265199789191267 0.2436637600613262 0.14205765349511307 0.2666960122013543 0.15117573034448062 0.2952659863293727
0 0.22988192873303168 0.29398567119155355 0.22071373020361992 0.2624063207013574 0.1810295001414027 0.28288850395927595 0.19019769867081446 0.31446785444947206
0 0.391225831347487 0.29461722811958413 0.39017733833405543 0.26106545168977474 0.3452317685766897 0.26356242778740613 0.34628026159012126 0.2971142042172155
0 0.4823900933801775 0.2613566321499014 0.4725233450443787 0.2297830374753452 0.4416316105769231 0.2469451121794872 0.4514983589127219 0.2785187068540434
0 0.5420053546348315 0.2797416315543071 0.5362639352176966 0.24802712429775284 0.49414940308988764 0.2615812265917603 0.49989082250702244 0.2932957338483146
0 0.6806123621323529 0.27540594362745097 0.6748908547794117 0.2410768995098039 0.6257238051470587 0.25564491421568625 0.6314453124999999 0.28997395833333334
0 0.99951171875 0.23502604166666682 0.95361328125 0.23502604166666682 0.95361328125 0.27148437500000017 0.99951171875 0.27148437500000017
0 1.0018995331554879 0.3906329395325203 0.9991782583841464 0.3579776422764227 0.9590915586890245 0.36391641260162605 0.961812833460366 0.3965717098577235
0 0.8785531560079863 0.39471780211358504 0.8762048682538721 0.3613199318328493 0.8303886775471926 0.36704695567118417 0.8327369653013068 0.40044482595191994
0 0.7528825431034482 0.39833423132183915 0.7509900323275861 0.3680540589080461 0.7080751616379309 0.3728223778735633 0.709967672413793 0.40310255028735636
0 0.6212194461633664 0.40206657384488453 0.6186571782178218 0.3679030012376238 0.5734065594059405 0.37393641707920794 0.5759688273514851 0.4080999896864687
0 0.46484375 0.37890625000000006 0.42041015625 0.37890625 0.42041015625 0.4147135416666667 0.46484375 0.41471354166666674
0 0.35000861672794126 0.3876493566176471 0.30957720588235305 0.38207261029411765 0.30708352481617657 0.4142133884803922 0.3475149356617648 0.41979013480392163
0 0.2529611472315436 0.41213209591722594 0.2465771156669463 0.38350068162751677 0.20654001940016778 0.3993712423098434 0.21292405096476508 0.42800265659955256
0 0.17558058647260277 0.423890553652968 0.17312981592465754 0.3928474600456621 0.1305302868150685 0.398826341324201 0.13298105736301372 0.42986943493150687
0 0.06321328748639334 0.42774524144291254 0.06120098761792453 0.39465408805031443 0.019955041273584904 0.39911310927672955 0.021967341142053703 0.43220426266932765
0 0.12035948057432438 0.525822072072072 0.07730046452702707 0.5244869087837837 0.07673432221283788 0.5569457347972973 0.11979333826013519 0.5582808980855856
0 0.210883445076624 0.549266520852394 0.20952001014981703 0.5192709524626412 0.17057098081541627 0.5224183487724917 0.17193441574222323 0.5524139171622445
0 0.31672708885314155 0.5384967196568257 0.31347619286998485 0.5072881182185213 0.2744077787897426 0.5145230097148624 0.2776586747728993 0.5457316111531668
0 0.4421673431939501 0.5288983726275206 0.4347649299377224 0.49731474273428233 0.39364504559608543 0.5144480278766311 0.4010474588523132 0.5460316577698694
0 0.545276892486462 0.5253746427496992 0.5426694353564981 0.49321600481347777 0.5023363464575812 0.49902978339350185 0.5049438035875451 0.5311884213297233
0 0.68994140625 0.49023437500000017 0.64990234375 0.49023437500000017 0.64990234375 0.5247395833333335 0.68994140625 0.5247395833333335
0 0.8950368155420354 0.5205279775073747 0.8933321522400443 0.4864347114675516 0.8477664373617256 0.4904849972345133 0.8494711006637168 0.5245782632743363
0 0.98828125 0.6191406250000001 0.94775390625 0.6191406250000001 0.94775390625 0.6471354166666669 0.98828125 0.6471354166666669
0 0.8852143017942902 0.6465510772411952 0.882723389974653 0.6179886217093561 0.8386024629802561 0.6248290755069369 0.8410933747998932 0.6533915310387761
0 0.768186731513785 0.6484849210063536 0.7651237555309736 0.6174467643805311 0.7248187808458135 0.6245178125709101 0.7278817568286249 0.6555559691967326
0 0.6349867430375647 0.6416140436096718 0.6333109010686528 0.6069799762521589 0.5893595166774612 0.6107607405008636 0.5910353586463731 0.6453948078583764
0 0.49521220439189184 0.6427294481981981 0.4920449746621621 0.6159839527027028 0.45455949113175675 0.623875633445946 0.45772672086148647 0.6506211289414413
0 0.41211508075842695 0.6514565777153559 0.41025500351123595 0.6223153675093633 0.3711536604634831 0.6267523993445693 0.37301373771067414 0.6558936095505619
0 0.33873168522923874 0.6584991349480971 0.33815588505622834 0.6293252595155711 0.29592310499567476 0.6308071114475202 0.29649890516868516 0.6599809868800462
0 0.2250057444852941 0.6635110294117645 0.22391537907392683 0.6363730458399575 0.17979152176073132 0.6395247499337572 0.18088188717209855 0.6666627335055643
0 0.07966164047251138 0.6711807532259814 0.0774149748902082 0.6419741006560399 0.034162532530904365 0.6478889645684233 0.03640919811320755 0.6770956171383649
0 0.09680353860294119 0.8295719975490199 0.09532559742647059 0.7993563112745098 0.052052619485294126 0.8031191789215687 0.05353056066176472 0.8333348651960787
0 0.21590279606769877 0.8210656471387566 0.21370740913567238 0.7906229483479906 0.1661546482800476 0.7967194561499937 0.168350035212074 0.8271621549407597
0 0.3691406250000001 0.7819010416666666 0.3291015625000001 0.7819010416666666 0.3291015625000001 0.8092447916666666 0.3691406250000001 0.8092447916666666
0 0.4998154058689025 0.7789078379065041 0.4609613185975612 0.7731516768292684 0.45844845655487826 0.8033060213414634 0.4973025438262196 0.8090621824186992
0 0.6537409855769231 0.8026642628205126 0.6505483774038461 0.7686097756410254 0.6101637620192306 0.7753405448717947 0.6133563701923076 0.8093950320512819
0 0.8287028350163755 0.7990726209970888 0.8260332798853712 0.7723770696870451 0.7883567310316594 0.7790751228165939 0.7910262861626637 0.8057706741266375
0 0.9515416469151108 0.7937762847627384 0.9485766345172112 0.7651144982497086 0.905897890533839 0.7729634626604437 0.9088629029317385 0.8016252491734734
0 0.9745689655172413 0.9016971982758623 0.9725518588362068 0.8694234913793105 0.9352539062499998 0.8735677083333336 0.9372710129310343 0.9058414152298853
0 0.8890418927040022 0.876633018234581 0.8560148941008316 0.8752125021656273 0.8553195247531186 0.9039544352044354 0.8883465233562892 0.9053749512733891
0 0.8006056479357799 0.9069870508409786 0.7999144387901377 0.8765738484327219 0.7610208213876146 0.8781453077217126 0.7617120305332569 0.9085585101299695
0 0.7020003666516245 0.9050748345367028 0.699477521435018 0.8739597435318892 0.6635273296480144 0.8791417531588447 0.6660501748646209 0.9102568441636582
0 0.6229293142914013 0.9083714835456477 0.6221082553742039 0.8777186173036093 0.5861259703423567 0.879432059447983 0.5869470292595542 0.9100849256900213
0 0.4505582826327434 0.912207319321534 0.4491107231747788 0.8832561301622418 0.41365631913716816 0.8864076327433628 0.41510387859513276 0.9153588219026548
0 0.33203125 0.9108072916666666 0.3289322164017341 0.8839490004816954 0.29066282062861276 0.8917991329479767 0.29376185422687867 0.9186574241329479
0 0.17490959862072106 0.9293456201444524 0.1737338828068099 0.9003446300679775 0.12867971310542609 0.9035917774338431 0.1298554289193372 0.932592767510318