0 0.931640625 1.4925382864608368e-16 0.896484375 1.4638356271058208e-16 0.896484375 0.02343750000000015 0.931640625 0.02343750000000015
0 0.8427734375 1.3518155260119385e-16 0.80859375 1.323910162750117e-16 0.80859375 0.030598958333333464 0.8427734375 0.030598958333333467
0 0.73583984375 0.003906250000000118 0.7021484375 0.003906250000000115 0.7021484375 0.04101562500000012 0.73583984375 0.04101562500000012
0 0.6134528203841745 0.055075138570336385 0.6126173666857799 0.018315175840978592 0.5826969251720183 0.019524082568807343 0.5835323788704129 0.056284045298165136
0 0.51806640625 0.027343750000000083 0.4853515625 0.027343750000000083 0.4853515625 0.06380208333333341 0.51806640625 0.06380208333333341
0 0.40673828125 0.03710937500000006 0.37646484375 0.03710937500000006 0.37646484375 0.07291666666666673 0.40673828125 0.07291666666666673
0 0.3019064932958478 0.07914774365628606 0.30127595155709347 0.04720029555940023 0.2680958044982699 0.04836451124567473 0.26872634623702424 0.08031195934256057
0 0.21870592710807601 0.054438526821061005 0.18855253024792162 0.053052163747030916 0.1877481999703088 0.08415293448139353 0.2179015968304632 0.08553929755542361
0 0.15002111486486489 0.06415399774774778 0.11462732263513514 0.056288710585585607 0.11123574746621623 0.08342131193693697 0.14662953969594597 0.09128659909909914
0 0.050491816317873306 0.08890106523378583 0.04933850042420815 0.0566082202111614 0.01813600289875566 0.05858933116515838 0.019289318792420816 0.09088217618778281
0 0.10123671365212074 0.14280752956769988 0.07051402554037522 0.14163714144915718 0.06980311034359708 0.1748131839654704 0.1005257984553426 0.17598357208401308
0 0.2587890625 0.14192708333333337 0.22607421875 0.14192708333333337 0.22607421875 0.17968750000000003 0.2587890625 0.17968750000000008
0 0.3630591072747415 0.16808030219103887 0.3621063457810192 0.13505123707533237 0.3332840484213442 0.13652930360659774 0.3342368099150665 0.16955836872230426
0 0.4374045173390302 0.13082314851616328 0.40524704391891886 0.12739301801801808 0.4030625869435612 0.16380063427397992 0.4352200603636725 0.16723076477212515
0 0.5238945312500001 0.12913541666666675 0.49321484374999996 0.12169791666666673 0.48787109375 0.1608854166666667 0.5185507812500001 0.16832291666666674
0 0.62255859375 0.11914062500000011 0.587890625 0.11914062500000011 0.587890625 0.15494791666666677 0.62255859375 0.15494791666666677
0 0.7237394677901022 0.14248480162116042 0.7203464963737201 0.10403112556882821 0.6897214297141637 0.10883505759385664 0.6931144011305459 0.14728873364618886
0 0.7724696360970903 0.11361759575415677 0.7716212329275535 0.08081267319873318 0.7431159302627672 0.08212326182699921 0.7439643334323041 0.1149281843824228
0 0.9149407738296007 0.11078916228188522 0.9136037317019698 0.07246062128980031 0.8759399348185375 0.07479636063140851 0.8772769769461684 0.11312490162349342
0 0.8800896139705883 0.22754289215686274 0.877780330882353 0.187515318627451 0.8437270220588236 0.1910079656862745 0.8460363051470589 0.2310355392156863
0 0.7677959735576922 0.23865184294871797 0.7644305889423076 0.20275440705128203 0.7330003004807693 0.20799278846153846 0.7363656850961539 0.24389022435897434
0 0.6452525182423858 0.22026028447546542 0.6131548421637055 0.2172033629441625 0.6113380393401014 0.25111701565143835 0.6434357154187818 0.2541739371827412
0 0.40228233730670104 0.23422331400343654 0.37251429606958764 0.23241919029209634 0.3713061775128866 0.2678573346219932 0.40107421875 0.2696614583333334
0 0.34423828125 0.25781250000000006 0.30908203125 0.25781250000000006 0.30908203125 0.2903645833333334 0.34423828125 0.2903645833333334
0 0.19715233562889817 0.2680237027893278 0.15958736681392935 0.26597935074497575 0.1585567989864865 0.2996445664414415 0.19612176780145532 0.30168891848579354
0 0.09914835818527921 0.2651160638747885 0.07038190038071068 0.26237640122673433 0.06853535453680205 0.29684525697969544 0.09730181234137059 0.2995849196277496
0 0.09149241727941176 0.3949831495098039 0.08627642463235292 0.3636871936274509 0.056652113970588225 0.37246476715686266 0.06186810661764706 0.4037607230392157
0 0.15983000898783184 0.3971210130899705 0.15822473036504425 0.3650154406342183 0.1257842747511062 0.3678990366887906 0.1273895533738938 0.4000046091445428
0 0.24287673454422382 0.39823772187123946 0.2367864395306859 0.36088391245487356 0.20303421846796027 0.3706671649368231 0.2091245134814982 0.408020974353189
0 0.3386833612570855 0.39172011543457724 0.3381411084376476 0.3584619425090538 0.30153731326759564 0.3595229220792002 0.3020795660870335 0.3927810950047237
0 0.4729606934603847 0.37948429526961797 0.470820094318887 0.34452117595848836 0.4343127375749896 0.3484947658081643 0.43645333671648734 0.38345788511929385
0 0.57470703125 0.3411458333333335 0.5380859375 0.3411458333333335 0.5380859375 0.37695312500000017 0.57470703125 0.37695312500000017
0 0.6556114783653846 0.3648838141025641 0.652682674632353 0.3326669730392157 0.617393859587104 0.3383702158748115 0.6203226633201356 0.3705870569381599
0 0.7499077596945406 0.3577253935586367 0.7488423418544193 0.32363202267475455 0.7126706022530329 0.32564156376372044 0.7137360200931542 0.3597349346476026
0 0.8359119591346154 0.35290264423076917 0.8343810096153845 0.3161598557692307 0.7972506009615384 0.31891025641025633 0.7987815504807693 0.3556530448717948
0 0.922174703663793 0.3459859913793104 0.9206357758620688 0.3111036278735632 0.8853145204741378 0.3138739224137931 0.886853448275862 0.34875628591954033
0 0.9984622454751132 0.3443126649698341 0.9971189196832579 0.3066995427978884 0.9649188701923077 0.3087439903846154 0.966262195984163 0.34635711255656115
0 0.06791861105285237 0.6004024223993288 0.062246028208892634 0.5575429075782997 0.02500393246644296 0.5663057536353467 0.03067651531040269 0.6091652684563759
0 0.14794921875000006 0.5677083333333334 0.11474609375000006 0.5677083333333334 0.11474609375000006 0.6009114583333334 0.14794921875000006 0.6009114583333334
0 0.24183098779965756 0.5984936857876713 0.2408724850171233 0.5639875856164384 0.20675767872431508 0.5656722674086757 0.20771618150684934 0.6001783675799087
0 0.3454175265330189 0.5823874803459118 0.34103957841981136 0.5512554048742139 0.30678250294811316 0.5598196737421384 0.31116045106132073 0.5909517492138364
0 0.42149953052071176 0.5795410346168807 0.4182359657599183 0.5479932419292105 0.38560316693407226 0.5539946761960327 0.38886673169486574 0.5855424688837029
0 0.4798989566450567 0.5770740478119935 0.47768982032516205 0.5427097050580768 0.4418205372518233 0.5468090516950298 0.44402967357171796 0.5811733944489464
0 0.5467678163109756 0.5390466209349595 0.5134336890243902 0.5341082317073172 0.5104325457317074 0.5701219512195123 0.5437666730182927 0.5750603404471546
0 0.6008093979779412 0.5350972732843139 0.5678578814338237 0.530552236519608 0.5652142693014708 0.5646254595588236 0.5981657858455883 0.5691704963235295
0 0.69091796875 0.5260416666666669 0.65380859375 0.5260416666666669 0.65380859375 0.5644531250000001 0.69091796875 0.5644531250000001
0 0.787635216346154 0.5230368589743591 0.7505558894230768 0.5168569711538463 0.7471529447115384 0.5531550480769232 0.7842322716346155 0.5593349358974361
0 0.87353515625 0.5136718750000001 0.8388671875 0.5136718750000001 0.8388671875 0.5507812500000001 0.87353515625 0.5507812500000001
0 0.95654296875 0.5104166666666669 0.91845703125 0.5104166666666669 0.91845703125 0.5481770833333335 0.95654296875 0.5481770833333335
0 0.935546875 0.6835937500000003 0.90185546875 0.6835937500000001 0.90185546875 0.7200520833333335 0.935546875 0.7200520833333336
0 0.86474609375 0.6861979166666666 0.83447265625 0.6861979166666666 0.83447265625 0.720703125 0.86474609375 0.720703125
0 0.8115136718749998 0.7199609374999999 0.8075488281249998 0.6829557291666665 0.773232421875 0.6894921874999999 0.7771972656249999 0.7264973958333333
0 0.6860268238054608 0.7261425447952217 0.6826905130119455 0.6883310224687144 0.6497990214377133 0.6934904721274174 0.6531353322312285 0.7313019944539247
0 0.6021995054472477 0.7299813646788991 0.5977019423738532 0.6955000477828746 0.5641341743119267 0.7032838780581039 0.5686317373853211 0.7377651949541284
0 0.51220703125 0.7063802083333334 0.4746093750000001 0.7063802083333334 0.4746093750000001 0.7454427083333334 0.51220703125 0.7454427083333334
0 0.4551528033088236 0.7338465073529413 0.43947035845588234 0.7081112132352941 0.4153527113970588 0.7342386642156864 0.43103515625000005 0.7599739583333336
0 0.3900393060317955 0.7558658691812136 0.3885342795355361 0.7157318292809641 0.3508112044108478 0.7182467009559433 0.3523162309071072 0.7583807408561928
0 0.25551856124161076 0.7335360738255035 0.21858680264261748 0.7262409116331097 0.21446295616610744 0.7633555299217002 0.2513947147651007 0.770650692114094
0 0.14843750000000006 0.7376302083333334 0.11035156250000006 0.7376302083333334 0.11035156250000007 0.775390625 0.14843750000000006 0.775390625
0 0.0685961809281116 0.7739823631974251 0.06242979647263952 0.7394506102467813 0.028873558208154543 0.7501033842989987 0.035039942663626616 0.7846351372496425
0 0.055040564903846165 0.9545673076923079 0.05175825438348418 0.9184618919683257 0.020902414451357466 0.9234486943815988 0.024184724971719453 0.9595541101055809
0 0.12214235399590165 0.9509264002732242 0.11950083247950821 0.9121840846994536 0.08683401639344263 0.9161436987704917 0.08947553790983608 0.9548860143442623
0 0.19858479368093918 0.9266481065837936 0.1741437543162983 0.8973188593462247 0.15542450794198892 0.9250510761970533 0.1798655473066298 0.9543803234346223
0 0.24762178308823535 0.9385952818627453 0.24545323988970594 0.901007199754902 0.2121467141544118 0.9044232536764706 0.2143152573529412 0.942011335784314
0 0.34271282587220514 0.935241683532511 0.3419380511516963 0.8980524969480855 0.30591441487567467 0.8993867056990492 0.3066891895961835 0.9365758922834747
0 0.46129155008669614 0.9238938038566626 0.4578095444514503 0.8805621781736025 0.41912141393442626 0.8860890539617489 0.4226034195696722 0.9294206796448089
0 0.5695433186892878 0.8837035100737541 0.5264633681024016 0.8810318852311566 0.5251927301167028 0.9174568408211909 0.5682726807035889 0.9201284656637885
0 0.6633637721665381 0.8948464806604987 0.6626428326185427 0.8602413823567207 0.6302784821944873 0.861440062002056 0.6309994217424827 0.896045160305834
0 0.724217952341015 0.88993369554648 0.7205168146514002 0.8541560312135358 0.6878674928894399 0.8601605041812524 0.6915686305790548 0.8959381685141969
0 0.787109375 0.8626302083333334 0.75927734375 0.8626302083333334 0.75927734375 0.8984375 0.787109375 0.8984375
0 0.9045662715517242 0.8589709051724137 0.8714304956896552 0.8552891522988505 0.8689453125000001 0.8950520833333334 0.902081088362069 0.8987338362068966
0 0.99951171875 0.830729166666667 0.970703125 0.830729166666667 0.970703125 0.8704427083333336 0.99951171875 0.8704427083333336