0 0.9885455848010551 0.06249220086993742 0.9599606589596406 0.030334159298345858 0.9376470693097546 0.06559514047347419 0.9662319951511693 0.09775318204506574
0 0.86528366522082 0.06999211356466883 0.8369479495268137 0.04030707807570999 0.8177001182965298 0.07297006440588882 0.8460358339905361 0.10265509989484767
0 0.758544921875 0.07845052083333341 0.728515625 0.038411458333333405 0.70068359375 0.07552083333333341 0.730712890625 0.11555989583333341
0 0.6306897350193299 0.07626516859965649 0.6025179204252576 0.035125375859106654 0.5753795505798969 0.06816339132302418 0.603551365173969 0.10930318406357402
0 0.5085310668730172 0.061976550566913535 0.47618368187125476 0.026210336256021687 0.45577844801947465 0.0590187514686877 0.48812583302123713 0.09478496577957955
0 0.3881193522982725 0.05953657418362527 0.35467266438416933 0.01629237162801711 0.32817006144995253 0.05273345066256515 0.36161674936405575 0.09597765321817331
0 0.287782364487225 0.0572810393009226 0.2590278316847055 0.014340936982493446 0.23079138296220725 0.04795575689022943 0.25954591576472674 0.09089585920865857
0 0.18175971798780488 0.04284171747967482 0.15798875762195125 0.003223450203252043 0.12946598704268295 0.033647738821138216 0.1532369474085366 0.073266006097561
0 0.2396183379708904 0.19092733304794526 0.21130070098458903 0.16036226455479458 0.18786520761986303 0.19896190068493155 0.2161828446061644 0.22952696917808224
0 0.4124174973060345 0.20112473060344838 0.38948848329741376 0.16499416307471268 0.3620622306034483 0.19593660201149424 0.384991244612069 0.23206716954022996
0 0.5505253994626697 0.20857607466063346 0.5244365985576923 0.17524038461538463 0.5003190398755656 0.2087952488687783 0.526407840780543 0.24213093891402712
0 0.658203125 0.21158854166666674 0.636474609375 0.1826171875 0.612060546875 0.21516927083333334 0.6337890625 0.24414062500000008
0 0.7947340745192306 0.2135917467948719 0.7734573847567872 0.1823859351432883 0.7445361107183257 0.2174420248868781 0.7658128004807689 0.24864783653846168
0 0.9470368584697733 0.20606534687237632 0.9228714873268262 0.1728054812132663 0.8967222429943325 0.20658158847607067 0.9208876141372795 0.23984145413518068
0 0.9213867187499999 0.29882812500000006 0.8974609375 0.26692708333333354 0.872314453125 0.3004557291666669 0.8962402343749999 0.3323567708333334
0 0.8071371036724453 0.3020695521593673 0.7819072194343069 0.27538967457420926 0.7621350364963506 0.30862986618004873 0.787364920734489 0.33530974376520684
0 0.65625 0.2903645833333334 0.6171875 0.2903645833333334 0.6171875 0.3255208333333334 0.65625 0.3255208333333334
0 0.5341386131974248 0.3175216827610873 0.5314780042918456 0.27731692596566526 0.48905495574034336 0.28230787285407727 0.49171556464592275 0.3225126296494993
0 0.379950495049505 0.2738371493399341 0.34287012685643564 0.26889310024752483 0.33972772277227725 0.310791821369637 0.3768080909653466 0.31573587046204626
0 0.28565955528846154 0.2913060897435898 0.264677734375 0.26003906250000003 0.23734525240384616 0.292646233974359 0.2583270733173077 0.3239132612179488
0 0.16351059003186968 0.2620267498819641 0.12287839722025497 0.2607368389990557 0.12216935198300284 0.3004433722851747 0.1628015447946176 0.3017332831680831
0 0.057858938494086465 0.28667233805736814 0.0570281434798124 0.2479019040579119 0.015195662979200653 0.24949552236269712 0.016026457993474717 0.28826595636215335
0 0.03417968750000004 0.38671875 3.5818526986780495e-17 0.38671875 3.7761936213943047e-17 0.4290364583333333 0.03417968750000004 0.4290364583333333
0 0.13569118043230224 0.43356271657369855 0.13084798507226167 0.39352563493069637 0.09087230999619675 0.40212255430189314 0.09571550535623732 0.4421596359448953
0 0.2646927100443496 0.43459383897284276 0.23850132945959268 0.4014180902321507 0.21575294123685945 0.4333456526500219 0.24194432182161635 0.46652140139071396
0 0.3901735701650944 0.4311615566037738 0.3678379274764151 0.39867334905660384 0.3409290241745283 0.43156200864779876 0.36326466686320763 0.4640502161949687
0 0.519775390625 0.43457031250000006 0.49560546875 0.40234375000000006 0.47265625 0.4329427083333335 0.496826171875 0.4651692708333335
0 0.62109375 0.42187500000000017 0.58203125 0.42187500000000017 0.58203125 0.4576822916666668 0.62109375 0.4576822916666668
0 0.7749304307245575 0.4167559688421831 0.7322166240320795 0.41295918602507387 0.7303542415652654 0.450206835361357 0.7730680482577433 0.4540036181784662
0 0.9323644485392211 0.4241852599163998 0.9038117204175561 0.39404626912130913 0.8810787628401815 0.43233335556741376 0.9096314909618464 0.46247234636250445
0 0.96630859375 0.5787760416666669 0.92724609375 0.5787760416666669 0.92724609375 0.6139322916666669 0.96630859375 0.6139322916666669
0 0.8193265257565535 0.5837850970187614 0.7807413893841558 0.5823560178938577 0.7799688734820741 0.6194367811937805 0.8185540098544718 0.6208658603186842
0 0.7249124461206896 0.5993175287356323 0.6916167160560345 0.580291397270115 0.6807566675646552 0.6140782147988507 0.7140523976293104 0.6331043462643678
0 0.5932492160467129 0.5917793036332181 0.552416062932526 0.5903465614186852 0.5516476535467129 0.6292793036332182 0.5924808066608998 0.630712045847751
0 0.436060573630137 0.5882776826484019 0.39537203017979455 0.5862683718607306 0.394091796875 0.6323567708333334 0.43478034032534246 0.6343660816210047
0 0.24491707223360665 0.5940701844262296 0.20328078203814634 0.5881221429697353 0.20028828913146285 0.625362054697352 0.24192457932692318 0.6313100961538463
0 0.13218169048279688 0.606929077645209 0.13125877930771365 0.5700126306418793 0.09316633861681464 0.5717056280059193 0.0940892497918979 0.6086220750092489
0 0.11953125000000006 0.714453125 0.08457031250000005 0.6911458333333332 0.07255859375000004 0.7231770833333333 0.10751953125000005 0.746484375
0 0.26248942575636947 0.7494750199044588 0.2615309016719745 0.7136901207537155 0.219836037022293 0.7156755904989384 0.2207945611066879 0.7514604896496816
0 0.4067382812500001 0.712890625 0.3666992187500001 0.712890625 0.3666992187500001 0.7526041666666666 0.4067382812500001 0.7526041666666666
0 0.5410361621512878 0.7186566747138771 0.5069067697156654 0.7146414520743921 0.5045076951448499 0.7508941344778256 0.5386370875804724 0.7549093571173106
0 0.6415162869906209 0.7354412597024583 0.6106516059589262 0.7036412853061668 0.5910003385753557 0.7375493545170334 0.6218650196070504 0.769349328913325
0 0.7983244595462329 0.7474930436643836 0.7973251551797945 0.7115180864726028 0.7592913901969178 0.7133962970890413 0.7602906945633562 0.7493712542808221
0 0.94189453125 0.7024739583333336 0.904296875 0.7024739583333335 0.904296875 0.7421875000000001 0.94189453125 0.7421875000000003
0 0.896764455107868 0.8300979536802031 0.8662964486833756 0.7948904795896787 0.8437091033470813 0.8296402416455163 0.8741771097715736 0.8648477157360407
0 0.8041554418103447 0.8502110272988507 0.8015726023706895 0.8088855962643678 0.7627390894396551 0.8132004310344828 0.7653219288793103 0.8545258620689656
0 0.7102316536647315 0.8503719158200291 0.70792170775127 0.8123861385764396 0.6708973744784107 0.8163887692005325 0.6732073203918723 0.854374546444122
0 0.5542153911226114 0.8328954352441613 0.5272765724522293 0.8079087048832272 0.509810410031847 0.8413855161889598 0.5367492287022292 0.8663722465498939
0 0.47190693565640934 0.8496809753580966 0.47043817996631465 0.8134516683357611 0.4324895160005462 0.8161867071801407 0.4339582716906409 0.8524160142024763
0 0.37891503655205666 0.826868104648672 0.3447943444730078 0.8001067775278493 0.3285517753856042 0.8369232674592975 0.3626724674646531 0.86368459458012
0 0.27783203125 0.8326822916666669 0.25341796875 0.8001302083333334 0.23071289062499997 0.8304036458333334 0.255126953125 0.8629557291666669
0 0.18582597540680473 0.8262943786982248 0.16384580713757402 0.7923600838264301 0.13862391364644974 0.821403476331361 0.16060408191568046 0.8553377712031557
0 0.06688262195121959 0.7941279217479674 0.026379573170731783 0.7924402947154472 0.025522580030487883 0.8290053353658536 0.06602562881097569 0.8306929623983739
0 0.87255859375 0.9674479166666666 0.83056640625 0.9674479166666666 0.83056640625 0.9993489583333334 0.87255859375 0.9993489583333334
0 0.984375 0.9667968750000003 0.94189453125 0.9667968750000003 0.94189453125 0.9993489583333336 0.984375 0.9993489583333336
0 0.74462890625 0.966796875 0.705078125 0.966796875 0.705078125 0.9993489583333334 0.74462890625 0.9993489583333334
0 0.6220703125 0.9674479166666666 0.5810546875 0.9674479166666666 0.5810546875 0.9993489583333334 0.6220703125 0.9993489583333334
0 0.5257785831843304 0.9894131650953621 0.5136179037304941 0.955633499945817 0.48026683395643693 0.9769781846012137 0.49242751341027313 1.0107578497507588
0 0.4340820312500001 0.9622395833333334 0.3901367187500001 0.9622395833333334 0.3901367187500001 0.9993489583333334 0.4340820312500001 0.9993489583333334
0 0.3271484375000001 0.9583333333333334 0.2822265625000001 0.9583333333333334 0.2822265625000001 0.9947916666666666 0.3271484375000001 0.9947916666666666
0 0.2124023437500001 0.9518229166666666 0.1684570312500001 0.9518229166666666 0.1684570312500001 0.9876302083333334 0.2124023437500001 0.9876302083333334