0 0.9074112491904145 0.044034704231433554 0.9006372955796632 0.009713339270293645 0.8574712091159326 0.024859334520725456 0.8642451627266838 0.05918069948186536
0 0.8324620863970589 0.062193627450980414 0.8259995404411765 0.027726715686274495 0.781881893382353 0.042432598039215653 0.7883444393382354 0.07689950980392157
0 0.7333278978072232 0.07001690509693563 0.7254274522162287 0.03691027595372113 0.6819750014657597 0.055344648999374635 0.6898754470567542 0.08845127814258913
0 0.6414921201508621 0.07669944324712645 0.6311624461206896 0.04456267959770118 0.5891450026939656 0.06857264727011492 0.599474676724138 0.10070941091954018
0 0.5448228717672413 0.0838236350574713 0.5300495016163793 0.04961161997126443 0.4936001481681034 0.07759294181034493 0.5083735183189655 0.11180495689655179
0 0.47795210040983604 0.10162440232240434 0.471484375 0.06497395833333332 0.4285924692622951 0.07843024248633877 0.43506019467213114 0.1150806864754098
0 0.3801038176044264 0.09541169861803833 0.3550060395885286 0.06513501402743145 0.3284117586892144 0.10432658587905237 0.3535095367051122 0.13460327046965925
0 0.27773159565006467 0.1066377614273394 0.2518558477522639 0.07997789995687797 0.232580424280401 0.11323745418283744 0.2584561721782018 0.13989731565329888
0 0.2170895324123273 0.12378785866099894 0.2085121795297556 0.09062209418172157 0.16752146154357067 0.10946840130180657 0.1760988144261424 0.14263416578108393
0 0.15627020474137931 0.13964619252873564 0.1541217672413793 0.10527119252873564 0.1150457974137931 0.109612966954023 0.1171942349137931 0.14398796695402302
0 0.1022173713235294 0.14064797794117648 0.09662224264705882 0.10707720588235294 0.054744944852941166 0.11948529411764706 0.06034007352941176 0.1530560661764706
0 0.12562500000000004 0.23630208333333338 0.09718750000000002 0.20786458333333338 0.07767578125000002 0.24255208333333342 0.10611328125000002 0.2709895833333334
0 0.23806165493155296 0.24246860506433274 0.2336850945354578 0.20395487357869538 0.19406725131844704 0.2119584782690006 0.1984438117145422 0.25047220975463796
0 0.347938818037229 0.22942315622054665 0.3392178663996229 0.19337655611844176 0.3002133526743638 0.2101526910540371 0.30893430431196983 0.246199291156142
0 0.41045262168253643 0.19287241271609945 0.37333691564525934 0.18863061774041068 0.370809644702188 0.22794372129929777 0.4079253507394651 0.23218551627498654
0 0.5287364985318792 0.18977646112975402 0.5020284972734899 0.1648489932885906 0.4813830484479865 0.2041736577181208 0.5080910497063759 0.22910112555928422
0 0.6092706549657534 0.1873501712328768 0.5886799015410957 0.15778396118721463 0.5623287671232875 0.19040917522831055 0.5829195205479452 0.21997538527397273
0 0.7252529886744965 0.18645658557046976 0.7208460046140939 0.1467937290268456 0.6829409605704698 0.15428114513422814 0.6873479446308725 0.19394400167785233
0 0.8496456094457013 0.15593243306938165 0.8274692449095022 0.12507836067119169 0.8010092618778282 0.158888338989442 0.8231856264140271 0.18974241138763195
0 0.952099609375 0.1469401041666667 0.943212890625 0.11139322916666668 0.901611328125 0.1298828125 0.910498046875 0.1654296875
0 0.9605273437500002 0.28572916666666665 0.9440625000000002 0.25645833333333345 0.9145312500000002 0.28598958333333346 0.9309960937500001 0.31526041666666665
0 0.8778415586890245 0.30128620426829267 0.8677805830792683 0.2722211636178862 0.8333484184451218 0.2934101880081302 0.8434093940548779 0.3224752286585367
0 0.7998124121825562 0.3028807374063281 0.7808048143474187 0.2764812959686373 0.7554048384159033 0.308993265160977 0.7744124362510407 0.3353927065986679
0 0.7213650331095791 0.3206290442065795 0.7146807533563135 0.2927778785679728 0.6821168586719883 0.3066718069666183 0.6888011384252539 0.33452297260522496
0 0.6615624999999999 0.3184635416666668 0.6395312499999999 0.2964322916666668 0.6203124999999999 0.33059895833333347 0.64234375 0.3526302083333335
0 0.6020642510775862 0.3323365660919541 0.581122036637931 0.30751616379310354 0.5582502693965518 0.3418238146551725 0.5791924838362069 0.3666442169540231
0 0.5166015625 0.33984375000000006 0.4881535456730769 0.31816907051282056 0.47075570913461534 0.3587640224358975 0.4992037259615385 0.38043870192307705
0 0.4067234720266465 0.3595233743139805 0.38814551288994803 0.3325987958549972 0.3622611060712738 0.3643503348859041 0.3808390652079723 0.39127491334488745
0 0.318115234375 0.37011718750000017 0.294677734375 0.33886718750000017 0.26904296875000006 0.37304687500000006 0.29248046875000006 0.40429687500000006
0 0.20191180889423077 0.38647335737179495 0.18822791466346153 0.3483243189102565 0.15686899038461538 0.36832131410256413 0.17055288461538462 0.40647035256410263
0 0.12681116463658149 0.3871950712193823 0.10186670077875404 0.3564941926251331 0.08054456619408949 0.3872928314696486 0.10548903005191694 0.41799371006389774
0 0.054199218750000035 0.3756510416666667 0.023925781250000035 0.3756510416666667 0.023925781250000035 0.408203125 0.05419921875000004 0.408203125
0 0.09538640202702711 0.4759818412162163 0.06702649915540546 0.44897240990990994 0.05112436655405411 0.47865639076576577 0.07948426942567577 0.5056658220720721
0 0.194580078125 0.4645182291666667 0.16621668198529416 0.441827512254902 0.15251608455882354 0.47227328431372556 0.18087948069852938 0.49496400122549017
0 0.26159063660272286 0.4608569255363037 0.2358253403465347 0.4327493296204621 0.21744227645420794 0.46270691522277235 0.24320757271039606 0.49081451113861396
0 0.3236042668269231 0.4572576121794873 0.3009247295673077 0.4302013221153847 0.28192232572115383 0.4585186298076924 0.30460186298076924 0.48557491987179496
0 0.406494140625 0.4475911458333335 0.386474609375 0.42089843750000017 0.363037109375 0.45214843750000017 0.383056640625 0.4788411458333335
0 0.5069221047794118 0.45293351715686275 0.5001723345588236 0.4169347426470588 0.4657054227941177 0.4284237132352941 0.47245519301470595 0.46442248774509814
0 0.5708293269230769 0.4377163461538462 0.5627704326923075 0.4072716346153846 0.5350075120192308 0.42033653846153846 0.54306640625 0.45078124999999997
0 0.623046875 0.4212239583333335 0.60400390625 0.3958333333333333 0.5830078125 0.423828125 0.60205078125 0.44921875000000017
0 0.6875 0.40820312500000017 0.669677734375 0.3844401041666668 0.64794921875 0.4134114583333335 0.665771484375 0.4371744791666668
0 0.771184537731064 0.3936330590622184 0.7541462078730838 0.3678174077622483 0.7281250880579351 0.3983488550120229 0.7451634179159152 0.424164506311993
0 0.8420001393812901 0.3838745377782861 0.8225426006404393 0.35458361924367193 0.7954458950423149 0.3865835382357426 0.8149034337831658 0.4158744567703568
0 0.9138445598323172 0.3707142403455283 0.8853991996951219 0.34617314532520305 0.868997713414634 0.37997014735772333 0.8974430735518293 0.4045112423780486
0 0.994798690352697 0.3563450899031815 0.9725160464211617 0.33006299706085773 0.950670221732365 0.3629900371715078 0.9729528656639004 0.38927213001383154
0 0.9877367948008848 0.5366369376843659 0.9629511200221239 0.5077203171091449 0.9388136061946902 0.5445012905604724 0.9635992809734512 0.5734179111356933
0 0.927734375 0.6510416666666669 0.902587890625 0.6175130208333336 0.87646484375 0.6523437500000003 0.901611328125 0.6858723958333336
0 0.8041903810803168 0.647382871417798 0.7641259102799774 0.644839095493967 0.7626931030825792 0.6849576970211163 0.8027575738829186 0.6875014729449475
0 0.7414946933962265 0.6760195558176102 0.7182119693396227 0.6475628930817611 0.6951466686320755 0.6811124213836478 0.7184293926886793 0.7095690841194969
0 0.6470644138003356 0.6879762653803135 0.6197993131291947 0.6625288380872486 0.6003696518456376 0.6995377167225953 0.6276347525167786 0.7249851440156602
0 0.5520019531250001 0.6468098958333336 0.52978515625 0.6171875000000001 0.50439453125 0.6510416666666667 0.5266113281250001 0.6806640625000001
0 0.46905402417452824 0.6716661753144656 0.4605044958726414 0.6317683765723271 0.4309035966981131 0.643044909591195 0.4394531249999999 0.6829427083333335
0 0.39986043119635195 0.6579684146995709 0.3725082986856224 0.6355256393061518 0.3560785776555795 0.6711233682045782 0.38343071016630903 0.6935661435979972
0 0.2993718327702703 0.6779173704954956 0.2831556165540541 0.6481876407657658 0.25751953125000004 0.6730468750000002 0.27373574746621626 0.7027766047297299
0 0.21208639705882354 0.6962316176470589 0.20453239889705882 0.6559436274509803 0.1716739430147059 0.6668964460784313 0.17922794117647062 0.7071844362745098
0 0.0721501847044729 0.6744209265175717 0.03693309454872211 0.672542681709265 0.03562347119608632 0.7161967934637912 0.07084056135183711 0.7180750382720978
0 0.12535935305477536 0.7405745259831461 0.08968848753511244 0.7290942474250938 0.08151608584971917 0.774237037687266 0.11718695136938209 0.7857173162453185
0 0.2669723472626978 0.7475318961629198 0.24183663678705244 0.7153581867540938 0.2192285237562448 0.7467583437413267 0.24436423423189013 0.7789320531501526
0 0.3208007812500001 0.71484375 0.2924804687500001 0.71484375 0.2924804687500001 0.7552083333333334 0.3208007812500001 0.7552083333333334
0 0.3990567835365854 0.7242282774390244 0.3756550114329269 0.699266387195122 0.356028487042683 0.7319772611788619 0.37943025914634154 0.7569391514227642
0 0.507866379310345 0.7016118893678162 0.4708512931034484 0.6974991020114945 0.4680495689655174 0.7423266882183909 0.505064655172414 0.7464394755747127
0 0.9774962096338071 0.7479873235990936 0.9719615507184796 0.7066618703646479 0.9340385748223115 0.715691150339926 0.939573233737639 0.7570166035743718
0 0.8720761207622918 0.7581831962067143 0.8670020228241475 0.7187179900211472 0.827062475218081 0.7278470294739625 0.8321365731562252 0.7673122356595296
0 0.7607501811903137 0.7800918030923149 0.758678483117326 0.7428012377785357 0.7220414019866984 0.7464197149272397 0.7241131000596861 0.7837102802410189
0 0.6570024334016393 0.7825841017759562 0.6360303534836066 0.7490287739071039 0.6087986680327869 0.7792862021857925 0.6297707479508197 0.8128415300546448
0 0.5309160459844561 0.8003899503454232 0.5027890220207254 0.7758689550949912 0.48469934018782385 0.8127577180483591 0.5128263641515545 0.837278713298791
0 0.44170499722633133 0.8177268244575938 0.41601273576183445 0.7881417961045366 0.39447173169378713 0.8213980830867852 0.420163993158284 0.8509831114398422
0 0.3584529238197426 0.8216592900572248 0.3312914934281116 0.7993729881974251 0.31449294192596566 0.8357698497854078 0.34165437231759666 0.8580561516452075
0 0.041887202079107566 0.9386436147734957 0.016098920036764774 0.9125114889705883 -0.0044693086016733274 0.948596100616971 0.021318973440669464 0.9747282264198783
0 0.11621093750000011 0.9322916666666669 0.09472656250000011 0.9036458333333335 0.06909179687500011 0.9378255208333336 0.09057617187500011 0.966471354166667
0 0.19441950241191286 0.9082227873322147 0.15884870490771819 0.899853187919463 0.15324985580956382 0.9421556033277406 0.1888206533137585 0.9505252027404922
0 0.2956749355670104 0.9172720682989693 0.2727393081507732 0.8893504349226807 0.24999043572809287 0.9225710105240551 0.27292606314433004 0.9504926439003438
0 0.3850091687041564 0.930550249592502 0.3805394254278728 0.8908191982477587 0.3538928789731051 0.8961485075387122 0.35836262224938875 0.9358795588834555
0 0.48431282005799603 0.8989130881869035 0.46192707690646595 0.8677087189453766 0.4361069764930899 0.9006387020812766 0.45849271964461996 0.9318430713228035
0 0.5434322453997462 0.8813220442047379 0.5161683058375635 0.859780166032149 0.5006781408629443 0.8946330372250424 0.527942080425127 0.9161749153976313
0 0.6177953143042725 0.8872525139530408 0.6129773428478638 0.8499935346901463 0.5749444058530601 0.8587367385969977 0.5797623773094689 0.8959957178598922
0 0.7030037233826397 0.8480473829648895 0.6731449122236671 0.828937743823147 0.6612585338101431 0.8619554616384916 0.6911173449691157 0.881065100780234
0 0.8032669894782472 0.8335328328604455 0.768613182731715 0.8084500775010509 0.7532932815455549 0.8460779049758304 0.787947088292087 0.871160660335225
0 0.9021283318014706 0.8214422487745098 0.869097541360294 0.7950176164215687 0.8538459329044117 0.8289100796568629 0.8868767233455882 0.855334712009804
0 0.9811603305065055 0.8197534270446099 0.9624096044377323 0.7872521685254027 0.9336917692843865 0.8167063584262703 0.9524424953531598 0.8492076169454772