0 0.09365500364785992 0.07284320282101166 0.0920514652237354 0.03863438310635538 0.0540833232003891 0.04179839494163423 0.05568686162451361 0.07600721465629053
0 0.19921875 0.05013020833333336 0.15576171875 0.05013020833333335 0.15576171875 0.08528645833333337 0.19921875 0.08528645833333337
0 0.3056640625 0.06054687500000005 0.26171875 0.060546875000000035 0.26171875 0.0944010416666667 0.3056640625 0.0944010416666667
0 0.41245085412147503 0.07059325289226326 0.36933805585683294 0.06939567516268987 0.3688086784842733 0.10327582700650766 0.4119214767489154 0.10447340473608104
0 0.52837890625 0.11187500000000006 0.5247753906249999 0.0782421875 0.4843749999999999 0.08593750000000001 0.4879785156249999 0.11957031250000007
0 0.6612700005776341 0.11823566504929144 0.6608181824745841 0.08690960990449785 0.6160537127426062 0.08805741682070241 0.6165055308456562 0.119383471965496
0 0.7758293653056568 0.0942408949209247 0.7356217210310219 0.09279197080291984 0.7350179630474452 0.12257736465936753 0.7752256073220801 0.12402628877737239
0 0.9181447342200046 0.12667911549362307 0.9176123992530703 0.09402923752165014 0.8719160091668635 0.09535377056762716 0.8724483441337979 0.12800364853960008
0 0.89501953125 0.19270833333333348 0.8447265625 0.19270833333333348 0.8447265625 0.22526041666666682 0.89501953125 0.22526041666666682
0 0.758528170620438 0.22150433394160585 0.7578684563184307 0.1889584283759124 0.7135859802691606 0.1905541932785888 0.7142456945711679 0.2231000988442822
0 0.65283203125 0.1848958333333334 0.60888671875 0.1848958333333334 0.60888671875 0.2161458333333334 0.65283203125 0.2161458333333334
0 0.52978515625 0.17838541666666674 0.484375 0.17838541666666674 0.484375 0.21093750000000008 0.52978515625 0.21093750000000008
0 0.3997878931130574 0.20080530122080678 0.39894879578025483 0.1694790007961783 0.35462405453821655 0.1715897027600849 0.3554631518710191 0.20291600318471337
0 0.314453125 0.16341145833333337 0.27490234375 0.16341145833333337 0.27490234375 0.19596354166666674 0.314453125 0.19596354166666674
0 0.23996221823770492 0.1874146174863388 0.23777295722336067 0.15530545594262296 0.19748975409836067 0.160188268442623 0.19967901511270492 0.1922974299863388
0 0.16239329572683706 0.17938589922790202 0.16145963333666133 0.14826381955537804 0.121738031649361 0.15038230497870073 0.12267169403953672 0.18150438465122468
0 0.08984375000000001 0.14322916666666666 0.047363281250000014 0.14322916666666666 0.047363281250000014 0.173828125 0.08984375000000003 0.173828125
0 0.164338659067623 0.3351423753415301 0.12013719902663939 0.32978462260928965 0.11775582735655742 0.36471140710382516 0.161957287397541 0.37006915983606564
0 0.2791287334961357 0.35058971124946336 0.23459848982932588 0.34440495518462866 0.2322870682830614 0.37399115097681407 0.2768173119498712 0.3801759070416488
0 0.3657283560311284 0.3520919463359274 0.3185493677042802 0.3481603639753567 0.31703512585116733 0.3804641901750972 0.3642141141780155 0.3843957725356679
0 0.51655184991802 0.3600732127056008 0.46707105666380394 0.3584238529304602 0.46644095731183643 0.3920291517020613 0.5159217505660524 0.3936785114772019
0 0.6167747261597938 0.3779934493127148 0.5760711984536082 0.3571198453608247 0.5681932586984535 0.3844300365120275 0.6088967864046391 0.4053036404639176
0 0.6925147377892895 0.3739978583602441 0.6442508430604145 0.36950819373430227 0.6425069063677342 0.4028367616388591 0.6907708010966093 0.40732642626480103
0 0.8274200809683708 0.3799792840121318 0.7755285623375217 0.3770964218659736 0.7745037640814558 0.409889966060081 0.826395282712305 0.41277282820623923
0 0.93359375 0.3802083333333335 0.88427734375 0.3802083333333335 0.88427734375 0.4069010416666668 0.93359375 0.4069010416666668
0 0.9434220725924124 0.5430042153047989 0.9418964311770428 0.5104571984435798 0.8992468689202334 0.5140113286316472 0.900772510335603 0.5465583454928663
0 0.8437292997973815 0.5398125779301746 0.8426407126714464 0.5107835879052368 0.803115502259975 0.5134186019326683 0.8042040893859101 0.5424475919576061
0 0.74853515625 0.5071614583333335 0.705078125 0.5071614583333335 0.705078125 0.5384114583333335 0.74853515625 0.5384114583333335
0 0.6272015866980089 0.5041453493731564 0.5839368431969028 0.5002995943952803 0.5823531699391593 0.5319730595501476 0.6256179134402654 0.5358188145280237
0 0.5276224275914633 0.523608993902439 0.5269478849085365 0.49482850609756096 0.48743568978658536 0.49647484756097554 0.4881102324695122 0.5252553353658537
0 0.4287109375 0.4876302083333333 0.38818359375 0.4876302083333333 0.38818359375 0.517578125 0.4287109375 0.517578125
0 0.3216381504524887 0.4811109539969835 0.2760987432833711 0.4782195630656109 0.2750205475820136 0.50840904270362 0.32055995475113125 0.5113004336349926
0 0.21728515625000006 0.4759114583333333 0.17675781250000006 0.4759114583333333 0.17675781250000006 0.505859375 0.21728515625000006 0.505859375
0 0.10258187071917813 0.46720890410958904 0.0581549657534247 0.4650149828767123 0.05732756314212333 0.49480147688356163 0.10175446810787676 0.4969953981164384
0 0.11962890625000006 0.5852864583333334 0.07666015625000006 0.5852864583333334 0.07666015625000006 0.6171875 0.11962890625000006 0.6171875
0 0.33685471162532854 0.6000914538162505 0.2953155156660644 0.5986713103646517 0.2947021163559462 0.6305680744908015 0.3362413123152103 0.6319882179424003
0 0.4458007812500001 0.607421875 0.4023437500000001 0.607421875 0.4023437500000001 0.6399739583333334 0.4458007812500001 0.6399739583333334
0 0.5586696171923555 0.6167068054692356 0.5141204018412058 0.6122518839341207 0.5124006443248914 0.6428253508908226 0.5569498596760412 0.6472802724259376
0 0.7522564204308909 0.6292732401817931 0.7091262652216903 0.6280996305162366 0.7086605481759992 0.6585264775013878 0.7517907033851998 0.6597000871669444
0 0.9573399876062323 0.6650757642823418 0.9567811614730878 0.6337815008262512 0.914336380134561 0.6351289542020775 0.9148952062677055 0.666423217658168
0 0.91943359375 0.7871093750000001 0.87109375 0.787109375 0.87109375 0.8190104166666666 0.91943359375 0.8190104166666669
0 0.8138857085129311 0.8100552262931032 0.812646484375 0.7819661458333331 0.7700548895474137 0.7853066630747124 0.7712941136853448 0.8133957435344826
0 0.73779296875 0.7819010416666666 0.6923828125 0.7819010416666666 0.6923828125 0.8098958333333334 0.73779296875 0.8098958333333334
0 0.6240234375 0.775390625 0.5830078125 0.775390625 0.5830078125 0.8059895833333334 0.6240234375 0.8059895833333334
0 0.51611328125 0.767578125 0.4741210937500001 0.767578125 0.4741210937500001 0.7994791666666666 0.51611328125 0.7994791666666666
0 0.424931640625 0.7889453125 0.42131835937499995 0.7552213541666667 0.37743164062499995 0.7635807291666667 0.38104492187499994 0.7973046875
0 0.27861547698580913 0.7514249485501906 0.23388005955123486 0.7479837625936848 0.2324681294346665 0.7806150363988206 0.27720354686924076 0.7840562223553263
0 0.16915326717870544 0.7723943675734835 0.1671121965877111 0.7410979518449031 0.12427628107410882 0.746064434803002 0.1263173516651032 0.7773608505315823
0 0.06054687500000007 0.7395833333333334 0.01611328125000007 0.7395833333333334 0.01611328125000007 0.7740885416666666 0.06054687500000007 0.7740885416666666
0 0.10354326063195554 0.8858139159379967 0.05441145419316382 0.8823045011923688 0.05300483157790151 0.9173137751722309 0.10213663801669323 0.9208231899178588
0 0.27701383023648657 0.8958685247747749 0.22982210726351365 0.8853814752252253 0.225533150337838 0.9196931306306309 0.2727248733108109 0.9301801801801804
0 0.4521484375000001 0.9127604166666666 0.4106445312500001 0.9127604166666666 0.4106445312500001 0.9427083333333334 0.4521484375000001 0.9427083333333334
0 0.6227877989429229 0.9235217371384778 0.5802169366628349 0.9223865141443423 0.5798081158161736 0.9496412372550981 0.6223789780962616 0.9507764602492337
0 0.77490234375 0.9270833333333334 0.73193359375 0.9270833333333334 0.73193359375 0.9563802083333334 0.77490234375 0.9563802083333334
0 0.880378826710973 0.9598519395739066 0.8793536570277151 0.9311471884426848 0.8324455157664028 0.9341254831259428 0.8334706854496607 0.9628302342571645
0 0.99609375 0.9348958333333336 0.95068359375 0.9348958333333336 0.95068359375 0.9661458333333336 0.99609375 0.9661458333333336