0 0.9828560293903149 0.05920984660637888 0.9794580021149357 0.02636224961104631 0.9261054414016918 0.03617421479968885 0.929503468677071 0.06902181179502143
0 0.8265521995436105 0.08184372887085872 0.8228588916708924 0.045731385226504384 0.7726560519143002 0.05485917427315753 0.7763493597870182 0.09097151791751186
0 0.7091467696629216 0.09341935861423219 0.7070970856741575 0.06472378277153558 0.666334928019663 0.06989992977528092 0.668384612008427 0.09859550561797753
0 0.5998666158536585 0.10576727642276425 0.5950290586890244 0.07566692073170733 0.5499118711890244 0.08855754573170732 0.5547494283536585 0.11865790142276424
0 0.5115430972083215 0.11310494560814037 0.5032048954907778 0.08033727570060052 0.45223933572526454 0.10339312416595174 0.46057753744280816 0.13616079407349158
0 0.41934682457564965 0.12431457809443984 0.4112805656695306 0.09784070271025432 0.37091489090004187 0.119705443210394 0.37898114980616093 0.14617931859457953
0 0.3200360695133944 0.10950989173535662 0.3146349727191831 0.08181195945734986 0.27214590553578116 0.09654150274759588 0.27754700232999246 0.12423943502560264
0 0.2546263847100656 0.12060083880379287 0.25001923208424504 0.08835077042304888 0.20476293250820568 0.0998444338074398 0.20937008513402625 0.13209450218818383
0 0.175058344149361 0.1286541533546326 0.1682732627795527 0.09740165734824284 0.12351674820287539 0.11467610157082003 0.13030182957268371 0.1459285975772098
0 0.11211334623382624 0.13842638054528653 0.1022200099641867 0.10125142001694394 0.05459950106862293 0.12378155325785582 0.06449283733826247 0.1609565137861984
0 0.14150390624999998 0.18333333333333335 0.12998046875 0.15260416666666668 0.08837890625 0.18033854166666666 0.09990234375 0.21106770833333333
0 0.2582722355769231 0.17469551282051285 0.24740609975961536 0.14440204326923076 0.20699368990384615 0.17017227564102563 0.21785982572115384 0.20046574519230773
0 0.3779296875 0.15104166666666674 0.33349609375 0.1510416666666667 0.33349609375 0.18554687500000008 0.3779296875 0.18554687500000008
0 0.5118251785419419 0.16208529419859094 0.5027922979276751 0.1272919762769705 0.45341977481010576 0.15007929463892558 0.4624526554243726 0.18487261256054602
0 0.6005198922302529 0.1465028609533644 0.5915135357511615 0.11573114298313554 0.5467718987964635 0.13901134432541742 0.5557782552755549 0.1697830622956463
0 0.68359375 0.11197916666666678 0.63720703125 0.11197916666666678 0.63720703125 0.14713541666666677 0.68359375 0.14713541666666677
0 0.7819121570121951 0.12278963414634154 0.7696932164634146 0.0874904725609756 0.7249809451219512 0.11500571646341462 0.7371998856707317 0.15030487804878057
0 0.870303900595597 0.11258622964414962 0.8621933664430036 0.08338830669481312 0.8247258792596501 0.10189076950140737 0.8328364134122436 0.13108869245074387
0 0.9863662879448707 0.10440200482670392 0.9805682462491274 0.06864741436962085 0.9295334852581995 0.08336013825889739 0.9353315269539427 0.11911472871598046
0 0.9188840606508875 0.19311128574950676 0.896484375 0.16731770833333334 0.8750751201923076 0.20037059294871792 0.8974748058431952 0.22616417036489134
0 0.8664907391151685 0.22624795177902635 0.8524457952949438 0.19628540496254687 0.8183868065308988 0.22466789559925107 0.8324317503511235 0.2546304424157306
0 0.7145921951260846 0.25210211609725236 0.7061320075244035 0.21575464343817785 0.6573393650013557 0.23594470241323215 0.6657995526030368 0.2722921750723067
0 0.5679400275735295 0.2725490196078431 0.5626321231617647 0.24070159313725492 0.5113970588235295 0.2558823529411765 0.5167049632352941 0.2877297794117647
0 0.47190624999999997 0.28095833333333337 0.46846875 0.2557500000000001 0.42687499999999995 0.26583333333333337 0.43031249999999993 0.29104166666666664
0 0.37109375 0.26822916666666674 0.3173828125 0.26822916666666674 0.3173828125 0.30078125000000006 0.37109375 0.30078125000000006
0 0.26779296874999997 0.2969270833333333 0.26486328124999997 0.2695833333333333 0.218037109375 0.27850260416666667 0.220966796875 0.30584635416666667
0 0.15521991934295817 0.3101409810204282 0.15300783551856217 0.27990916875368294 0.1078370723151149 0.2857850403899037 0.11004915613951088 0.31601685265664897
0 0.057512947682584255 0.3162380032771535 0.051028133778089874 0.27877018960674155 -0.00014538711376405056 0.2945158883426966 0.006339426790730331 0.3319837020131086
0 0.12807992788461542 0.38636818910256415 0.1267796857324661 0.3499614088423831 0.07267989076640272 0.353396316459276 0.07398013291855204 0.38980309671945707
0 0.2425399540834522 0.35641048502139805 0.22506004257310985 0.32200557982643846 0.18806037413070614 0.3554246351937708 0.20554028564104848 0.3898295403887304
0 0.3754057239713217 0.3502724309019119 0.3636562889650873 0.3225010390689942 0.3283436915523691 0.34906094139650873 0.34009312655860346 0.3768323332294265
0 0.46443736895966453 0.3614539653221512 0.46353646665335463 0.3314238884451544 0.41412334015575075 0.33405925519169327 0.41502424246206066 0.36408933206869004
0 0.5849609375 0.31835937500000006 0.53466796875 0.31835937500000006 0.53466796875 0.3522135416666668 0.5849609375 0.3522135416666668
0 0.6943359375 0.3079427083333334 0.6484077267530488 0.30113852896341475 0.6458829554115854 0.33143578506097576 0.6918111661585366 0.33823996443089444
0 0.8002739560287611 0.3126198377581122 0.7943627281526549 0.28240689528023605 0.7511303926991151 0.2974442293510325 0.7570416205752213 0.32765717182890863
0 0.8869253305288463 0.304111578525641 0.8823805588942308 0.2738131009615385 0.8310171274038461 0.287510016025641 0.8355618990384616 0.3178084935897436
0 0.9626324379280822 0.29458119292237445 0.9604278146404109 0.2666559646118722 0.9186416416952055 0.2725206906392694 0.9208462649828767 0.3004459189497717
0 0.8895019531249999 0.4863932291666666 0.881884765625 0.4559244791666666 0.831787109375 0.4781901041666667 0.839404296875 0.5086588541666667
0 0.8186519797006058 0.4941242427772599 0.8054096829857875 0.466580265610438 0.768202242180219 0.49838149706818896 0.7814445388950372 0.5259254742350109
0 0.7326291989426248 0.5037329047871505 0.7228198541323044 0.4781974675031419 0.6817524556727144 0.5062434957194473 0.6915618004830348 0.5317789330034559
0 0.6591284994043567 0.5161537220614931 0.6521848674693669 0.4818984711822101 0.6031878882317903 0.49955504027683234 0.6101315201667801 0.5338102911561154
0 0.560667573735955 0.5289091760299626 0.5546682979283708 0.4942466935861423 0.5016404055477528 0.510562968164794 0.5076396813553371 0.5452254506086143
0 0.44113467784410104 0.5407486247659176 0.43534113851825834 0.507274841994382 0.39015866397471904 0.5211771418539325 0.39595220330056174 0.5546509246254682
0 0.34277343750000006 0.5364583333333334 0.31860351562500006 0.5042317708333334 0.291259765625 0.5406901041666669 0.3154296875 0.5729166666666669
0 0.26328125 0.5438802083333334 0.2509765625 0.5110677083333334 0.2080078125 0.5397135416666666 0.22031250000000002 0.5725260416666668
0 0.17140514445754718 0.5547734866352202 0.16412698997641506 0.5208087657232704 0.11633991745283016 0.5390133647798743 0.12361807193396225 0.572978085691824
0 0.10246026067450498 0.5582592048267327 0.09147441599628714 0.5255833591171618 0.05300365485767328 0.5485773772689769 0.06398949953589111 0.5812532229785479
0 0.07432857104238744 0.6682638588523644 0.03905067311851207 0.643177353662053 0.024250175713667776 0.6801785971741637 0.059528073637543144 0.7052651023644753
0 0.212731157424133 0.661701062740848 0.19612112761921968 0.6315010085500965 0.1687929010115607 0.6582219412331408 0.18540293081647402 0.6884219954238923
0 0.3107600222717149 0.6642234479398665 0.3010465966035635 0.6272199215850038 0.2557201767817372 0.6483722508351893 0.2654336024498886 0.685375777190052
0 0.4170834874260356 0.6530672152366864 0.39341253698224865 0.6165225899901381 0.3635378143491125 0.650923785749507 0.38720876479289945 0.6874684109960553
0 0.5540388269880457 0.633995473839224 0.5282137230379417 0.601714093901594 0.5028606581340955 0.6377717862092863 0.5286857620841996 0.6700531661469165
0 0.62021484375 0.6156250000000002 0.58779296875 0.5940104166666668 0.57255859375 0.6346354166666668 0.60498046875 0.6562500000000001
0 0.7075353673986486 0.6296910191441442 0.7040830869932432 0.6005384290540541 0.6703336148648649 0.6076435810810811 0.6737858952702702 0.6367961711711713
0 0.8756144831730769 0.6026903044871795 0.8669606370192308 0.5699979967948716 0.82384765625 0.5902864583333332 0.8325015024038461 0.6229787660256411
0 0.9804687500000001 0.6855468750000003 0.9618875743666837 0.6534312627942683 0.9283288586713152 0.6879487989380758 0.9469100343046317 0.7200644111438077
0 0.9716236552254099 0.751131318306011 0.9693503457991803 0.7177894467213114 0.9255451139856558 0.7230991717896175 0.9278184234118854 0.7564410433743171
0 0.8865121694711539 0.6906800881410259 0.8488318810096155 0.6769781650641026 0.842499248798077 0.707937700320513 0.8801795372596154 0.7216396233974359
0 0.8558898805869353 0.7430956327766866 0.8107552339145384 0.7283577889652917 0.804658721144401 0.7615499140471513 0.8497933678167978 0.7762877578585462
0 0.7631322957198443 0.7782025170233462 0.7613976623297665 0.7411970047016861 0.7119387615515563 0.745318579766537 0.7136733949416342 0.7823240920881971
0 0.7124865301724138 0.7852011494252874 0.6776333512931035 0.7666127873563219 0.6683054956896552 0.7977056393678161 0.7031586745689655 0.8162940014367818
0 0.6434762423155738 0.7217234460382512 0.6074026639344263 0.6919484289617488 0.5906906378073772 0.7279435621584701 0.6267642161885246 0.7577185792349727
0 0.7538938570748731 0.7263311653976312 0.7522778196383249 0.696165133248731 0.712962503965736 0.6999094490270727 0.7145785414022843 0.730075481175973
0 0.6205820350759059 0.7681960088148875 0.5803526337536729 0.7485283015017957 0.5721618473004407 0.778312979513549 0.6123912486226738 0.7979806868266408
0 0.5889047475961537 0.8036358173076924 0.5567908653846153 0.7750901442307693 0.5394381009615384 0.809795673076923 0.5715519831730769 0.8383413461538461
0 0.5060428332731213 0.7564727842003854 0.5023793126806357 0.7247222723988441 0.46484375 0.7324218750000001 0.46850727059248554 0.7641723868015414
0 0.4860276442307694 0.8137520032051283 0.4517728365384617 0.7833032852564105 0.43314302884615397 0.8205629006410259 0.4673978365384617 0.8510116185897437
0 0.41650061261593596 0.746431896430579 0.36911674615303547 0.7244567699550309 0.3598945707736088 0.7598084422428331 0.4072784372365093 0.7817835687183811
0 0.401426890010917 0.8215605667758371 0.3678794094568778 0.7873552924854441 0.34735347298034935 0.8231441048034936 0.3809009535343886 0.8573493790938866
0 0.3127514389464803 0.752554569471231 0.26891677841730954 0.7321663552716168 0.26049781144527484 0.7643455179202828 0.3043324719744456 0.7847337321198972
0 0.31749935569615145 0.817928575760026 0.26983034595326666 0.8097800270860285 0.2663845837039135 0.8456159544793017 0.3140535934467983 0.853764503153299
0 0.24047265625000003 0.8429791666666667 0.23386640625 0.8127791666666666 0.19617890624999998 0.8274354166666668 0.20278515625000001 0.8576354166666668
0 0.20376508427099094 0.8062855561333837 0.19312631488748117 0.7831415665973275 0.1611811974045008 0.8092472540027739 0.17181996678801056 0.8323912435388302
0 0.15862721565731175 0.7593867322131956 0.13507864429468247 0.7254767894510095 0.10596568616137375 0.7614187130723783 0.12951425752400303 0.7953286558345644
0 0.13860872190457418 0.8129846871713987 0.12095358093454256 0.7830244479495269 0.09302759020110413 0.8122802477655101 0.11068273117113575 0.8422404869873819
0 0.09802181277654873 0.8363477138643067 0.06381360619469034 0.8244492072271387 0.05805793694690273 0.8538670722713867 0.09226614352876111 0.8657655789085547