0 0.19192787728658536 0.04154598577235776 0.15672970655487806 0.04007939532520328 0.1559251143292683 0.07440866361788621 0.19112328506097562 0.07587525406504068
0 0.4573905174885321 0.06361931383792056 0.4244691621272936 0.062289158065749306 0.42376093033256884 0.09345135703363922 0.45668228569380737 0.09478151280581049
0 0.5569619858226836 0.10185786075612353 0.5560587435103833 0.07174978367944622 0.5220311563997603 0.07356458832534611 0.5229343987120606 0.10367266540202343
0 0.659624458539604 0.07219471947194732 0.6238010519801981 0.06741826526402651 0.6212774597772278 0.10106616130363048 0.6571008663366338 0.10584261551155127
0 0.8014380750317259 0.1079638589255499 0.7994973429568528 0.07173686019458543 0.7635132455583756 0.0751639170896785 0.7654539776332487 0.11139091582064296
0 0.9255969929245285 0.09070361635220144 0.8857421875 0.07552083333333344 0.8777638561320754 0.11275304638364791 0.9176186615566039 0.1279358294025159
0 0.08124624399038463 0.16247495993589747 0.04158278245192308 0.14805188301282055 0.03520507812500001 0.1792317708333334 0.07486853966346156 0.1936548477564103
0 0.2373046875 0.16406250000000003 0.20166015625 0.16406250000000003 0.20166015625 0.20442708333333337 0.2373046875 0.2044270833333334
0 0.4216021369485295 0.1827703737745099 0.38608464720022634 0.1805152950603319 0.3850152891685521 0.21045731994720976 0.42053277891685525 0.21271239866138777
0 0.6151485370222931 0.19851711783439505 0.5804202328821656 0.1968633890658175 0.5796570212977707 0.22535662154989397 0.6143853254378983 0.22701035031847147
0 0.73193359375 0.19921875000000014 0.6982421875 0.19921875000000014 0.6982421875 0.22721354166666682 0.73193359375 0.22721354166666682
0 0.8128413647676992 0.20604604535398244 0.7727725732853983 0.20201396570796473 0.7711340224004426 0.23096169800884972 0.8112028138827435 0.2349937776548674
0 0.8956828159568584 0.41040111080383485 0.8939846342643806 0.3764374769542773 0.8538634713772124 0.3800038025442478 0.8555616530696902 0.41396743639380534
0 0.7660306490384614 0.4029647435897435 0.7644020432692307 0.36387820512820507 0.7255408653846154 0.3667568108974359 0.7271694711538461 0.4058433493589743
0 0.6182342872191012 0.38835293773408247 0.6157764220505618 0.35394282537453187 0.5783554248595506 0.35869469803370785 0.58081329002809 0.39310481039325845
0 0.532119140625 0.3837630208333333 0.528330078125 0.34839843750000005 0.4954492187499999 0.3546614583333334 0.4992382812499999 0.3900260416666666
0 0.44287109375 0.3424479166666667 0.40234375 0.3424479166666667 0.40234375 0.373046875 0.44287109375 0.373046875
0 0.357553819698857 0.33853136295916375 0.31249227221937287 0.3312042820681907 0.30946126492892734 0.3643432951103947 0.3545228124084115 0.37167037600136776
0 0.27718783364816035 0.35517359970433643 0.2766084407851512 0.3250451708278581 0.2400614554246058 0.326294640412834 0.240640848287615 0.3564230692893123
0 0.16624302850566572 0.34541688798394704 0.16565902753186967 0.3127128334513692 0.12773409835339944 0.31391679945703493 0.12831809932719548 0.34662085398961273
0 0.06494140625000003 0.3040364583333333 0.029296875000000028 0.3040364583333333 0.029296875000000028 0.3359375 0.06494140625000003 0.3359375
0 0.9340245863970588 0.5784313725490197 0.8958812040441176 0.565716911764706 0.8885282628676471 0.6049325980392158 0.9266716452205882 0.6176470588235295
0 0.8451378676470589 0.5671813725490197 0.8110535386029414 0.5624800857843139 0.8081669347426473 0.5996852022058824 0.8422512637867648 0.6043864889705883
0 0.76318359375 0.5566406250000001 0.7197265625 0.5566406250000001 0.7197265625 0.5917968750000001 0.76318359375 0.5917968750000001
0 0.6726661052178899 0.5810325879204893 0.6718593212442661 0.5455340930810398 0.6324187392488532 0.5471276519495413 0.633225523222477 0.5826261467889908
0 0.5715453811609265 0.5704578632224862 0.5707671466745844 0.5403661297505937 0.530287935161817 0.5422272429235945 0.5310661696481591 0.5723189763954869
0 0.45361328125 0.5234375000000001 0.40966796875 0.5234375 0.40966796875 0.5598958333333334 0.45361328125 0.5598958333333334
0 0.3307827240566038 0.5218941627358491 0.28792250147405674 0.5140504618710692 0.2848798643867926 0.5436075078616353 0.32774008696933965 0.5514512087264151
0 0.24453043957468887 0.5121704270401106 0.20926073003112042 0.502488545988935 0.204322403397303 0.5344700899031812 0.23959211294087146 0.5441519709543569
0 0.1562822164948454 0.5049814755154639 0.12457313144329901 0.500889980670103 0.12266883456829902 0.5271269598367697 0.1543779196198454 0.5312184546821306
0 0.060058593750000056 0.6080729166666666 0.020996093750000056 0.6080729166666666 0.02099609375000006 0.6438802083333334 0.060058593750000056 0.6438802083333334
0 0.2315315240699692 0.6208618446414803 0.19478958353411727 0.6195010320290414 0.19397000891480348 0.6588406137561038 0.23071194945065543 0.6602014263685428
0 0.9196356411637931 0.7122171336206898 0.9083714978448276 0.6771731321839081 0.8677094558189656 0.7004085847701149 0.8789735991379312 0.7354525862068967
0 0.7453963414634146 0.7156866107723577 0.7446341463414634 0.6831662855691056 0.7055792682926829 0.6847935721544715 0.7063414634146341 0.7173138973577236
0 0.5901273369268559 0.6719688182314411 0.5564807075600436 0.6659871952328967 0.5528090031386462 0.7027042394468705 0.5864556325054585 0.708685862445415
0 0.3291015625000001 0.7545572916666666 0.2978515625000001 0.7545572916666666 0.2978515625000001 0.79296875 0.3291015625000001 0.79296875
0 0.14453125000000006 0.861328125 0.10546875000000008 0.861328125 0.10546875000000008 0.8932291666666666 0.14453125000000006 0.8932291666666666
0 0.4384765625000001 0.8919270833333334 0.3994140625000001 0.8919270833333334 0.3994140625000001 0.9303385416666666 0.4384765625000001 0.9303385416666666
0 0.71768317861433 0.9526093926653477 0.7030264604826171 0.9164561546071229 0.6765753625812605 0.9355200089504431 0.6912320807129733 0.9716732470086678
0 0.8316556490384616 0.9532251602564102 0.8020207331730769 0.9268830128205128 0.7867713341346153 0.9573818108974358 0.81640625 0.9837239583333334
0 0.9796424278846152 0.957381810897436 0.9515850360576922 0.932441907051282 0.9361853966346153 0.963241185897436 0.9642427884615383 0.9881810897435899