0 0.9681967256825939 0.043379817263936436 0.9366650890571672 0.038433678185438115 0.9343586684087031 0.0645731122013653 0.9658903050341298 0.06951925127986362
0 0.8908949018332526 0.036308965593740056 0.8601289289387706 0.0324632189819298 0.8583223355820426 0.058156991166505474 0.8890883084765246 0.06200273777831573
0 0.7970826015577276 0.032781956322541356 0.7579953444754124 0.028210347307065887 0.7561773394547954 0.055844023620444015 0.7952645965371106 0.06041563263591948
0 0.7093641961970614 0.022494980733218206 0.6752140503457217 0.021155759327283308 0.6746514929505186 0.0466583612431577 0.7088016388018583 0.047997582649092596
0 0.622715341361465 0.023444964171974624 0.588840440883758 0.021831873673036194 0.5882333548964969 0.04449641719745234 0.6221082553742039 0.04610950769639077
0 0.5253502155172414 0.03711386494252874 0.5237910829741379 0.012167744252873564 0.49611058728448265 0.015243354885057486 0.4976697198275861 0.04018947557471266
0 0.4620286650964614 0.03563496476409436 0.4616188680777689 0.008315163517926162 0.42179104920531785 0.009377238687858192 0.42220084622401033 0.03669703993402639
0 0.3251953125 0.003906250000000052 0.2880859375 0.0039062500000000494 0.2880859375 0.03320312500000005 0.3251953125 0.033203125000000056
0 0.22314453125 0.004557291666666702 0.1845703125 0.004557291666666698 0.1845703125 0.03059895833333336 0.22314453125 0.030598958333333367
0 0.9599366317305323 0.1304557227493018 0.9590062742576393 0.10254499856251027 0.9237027457337358 0.10463705951207493 0.9246331032066288 0.13254778369886647
0 0.8312937769396551 0.1249191810344828 0.8294854525862068 0.09598599137931035 0.799744073275862 0.09929058908045978 0.8015523976293104 0.1282237787356322
0 0.7171478349935732 0.10907675931876608 0.7160889299485861 0.08836928288346187 0.6883856844473007 0.09088775974721508 0.6894445894922878 0.11159523618251928
0 0.665209979760987 0.1091154868607042 0.6646915809319583 0.08423234306733486 0.6287221562981881 0.08556454397969672 0.6292405551272167 0.11044768777306606
0 0.55078125 0.08072916666666675 0.52099609375 0.08072916666666675 0.52099609375 0.10742187500000007 0.55078125 0.10742187500000007
0 0.4599609375 0.07617187500000007 0.4228515625 0.07617187500000007 0.4228515625 0.10286458333333341 0.4599609375 0.10286458333333341
0 0.341181640625 0.0938671875 0.338603515625 0.0698046875 0.31139648437499995 0.07498697916666668 0.31397460937499994 0.09904947916666668
0 0.26262617533185845 0.0969245483038348 0.2612067028484513 0.0685350986356932 0.22672454023783184 0.07160017975663716 0.2281440127212389 0.09998962942477878
0 0.9094695093230251 0.22226576035169784 0.9087898746101872 0.19417419222106727 0.8728362339202184 0.19572058536902293 0.8735158686330562 0.22381215349965353
0 0.7734375 0.17773437500000014 0.74072265625 0.17773437500000014 0.74072265625 0.20703125000000014 0.7734375 0.20703125000000014
0 0.6343837020420792 0.1921733188943895 0.6323773978960395 0.16542259694719474 0.6020652846534654 0.16946421204620463 0.6040715887995051 0.19621493399339937
0 0.94004887889948 0.24460775021663794 0.9094826418977469 0.24290962593876386 0.9085331591204505 0.27329307481224735 0.9390993961221836 0.27499119909012143
0 0.8347565171632125 0.2353444786269431 0.7937540479274613 0.23181738449913658 0.7921105893782385 0.2657821945164078 0.8331130586139898 0.26930928864421433
0 0.7407524294969511 0.23076251270325213 0.7060249142530488 0.2256176956300814 0.7037383288871952 0.2530567200203253 0.7384658441310975 0.258201537093496
0 0.66015625 0.21940104166666674 0.62744140625 0.21940104166666674 0.62744140625 0.2473958333333334 0.66015625 0.2473958333333334
0 0.5851811778076396 0.24670726593473627 0.5838597359618024 0.21763554532631904 0.5524882240679323 0.22017061699451057 0.5538096659137695 0.2492423376029278
0 0.49852731523722627 0.2145795316301704 0.4638714644160584 0.2133306721411193 0.4632399064781022 0.2444875304136254 0.49789575729927005 0.24573638990267646
0 0.40237579063655265 0.21750507836568092 0.3757536318738447 0.20490964841343198 0.36905713883433455 0.23007222831947016 0.3956792975970425 0.2426676582717191
0 0.35498046875 0.20963541666666674 0.31689453125 0.20963541666666674 0.31689453125 0.2395833333333334 0.35498046875 0.2395833333333334
0 0.26025390625 0.21158854166666674 0.2265625 0.2115885416666667 0.2265625 0.2408854166666667 0.26025390625 0.24088541666666674
0 0.18603515625 0.21223958333333334 0.15771484375 0.21223958333333334 0.15771484375 0.24088541666666666 0.18603515625 0.24088541666666666
0 0.13899606173155737 0.23912973872950818 0.13692686987704916 0.20878159153005463 0.10179463370901641 0.2130400443989071 0.10386382556352461 0.24338819159836067
0 0.051599833212660325 0.2314691508067853 0.050312564646255685 0.21044376422217623 0.01997225867552751 0.21374611045028272 0.021259527241932148 0.23477149703489178
0 0.98974609375 0.38281250000000017 0.95556640625 0.38281250000000017 0.95556640625 0.4075520833333335 0.98974609375 0.4075520833333335
0 0.9183796797648515 0.40586968853135313 0.9164797339108911 0.38053707714521456 0.8886815439356436 0.3842435024752475 0.8905814897896039 0.4095761138613862
0 0.8488874027237354 0.3773812418936447 0.8203125 0.37500000000000017 0.8190927468385214 0.4010214007782102 0.8476676495622568 0.4034026426718548
0 0.7898244030070756 0.36725997444968567 0.7566203567216983 0.36533510220125803 0.7555857532429247 0.39706294221698135 0.788789799528302 0.39898781446540904
0 0.6923828125 0.3587239583333335 0.65625 0.3587239583333335 0.65625 0.3860677083333335 0.6923828125 0.3860677083333335
0 0.5837092109806631 0.35397603015653795 0.5523405127762431 0.3517747180018418 0.5513572060600829 0.37668515481123405 0.5827259042645029 0.3788864669659302
0 0.51025390625 0.3444010416666668 0.4755859375 0.3444010416666668 0.4755859375 0.37304687500000017 0.51025390625 0.37304687500000017
0 0.40006760817307696 0.36933092948717944 0.39925103137993767 0.34265608757796256 0.36126823187370066 0.3447231787075537 0.36208480866683995 0.3713980206167706
0 0.30191442391094836 0.3675433893921871 0.301356119289707 0.34074476757260347 0.26714857302910566 0.34201171373040357 0.26770687765034695 0.3688103355499872
0 0.2154685672752079 0.3682736973752599 0.2149026279885655 0.3448815401940403 0.18758730184511435 0.34605639293139306 0.18815324113175677 0.36944855011261263
0 0.13476562500000006 0.3450520833333333 0.10839843750000003 0.3450520833333333 0.10839843750000003 0.37109375 0.13476562500000006 0.37109375
0 0.07861328125000003 0.3470052083333333 0.05419921875000003 0.3470052083333333 0.05419921875000003 0.3704427083333333 0.07861328125000003 0.3704427083333333
0 0.9794921875 0.4876302083333335 0.9482421875 0.4876302083333335 0.9482421875 0.5162760416666669 0.9794921875 0.5162760416666669
0 0.8809420072115385 0.5073918269230769 0.8787034254807692 0.48351362179487184 0.8490760216346153 0.48845152243589746 0.8513146033653846 0.5123297275641026
0 0.8144821318069309 0.4839882425742576 0.7847501547029704 0.4800239789603962 0.7831402769183169 0.5014890160891091 0.8128722540222774 0.5054532797029705
0 0.7575345552884616 0.47887620192307706 0.724481670673077 0.47336738782051296 0.7221379206730769 0.498367387820513 0.7551908052884615 0.503876201923077
0 0.69091796875 0.4778645833333335 0.66943359375 0.4778645833333335 0.66943359375 0.49609375000000017 0.69091796875 0.49609375000000017
0 0.6340203705034493 0.46453448382063073 0.5973983143068331 0.4632824477113447 0.5969276779114652 0.48775554027047746 0.6335497341080814 0.4890075763797635
0 0.546875 0.4602864583333335 0.5146484375 0.4602864583333335 0.5146484375 0.48437500000000017 0.546875 0.48437500000000017
0 0.45654296875 0.46093750000000006 0.4306640625 0.4609375 0.4306640625 0.4765625 0.45654296875 0.47656250000000006
0 0.3953558183365759 0.45246129215304803 0.3697600012159533 0.4503283073929962 0.36872074112354086 0.47249918936446184 0.39431655824416345 0.4746321741245137
0 0.3476545164571006 0.45413507766272193 0.3234733265532544 0.45191151997041423 0.32249214127218934 0.4708811020710059 0.34667333117603555 0.47310465976331356
0 0.28554745284763317 0.4530487241124261 0.257579049556213 0.450476916913215 0.25642335428994084 0.4728203587278106 0.284391757581361 0.47539216592702166
0 0.21937919852286225 0.479407134550673 0.21870360748218529 0.4532842809778306 0.18831476859412113 0.4546814689726841 0.1889903596347981 0.4808043225455265
0 0.1375664260786802 0.4754587034686972 0.13642131979695432 0.4540833862098139 0.11136778236040609 0.45646943739424706 0.11251288864213198 0.4778447546531303
0 0.08762290396341464 0.47750952743902436 0.08707412347560976 0.45409489329268293 0.05689119664634147 0.4553525152439024 0.05743997713414634 0.47876714939024384
0 0.99951171875 0.672526041666667 0.962890625 0.672526041666667 0.962890625 0.703776041666667 0.99951171875 0.703776041666667
0 0.9026884191176471 0.6711090686274511 0.8681497012867649 0.667566636029412 0.8666274126838238 0.6939529718137257 0.901166130514706 0.6974954044117648
0 0.8109494092987805 0.6644658282520326 0.7792725800304879 0.6631459603658537 0.7786604420731709 0.6892638465447155 0.8103372713414634 0.6905837144308945
0 0.7314453125 0.6562500000000001 0.69775390625 0.6562500000000001 0.69775390625 0.6861979166666666 0.7314453125 0.6861979166666666
0 0.650461887668919 0.6536951013513514 0.6067330025337838 0.6444890202702703 0.6030550570101352 0.6755472269144144 0.6467839421452704 0.6847533079954955
0 0.53369140625 0.6406250000000001 0.4980468750000001 0.6406250000000001 0.4980468750000001 0.671875 0.53369140625 0.671875
0 0.4250277601522842 0.663669231175973 0.4231663427982233 0.6289227739001692 0.38176901570431465 0.6328653764805414 0.3836304330583756 0.6676118337563453
0 0.2911649992794004 0.6631522426658981 0.29071312331860105 0.63242467733154 0.24401883617169484 0.6336454430085832 0.24447071213249424 0.6643730083429414
0 0.0970960575162734 0.6640121753797125 0.09584615286818551 0.6348477335909953 0.06261203849674532 0.6373798565907242 0.0638619431448332 0.6665442983794413
0 0.036132812500000056 0.6341145833333334 5.845176983235049e-17 0.6341145833333334 6.000649721408052e-17 0.66796875 0.036132812500000056 0.66796875
0 1.0010130477444354 0.7685976417594066 0.9664879148449919 0.7649149609167991 0.9647366231120825 0.794103156465289 0.9992617560115261 0.7977858373078964
0 0.8902220755548864 0.7863808177047488 0.8886886775206468 0.7604834286820371 0.8536480288626979 0.7641719180144527 0.8551814268969374 0.7900693070371645
0 0.7888358960220176 0.7555751288257341 0.7513105212562462 0.7543242830002083 0.7507886916380389 0.782155195971268 0.7883140664038103 0.7834060417967939
0 0.6782647250121006 0.7725167140609873 0.6763617043804452 0.7454515317441109 0.6427823239351402 0.749648954299774 0.6446853445667957 0.7767141366166505
0 0.6108350092821783 0.7455071679042905 0.5750116027227724 0.7407307136963698 0.5729762917698021 0.7678681930693071 0.608799698329208 0.7726446472772278
0 0.5286164830942623 0.759979081284153 0.5266695154870744 0.7357501510613703 0.4966189756068727 0.7400430853299707 0.49856594321406056 0.7642720155527533
0 0.45329703074145655 0.7326395951993492 0.42020197124186337 0.730118066856523 0.41914833261289675 0.7547029681990778 0.45224339211248993 0.7572244965419039
0 0.39187540270618565 0.7250402706185568 0.3548425418814434 0.7227958548109966 0.3537864449097939 0.7537746993127148 0.39081930573453616 0.756019115120275
0 0.2753753826358988 0.7512277987082884 0.2740043582649354 0.7250259996187656 0.23536838166038748 0.7286200439540723 0.2367394060313509 0.7548218430435951
0 0.18408203125000006 0.7272135416666666 0.14257812500000006 0.7272135416666666 0.14257812500000006 0.7571614583333334 0.18408203125000006 0.7571614583333334
0 0.0786773181352459 0.7567985826502732 0.07665615394467212 0.7271548411885246 0.036769179047131145 0.7319896260245901 0.038790343237704916 0.7616333674863388
0 0.05955438572961381 0.9145201850858372 0.02873105552575115 0.9108939109442064 0.026982044662017257 0.9373234084406296 0.057805374865879916 0.9409496825822604
0 0.1024325990550398 0.8547769534703803 0.09962414000331565 0.8279405669761274 0.06384724179376658 0.8345967340848808 0.06665570084549075 0.8614331205791337
0 0.18306796413404725 0.8554706733136387 0.18228325216949776 0.8282673252092564 0.14886663935561298 0.8299809976612504 0.14965135132016247 0.8571843457656327
0 0.2957892211157949 0.8527561510667585 0.29424674972040604 0.8267055230557467 0.2547494004860633 0.8308631387646249 0.25629187188145214 0.8569137667756367
0 0.350234119132096 0.8503229621542939 0.3477308781386462 0.8252905522197961 0.3177943333788209 0.8306126046215428 0.3202975743722707 0.8556450145560407
0 0.42860962609336856 0.8521282546786005 0.42749877631712774 0.8262084265663141 0.392651625432262 0.8288634475861133 0.3937624752085028 0.8547832756983998
0 0.5065463938876429 0.8344755769100055 0.4676133322287929 0.8329924126563352 0.46702030549041607 0.8606669937805874 0.5059533671492661 0.8621501580342579
0 0.609375 0.84375 0.56787109375 0.84375 0.56787109375 0.873046875 0.609375 0.873046875
0 0.6994485294117647 0.8527879901960785 0.6658370008587376 0.8481197223414915 0.6635591237521469 0.8772765493058539 0.6971706523051739 0.8819448171604409
0 0.78173828125 0.857421875 0.74853515625 0.857421875 0.74853515625 0.8841145833333334 0.78173828125 0.8841145833333334
0 0.8257433674483307 0.883483207472178 0.8241628577106518 0.8571413785108638 0.7992248049980126 0.8598014374668786 0.8008053147356915 0.8861432664281929
0 0.9212115646502295 0.8657796970565753 0.8811648867545873 0.864161649464832 0.8805045871559635 0.8932148318042814 0.9205512650516057 0.8948328793960246
0 0.93310546875 0.9518229166666669 0.900390625 0.9518229166666666 0.900390625 0.9772135416666669 0.93310546875 0.977213541666667
0 0.837890625 0.9466145833333334 0.8095703125 0.9466145833333334 0.8095703125 0.9694010416666666 0.837890625 0.9694010416666666
0 0.73291015625 0.9361979166666666 0.7041015625 0.9361979166666666 0.7041015625 0.96484375 0.73291015625 0.96484375
0 0.65234375 0.9283854166666666 0.62158203125 0.9283854166666666 0.62158203125 0.9563802083333334 0.65234375 0.9563802083333334
0 0.587979648653315 0.9462656825506445 0.5870921098066298 0.9237813651012892 0.555851551709254 0.9259736849677718 0.5567390905559392 0.9484580024171271
0 0.5318940182340526 0.9214401579111945 0.49255577216228896 0.9168792018449031 0.49077853834427776 0.9441301203877425 0.5301167844160414 0.9486910764540339
0 0.4365234375000001 0.9140625 0.4008789062500001 0.9140625 0.4008789062500001 0.943359375 0.4365234375000001 0.943359375
0 0.36454077180519057 0.9136715327967586 0.3300081872125493 0.9124909316141042 0.3294804456512812 0.9399334928000438 0.36401303024392245 0.9411140939826982
0 0.28280200660745225 0.936382961438475 0.28200992471837083 0.9110363409878683 0.24015144334922006 0.9133618121750433 0.24094352523830154 0.93870843262565
0 0.1772460937500001 0.9127604166666666 0.1411132812500001 0.9127604166666666 0.1411132812500001 0.939453125 0.1772460937500001 0.939453125