0 0.9411751371564834 0.07794886439434366 0.9382269502067768 0.044142987371042365 0.8961675393543221 0.050663826262895784 0.8991157263040287 0.08446970328619707
0 0.810810546875 0.0897005208333333 0.807314453125 0.05707031249999996 0.7661621093750001 0.06490885416666664 0.769658203125 0.09753906249999998
0 0.7348079091494847 0.07715179338487987 0.694532256765464 0.05328474012027499 0.6833772954252578 0.08674962414089353 0.7236529478092785 0.11061667740549841
0 0.6418634017512853 0.10255964813624678 0.6400611544023136 0.06731569997857757 0.594662295147815 0.0714428690017138 0.5964645424967867 0.10668681715938301
0 0.5134392233455882 0.1079465379901961 0.5115320542279412 0.07488893995098041 0.46870404411764705 0.07928155637254904 0.47061121323529415 0.11233915441176472
0 0.4430794161045531 0.0931955715992131 0.40211566584106234 0.0741978903175942 0.39324261567242824 0.10821124929735809 0.434206365935919 0.127208930578977
0 0.3538341277236239 0.11948286983944954 0.3530551175458716 0.08520642201834862 0.3067848695527523 0.08707592698776757 0.3075638797305046 0.1213523748088685
0 0.24230778757926597 0.11950768039008457 0.24183489413191778 0.08735092597040738 0.1935901920397771 0.08861222537150909 0.19406308548712528 0.12076897979118628
0 0.16015625 0.09179687500000004 0.11962890625 0.09179687500000004 0.11962890625 0.1178385416666667 0.16015625 0.1178385416666667
0 0.07383939302884615 0.12661758814102567 0.07336392639988688 0.09682167939291102 0.026582826640271492 0.09814880279034692 0.027058293269230767 0.12794471153846157
0 0.16786772629310343 0.40919091235632193 0.16568898168103446 0.3743309985632184 0.12091527478448275 0.37930585488505747 0.12309401939655172 0.414165768678161
0 0.2968884698275862 0.39865301724137936 0.29466594827586207 0.3630926724137931 0.24653825431034482 0.36844019396551725 0.24876077586206896 0.40400053879310355
0 0.42822265625 0.35546875 0.38818359375 0.35546875 0.38818359375 0.3899739583333333 0.42822265625 0.3899739583333333
0 0.6160965691173294 0.3763257166522616 0.6152778434258859 0.33921015197349463 0.5732358571467157 0.34085885731777577 0.5740545828381591 0.3779744219965428
0 0.716796875 0.24479166666666682 0.67333984375 0.24479166666666677 0.67333984375 0.2792968750000001 0.716796875 0.27929687500000017
0 0.7639143318965517 0.364556393678161 0.7617962015086206 0.3306663074712644 0.7163759428879308 0.3357130028735633 0.7184940732758619 0.36960308908045986
0 0.8712642678173719 0.35377749164810696 0.8682275716870823 0.3220608876206385 0.8292905675807349 0.3286884627876763 0.8323272637110245 0.36040506681514484
0 0.8495792205205382 0.2360636508498585 0.8060654767174221 0.23468226215769608 0.8054134206798867 0.2711974002596791 0.8489271644830029 0.2725787889518415
0 0.9598442318812644 0.34921583863402716 0.9591631981254819 0.3165262183564637 0.9199817336883193 0.3179773837059882 0.9206627674441018 0.3506670039835518
0 0.9925151451535509 0.48835347688739605 0.9915130908109405 0.4542836292386436 0.9409245291506718 0.4569287827895074 0.9419265834932822 0.4909986304382598
0 0.8895691296025464 0.4923671749541179 0.8877645388850653 0.46188964283665973 0.8421504000344116 0.46669113113672855 0.8439549907518926 0.49716866325418674
0 0.7939339129377432 0.5010588926718547 0.7924025717412452 0.4683902804798962 0.7432476592898833 0.47248652318417633 0.7447790004863813 0.5051551353761348
0 0.6565927775426204 0.5070693211894753 0.653882257852639 0.47382027965903784 0.6093905082321345 0.48026835931418344 0.6121010279221157 0.5135174008446208
0 0.5185546875 0.4895833333333335 0.46826171875 0.4895833333333335 0.46826171875 0.5247395833333335 0.5185546875 0.5247395833333335
0 0.40194205057989685 0.5363939003436426 0.400793331185567 0.502698131443299 0.356982925257732 0.5053533075601375 0.3581316446520619 0.5390490764604812
0 0.31681880077548014 0.5117399064500247 0.27155072932053187 0.5094184668882324 0.2705114187130725 0.5454479012801575 0.31577949016802076 0.5477693408419497
0 0.19995926597436392 0.5524718501028014 0.19924849110929066 0.5183546565792856 0.157234468364495 0.5199107314957595 0.15794524322956827 0.5540279250192753
0 0.09863281250000006 0.5299479166666666 0.048339843750000056 0.5299479166666666 0.048339843750000056 0.5631510416666666 0.09863281250000006 0.5631510416666666
0 0.08746681822960475 0.6792264595598544 0.07494932388036171 0.6497735316792824 0.03881486871846093 0.6770751200238297 0.05133236306770397 0.7065280479044015
0 0.12308537381917582 0.7063548330110088 0.11729747587213628 0.6775439632301895 0.06826421754128237 0.6950558412054946 0.07405211548832191 0.7238667109863138
0 0.21184154548267328 0.7047622731023102 0.20946298731435647 0.6730481641914192 0.16068320699257427 0.6795521349009901 0.1630617651608911 0.7112662438118811
0 0.3168010911974912 0.6937582044924154 0.3134076219734539 0.6609546686600544 0.2644336393305134 0.6699613781116297 0.2678271085545507 0.7027649139439908
0 0.46791614365142936 0.6823410803762117 0.4667456162980533 0.6472252597749303 0.4179054587389108 0.6501194913339906 0.41907598609228686 0.685235311935272
0 0.6097009187805623 0.666308514160554 0.6056072356356969 0.6299202195395273 0.5546779492665036 0.6401060768133658 0.5587716324113691 0.6764943714343926
0 0.7350297602702107 0.6566916556824839 0.7323451573484181 0.6250729990480376 0.6782859869288225 0.633232873828354 0.6809705898506151 0.6648515304628003
0 0.8283803065126699 0.6456562886279357 0.8242609993046971 0.6148987948084056 0.77695867776576 0.6261612523176764 0.7810779849737328 0.6569187461372065
0 0.922985462306701 0.6445527276632302 0.921875 0.6119791666666666 0.8729925096649485 0.614941741838488 0.8741029719716494 0.6475153028350515
0 0.9111328125 0.8522135416666669 0.86279296875 0.8522135416666666 0.86279296875 0.884765625 0.9111328125 0.8847656250000001
0 0.775701758744038 0.8977177315182829 0.774340315729332 0.8638329275967144 0.7228610331379173 0.8675100192103867 0.7242224761526233 0.9013948231319553
0 0.6662696747616339 0.9076056154507816 0.6632116810269418 0.8767344406053184 0.6117707900520468 0.8857932138587591 0.6148287837867389 0.9166643887042222
0 0.5364561839716078 0.919409037292286 0.5356582334310003 0.8901508508033454 0.4873644934900133 0.8924923654671509 0.48816244403062076 0.9217505519560913
0 0.43396889291158536 0.9250746316056909 0.43121189024390244 0.8919905995934959 0.3819073932926829 0.8992949695121951 0.38466439596036583 0.9323790015243901
0 0.3107243140749337 0.9368334162245798 0.305652405918435 0.9047113312334217 0.2599055039787799 0.9175525668656056 0.2649774121352785 0.9496746518567637
0 0.18062532675053966 0.9627567626821371 0.17930462214989207 0.9248965641302392 0.13058190054978414 0.9279181282604784 0.13190260515043173 0.9657783268123762
0 0.05733712593516208 0.9749535666043224 0.055875935162094756 0.9359884793225269 0.00249376558603491 0.9395472906275976 0.003954956359102237 0.978512377909393