0 0.059082031250000014 0.10286458333333333 0.02343750000000001 0.10286458333333333 0.023437500000000014 0.14453125 0.059082031250000014 0.14453125
0 0.1575362788762725 0.10372669097494129 0.15059213182752543 0.07510838798616548 0.11396989097983556 0.09090621737144348 0.12091403802858262 0.11952452036021928
0 0.2566720909795043 0.08206538469176997 0.2529529611534795 0.05032881017635846 0.2140319649666349 0.05843735104861774 0.21775109479265967 0.09017392556402926
0 0.3546311598557692 0.055583934294871816 0.3497295673076923 0.03162059294871794 0.3209735576923076 0.04207732371794872 0.32587515024038455 0.0660406650641026
0 0.4173308796965317 0.045253040703275536 0.41402298591040454 0.016584627890173436 0.38716469472543347 0.022094020953757242 0.39047258851156064 0.05076243376685934
0 0.947693871670082 0.07464032616120221 0.9446881403688525 0.030556267076502736 0.9068703573258197 0.035140240778688527 0.9098760886270492 0.07922429986338801
0 0.7929499699519231 0.09167167467948716 0.7900954026442308 0.07264122596153844 0.7607046274038463 0.08047876602564101 0.7635591947115385 0.09950921474358972
0 0.6877071627269709 0.1010919508414528 0.6647146949734278 0.07838334071449678 0.6440849202834367 0.11551693515648072 0.6670773880369797 0.13822554528343675
0 0.5918896705316742 0.14774226998491713 0.5838915794683257 0.11788273001508302 0.5486292774321266 0.13467430241327305 0.5566273684954751 0.16453384238310717
0 0.4979548291629264 0.15869520496708556 0.47337070102109513 0.13454237731897067 0.4517706112544883 0.17362825403949733 0.47635473939631956 0.19778108168761221
0 0.39942725929054057 0.19346494932432431 0.39578494510135137 0.16432643581081083 0.3664880701013514 0.17083685247747749 0.3701303842905406 0.19997536599099097
0 0.3326396291517056 0.21746311153500897 0.328355114592684 0.17975938341561937 0.2920640709156194 0.18709090739078393 0.296348585474641 0.22479463551017353
0 0.2049675971525788 0.24009446633237821 0.19956712258237824 0.2141721883954155 0.16101109195916907 0.22845219973734485 0.16641156652936964 0.25437447767430754
0 0.05738090489733633 0.2588002624398816 0.024734886584350746 0.2573493282926378 0.023830401116814677 0.2935287469940806 0.05647641942980026 0.2949796811413244
0 0.034150390625 0.5622265624999999 0.03197265624999998 0.5419010416666665 0.00168945312499999 0.5476692708333332 0.003867187500000001 0.5679947916666667
0 0.1562847551414819 0.5333763309509919 0.15299612109830804 0.501586201866978 0.11648043228558926 0.5083017308440296 0.11976906632876312 0.5400918599280436
0 0.2900866996951219 0.5064310213414634 0.28678186928353655 0.466773056402439 0.24546255716463414 0.4728944359756097 0.24876738757621952 0.5125524009146342
0 0.5992295219521044 0.44958915396710214 0.5918422305878084 0.418808773282535 0.5551679857583454 0.43445645107643927 0.5625552771226414 0.46523683176100633
0 0.7159781250000001 0.4159 0.7101265625000002 0.38914999999999994 0.6785140625 0.40144375000000004 0.684365625 0.42819375
0 0.8508691406249999 0.39196614583333345 0.8477929687499999 0.36325520833333336 0.8146386718749998 0.36957031250000005 0.8177148437499998 0.3982812500000001
0 0.9525464634357672 0.3654870898798521 0.9440480230475972 0.3335535563000617 0.9106689001848429 0.34934582948244003 0.919167340573013 0.3812793630622304
0 0.9810849652019651 0.5312272561863173 0.9787650962063319 0.5080285662299853 0.9501078909661571 0.5131231804949051 0.9524277599617903 0.5363218704512372
0 0.8834581528065183 0.5421442543973097 0.8797572688987325 0.5262019852560786 0.8527989908012157 0.5373276238360062 0.8564998747090016 0.5532698929772373
0 0.814571896114865 0.5588928772522523 0.8123416385135137 0.5410508164414414 0.7837573902027027 0.5474028716216216 0.7859876478040541 0.5652449324324326
0 0.738617223337156 0.5718057148318043 0.734787127293578 0.5547830657492354 0.7073269065366972 0.5657671540519876 0.7111570025802753 0.5827898031345565
0 0.6623527659608495 0.6058679045121119 0.6596099947223643 0.5775259350477654 0.6277097860158648 0.5830141429972706 0.63045255725435 0.6113561124616173
0 0.490380859375 0.6530598958333333 0.4862109375 0.6141406249999999 0.45086914062499994 0.6208723958333332 0.4550390624999999 0.6597916666666667
0 0.4145662277570299 0.6518746338605742 0.4049610748022847 0.6321717560046866 0.38053843090949035 0.6533380473784417 0.3901435838642356 0.6730409252343293
0 0.3523177585583414 0.6703337200658953 0.341342024770974 0.6400197886531663 0.3081059396094504 0.661413130826101 0.3190816733968178 0.69172706223883
0 0.2527114671135222 0.6956809877152078 0.24762969926918935 0.6774387441714489 0.2214309933195839 0.6904133414036345 0.22651276116391678 0.7086555849473934
0 0.15662184495192308 0.7283804086538462 0.1495793269230769 0.6939503205128205 0.11838566706730769 0.705293469551282 0.12542818509615386 0.7397235576923077
0 0.08448657206098076 0.7410813294565523 0.07601061530804695 0.7132628047289747 0.04579529678331937 0.7296294355965354 0.05427125353625317 0.7574479603241131
0 0.05551066440818591 0.8865315035029497 0.02984349073561956 0.8842499769542771 0.02838728913163726 0.9133740090339231 0.05405446280420361 0.9156555355825957
0 0.15979256465517241 0.8874102011494255 0.15782933728448276 0.855998563218391 0.12804754849137928 0.8593076508620691 0.13001077586206897 0.8907192887931036
0 0.3434330778301888 0.824786261792453 0.319557045990566 0.8030046187106917 0.3001547759433962 0.8408141705974844 0.32403080778301896 0.8625958136792455
0 0.5196632179054054 0.7836078265765766 0.5166543496621622 0.7595368806306307 0.48593222128378377 0.7663640202702703 0.48894108952702703 0.7904349662162162
0 0.6131851784355983 0.7642516058147399 0.6099851039553751 0.7329619886747804 0.5769523326572007 0.7389679470926303 0.5801524071374238 0.7702575642325898
0 0.7191947553687196 0.7397743196245273 0.7171482475688816 0.7079397538492705 0.6833978835342382 0.7117969383103726 0.6854443913340762 0.7436315040856294
0 0.8216796874999999 0.7118489583333334 0.8143554687499999 0.6825520833333333 0.7833007812499999 0.6963541666666666 0.7906249999999999 0.7256510416666667
0 0.9278111832865169 0.6955392673220974 0.9229475728581461 0.6674384070692884 0.8868586508075842 0.6785426907771536 0.891722261235955 0.7066435510299623
0 0.9831479001774017 0.8998035503093159 0.9638416007096069 0.8661412845705967 0.9346438745223798 0.8959115151928675 0.9539501739901747 0.9295737809315868
0 0.8970753119667236 0.9043053185438 0.8678624280076793 0.8787440450796362 0.8486634758959046 0.9177514398464166 0.8778763598549489 0.9433127133105804
0 0.7983168658088236 0.950122549019608 0.7958869485294118 0.9080039828431374 0.7578756893382352 0.911902573529412 0.760305606617647 0.9540211397058825
0 0.7131447380862328 0.9536686838124054 0.7062526593229954 0.9153793573499748 0.6738975628782149 0.9257329882123045 0.6807896416414523 0.9640223146747352
0 0.5564811660116631 0.9828959601081811 0.5375689338235293 0.949716605392157 0.5094407644523326 0.9782198170216363 0.5283529966404663 1.0113991717376605
0 0.6271854862029081 0.9588716367867373 0.6085994944852942 0.9331724877450981 0.583451557852776 0.9655055491297643 0.60203754957039 0.9912046981714034