0 0.035644531250000014 0.1328125 1.234812324335588e-17 0.1328125 1.447092409148728e-17 0.17903645833333334 0.035644531250000014 0.17903645833333334
0 0.13037109375 0.13020833333333337 0.0888671875 0.13020833333333334 0.08886718750000001 0.17252604166666666 0.13037109375 0.17252604166666666
0 0.21630859375 0.1236979166666667 0.171875 0.1236979166666667 0.171875 0.1627604166666667 0.21630859375 0.1627604166666667
0 0.3119511392419126 0.15769025321424343 0.3108690399484536 0.11945607817869418 0.2656890511131354 0.121729285164119 0.2667711504065944 0.15996346019966826
0 0.39208984375 0.11653645833333341 0.3505859375 0.11653645833333341 0.3505859375 0.15625000000000008 0.39208984375 0.15625000000000008
0 0.45649527868340734 0.152389272336293 0.4555479805424528 0.11449734669811322 0.412708210495283 0.11640133647798744 0.4136555086362375 0.15429326211616723
0 0.56884765625 0.10677083333333343 0.5205078125 0.10677083333333341 0.5205078125 0.14648437500000008 0.56884765625 0.14648437500000008
0 0.6681235708841462 0.1424828506097561 0.6648366044207317 0.10303925304878052 0.6189083936737805 0.10984343241869919 0.622195360137195 0.14928702997967477
0 0.7479564648570456 0.13762551055139552 0.744293524506467 0.10050771499886545 0.7039253956773316 0.10758984286362604 0.7075883360279102 0.1447076384161561
0 0.7939143806561086 0.16124328337104074 0.7924848875848417 0.12121747737556565 0.7517476491798643 0.12380396870286581 0.7531771422511312 0.1638297746983409
0 0.8973019787864963 0.13010758819951337 0.8939467381386861 0.09133591849148415 0.8459454835766422 0.09872072688564472 0.8493007242244525 0.13749239659367393
0 0.9638886648619838 0.1195900424521245 0.9602835362432675 0.0878649106074207 0.9215335537758079 0.09569318989377618 0.9251386823945242 0.12741832173847997
0 0.9872153677591463 0.14866774644308942 0.9842975895579269 0.11365440802845526 0.9475335842225611 0.11910092733739834 0.9504513624237805 0.1541142657520325
0 0.9551736637680691 0.36823514939339175 0.9546526119643778 0.3376667769101704 0.9176844024264325 0.3387870256840475 0.9182054542301238 0.36935539816726887
0 0.8941971212223422 0.38951018337380816 0.8930392648745278 0.35631830140313 0.8551941741432811 0.35866528377406004 0.8563520304910955 0.3918571657447382
0 0.6898794133380883 0.3789972658107465 0.6846343950606276 0.3426318057536852 0.6465665678495006 0.3523927870898716 0.6518115861269613 0.3887582471469329
0 0.5529544722749457 0.3786695589298626 0.5524053941838394 0.34352856109906 0.5106042824701735 0.34468970309110625 0.5111533605612798 0.37983070092190885
0 0.44091796875 0.3385416666666667 0.3935546875 0.3385416666666667 0.3935546875 0.3782552083333333 0.44091796875 0.3782552083333333
0 0.30126953125 0.3430989583333333 0.2578125 0.3430989583333333 0.2578125 0.3802083333333333 0.30126953125 0.3802083333333333
0 0.1998556720721609 0.3783876758017875 0.1969167426557571 0.3457329045084121 0.15270957585764983 0.3528060511961093 0.1556485052740536 0.3854608224894847
0 0.06476136322199533 0.3908377090626216 0.06091436788943991 0.3536500875145858 0.015971981658401406 0.36191535394788027 0.019818976990956826 0.39910297549591606
0 0.05957031250000005 0.5091145833333334 0.014648437500000047 0.5091145833333334 0.01464843750000005 0.55078125 0.059570312500000056 0.55078125
0 0.17626953125000006 0.5071614583333334 0.12841796875000006 0.5071614583333334 0.12841796875000006 0.5455729166666666 0.17626953125000006 0.5455729166666666
0 0.26904296875 0.498046875 0.22412109375000006 0.498046875 0.22412109375000006 0.5358072916666666 0.26904296875 0.5358072916666666
0 0.37882072816837414 0.5334419406807668 0.37823530702660285 0.49051105695087033 0.32579348123554197 0.4917823739397445 0.32637890237731326 0.534713257669641
0 0.433135295885181 0.49172057645173456 0.4319046503817873 0.457262502356712 0.39499522765837103 0.4596059577677225 0.3962258731617647 0.4940640318627451
0 0.47363939606741573 0.4973036633895132 0.4298125877808989 0.49173835440074914 0.4268850948033708 0.5327232560861425 0.47071190308988764 0.5382885650749065
0 0.6142578125 0.49609375000000017 0.56005859375 0.49609375000000017 0.56005859375 0.5351562500000001 0.6142578125 0.5351562500000001
0 0.7604615690868463 0.5324593255291711 0.7573023320771077 0.49623340781750264 0.7111198889407684 0.5033934765208111 0.7142791259505069 0.5396193942324795
0 0.83642578125 0.4986979166666668 0.7919921875 0.4986979166666668 0.7919921875 0.5325520833333335 0.83642578125 0.5325520833333335
0 0.9490348331333088 0.5339887986213688 0.9480755804560562 0.5007347058099458 0.900050919728582 0.5031975089241753 0.9010101724058346 0.5364516017355982
0 0.16416502168594307 0.4914530508600237 0.15702325678380785 0.4609815206109134 0.12062979592971532 0.476145462633452 0.12777156083185054 0.5066169928825622
0 0.9350575895726222 0.4899977238646101 0.9336334150064268 0.4621471990145673 0.8958452160989717 0.4655824898243359 0.8972693906651671 0.4934330146743788
0 0.8996430495689653 0.6664242097701151 0.897858297413793 0.6378681752873564 0.8572063577586206 0.6423850574712645 0.858991109913793 0.6709410919540231
0 0.8103563262195121 0.660473831300813 0.8082424256859756 0.635107024898374 0.7643507050304877 0.6416095020325203 0.7664646055640243 0.6669763084349594
0 0.7213400842346089 0.6438401275651692 0.6805096973793676 0.6324983534387133 0.6761793495216305 0.6602125797282307 0.7170097363768718 0.6715543538546865
0 0.622341440392031 0.6431354434447303 0.5797703446336762 0.6392653438303343 0.5781978028598972 0.6700172718508998 0.620768898618252 0.6738873714652956
0 0.48789923936005775 0.6664927693047541 0.48548097917096045 0.6348941695005497 0.4422153557811212 0.6407806488733169 0.4446336159702185 0.6723792486775214
0 0.3924408151402901 0.6723363939680537 0.3897013910781842 0.6382457834174023 0.3490478207755359 0.6440534363177807 0.35178724483764184 0.678144046868432
0 0.30282054227941174 0.6762408088235294 0.30069197759340216 0.6407647307233704 0.2576859660671701 0.6453520386195019 0.2598145307531796 0.6808281167196609
0 0.21582031250000006 0.6471354166666666 0.17382812500000006 0.6471354166666666 0.17382812500000006 0.6822916666666666 0.21582031250000006 0.6822916666666666
0 0.12890625000000006 0.6490885416666666 0.07617187500000006 0.6490885416666666 0.07617187500000006 0.685546875 0.12890625000000006 0.685546875
0 0.07958984375000008 0.9244791666666666 0.03662109375000008 0.9244791666666666 0.03662109375000008 0.958984375 0.07958984375000008 0.958984375
0 0.1600787984913793 0.9570941091954023 0.15792025862068965 0.9225574712643678 0.1140759698275862 0.9274290589080461 0.11623450969827587 0.9619656968390805
0 0.2479397170608108 0.956746903153153 0.24730336782094595 0.9202628800675674 0.20522038640202703 0.9215677787162161 0.20585673564189189 0.9580518018018017
0 0.3215945928423236 0.9528343274550485 0.32001244002852697 0.9183785550656984 0.27510940741701245 0.922044108748271 0.2766915602308091 0.9564998811376211
0 0.4047851562500001 0.9147135416666666 0.3603515625000001 0.9147135416666666 0.3603515625000001 0.9518229166666666 0.4047851562500001 0.9518229166666666
0 0.5085133272058824 0.9111060049019608 0.4607847642733565 0.9094313184832757 0.460106577097751 0.9437928020472895 0.5078351400302769 0.9454674884659746
0 0.64111328125 0.9069010416666666 0.59521484375 0.9069010416666666 0.59521484375 0.9440104166666666 0.64111328125 0.9440104166666666
0 0.7376734145651157 0.907417889860504 0.6922794225288883 0.9059047567926298 0.6916066252537478 0.9417872781334585 0.7370006172899752 0.9433004112013327
0 0.824697645853869 0.9407991672827339 0.8235353006407098 0.9059288108879581 0.7753340719720306 0.9087851799942501 0.7764964171851898 0.9436555363890259
0 0.9582821232383365 0.9366584007335925 0.9578132322184809 0.8991471191451449 0.9108536203051235 0.9001906660765527 0.9113225113249791 0.9377019476650004