0 0.7839794459779179 0.043130996976866474 0.781223044410489 0.012504312894321764 0.7489533529672713 0.017667463525236588 0.7517097545347002 0.0482941476077813
0 0.7030483774038461 0.05089543269230768 0.7017788461538461 0.020426682692307685 0.667352764423077 0.02297676282051282 0.668622295673077 0.05344551282051282
0 0.5243305009664949 0.0639551116838488 0.5231928559922681 0.030584192439862542 0.4849418089561856 0.032902437714776626 0.4860794539304124 0.0662733569587629
0 0.189453125 0.04492187500000003 0.15771484375 0.04492187500000002 0.15771484375 0.08007812500000003 0.189453125 0.08007812500000004
0 0.06508283943965516 0.0758306393678161 0.0632037984913793 0.045765984195402294 0.027239358836206894 0.04976203304597701 0.02911839978448276 0.07982668821839083
0 0.9861992385786801 0.03405245346869712 0.9846302942576142 0.004765492808798659 0.9471193884835025 0.008337960025380712 0.9486883328045684 0.03762492068527917
0 0.9174270341981132 0.1233834512578618 0.8787560804834905 0.1211416568396228 0.8776284271816037 0.1557230247641511 0.9162993808962264 0.1579648191823901
0 0.7826592218012612 0.1614625711960944 0.7811097532292515 0.12530830451586658 0.7425776482404395 0.12824408394358558 0.7441271168124493 0.1643983506238134
0 0.6731896033653848 0.16962139423076925 0.6720362874717196 0.13732854920814483 0.6336421362415159 0.1397662730957768 0.6347954521351811 0.17205911811840122
0 0.40576171874999994 0.18229166666666674 0.4047910799393414 0.15123122472559217 0.367563231152513 0.15329943854708264 0.36853386996317156 0.18435988048815719
0 0.162109375 0.1510416666666667 0.125 0.1510416666666667 0.125 0.18294270833333334 0.162109375 0.18294270833333334
0 0.060058593750000014 0.14778645833333334 0.022460937500000014 0.14778645833333334 0.022460937500000014 0.181640625 0.060058593750000014 0.181640625
0 0.12129462840025908 0.3482270077720208 0.11959551084844561 0.31311191170120906 0.08160469964378239 0.31637993847150264 0.08330381719559586 0.3514950345423144
0 0.21093750000000006 0.3092447916666667 0.17382812500000006 0.3092447916666667 0.17382812500000006 0.33984375 0.21093750000000006 0.33984375
0 0.33569736168032793 0.313417862021858 0.29911228867827877 0.3089833077185793 0.29697105532786894 0.34038806352459017 0.3335561283299181 0.3448226178278689
0 0.4423828125 0.31705729166666674 0.416015625 0.31705729166666674 0.416015625 0.3463541666666667 0.4423828125 0.3463541666666667
0 0.5493194516632017 0.3110720395876647 0.5150808861746362 0.30959941311503825 0.514359630814709 0.33941130132536396 0.5485981963032746 0.3408839277979904
0 0.6600571065989846 0.3308316148477157 0.6584088475571065 0.3000641127326565 0.6250619646256346 0.30324000634517767 0.6267102236675127 0.3340075084602369
0 0.8359375 0.2858072916666668 0.796875 0.2858072916666668 0.796875 0.3209635416666668 0.8359375 0.3209635416666668
0 0.9451512125282806 0.3983962575414783 0.9080329998585974 0.39603954562594285 0.906781364889706 0.43108532475490224 0.9438995775593891 0.4334420366704377
0 0.780913884509764 0.4387718885611609 0.7795368439788446 0.4066409428397071 0.7436606870423109 0.4093743643205858 0.7450377275732303 0.44150531004203963
0 0.664454586190773 0.4492577150872817 0.6632417978491272 0.41691669264339154 0.6252751909289277 0.41944779977140484 0.6264879792705735 0.45178882221529504
0 0.5303214651639344 0.45838669740437155 0.5280561603483607 0.4251622267759563 0.48909371798155743 0.42988494706284147 0.4913590227971312 0.46310941769125674
0 0.38232421875 0.4296875 0.3447265625 0.4296875 0.3447265625 0.4602864583333333 0.38232421875 0.4602864583333333
0 0.26479779411764715 0.429281556372549 0.23079676011029412 0.42459175857843134 0.22802389705882353 0.46033088235294123 0.2620249310661765 0.4650206801470589
0 0.1627974556587838 0.4279979588963964 0.12670687288851354 0.42687887105855854 0.1260713154560811 0.46331749718468473 0.16216189822635138 0.46443658502252255
0 0.080078125 0.4680989583333334 0.07582875844594594 0.43410402590090086 0.04257284628378378 0.4414942286036036 0.04682221283783784 0.4754891610360361
0 0.09716796875000006 0.5735677083333334 0.061035156250000056 0.5735677083333334 0.061035156250000056 0.6119791666666666 0.09716796875000006 0.6119791666666666
0 0.2662905649038462 0.5719170673076922 0.2360291466346154 0.5696754807692307 0.23506159855769235 0.5928966346153846 0.2653230168269231 0.5951382211538462
0 0.42222858297413807 0.5640041307471265 0.38961813038793114 0.5603807471264369 0.3875336745689656 0.5937320402298852 0.4201441271551725 0.5973554238505748
0 0.54736328125 0.5638020833333335 0.525390625 0.5638020833333335 0.525390625 0.5813802083333335 0.54736328125 0.5813802083333335
0 0.7147617542076399 0.5773439469868885 0.7077765991395613 0.5385375299420072 0.6787087213975037 0.5478392508194656 0.6856938764655823 0.5866456678643469
0 0.8511394817073171 0.5711439278455285 0.8502686737804879 0.5339894563008131 0.8162290396341464 0.535407774390244 0.8170998475609756 0.5725622459349594
0 0.9449912992064203 0.5653204021700142 0.9414815588011118 0.5306909635043041 0.9055431480900287 0.5371663528216165 0.9090528884953372 0.5717957914873265
0 0.8905230853441941 0.6986665926629105 0.888055123866977 0.6616471705046547 0.8442389989588438 0.666840192715989 0.8467069604360609 0.7038596148742449
0 0.6492512004216116 0.6831651441807205 0.6118356203154279 0.681917958177181 0.6111585532479701 0.7180282017749327 0.6485741333541537 0.7192753877784721
0 0.5661959134615384 0.7197616185897435 0.563213641826923 0.6879507211538461 0.523369891826923 0.6945913461538461 0.5263521634615383 0.7264022435897436
0 0.3769068117350841 0.7258888826916539 0.37344203172807233 0.6852354639427163 0.3351404636505609 0.6910387318332484 0.3386052436575726 0.731692150582186
0 0.2798968214007277 0.7298759095634098 0.27910501396829523 0.697147869022869 0.24379649330821207 0.698666515072765 0.24458830074064453 0.7313945556133058
0 0.18332010267457474 0.7310754951880036 0.1803519471799463 0.69387461298866 0.14024731423455683 0.6995632134064458 0.1432154697291853 0.7367640956057894
0 0.14950665884067366 0.9209379047927463 0.11473142001295344 0.9179464863989638 0.11347352655440421 0.9439429512089809 0.14824876538212442 0.9469343696027633
0 0.4799804687500001 0.904296875 0.4477539062500001 0.904296875 0.4477539062500001 0.9264322916666666 0.4799804687500001 0.9264322916666666
0 0.7120871512582055 0.8947663088074398 0.7075013676148795 0.8626658233041575 0.6747427174507657 0.8709854804886944 0.6793285010940918 0.9030859659919767
0 0.7802348779506438 0.9067523918097282 0.7787926669796138 0.88495898158083 0.746929067194206 0.8887076403791131 0.7483712781652361 0.9105010506080115
0 0.8273188320825516 0.8899825085991244 0.8253272308864916 0.8594446235928705 0.7897816384263603 0.8635658517041902 0.7917732396224203 0.8941037367104441
0 0.8910736908783785 0.8811760979729731 0.8551256334459462 0.8731876407657659 0.850704708614865 0.9085550394144146 0.8866527660472974 0.9165434966216218