0 0.957061298076923 0.07323717948717946 0.9546574519230768 0.047596153846153844 0.9155348557692308 0.05411658653846152 0.9179387019230769 0.07975761217948714
0 0.8549249057112068 0.06970411278735632 0.8536486395474138 0.040775413074712635 0.8093396417025862 0.04425062859195402 0.8106159078663793 0.07317932830459771
0 0.7458647556263558 0.04525459824656556 0.7028943109408893 0.04406097478308038 0.7024111137472884 0.07498559517353592 0.7453815584327549 0.0761792186370211
0 0.6142578125 0.03971354166666676 0.5693359375 0.03971354166666676 0.5693359375 0.07356770833333343 0.6142578125 0.07356770833333343
0 0.47412109375 0.042968750000000076 0.43701171875 0.042968750000000076 0.43701171875 0.07682291666666674 0.47412109375 0.07682291666666674
0 0.30126485123801916 0.05778670793397231 0.30017830845646964 0.02156861521565495 0.2578437000798722 0.02382646099574014 0.2589302428614217 0.0600445537140575
0 0.21062180596511396 0.05968289767426363 0.21012610580767693 0.026636220511795285 0.17056185338364657 0.027691267243102766 0.1710575535410836 0.06073794440557111
0 0.08334064389499013 0.05968342536607437 0.08285477272026161 0.030531154882362622 0.04466833508144126 0.03166260488647581 0.04515420625616979 0.06081487537018756
0 0.11914062500000003 0.203125 0.07617187500000003 0.203125 0.07617187500000003 0.23502604166666666 0.11914062500000003 0.23502604166666666
0 0.23678451139400236 0.19980097609857486 0.1949094650014846 0.1978756866092637 0.19397697539340858 0.23393195145486942 0.23585202178592635 0.2358572409441806
0 0.18630439195643866 0.21665382992612411 0.1845878510699274 0.18747263485543245 0.14519323772449372 0.19159233298305947 0.146909778611005 0.22077352805375114
0 0.3208128004807692 0.20023237179487183 0.27951772836538463 0.1971734775641026 0.27819260817307695 0.22897636217948725 0.31948768028846153 0.23203525641025646
0 0.39306640625 0.2024739583333334 0.35498046875 0.2024739583333334 0.35498046875 0.23046875000000008 0.39306640625 0.23046875000000008
0 0.47428307004903647 0.2316852524948383 0.4724925934488988 0.20144609213695805 0.4376562634420165 0.20511307424294567 0.43944674004215417 0.23535223460082588
0 0.5451183041515073 0.23012427992896747 0.5444493283848754 0.20247328157484412 0.511249248798077 0.20390124198717954 0.5119182245647089 0.23155224034130292
0 0.6162109375 0.2024739583333334 0.5771484375 0.2024739583333334 0.5771484375 0.23046875000000008 0.6162109375 0.23046875000000008
0 0.7106890473875105 0.21496037899495388 0.6769175613698486 0.20131533413933286 0.6699403549463835 0.23201504240257928 0.7037118409640454 0.2456600872582003
0 0.7939584708439549 0.21549574001578065 0.7479832170657319 0.21218220821194478 0.7467868746585943 0.24169198758800692 0.7927621284368173 0.24500551939184279
0 0.87060546875 0.20963541666666682 0.83154296875 0.20963541666666682 0.83154296875 0.24088541666666682 0.87060546875 0.24088541666666682
0 0.9970703125 0.20898437500000014 0.958984375 0.20898437500000014 0.958984375 0.23958333333333348 0.9970703125 0.23958333333333348
0 0.9643770502417128 0.3455988144567219 0.9629756021236189 0.31009546213167594 0.9204330865849448 0.31308090181860043 0.9218345347030388 0.3485842541436464
0 0.7998046875 0.3177083333333335 0.75634765625 0.3177083333333335 0.75634765625 0.35351562500000017 0.7998046875 0.35351562500000017
0 0.6092689197284344 0.31864017571884995 0.5744613306210063 0.31678377096645377 0.5733927278853834 0.3524038621538872 0.6082003169928115 0.3542602669062833
0 0.6943359375 0.3170572916666668 0.65625 0.31705729166666674 0.65625 0.3522135416666668 0.6943359375 0.3522135416666668
0 0.50439453125 0.3138020833333334 0.46484375 0.3138020833333334 0.46484375 0.34960937500000017 0.50439453125 0.34960937500000017
0 0.36356498099662166 0.3437412021396396 0.3621691789922545 0.30962159758844215 0.31676095397989457 0.3129240139529774 0.31815675598426174 0.3470436185041749
0 0.25244140625 0.31445312500000006 0.21142578125000006 0.314453125 0.21142578125000006 0.3489583333333333 0.25244140625 0.3489583333333333
0 0.1569037502363843 0.3196102417423097 0.11862057961422093 0.30735962714321735 0.11225593324508326 0.34271877363842673 0.15053910386724664 0.35496938823751895
0 0.08350817849513847 0.4803083873502259 0.08115337958529759 0.4481261355824003 0.03928578005303476 0.4535723273914751 0.04164057896287566 0.48575457915930076
0 0.19531250000000006 0.4524739583333333 0.15478515625000006 0.4524739583333333 0.15478515625000006 0.4850260416666667 0.19531250000000006 0.4850260416666667
0 0.3151507299319361 0.4494950347522329 0.28087144487359555 0.44815074906367053 0.2800417465697926 0.48576373883607044 0.31432103162813313 0.4871080245246328
0 0.43893690244334277 0.47825299516052877 0.4382823565864023 0.44159842717186026 0.4036456489022663 0.4426980051935789 0.40430019475920675 0.4793525731822474
0 0.529296875 0.4440104166666668 0.48974609375 0.4440104166666668 0.48974609375 0.4791666666666668 0.529296875 0.4791666666666668
0 0.6278947741256478 0.445708522236615 0.5926332780116581 0.44267527525906747 0.590949340187824 0.4774766569516408 0.6262108363018136 0.4805099039291883
0 0.6973037657648494 0.4463756738201791 0.6644311940602116 0.4438710969283972 0.6630215749593166 0.4767622092826147 0.6958941466639544 0.4792667861743966
0 0.7742066509955752 0.4462055217551623 0.7384929825774336 0.4430309734513274 0.7367343058628318 0.4782045077433629 0.7724479742809734 0.4813790560471978
0 0.8768545160060977 0.44756669207317085 0.8388667111280488 0.4459838668699188 0.8380668826219513 0.48010988313008146 0.8760546875000002 0.4816927083333335
0 0.9813800667145742 0.473232436036876 0.9794463637158173 0.43885549383675165 0.9419983175691424 0.44260029845141907 0.9439320205678994 0.4769772406515434
0 0.9965590533088237 0.5920496323529413 0.9943445542279413 0.5536649816176471 0.9561839384191179 0.5575788909313726 0.9583984375000002 0.5959635416666668
0 0.9232210960613905 0.5922371948964497 0.9211070404955621 0.5537144045857988 0.8818616517196747 0.5575432230029586 0.883975707285503 0.5960660133136094
0 0.8287610705407087 0.5876968096125957 0.8267572662562152 0.5520736223327118 0.7835433134905221 0.5563950176092811 0.7855471177750155 0.592018204889165
0 0.7224104634831461 0.5568264279026218 0.6861646330758429 0.5522237827715357 0.6836826281601126 0.5869718515917605 0.7199284585674158 0.5915744967228466
0 0.10258669969512195 0.13338414634146342 0.10204482660060976 0.12688166920731708 0.0971143769054878 0.127612106199187 0.09765625 0.13411458333333334
0 0.626953125 0.5585937500000001 0.587890625 0.5585937500000001 0.587890625 0.5917968750000001 0.626953125 0.5917968750000001
0 0.5647305469494758 0.5592212076978077 0.5255116479980935 0.5510506037496029 0.5214131576203528 0.5860243883063236 0.5606320565717351 0.5941949922545283
0 0.48642290900735297 0.5517424938725491 0.44867302389705893 0.5478707107843138 0.4465073529411766 0.5854090073529413 0.48425723805147064 0.5892807904411766
0 0.3784459749064838 0.5853822475062344 0.37719787445448877 0.5520995687863673 0.3345067507013716 0.5549456437032417 0.3357548511533666 0.5882283224231089
0 0.2878661605299381 0.5616544971610461 0.24764092610117003 0.5574202619580179 0.24574862622591193 0.58937910429571 0.28597386065468 0.5936133394987383
0 0.19307617187500004 0.5599348958333334 0.15021484375000005 0.5517708333333334 0.14617187500000003 0.5895052083333335 0.18903320312500005 0.5976692708333334
0 0.08056640625000006 0.5559895833333334 0.039550781250000056 0.5559895833333334 0.039550781250000056 0.587890625 0.08056640625000006 0.587890625
0 0.04638671875000007 0.806640625 7.474650873702106e-17 0.806640625 7.618164170477188e-17 0.837890625 0.046386718750000076 0.837890625
0 0.14662632306307852 0.8357410938749856 0.1461767092689407 0.8033689006970631 0.10181258302622559 0.8044643112215747 0.1022621968203634 0.8368365043994972
0 0.23849876293528252 0.8361804643013578 0.23785552778005914 0.8027322362297417 0.19206231777677402 0.8042978160589138 0.1927055529319974 0.83774604413053
0 0.3430381854209979 0.8374244737525989 0.3419747271309771 0.8026848362785862 0.2997041888643451 0.8049852737352737 0.3007676471543659 0.8397249112092863
0 0.4380072488901222 0.8052308777284499 0.4009878346975584 0.8035855704310028 0.40017222617230863 0.8362099114409917 0.43719164036487246 0.8378552187384388
0 0.5001710333218232 0.8314744475138122 0.49376133028314917 0.8004942161602209 0.45509862741712703 0.8147149804327808 0.4615083304558011 0.8456952117863721
0 0.5814456509965338 0.8367295818890814 0.5805240941832756 0.8072397638648181 0.5388280911503466 0.8095562084777587 0.5397496479636048 0.839046026502022
0 0.68212890625 0.810546875 0.63671875 0.810546875 0.63671875 0.841796875 0.68212890625 0.841796875
0 0.78662109375 0.8131510416666666 0.73583984375 0.8131510416666666 0.73583984375 0.8430989583333334 0.78662109375 0.8430989583333334
0 0.87508233235117 0.8416682797086487 0.873348312220406 0.8123826063890799 0.8316162277400206 0.8167754573870152 0.8333502478707846 0.846061130706584
0 0.9404296875 0.8138020833333336 0.9033203125 0.8138020833333335 0.9033203125 0.8417968750000001 0.9404296875 0.8417968750000003
0 0.7431640625 0.9420572916666666 0.69921875 0.9420572916666666 0.69921875 0.9798177083333334 0.7431640625 0.9798177083333334
0 0.5668599759615384 0.9744310897435896 0.5653680889423076 0.9386258012820511 0.5249924879807691 0.9416165865384615 0.5264843749999999 0.977421875
0 0.5034481635221725 0.9577357946840249 0.501913792336249 0.9219338003458097 0.46538407750203414 0.9247170167141308 0.4669184486879577 0.9605190110523459
0 0.3953272153253425 0.9290453767123288 0.3599716395547946 0.9240831906392694 0.35745130565068506 0.9560074200913241 0.39280688142123293 0.9609696061643835
0 0.3261588926329394 0.9526749446085673 0.325149874215288 0.9176956394633184 0.28479490745014774 0.9197651249384539 0.2858039258677991 0.9547444300837027
0 0.23009162633186075 0.953813263383576 0.2291424725506757 0.9145815737612613 0.1848337407419439 0.9164873256670133 0.1857828945231289 0.9557190152893279
0 0.1307513644543865 0.9200329515383925 0.08992311541307865 0.9162349748833871 0.08797577199946188 0.953450871232508 0.12880402104076974 0.9572488478875134