0 0.9863131265998293 0.15934966936860082 0.9472456271331058 0.15322143415813438 0.9442659449658702 0.18699116538680335 0.9833334444325937 0.19311940059726976
0 0.8932954093799681 0.17601723966613672 0.8915254868839427 0.1465185313990461 0.8499555966812401 0.15095265302066774 0.8517255191772655 0.18045136128775838
0 0.8085957566352739 0.16804098886986304 0.8077222014126713 0.1365930008561644 0.7711693332619863 0.1383980807648402 0.772042888484589 0.16984606877853883
0 0.7087026283618582 0.12728740067237176 0.6714070140586798 0.11982827781173609 0.6678935379737164 0.1510591763447434 0.7051891522768948 0.15851829920537908
0 0.62109375 0.10677083333333344 0.5830078125 0.10677083333333344 0.5830078125 0.1367187500000001 0.62109375 0.1367187500000001
0 0.556080104880137 0.11289419235159821 0.5377729023972604 0.08274115296803652 0.5112953499571917 0.11132009845890416 0.5296025524400685 0.14147313784246585
0 0.46273908943965514 0.10333602729885057 0.4515254579741379 0.06595725574712645 0.41591460129310354 0.08494971264367816 0.4271282327586208 0.12232848419540228
0 0.36669921875 0.05598958333333339 0.3271484375 0.05598958333333339 0.3271484375 0.09309895833333338 0.36669921875 0.09309895833333341
0 0.28369140625 0.04296875000000005 0.24609375 0.042968750000000035 0.24609375 0.07356770833333337 0.28369140625 0.07356770833333338
0 0.2106602636910609 0.053972505320890644 0.20519228112721022 0.021893674279633263 0.16811168498280943 0.03313021856581533 0.1735796675466601 0.0652090496070727
0 0.07557805992437529 0.2112925617419261 0.03651663024715039 0.19277455063568613 0.028159550019180205 0.22411360149057433 0.0672209796964051 0.2426316125968143
0 0.16437874433290156 0.22040290371329876 0.12224614434909324 0.20561953529792745 0.11584535905116577 0.2380501808074266 0.15797795903497408 0.25283354922279794
0 0.262797848657793 0.23478010980567124 0.22765089372025582 0.2242360233244101 0.22226818114217728 0.2561335793426532 0.25741513607971445 0.26667766582391433
0 0.3557453750324844 0.27156896981115736 0.34619800464527023 0.23800851632882883 0.3112097599402287 0.25570372054747054 0.3207571303274428 0.28926417402979904
0 0.4391300683667676 0.27406488534569773 0.4006205348694171 0.2669334902535958 0.3973677907361847 0.29815983393262685 0.4358773242335352 0.30529122902472877
0 0.50146484375 0.318359375 0.482953255348493 0.28997493945102265 0.4628012732104413 0.31333955642267675 0.4813128616119483 0.34172399197165415
0 0.5863459329044117 0.30122012867647063 0.554069393382353 0.28368719362745104 0.5443508731617647 0.3154932598039216 0.5766274126838234 0.3330261948529412
0 0.6455726937071918 0.32513823487442933 0.6074125107020548 0.3232537813926942 0.6065282534246575 0.3550870433789955 0.6446884364297946 0.3569714968607307
0 0.8032134433962264 0.35770440251572344 0.7702130011792453 0.33325963050314483 0.7566701061320755 0.3657625786163523 0.7896705483490566 0.39020735062893097
0 0.9132879849137931 0.36586296695402315 0.8736361799568966 0.34471533764367823 0.8636685075431034 0.37794091235632205 0.9033203125 0.3990885416666668
0 0.9774854706554879 0.6250079395325204 0.9752941596798781 0.5987122078252033 0.9394412157012195 0.6040237550813008 0.9416325266768293 0.6303194867886179
0 0.8488728925740645 0.612136851394664 0.8481663567112787 0.5829333690661817 0.8117564116099273 0.5844993882103258 0.8124629474727131 0.6137028705388081
0 0.9017488532110092 0.6399703746177371 0.89754873853211 0.607769495412844 0.8619821530963302 0.6160168195718655 0.8661822677752293 0.6482176987767585
0 0.7895306755514705 0.6107192095588236 0.7640021829044117 0.5890586703431373 0.7491440716911765 0.6201899509803922 0.7746725643382353 0.6418504901960785
0 0.7498511142418032 0.5823919911202186 0.719164638831967 0.5644915471311476 0.7097848360655736 0.593077612704918 0.7404713114754098 0.610978056693989
0 0.6745956906847134 0.5924578688959662 0.6738075985270701 0.5630357616772824 0.6326526423168789 0.5649955214968153 0.6334407344745222 0.5944176287154991
0 0.5656410412042175 0.5794176898353681 0.5648639098917869 0.5483324373381429 0.5247554800221975 0.5501150342212356 0.5255326113346281 0.581200286718461
0 0.4364153752561475 0.5498473787568307 0.43429015112704916 0.518677424863388 0.39634029200819676 0.5232774077868853 0.3984655161372951 0.5544473616803279
0 0.4804402540910885 0.5502298156545743 0.439313726094243 0.543649571175079 0.4360189828962935 0.5802578289300738 0.47714551089313895 0.5868380734095691
0 0.33585182045990575 0.5533620774371069 0.3348209021226416 0.521747248427673 0.29905291863207545 0.5238207547169812 0.3000838369693396 0.555435583726415
0 0.3094979174881703 0.5189438748685594 0.30729603090496843 0.4944784683885384 0.27776040639787064 0.499204168309674 0.2799622929810725 0.5236695747896951
0 0.23046607448630138 0.5331692351598174 0.228074165239726 0.5028717180365296 0.19010059931506845 0.5082013413242009 0.19249250856164382 0.5384988584474887
0 0.06474982847910765 0.494805498996695 0.05523871835162889 0.45957916519121816 0.020156471317280447 0.4764186437677054 0.0296675814447592 0.5116449775731823
0 0.2115384615384615 0.4979467147435897 0.20927734374999996 0.473828125 0.17051532451923074 0.4802884615384615 0.1727764423076923 0.5044070512820512
0 0.10066763436284046 0.61372203307393 0.09894820038910507 0.5770407749675746 0.056389834630350195 0.5805873054474707 0.0581092686040856 0.6172685635538262
0 0.18289465697835738 0.6341456541342952 0.18190454616398447 0.5945412215593785 0.14234888752081024 0.5962992508324085 0.14333899833518315 0.6359036834073252
0 0.2553710937500001 0.6087239583333334 0.21630859375000006 0.6087239583333334 0.21630859375000006 0.646484375 0.2553710937500001 0.646484375
0 0.35986328125 0.6360677083333334 0.31840820312500007 0.6176432291666667 0.3090332031250001 0.6551432291666668 0.35048828125000003 0.6735677083333335
0 0.47419232408825157 0.6639153268838159 0.4348177155832404 0.6386378004361544 0.42172655815005555 0.6748902364049739 0.46110116665506673 0.7001677628526354
0 0.587890625 0.67578125 0.5478515625 0.67578125 0.5478515625 0.7096354166666666 0.587890625 0.7096354166666666
0 0.6946852878970997 0.6910195816068142 0.6512457916091163 0.6879711959023943 0.6499684370683705 0.7203308442679558 0.6934079333563539 0.7233792299723758
0 0.7904716082317073 0.740460492886179 0.7895836509146341 0.7025743140243903 0.7504525533536586 0.7042047764227642 0.7513405106707317 0.7420909552845529
0 0.8849205191399385 0.7149862011203867 0.8485028043991653 0.7046862413957236 0.8430424641641037 0.7390083800161101 0.8794601789048769 0.7493083397407734
0 0.969287109375 0.7302734375000001 0.9298828124999999 0.7127604166666667 0.9217285156249999 0.7453776041666668 0.9611328124999999 0.7628906250000002
0 0.9657248507724719 0.9130515566479401 0.9628017468398877 0.8721281015917605 0.9204496576544944 0.8775061446629215 0.9233727615870786 0.9184295997191012
0 0.8895943594634197 0.9000458939638912 0.8826881599888845 0.8652591114254918 0.8432711922746565 0.8791709823834545 0.8501773917491917 0.9139577649218541
0 0.8232985276442308 0.899363982371795 0.8219165370475114 0.8606682456636502 0.7851927053874435 0.862999917515083 0.786574695984163 0.9016956542232278
0 0.7546478321268352 0.8698936242523111 0.7297717743168842 0.8385682181212618 0.7055464926590538 0.8727686157558457 0.7304225504690047 0.9040940218868951
0 0.63427734375 0.8411458333333334 0.5966796875 0.8411458333333334 0.5966796875 0.8763020833333334 0.63427734375 0.8763020833333334
0 0.48866498740554154 0.8375577246011754 0.47992020229848864 0.8006352985936186 0.4420863999527707 0.816565320633921 0.45083118505982367 0.8534877466414778
0 0.3867187500000001 0.787109375 0.3491210937500001 0.787109375 0.3491210937500001 0.8209635416666666 0.3867187500000001 0.8209635416666666
0 0.3180401141826923 0.8006059695512823 0.3130634014423077 0.7674278846153847 0.2757850060096154 0.7773687900641026 0.28076171875 0.8105468750000001
0 0.20482893318965517 0.7785650143678162 0.2027242726293103 0.7448904454022989 0.16211274245689652 0.7494028376436783 0.16421740301724136 0.7830774066091957
0 0.1081340285966982 0.7294627063679245 0.06736530807783025 0.7270993022798741 0.06623581220518875 0.7617371757075472 0.10700453272405669 0.7641005797955976
0 0.05181616312240678 0.9023124135546334 0.023517732105809264 0.8689347769709544 0.0037502431275934778 0.8987292531120333 0.03204867414419099 0.9321068896957123
0 0.1551352446933964 0.9104879127358491 0.12026919958726429 0.8846612126572327 0.1049067659198114 0.9215310534591197 0.13977281102594352 0.947357753537736
0 0.27113900533536583 0.9422954776422765 0.25122665777439024 0.9091082317073171 0.22562166539634146 0.9364202235772359 0.24553401295731705 0.9696074695121952
0 0.34852054345346717 0.9664761062956205 0.33649528113594884 0.932118213959854 0.3023334141195255 0.9533744867700729 0.31435867643704385 0.9877323791058394