0 0.8802248018643231 0.077268636388524 0.8431398088452693 0.07600077337932559 0.842617841963699 0.10314305122098129 0.8797028349827528 0.10441091423017972
0 0.7408916025265301 0.09802740159180652 0.7404252529615005 0.07004642769002963 0.6989960590449161 0.07127395936163211 0.6994624086099457 0.099254933263409
0 0.6201171875 0.061848958333333426 0.587890625 0.061848958333333426 0.587890625 0.09114583333333344 0.6201171875 0.09114583333333344
0 0.53759765625 0.0625000000000001 0.509765625 0.06250000000000008 0.509765625 0.08723958333333341 0.53759765625 0.08723958333333341
0 0.44851434426229514 0.05264899248633887 0.4160676549692623 0.04871606045081974 0.4141905737704918 0.07624658469945361 0.44663726306352464 0.08017951673497276
0 0.3373016103411118 0.07392032364744353 0.33679155674048755 0.046037393479984146 0.3016085993237218 0.047181554696789536 0.30211865292434603 0.07506448486424892
0 0.21484375 0.039062500000000035 0.17822265625 0.03906250000000003 0.17822265625 0.07031250000000004 0.21484375 0.07031250000000004
0 0.08902808931484503 0.053732709692767805 0.0885238771920881 0.030202810630777593 0.05598905230424144 0.031442232531266996 0.056493264426998376 0.0549721315932572
0 0.9194850706883315 0.2060983346127602 0.9171281265992834 0.18174324569259634 0.8870715919268167 0.18691426241044007 0.8894285360158649 0.21126935133060395
0 0.8167619468521897 0.1844747947080293 0.786663862910584 0.17984432025547456 0.7844355896441606 0.2055932557785889 0.8145336735857663 0.21022373023114363
0 0.5021225873161764 0.16568244485294126 0.4706083409926471 0.16245021446078442 0.4689625459558824 0.19097732843137263 0.5004767922794118 0.1942095588235295
0 0.33187349759615387 0.177353766025641 0.32952223557692306 0.15227363782051276 0.29863281249999996 0.15742187499999996 0.30098407451923076 0.1825020032051282
0 0.1906474076993491 0.15116986201518853 0.16433822594589098 0.14916535292921076 0.1633815284275834 0.171488295023054 0.18969071018104153 0.17349280410903178
0 0.06494140625000003 0.2545572916666667 0.025878906250000024 0.2545572916666667 0.025878906250000028 0.2845052083333333 0.06494140625000003 0.2845052083333333
0 0.20202665441176473 0.26702971813725496 0.16163924632352944 0.2635177696078432 0.1602040441176471 0.2928596813725491 0.2005914522058824 0.29637162990196086
0 0.3267047707804569 0.27651094543147214 0.2903736714784264 0.27305084073604063 0.28906993575507617 0.2973872409052454 0.32540103505710666 0.3008473456006769
0 0.44384765625 0.2747395833333334 0.40771484375 0.2747395833333334 0.40771484375 0.3040364583333334 0.44384765625 0.3040364583333334
0 0.5539116010273973 0.2857448630136987 0.5167627622003426 0.283910352454338 0.5160069295804794 0.3111203267694065 0.5531557684075343 0.3129548373287672
0 0.6734159851684326 0.3162740112288418 0.673000331117553 0.2885637411701986 0.6346074851309477 0.2895875503965081 0.6350231391818273 0.31729782045515126
0 0.8697760822415014 0.3259501888574126 0.8692764584808782 0.29797125826251175 0.8353136619157225 0.2990494422804532 0.8358132856763457 0.3270283728753541
0 0.95703125 0.3014322916666668 0.91943359375 0.3014322916666668 0.91943359375 0.33007812500000017 0.95703125 0.33007812500000017
0 0.9341791996253124 0.4148756244796005 0.8943261393500208 0.41379118746530685 0.8938400941923397 0.4455461377671386 0.9336931544676312 0.44663057478143225
0 0.80029296875 0.4088541666666668 0.7587890625 0.4088541666666668 0.7587890625 0.4381510416666668 0.80029296875 0.4381510416666668
0 0.72216796875 0.4049479166666668 0.685546875 0.4049479166666668 0.685546875 0.43359375000000017 0.72216796875 0.43359375000000017
0 0.6327867857803255 0.40389738966962535 0.5921198918269232 0.39992988782051286 0.5904773599297338 0.4298604690581855 0.6311442538831362 0.4338279709072979
0 0.5001831856726348 0.4287964883103374 0.49959384752792385 0.3981509047853702 0.45856763561514463 0.3995535103208498 0.45915697375985554 0.43019909384581695
0 0.4162389146959459 0.41905194256756745 0.41575327280405405 0.39120847409909915 0.3786299092060811 0.3923595861486487 0.37911555109797296 0.4202030546171171
0 0.3252912334958046 0.3933332819183943 0.2916489927813426 0.39233647478611394 0.29123373681206816 0.4172518329425799 0.32487597752653014 0.41824864007486023
0 0.24279364224137934 0.3887392241379311 0.20808189655172415 0.3848823635057472 0.20642847521551727 0.41133710488505754 0.24114022090517245 0.4151939655172414
0 0.17125391976643603 0.3830305651672434 0.13459396626297584 0.38174425100922726 0.13406614943771633 0.4084869701557094 0.17072610294117652 0.40977328431372545
0 0.09570312500000003 0.376953125 0.058105468750000035 0.376953125 0.05810546875000004 0.404296875 0.09570312500000003 0.404296875
0 0.1269060655522316 0.5433279599234585 0.09065544651520058 0.5371312729085813 0.08798032220245802 0.564952565761104 0.12423094123948905 0.571149252775981
0 0.24592814492796417 0.5485685694182019 0.20523957841284843 0.5473891906786333 0.20478612497047713 0.5752010018107385 0.24547469148559287 0.576380380550307
0 0.33715482463128194 0.5568867215950474 0.2988903604105973 0.5541289223719349 0.29787396724781506 0.5791999537205633 0.3361384314684997 0.5819577529436757
0 0.4377612051254326 0.5596822736447521 0.3990339127378893 0.5583234212802769 0.39844392030709347 0.5882163711072667 0.43717121269463677 0.5895752234717418
0 0.5255211556311882 0.5633637582508252 0.48921430228960405 0.5585228444719473 0.48718866027227736 0.5855314047029704 0.5234955136138615 0.5903723184818482
0 0.6045570035951328 0.5859317385693215 0.6031764207688053 0.5583200820427727 0.5645784361172567 0.5617510140117993 0.5659590189435841 0.589362670538348
0 0.7042938318873937 0.5901941690273843 0.7037687566395184 0.5607899551463644 0.663915047361898 0.5620551522662889 0.6644401226097733 0.5914593661473088
0 0.821077400311086 0.5659985388386125 0.7814406727234164 0.5648740926659126 0.7809848699095024 0.5934377356711916 0.820621597497172 0.5945621818438915
0 0.94970703125 0.5735677083333335 0.90869140625 0.5735677083333335 0.90869140625 0.6035156250000001 0.94970703125 0.6035156250000001
0 0.982175994655582 0.7131488766825019 0.9814534311906177 0.6852097560372131 0.9392252217562352 0.6871512829077595 0.9399477852211996 0.7150904035530483
0 0.8840172722522431 0.6853137532286571 0.8459623999541191 0.683864043807776 0.8454406638713297 0.7082117276712888 0.8834955361694536 0.7096614370921698
0 0.7474322334265175 0.689798405883919 0.7127889127396168 0.6764272996538873 0.7079841004392972 0.6985585563099042 0.7426274211261981 0.7119296625399362
0 0.6478364089439655 0.7012190193965516 0.6466965247844827 0.6753816451149425 0.6082553205818966 0.6783966415229884 0.6093952047413794 0.7042340158045977
0 0.5217874461206898 0.6767914870689656 0.48254583224955416 0.6755153370243758 0.4820465196752379 0.7028110910869998 0.5212881335463735 0.7040872411315896
0 0.43646455951143465 0.6743086235273735 0.4021630554833681 0.67283329002079 0.40153570036382547 0.6987639682952184 0.435837204391892 0.7002393018018019
0 0.2866210937500001 0.66796875 0.2543945312500001 0.66796875 0.2543945312500001 0.6901041666666666 0.2866210937500001 0.6901041666666666
0 0.12877478966346156 0.8558944310897437 0.1251314603365385 0.8316055689102565 0.08907376802884617 0.8412209535256411 0.09271709735576925 0.8655098157051283
0 0.3344726562500001 0.8515625 0.2993164062500001 0.8515625 0.2993164062500001 0.8717447916666666 0.3344726562500001 0.8717447916666666
0 0.5035906206837018 0.8576053176795582 0.4689671637603592 0.8551756014042358 0.46800813622237575 0.879470965699816 0.5026315931457184 0.8819006819751384
0 0.7304107363861386 0.8781327351485149 0.7286945003094059 0.8552495874587459 0.695046604269802 0.8597359735973599 0.6967628403465347 0.8826191212871288
0 0.83203125 0.861328125 0.79931640625 0.861328125 0.79931640625 0.8841145833333334 0.83203125 0.8841145833333334
0 0.9665536726556496 0.8700533844158342 0.9263768705563029 0.8690030105047403 0.92600681266814 0.894166946899821 0.9661836147674867 0.895217320810915
0 0.872412823932927 0.9560893038617887 0.841208555640244 0.9547891260162603 0.840598799542683 0.9808053861788619 0.871803067835366 0.9821055640243904
0 0.7159864288015465 0.9508564218213058 0.6827853173324743 0.9488442332474226 0.6819738643685567 0.9726468535223369 0.7151749758376289 0.9746590420962201
0 0.5893544175524756 0.9669937993362038 0.5880716937735467 0.9424795226722282 0.5524529168628901 0.9457928972685683 0.553735640641819 0.9703071739325438
0 0.4516601562500001 0.9407552083333334 0.4145507812500001 0.9407552083333334 0.4145507812500001 0.9654947916666666 0.4516601562500001 0.9654947916666666
0 0.2856445312500001 0.9329427083333334 0.2475585937500001 0.9329427083333334 0.2475585937500001 0.9596354166666666 0.2856445312500001 0.9596354166666666
0 0.12124352205423951 0.9276467035536159 0.08069547810162102 0.9249435006234412 0.07984311681733174 0.9476731348711556 0.12039116076995023 0.9503763378013302