0 0.9706911383122743 0.07439643501805056 0.9679045859657038 0.0400289560770157 0.9262409747292417 0.04603452166064986 0.9290275270758122 0.08040200060168473
0 0.8876434013255531 0.07631135883252381 0.8865719757656502 0.04559715944864184 0.8446704351895574 0.04819570460064759 0.8457418607494603 0.07890990398452957
0 0.7763671875 0.045572916666666796 0.734375 0.04557291666666679 0.734375 0.07942708333333345 0.7763671875 0.07942708333333347
0 0.63037109375 0.04231770833333343 0.587890625 0.042317708333333426 0.587890625 0.0781250000000001 0.63037109375 0.0781250000000001
0 0.5068704044117648 0.03911611519607852 0.4651999080882353 0.034842218137254986 0.46303710937500003 0.07233072916666675 0.5047076056985295 0.07660462622549029
0 0.42067358993902443 0.07048462906504065 0.41982517149390247 0.03428544207317072 0.3803739519817073 0.035929242886178846 0.38122237042682927 0.07212842987804878
0 0.3389400275735294 0.061602022058823556 0.33736764705882355 0.029455575980392164 0.2940946691176471 0.03321844362745097 0.29566704963235296 0.06536488970588236
0 0.2516795533065272 0.05832617634811577 0.2510271900374766 0.023533468665417456 0.2130260384134916 0.024800173719550275 0.21367840168254218 0.0595928814022486
0 0.15797750538793104 0.0504265445402299 0.1557886584051724 0.01540499281609195 0.11380320581896551 0.020070043103448273 0.11599205280172413 0.055091594827586216
0 0.08266970076650945 0.16466563482704405 0.039485369988207564 0.16216219536163523 0.038439711084905674 0.19422906839622645 0.08162404186320757 0.19673250786163524
0 0.17674706135321103 0.17495221712538225 0.1399230397075688 0.17346437786697247 0.13923183056192662 0.2038775802752294 0.17605585220756884 0.20536541953363918
0 0.3376997739530457 0.18129692787648058 0.2938040331535533 0.17711638113367179 0.2919277442893401 0.21214043993231815 0.3358234850888325 0.21632098667512697
0 0.4895894823390517 0.22230036060781297 0.48886741338184275 0.1876410506617836 0.45030938283057054 0.18906912586738625 0.4510314517877795 0.22372843581341562
0 0.6317428054922377 0.22800031060046 0.630598749768975 0.19367863890257928 0.5911692567151307 0.19601520145391818 0.5923133124383934 0.23033687315179893
0 0.7971024035056657 0.2301825129839471 0.7965410875531161 0.1987488196411709 0.7571289062500001 0.19999999999999998 0.7576902222025497 0.2314336933427762
0 0.8939259786526457 0.19715066698870407 0.8489832021960464 0.1956891132827984 0.8483428047896849 0.23069750483055898 0.8932855812462842 0.23215905853646465
0 0.8944221922588832 0.3892402971658206 0.8926772684010152 0.3566683851522843 0.8559297668147208 0.3601681472081218 0.8576746906725887 0.39274005922165817
0 0.79296875 0.36132812500000017 0.76123046875 0.36132812500000017 0.76123046875 0.3938802083333335 0.79296875 0.3938802083333335
0 0.5395602231526243 0.39021315319981587 0.5381034724620166 0.3533088023710866 0.5008147013121548 0.3559255582412523 0.5022714520027625 0.3928299090699816
0 0.30357003503052166 0.34482880711246766 0.26829022440344064 0.3432608155290418 0.26763990531354054 0.36927357912504627 0.30291971594062156 0.37084157070847207
0 0.12245519301470592 0.32731311274509806 0.08571346507352945 0.32354473039215687 0.08399299172794121 0.3533662683823529 0.1207347196691177 0.35713465073529416
0 0.04931640625000004 0.4459635416666667 0.009277343750000042 0.4459635416666667 0.009277343750000043 0.4752604166666667 0.04931640625000004 0.4752604166666667
0 0.16384958946481426 0.46321325564507293 0.12023263446440319 0.45898373273594223 0.11888516447097998 0.48368734928203444 0.16250211947139104 0.48791687219116525
0 0.3003710937500001 0.4654166666666668 0.25990234375000004 0.45770833333333344 0.25618164062500004 0.4924348958333335 0.2966503906250001 0.5001432291666669
0 0.39001115382835644 0.4697734786319514 0.3455235743922755 0.46845532813014157 0.3449340699808737 0.5038255928142482 0.3894216494169547 0.505143743316058
0 0.5424102685702875 0.48411083932374877 0.5022206656849042 0.4819673938365283 0.5013587634784346 0.5106974673855166 0.5415483663638179 0.512840912872737
0 0.6891727258663367 0.4829053217821783 0.6469678217821784 0.4772780012376239 0.6442605198019804 0.5133753609735975 0.6864654238861387 0.519002681518152
0 0.8690787452203205 0.4826461595654286 0.8290642212536417 0.47976222991017253 0.8274994452157685 0.5183600388443798 0.8675139691824473 0.521243968499636
0 0.99951171875 0.4811197916666668 0.96533203125 0.4811197916666668 0.96533203125 0.5195312500000001 0.99951171875 0.5195312500000001
0 0.99951171875 0.7415364583333336 0.96533203125 0.7415364583333336 0.96533203125 0.7766927083333336 0.99951171875 0.7766927083333336
0 0.8856961025280898 0.7736920646067414 0.8833918539325842 0.7375921699438203 0.8400410375702247 0.742511411516854 0.8423452861657303 0.7786113061797751
0 0.7434415206968004 0.7750367434464147 0.7427650045778721 0.7425639697378567 0.7046542200751735 0.7439754802749935 0.7053307361941018 0.7764482539835517
0 0.65771484375 0.740234375 0.61962890625 0.740234375 0.61962890625 0.7727864583333334 0.65771484375 0.7727864583333334
0 0.5656232324660634 0.7686392345399696 0.5651349512160634 0.7380402762066365 0.5261732006504524 0.7391455740950227 0.5266614819004524 0.7697445324283558
0 0.4857327086307096 0.7671357777664493 0.4850468845585236 0.7351306543977706 0.4458907906810767 0.7366223151169113 0.44657661475326266 0.76862743848559
0 0.4016887694468454 0.7347705767430136 0.36320528576058786 0.7332614205200231 0.36259799386884195 0.7607919862791704 0.4010814775550995 0.762301142502161
0 0.3026754127358492 0.7244644261006291 0.26370780512971703 0.7222054343553461 0.2627809920400944 0.750627702437107 0.3017485996462265 0.75288669418239
0 0.20185948988970598 0.7098874080882354 0.16529296875000005 0.7048437499999999 0.16305089613970591 0.733741574754902 0.19961741727941185 0.7387852328431374
0 0.10980246836307356 0.7266900529558145 0.10868863232884195 0.6992154307781014 0.06676614848871085 0.7022368710548678 0.06787998452294246 0.7297114932325807
0 0.0695476700774337 0.8662080567846607 0.029037610619469106 0.8626071626106194 0.02784931554203548 0.886373064159292 0.06835937500000008 0.8899739583333331
0 0.16162109375000006 0.869140625 0.11914062500000008 0.869140625 0.11914062500000008 0.8977864583333334 0.16162109375000006 0.8977864583333334
0 0.27137042864088173 0.8840718182800346 0.23182513369706143 0.8825210223998848 0.23124231917134835 0.9089419475655433 0.27078761411516866 0.910492743445693
0 0.3823242187500001 0.8971354166666666 0.3437500000000001 0.8971354166666666 0.3437500000000001 0.9225260416666666 0.3823242187500001 0.9225260416666666
0 0.4666450444799271 0.9046257223236008 0.4298528740875914 0.9032998783454986 0.4292858263001826 0.9312742358576642 0.4660779966925183 0.9326000798357664
0 0.5670365967901584 0.9136232678167421 0.5260914522058824 0.9124617034313726 0.5257103277007918 0.936345505750377 0.5666554722850679 0.9375070701357466
0 0.6599435501296457 0.9408784392106022 0.6592645142340103 0.9100954786084703 0.6158450430801642 0.9117982029674446 0.6165240789757995 0.9425811635695766
0 0.7626953125 0.9108072916666666 0.72119140625 0.9108072916666666 0.72119140625 0.939453125 0.7626953125 0.939453125
0 0.8935546875 0.9108072916666666 0.84765625 0.9108072916666666 0.84765625 0.9407552083333334 0.8935546875 0.9407552083333334
0 0.988707111791237 0.9408773625429555 0.9877647793170102 0.9132356099656359 0.9463242992912371 0.915747154209622 0.9472666317654639 0.9433889067869417