0 0.03686554538216561 0.09506369426751594 0.03596673467356689 0.06150809447983014 0.005888609673566881 0.06294038614649682 0.006787420382165604 0.09649598593418261
0 0.09296588023984444 0.07903657087294727 0.0923518359712619 0.051199897363872086 0.06058359104904927 0.05244571089023336 0.06119763531763181 0.08028238439930854
0 0.21887749955164992 0.07326320390961262 0.2154938576040172 0.03987793669296987 0.17692454268292684 0.046827362804878044 0.18030818463055956 0.0802126300215208
0 0.3076171875 0.03971354166666671 0.271484375 0.03971354166666671 0.271484375 0.07291666666666671 0.3076171875 0.07291666666666673
0 0.3788184691011236 0.06387523408239702 0.3765822507022472 0.032568176498127356 0.3381473841292136 0.03744879447565543 0.34038360252808997 0.06875585205992508
0 0.4609864680336676 0.0477610882282713 0.4554880573961318 0.021368717168099367 0.41655427337034384 0.03578863717765044 0.42205268400787965 0.062181008237822376
0 0.535789695945946 0.048036317567567564 0.531883445945946 0.01678631756756756 0.49237225506756754 0.0255665822072072 0.49627850506756754 0.0568165822072072
0 0.6122866955603888 0.037574499957352424 0.6093939914918116 0.007683224582053912 0.5693599267528148 0.01457080561241895 0.572252630821392 0.04446208098771746
0 0.9781134328199456 0.06298174424211482 0.9748526846494214 0.0299394961141366 0.9337898602365555 0.03714350039709552 0.9370506084070797 0.07018574852507374
0 0.8668925974628713 0.08070338283828386 0.86474609375 0.05208333333333335 0.8263120745668316 0.05720786922442245 0.8284585782797029 0.08582791872937295
0 0.7864759290540542 0.09519284909909913 0.7826356630067569 0.06447072072072073 0.7483504011824326 0.0720896677927928 0.7521906672297298 0.1028117961711712
0 0.6759977757471078 0.10937248955655532 0.6697373574068123 0.07717605237789205 0.629305410507712 0.09115252784918597 0.6355658288480076 0.12334896502784924
0 0.58580078125 0.12763020833333333 0.5825 0.0968229166666667 0.5430566406249999 0.10433593750000003 0.5463574218749999 0.13514322916666666
0 0.47378523178522103 0.13927795522559858 0.47251866799033154 0.10719167242173111 0.43556306111878457 0.10978504834254142 0.43682962491367405 0.14187133114640887
0 0.37464368665540543 0.1468890765765766 0.3708562077702703 0.1165892454954955 0.3315825591216216 0.125316722972973 0.33537003800675674 0.15561655405405408
0 0.220660480349345 0.1616829284934498 0.21809753684497818 0.13605349344978165 0.18777719022925762 0.14144377729257643 0.19034013373362446 0.1670732123362446
0 0.1196022518382353 0.1711130514705883 0.1177734375 0.13372395833333334 0.07862270220588236 0.13712837009803922 0.08045151654411765 0.17451746323529416
0 0.14662213583771222 0.25713198514551333 0.14054013300828616 0.22649671163433038 0.10174052331750202 0.24019069152519543 0.10782252614692805 0.2708259650363784
0 0.24552311220889203 0.2535235275523406 0.24310582712155962 0.21935923165137614 0.20077180828775582 0.22468426546694895 0.20318909337508823 0.2588485613679134
0 0.3637998383620689 0.2500359195402299 0.3625420932112069 0.221527029454023 0.32289870689655176 0.22463631465517242 0.3241564520474138 0.2531452047413793
0 0.47204716105968136 0.24249295355812986 0.4701659550191352 0.21176658822920977 0.43157981711574267 0.21596643997379672 0.4334610231562888 0.24669280530271684
0 0.566320872728389 0.22892620333988214 0.561366113089391 0.199858280124427 0.5206344394646365 0.21220121152586777 0.5255891991036346 0.24126913474132292
0 0.6355019673813869 0.22552273418491484 0.6327946795164233 0.19423851885644772 0.5967474053375912 0.19978425334549885 0.5994546932025546 0.2310684686739659
0 0.711723724447051 0.21748666499106348 0.709649118213807 0.1877506423145666 0.6693118507037534 0.19275371425379806 0.6713864569369974 0.22248973693029495
0 0.8193830818965516 0.20062410201149428 0.8175208782327585 0.17082884339080465 0.7779599946120689 0.17522449712643684 0.779822198275862 0.20501975574712647
0 0.9305233747037304 0.18383876279541086 0.9277850950638912 0.14805857550151139 0.886482056368508 0.1536780365485023 0.8892203360083472 0.18945822384240177
0 0.911158220409292 0.33785121681415936 0.9094332480641593 0.3073767053834809 0.868420907079646 0.3115037334070797 0.8701458794247787 0.3419782448377582
0 0.8062923288182593 0.35184691410693975 0.8034193019411262 0.3192859428327645 0.7621137078711604 0.3257652517064846 0.7649867347482935 0.35832622298065986
0 0.6778247718473452 0.3735045630530973 0.6760036988384956 0.3413322732300885 0.6333241150442478 0.34562707411504423 0.6351451880530974 0.377799363938053
0 0.5641544018089255 0.3726023162189486 0.5631262185875217 0.3397004531340266 0.5241923472703639 0.3418634459849798 0.5252205304917678 0.37476530906990185
0 0.4533776939142232 0.37791580390010154 0.4510450631902133 0.3461920260535669 0.40862762846296646 0.35173678876301095 0.4109602591869764 0.3834605666095456
0 0.3923500104966411 0.4046790027191299 0.3914401766434741 0.3737446517114524 0.35461720999280233 0.37567003558861173 0.35552704384596934 0.4066043865962892
0 0.32381905074668144 0.35955648506637167 0.2898554168971239 0.3565374953908554 0.2883235965154867 0.3871739030235988 0.32228723036504425 0.390192892699115
0 0.29150390625 0.3821614583333333 0.26123046875 0.3821614583333333 0.26123046875 0.4140625 0.29150390625 0.4140625
0 0.2333797840589888 0.3945956226591761 0.2312159849016854 0.36430243445692884 0.2017676878511236 0.3680419007490637 0.20393148700842698 0.3983350889513109
0 0.21240234375000006 0.3932291666666667 0.17919921875000006 0.3932291666666667 0.17919921875000006 0.4225260416666667 0.21240234375000006 0.4225260416666667
0 0.06851508833784346 0.4353034797391064 0.06794752745108243 0.39822283513738554 0.029379407134679437 0.3992723077990563 0.029946968021440465 0.43635295240077715
0 0.06601628782522626 0.5424664757730016 0.06466854319852941 0.5047296262254902 0.02581041430995475 0.5071968090120663 0.027158158936651588 0.5449336585595778
0 0.2197525608361065 0.5232132643510816 0.2133260971297837 0.4820838966306156 0.17181325395174707 0.49361524195784806 0.17823971765806987 0.5347446096783139
0 0.3536311636073128 0.48001201446690445 0.31334215452214625 0.4787018027893381 0.31272585185047563 0.5123930155073326 0.35301486093564216 0.513703227184899
0 0.45408951910187667 0.499501857126899 0.45202538538873993 0.4699159405719393 0.4126675603217158 0.47479753127792684 0.41473169403485255 0.5043834478328865
0 0.5642029494382023 0.4873829588014981 0.5620984023876405 0.457919300093633 0.5250921699438204 0.46261850421348316 0.5271967169943821 0.4920821629213483
0 0.6400837651718159 0.47258071931483814 0.6338968168742118 0.44473945197562004 0.6012453942701765 0.45763877942412784 0.6074323425677806 0.48548004676334594
0 0.7518618841240876 0.4640064248783455 0.7490091811131387 0.4310418567518248 0.7075501824817518 0.43742016423357666 0.7104028854927008 0.4703847323600973
0 0.8635905461356466 0.4424401123817035 0.8591076005520504 0.41330096608832806 0.8212859818611987 0.4236453404311251 0.825768927444795 0.45278448672450056
0 0.9730197032724477 0.4327664039414736 0.9714067135669858 0.4010442730673911 0.9274565140656276 0.40501717245734437 0.9290695037710894 0.43673930333142685
0 0.93505859375 0.5169270833333335 0.89697265625 0.5169270833333335 0.89697265625 0.5559895833333335 0.93505859375 0.5559895833333335
0 0.7978963028386619 0.570972124945067 0.7964638073191332 0.5359555678010327 0.7538438066496373 0.5390552042133597 0.755276302169166 0.574071761357394
0 0.6806640625 0.5494791666666669 0.6357421875 0.5494791666666669 0.6357421875 0.5891927083333335 0.6806640625 0.5891927083333335
0 0.5482503765681743 0.5999096408330583 0.5473054096855399 0.5652608551364587 0.5009444832762464 0.5675086576290306 0.5018894501588809 0.60215744332563
0 0.4098762215137338 0.6128996252138044 0.4058461694461214 0.5746141305714861 0.35640714019581954 0.5838658787352853 0.36043719226343196 0.6221513733776035
0 0.24400390625 0.6308854166666666 0.239775390625 0.5914192708333333 0.19499999999999998 0.5999479166666667 0.199228515625 0.6394140625
0 0.12500000000000006 0.6048177083333334 0.08056640625000006 0.6048177083333334 0.08056640625000006 0.6451822916666666 0.12500000000000006 0.6451822916666666
0 0.99365234375 0.5891927083333335 0.9541015625 0.5891927083333335 0.9541015625 0.6302083333333335 0.99365234375 0.6302083333333335
0 0.9107943997524753 0.6034705033003301 0.8776299504950495 0.5990485767326734 0.874888807240099 0.6355971534653467 0.9080532564975248 0.6400190800330035
0 0.8191492312682084 0.615608024550862 0.7856480875591771 0.6131935277069679 0.7842568594091407 0.6475104887411994 0.8177580031181719 0.6499249855850936
0 0.733212214070154 0.6507427979939352 0.7299078586970784 0.6173845437514579 0.690129679846046 0.6243895060648472 0.6934340352191216 0.6577477603073244
0 0.6368721004562714 0.660340621427405 0.634722801705659 0.6281011401682182 0.593748803818594 0.6329573176955741 0.5958981025692064 0.6651967989547609
0 0.5483624232297687 0.6902998554913294 0.5446537436777455 0.6581579660404625 0.5072649476156069 0.6658274626685935 0.5109736271676301 0.6979693521194604
0 0.4632673306702489 0.6856779671003017 0.462033371040724 0.6511270974736049 0.42514714720022634 0.6534690799396682 0.4263811068297512 0.6880199495663649
0 0.35903704353932586 0.6977425678838952 0.35653528792134837 0.6627179892322098 0.3211650719803371 0.6672094452247191 0.3236668275983146 0.7022340238764045
0 0.21484949448529414 0.7253599877450982 0.21326401654411767 0.6978783700980394 0.16733685661764708 0.7025888480392158 0.16892233455882355 0.7300704656862748
0 0.05975457221525788 0.7385556575334288 0.05893148952363897 0.7169726002865328 0.021381262311962745 0.7195183784025786 0.022204345003581663 0.7411014356494746
0 0.11186960420719844 0.9054317647535667 0.11026606578307394 0.8712229450389105 0.06779889652237353 0.8747618758106356 0.06940243494649805 0.9089706955252917
0 0.30732758620689654 0.7186736709770116 0.3053374191810344 0.6868309985632184 0.27288860452586206 0.6904364224137932 0.2748787715517242 0.7222790948275865
0 0.13378906250000006 0.3776041666666667 0.09667968750000003 0.3776041666666667 0.09667968750000003 0.41015625 0.13378906250000006 0.41015625
0 0.9621364860234795 0.8101107821334989 0.9600888158745344 0.7766655030340641 0.9184043041477037 0.781202592745828 0.9204519742966487 0.8146478718452629
0 0.8440983601827917 0.82262336133678 0.8432285415897341 0.792469650110783 0.8011296101827918 0.7946285696701132 0.8019994287758494 0.8247822808961103
0 0.7554042709102659 0.8123480582225505 0.7545308461041359 0.7820693316100443 0.7189952224889217 0.7838916712826194 0.7198686472950516 0.8141703978951256
0 0.7072975237889275 0.8042171280276819 0.6710099480968859 0.8029438797577857 0.6703236510596886 0.8377162629757788 0.7066112267517303 0.838989511245675
0 0.49195636094674555 0.8638436883629191 0.4902046158468935 0.8319229998767259 0.44964433478180477 0.8358801004684419 0.4513960798816568 0.867800788954635
0 0.416649070945946 0.8729061092342342 0.4122017525337838 0.8373275619369368 0.37427417652027023 0.8457559121621622 0.3787214949324324 0.8813344594594595
0 0.3461914062500001 0.8307291666666666 0.3090820312500001 0.8307291666666666 0.3090820312500001 0.8639322916666666 0.3461914062500001 0.8639322916666666
0 0.26114377598752603 0.8933268905925157 0.25993901052494806 0.8539712188149688 0.21918062142671518 0.8561893624393625 0.22038538688929316 0.8955450342169092
0 0.1508789062500001 0.9427083333333334 0.10498046875000008 0.9427083333333334 0.10498046875000008 0.9856770833333334 0.1508789062500001 0.9856770833333334
0 0.3445962574294205 0.9671366162085192 0.34409259495728084 0.9281867183630511 0.2957755328287519 0.9292974554234771 0.2962791953008916 0.9682473532689451
0 0.5259728064903846 0.9407301682692308 0.5206580528846154 0.9052984775641025 0.4761493389423077 0.917167467948718 0.4814640925480769 0.9525991586538461
0 0.6729004388582482 0.9180519255570189 0.6669987793772637 0.8794228816814839 0.6272005615636319 0.8902322741740752 0.6331022210446164 0.9288613180496103
0 0.80908203125 0.8697916666666666 0.765625 0.8697916666666666 0.765625 0.9055989583333334 0.80908203125 0.9055989583333334
0 0.9569268429315156 0.8887677561900674 0.9544456026594031 0.8570078807070273 0.9108210588637828 0.8630668451230856 0.9133022991358953 0.8948267206061257
0 0.9747483915441177 0.9554564950980394 0.9410638786764707 0.9508103553921571 0.938334099264706 0.9859941789215688 0.9720186121323531 0.9906403186274512
0 0.848606418918919 0.9971846846846848 0.8442778716216217 0.9625563063063063 0.8055584881756757 0.9711606137387387 0.8098870354729729 1.0057889921171173