0 0.06494140625 0.03385416666666668 0.022460937500000003 0.03385416666666667 0.022460937500000007 0.068359375 0.06494140625 0.06835937500000001
0 0.18379170185810811 0.06278153153153153 0.17898807010135134 0.02435247747747747 0.139476879222973 0.03313274211711712 0.14428051097972977 0.07156179617117116
0 0.2667560964808691 0.06416558415997481 0.26620577099078885 0.0304122874350496 0.22662062322862542 0.03155968302235869 0.22717094871870572 0.06531297974728391
0 0.3609218063801236 0.06063582669160702 0.3583777880001626 0.02756358775211452 0.3146297576447625 0.03354622438191283 0.31717377602472346 0.06661846332140532
0 0.44287109375 0.02929687500000007 0.40087890625 0.029296875000000066 0.40087890625 0.06380208333333341 0.44287109375 0.06380208333333341
0 0.576957057466443 0.057522371364653234 0.5728148594798658 0.020242589485458595 0.5341488831795302 0.02788031319910513 0.5382910811661075 0.06516009507829977
0 0.6586738712879835 0.05749848929558012 0.6574288889848067 0.02595893761510129 0.6140919047824587 0.029000129488950283 0.6153368870856355 0.060539681169429115
0 0.7202959168632076 0.06107999213836477 0.7191240418632077 0.02514249213836479 0.6804107090212265 0.02738674331761007 0.6815825840212264 0.06332424331761005
0 0.802734375 0.02539062500000013 0.763671875 0.025390625000000125 0.763671875 0.05989583333333346 0.802734375 0.05989583333333346
0 0.9692137108302837 0.05577455493290636 0.967434812442818 0.016638790408661175 0.9186969278934127 0.020577205321744434 0.9204758262808784 0.059712969845989616
0 0.9375940318420712 0.170125821870404 0.9362459041655853 0.132977414785016 0.895797511679211 0.13558698849381437 0.8971456393556969 0.17273539557920237
0 0.8168550295619024 0.1665344054234514 0.814789078654045 0.1323773504135436 0.769202868554536 0.13727909343499617 0.7712688194623933 0.17143614844490399
0 0.7115863185975609 0.17416730182926832 0.7107807736280487 0.1397973831300813 0.6607502858231707 0.14188198678861788 0.661555830792683 0.1762519054878049
0 0.62548828125 0.1386718750000001 0.580078125 0.1386718750000001 0.580078125 0.17187500000000008 0.62548828125 0.17187500000000008
0 0.1883653492647059 0.14333272058823535 0.1462867647058824 0.13967371323529418 0.14457720588235298 0.17462469362745103 0.1866557904411765 0.17828370098039223
0 0.28466796875 0.14062500000000003 0.240234375 0.14062500000000003 0.240234375 0.17382812500000008 0.28466796875 0.17382812500000008
0 0.3663559461235216 0.13633975991020594 0.3212633972568988 0.13479813430792822 0.3205710773242444 0.1707987708059571 0.36566362619086723 0.1723403964082348
0 0.09085920215707967 0.1391961651917404 0.050413958794247794 0.1356010324483776 0.04837009126106196 0.1764783831120944 0.08881533462389382 0.18007351585545725
0 0.22119140625 0.2890625 0.17919921875 0.2890625 0.17919921875000003 0.3235677083333333 0.22119140625000003 0.3235677083333333
0 0.09113438183024564 0.29653809542395226 0.04504587648313908 0.2952839864349153 0.044575077409450485 0.32604285924923676 0.09066358275655705 0.3272969682382737
0 0.3042323600113122 0.3153810803167421 0.30337952488687786 0.29150169683257926 0.27076189550339375 0.293572657428356 0.2716147306278281 0.31745204091251883
0 0.39866139599271966 0.32398063456317877 0.39806514337055776 0.28820547723346496 0.35713483503516785 0.2894182271100691 0.35773108765732975 0.3251933844397829
0 0.52294921875 0.28971354166666674 0.48388671875 0.28971354166666674 0.48388671875 0.32226562500000006 0.52294921875 0.32226562500000006
0 0.6329280511238365 0.28977063939245484 0.5888750822972809 0.284549546790789 0.5862741054476973 0.323564199534542 0.6303270742742529 0.3287852921362079
0 0.74755859375 0.28906250000000017 0.71044921875 0.28906250000000017 0.71044921875 0.32226562500000017 0.74755859375 0.32226562500000017
0 0.89794921875 0.2864583333333335 0.8525390625 0.2864583333333335 0.8525390625 0.3216145833333335 0.89794921875 0.3216145833333335
0 0.8889803898164121 0.40480705550763946 0.8442337088775259 0.40215540034089065 0.8431594419972893 0.43438340674798764 0.8879061229361755 0.43703506191473646
0 0.7713276821315335 0.4372615516109403 0.7708530997790162 0.4049899516397643 0.7291641645849347 0.4060798584422239 0.729638746937452 0.4383514584133999
0 0.639311568233945 0.4080514143730889 0.5962935421444954 0.4063133123088687 0.5955037808199541 0.4410628105886852 0.6385218069094037 0.4428009126529054
0 0.43660084794207316 0.44233517530487804 0.4331352419969512 0.4007479039634147 0.38779654153963417 0.40746474847560976 0.3912621474847561 0.4490520198170731
0 0.33012297579072786 0.44609668363662625 0.3289289292677643 0.4078871949017909 0.28983257961438474 0.4100592143269786 0.2910266261373483 0.448268703061814
0 0.20451061320754724 0.4158411949685535 0.1649073186910378 0.41354535180817614 0.16379993366745288 0.44750515919811334 0.2034032281839623 0.4498010023584907
0 0.08348173253676475 0.4104051776960786 0.040467026654411806 0.40599341299019615 0.03824965533088239 0.44442784926470597 0.08126436121323533 0.44883961397058836
0 0.996907377307047 0.5737776146532438 0.9960296507969799 0.5380834032438478 0.9487172294463088 0.5401517058165548 0.9495949559563759 0.5758459172259508
0 0.8567675285532995 0.5750251163282573 0.8549011540291879 0.5401861252115059 0.8121852197017767 0.5442543094331641 0.8140515942258884 0.5790933005499154
0 0.728515625 0.5436197916666669 0.68896484375 0.5436197916666669 0.68896484375 0.5813802083333335 0.728515625 0.5813802083333335
0 0.6121738079896908 0.5781921176975945 0.611024081829897 0.5444668170103092 0.5586863724226804 0.5476387993986254 0.5598360985824742 0.5813641000859107
0 0.4896643835813676 0.5433380655639516 0.4384713431279949 0.5394001393752306 0.43652811693697025 0.5843102557900235 0.48772115739034294 0.5882481819787445
0 0.36984544398554464 0.5849691721519531 0.36926918640294265 0.5511620606393047 0.32775343233737736 0.5524201137928068 0.32832968991997935 0.5862272253054551
0 0.2404397644733459 0.5922620004142384 0.23988419180665066 0.5522607684121814 0.19662284131813507 0.553328949905725 0.1971784139848303 0.593330181907782
0 0.1456621158331365 0.5908441460990396 0.14512240013875766 0.5577415835104708 0.099956499837624 0.5590507400409385 0.10049621553200283 0.5921533026295072
0 0.058335977157360434 0.5594992597292724 0.01218472398477162 0.555103902284264 0.010177070114213246 0.5925801078680203 0.05632832328680206 0.5969754653130288
0 0.996965294471154 0.6492574118589746 0.9529393028846154 0.6482275641025643 0.9524849759615385 0.6827564102564104 0.9965109675480771 0.6837862580128206
0 0.8668862976921023 0.6732389218694413 0.8641231052394609 0.6415543150791533 0.8190386435265474 0.6485441541044111 0.8218018359791889 0.6802287608946993
0 0.6337890625 0.6464843750000001 0.5927734375 0.6464843750000001 0.5927734375 0.6790364583333334 0.6337890625 0.6790364583333334
0 0.5322265625 0.6497395833333335 0.4892578125000001 0.6497395833333335 0.4892578125000001 0.681640625 0.5322265625 0.681640625
0 0.70361328125 0.6484375000000001 0.66259765625 0.6484375000000001 0.66259765625 0.6829427083333334 0.70361328125 0.6829427083333334
0 0.4257812500000001 0.6510416666666666 0.3857421875000001 0.6510416666666666 0.3857421875000001 0.6822916666666666 0.4257812500000001 0.6822916666666666
0 0.308664834272097 0.6923788633737725 0.3075164847811958 0.6556316796649336 0.26409414942590986 0.6580440316291162 0.26524249891681106 0.694791215337955
0 0.11659208363070962 0.6955211944331158 0.11583855334930669 0.6603564479676455 0.07519093150999184 0.6619049287996194 0.07594446179139479 0.6970696752650899
0 0.08935546875000008 0.876953125 0.04882812500000008 0.876953125 0.04882812500000008 0.912109375 0.08935546875000008 0.912109375
0 0.20404312721855983 0.9035084939148074 0.20073014388945232 0.8711148791413117 0.15486340010141986 0.8794542871027722 0.15817638343052737 0.9118479018762679
0 0.3163505659813777 0.9057568906558999 0.31499676839568225 0.8726640607833445 0.27545709176211275 0.8755396736294222 0.2768108893478082 0.9086325035019777
0 0.39368692457507076 0.9045406928706328 0.39310403018767703 0.8718986071765817 0.3499504802584986 0.8732685611425874 0.35053337464589235 0.9059106468366385
0 0.4686443182973964 0.8716065313940874 0.4282905944873882 0.8685319619609441 0.42684045082384064 0.9023686474437213 0.4671941746338488 0.9054432168768646
0 0.5336002572268498 0.873600308263923 0.49023628889025006 0.8684608749795851 0.4877491885105342 0.9057673806753227 0.5311131568471339 0.9109068139596603
0 0.6095072318412162 0.8791374577702702 0.5638832875844595 0.8777227618243243 0.5633097550675676 0.9106052927927929 0.6089336993243244 0.9120199887387388
0 0.6869319218142024 0.9091049570363164 0.6851763892266537 0.8716535951686123 0.6436515837791827 0.8751139956225682 0.6454071163667314 0.9125653574902722
0 0.7870745471923714 0.8732298555345617 0.7462162239460323 0.87204555631003 0.7456202302048891 0.9085998391001419 0.7864785534512282 0.9097841383246733
0 0.89990234375 0.8697916666666666 0.85791015625 0.8697916666666666 0.85791015625 0.9075520833333334 0.89990234375 0.9075520833333334
0 0.9999711009559955 0.8730588849923139 0.9642445639772291 0.8721248578817579 0.9637198774380286 0.9078035425473995 0.9994464144167949 0.9087375696579555
0 0.5185546875 0.13476562500000008 0.47509765625 0.13476562500000008 0.47509765625 0.17382812500000008 0.5185546875 0.17382812500000008