0 0.862853805353367 0.02974819894003476 0.8595603689716168 -0.004754467916395555 0.8161845061402082 0.0026062845640858847 0.8194779425219584 0.0371089514205162
0 0.7812066304555895 0.040517124489535476 0.7792116314127104 0.002612142674834108 0.7359078890696784 0.0066639548238897435 0.7379028881125574 0.04456893663859111
0 0.6268840144230768 0.058888221153846156 0.6255303485576922 0.026400240384615387 0.5845327524038461 0.029437099358974362 0.5858864182692307 0.061925080128205134
0 0.4370703996652853 0.08576171667463606 0.43669932459356076 0.05805477798586759 0.3991136535702901 0.05894967491499309 0.3994847286420147 0.08665661360376155
0 0.33447265625 0.06705729166666673 0.28662109375 0.06705729166666673 0.28662109375 0.0983072916666667 0.33447265625 0.0983072916666667
0 0.24775420173033283 0.10108342788703983 0.24200193835098338 0.06804478693898135 0.19619184947049928 0.08222410016389307 0.20194411284984873 0.11526274111195156
0 0.161345082175203 0.11548771601082658 0.16082233760149908 0.08760800541328338 0.11246388975640226 0.08921995367478659 0.1129866343301062 0.1170996642723298
0 0.13821852795246653 0.26963270275236856 0.13566306711450507 0.23839929251061742 0.08892700633983994 0.24519726498693237 0.09148246717780138 0.2764306752286835
0 0.2686639728299856 0.2561564069225251 0.2655097600206241 0.22503484053682454 0.21960501759774032 0.23330596529770445 0.22275923040710188 0.2644275316834051
0 0.41827373324132494 0.2390657860147213 0.4154087391561514 0.20723251840168247 0.36996931683753936 0.21450282597266038 0.3728343109227129 0.24633609358569922
0 0.5009467892530488 0.24443438770325202 0.49832674352134143 0.21299383892276424 0.45561404344512196 0.21932164634146342 0.4582340891768293 0.2507621951219512
0 0.6047580832301981 0.23010777640264027 0.6029886680074258 0.20651557343234325 0.5618956915222771 0.2119946369636964 0.5636651067450494 0.2355868399339934
0 0.6963479146251838 0.2212603860444227 0.6942589034174425 0.1899252179283031 0.6498291374479422 0.1951909679691328 0.6519181486556835 0.22652613608525238
0 0.806640625 0.18164062500000014 0.7578125 0.18164062500000014 0.7578125 0.21419270833333348 0.806640625 0.21419270833333348
0 0.92578125 0.16731770833333348 0.8798828125 0.16731770833333348 0.8798828125 0.19856770833333348 0.92578125 0.19856770833333348
0 0.8977302173576732 0.4059992522689769 0.8877750812190595 0.37638910375412543 0.8543795443997524 0.39634965449669973 0.8643346805383663 0.4259598030115512
0 0.7904223964225114 0.42219168316365013 0.7893408865950228 0.39190940799396684 0.7418295743778281 0.3949259992458522 0.7429110842053168 0.4252082744155355
0 0.6601337139423078 0.4064903846153847 0.6182466947115385 0.39950921474358986 0.6149714543269231 0.4344451121794872 0.6568584735576924 0.44142628205128215
0 0.6033353365384615 0.4179987980769231 0.6004131610576923 0.3868289262820513 0.5612905649038461 0.393349358974359 0.5642127403846153 0.42451923076923076
0 0.5272544302591463 0.448146913109756 0.524854706554878 0.4193502286585366 0.48605421112804875 0.42509845020325204 0.488453934832317 0.4538951346544715
0 0.47940413678278687 0.429047131147541 0.47741499103483603 0.3998729935109289 0.441710425204918 0.4042008196721312 0.4436995709528688 0.43337495730874326
0 0.39097043701799483 0.46747569890745505 0.3893994015102828 0.436753226756641 0.3435697501606684 0.44091955869751503 0.3451407856683804 0.47164203084832906
0 0.24669239520323105 0.4864725874766401 0.24403919389938034 0.44543640731041595 0.19822028760327529 0.45070294826399127 0.20087348890712597 0.49173912843021544
0 0.1488731971153846 0.48173076923076924 0.14256310096153846 0.45088141025641026 0.09773512620192307 0.4671824919871795 0.10404522235576923 0.49803185096153846
0 0.12650250040167096 0.6926229782562127 0.12232010162275064 0.6711134988217653 0.08429441476542418 0.684258180698372 0.0884768135443445 0.7057676601328193
0 0.2160439674851925 0.6957109657782166 0.2155412257835637 0.665546463680487 0.17159591328356366 0.6668485470138202 0.17209865498519247 0.6970130491115499
0 0.3244958826013514 0.6806024774774776 0.32085356841216217 0.651463963963964 0.28268845016891897 0.6599451013513514 0.28633076435810817 0.689083614864865
0 0.4815750234875555 0.6624199754599968 0.4805950918709956 0.6330220269632003 0.4382308576423115 0.6355325001026778 0.4392107892588714 0.6649304485994744
0 0.8438073426379004 0.5522292964116252 0.8402333324065837 0.5228429900652433 0.8031361209964413 0.5308640087485174 0.8067101312277579 0.5602503150948992
0 0.8911583533653845 0.6174078525641026 0.885186298076923 0.5882111378205127 0.8437049278846152 0.6032952724358974 0.8496769831730767 0.6324919871794873
0 0.8841646634615385 0.731670673076923 0.8799015925480769 0.7032502003205127 0.8377403846153846 0.7144931891025639 0.8420034555288463 0.7429136618589745
0 0.7577172214074629 0.7435752708921431 0.7555411479468066 0.7128200993148669 0.7107142069513055 0.7184587082451186 0.7128902804119618 0.7492138798223947
0 0.5994444151182432 0.7549004082207206 0.5958377322635136 0.7244439752252251 0.5603581608952702 0.7319133586711711 0.5639648437499999 0.7623697916666666
0 0.4873487128586066 0.7643175802595628 0.4852475025614754 0.7334998292349727 0.4440397669057377 0.738494706284153 0.4461409772028689 0.7693124573087431
0 0.2944335937500001 0.763671875 0.2529296875000001 0.763671875 0.2529296875000001 0.7955729166666666 0.2944335937500001 0.7955729166666666
0 0.6239134085124434 0.6430129383484161 0.6143263044400452 0.6099906909879337 0.5742859162895927 0.630656697775264 0.5838730203619908 0.6636789451357465
0 0.9597997125589623 0.8830766018081762 0.9588434183372642 0.8537502456761007 0.9180958873820754 0.856112421383648 0.9190521816037736 0.8854387775157234
0 0.7653236564414243 0.8913049546962736 0.7590885366816617 0.8589747040900969 0.7153170762346861 0.8739820619576313 0.7215521959944488 0.906312312563808
0 0.585739315257353 0.913882506127451 0.5838034237132353 0.8803270526960784 0.5450080422794118 0.8843060661764706 0.5469439338235295 0.9178615196078432
0 0.26671116409205553 0.9490635837011351 0.2641139758039092 0.9167430183375368 0.22465001379255994 0.922380727196301 0.2272472020807062 0.9547012925598993
0 0.16416074721066562 0.9561664775592535 0.15735288034228437 0.9183449949571355 0.12054711138426624 0.9301228410237014 0.1273549782526475 0.9679443236258195
0 0.055449273357409165 0.9634415530832557 0.0501933102283318 0.9314052063917369 0.014545593546132357 0.9418024570907116 0.01980155667520972 0.9738388037822306