0 0.8571630938512965 0.09102659879794706 0.8548423729993921 0.05492649665721233 0.8093894822477714 0.060121112743111826 0.8117102030996757 0.09622121488384655
0 0.7713960510878839 0.09307451649601824 0.7687230028796928 0.06277997013651877 0.7227145771117747 0.06999697810011375 0.7253876253199658 0.10029152445961322
0 0.6778267525337838 0.1023015202702703 0.6734586148648648 0.06735641891891896 0.6307801942567567 0.07684051238738743 0.6351483319256757 0.11178561373873878
0 0.6073146913109757 0.10024453760162605 0.6025700266768294 0.07072217987804875 0.5632550495426829 0.08195503048780488 0.5679997141768293 0.11147738821138216
0 0.52685546875 0.09114583333333341 0.49072265625 0.09114583333333341 0.49072265625 0.12434895833333341 0.52685546875 0.12434895833333341
0 0.3868584034974093 0.12853721394645942 0.38517648963730566 0.09377766083765111 0.3425270199158031 0.0974464324265976 0.3442089337759067 0.13220598553540588
0 0.3015829807820263 0.11436131380115927 0.25570256359785304 0.11089864080612732 0.2543739118501597 0.1421957708629052 0.3002543290343329 0.14565844385793714
0 0.2176507346988342 0.1462533058074266 0.21087045620142486 0.111899894753886 0.16818506112370465 0.1268772263601036 0.174965339621114 0.1612306374136442
0 0.08460897842639593 0.1646540556260575 0.08261619606598984 0.12745545156514385 0.03629144194162437 0.1318673329103215 0.03828422430203046 0.16906593697123518
0 0.11048256478658536 0.2619886941056911 0.10793397484756098 0.2314056148373984 0.06672184641768292 0.23751111534552846 0.06927043635670731 0.2680941946138211
0 0.19169386772260277 0.2305311786529681 0.1520962649828767 0.21073237728310504 0.14194269049657532 0.24683397545662103 0.1815402932363014 0.26663277682648406
0 0.3020718523080913 0.23513139695712307 0.29541826050311204 0.20186343793222683 0.252688585969917 0.21705621109958506 0.25934217777489627 0.2503241701244813
0 0.41748046875 0.19531250000000008 0.373046875 0.19531250000000008 0.373046875 0.23046875000000008 0.41748046875 0.23046875000000008
0 0.5867012793864679 0.18855420967125383 0.5606364678899083 0.16409833715596334 0.5440138510607798 0.19559382167431197 0.5700786625573394 0.2200496941896025
0 0.77685546875 0.16341145833333345 0.73876953125 0.16341145833333345 0.73876953125 0.19661458333333348 0.77685546875 0.19661458333333348
0 0.9563428925304878 0.08065612296747969 0.9556307164634146 0.05026994410569106 0.908328887195122 0.05224085365853658 0.9090410632621951 0.0826270325203252
0 0.9365840517241377 0.18195941091954024 0.9342032596982757 0.1438667385057472 0.8904397898706895 0.14872934626436787 0.8928205818965516 0.18682201867816092
0 0.53662109375 0.28906250000000006 0.4970703125 0.28906250000000006 0.4970703125 0.31835937500000006 0.53662109375 0.31835937500000006
0 0.29774036974009904 0.3455226382013201 0.2955310179455446 0.31606461427392735 0.2606261602722772 0.3207185952970297 0.26283551206683164 0.35017661922442245
0 0.04101562500000004 0.4453125 0.0024414062500000416 0.4453125 0.0024414062500000434 0.4772135416666667 0.04101562500000004 0.4772135416666667
0 0.14826798349056602 0.46211920204402507 0.14329857016509434 0.42678115172955966 0.09309220224056601 0.43933274371069175 0.09806161556603771 0.47467079402515716
0 0.24655344893292686 0.4516450711382114 0.24100847942073172 0.4171430386178861 0.1939238757621951 0.4305957825203251 0.19946884527439024 0.46509781504065045
0 0.34578929227941174 0.4171262254901961 0.3092897164875566 0.3997454751131222 0.2990159254807693 0.4381009615384616 0.3355155012726244 0.4554817119155355
0 0.4117444861236461 0.4354411101083034 0.4090693394629963 0.4024476346269556 0.37024939361462084 0.40804330249699167 0.37292454027527067 0.4410367779783395
0 0.51416015625 0.39648437500000017 0.470703125 0.39648437500000017 0.470703125 0.43164062500000017 0.51416015625 0.43164062500000017
0 0.6077148437500001 0.403125 0.5960937500000001 0.3721354166666666 0.5546875 0.3997395833333332 0.5663085937500001 0.4307291666666668
0 0.6699823375938087 0.4003649742026267 0.6628257651266417 0.3703755276735459 0.6251172607879925 0.38637307496873047 0.6322738332551594 0.4163625214978112
0 0.7415092900555131 0.38088729102858615 0.7131485990141655 0.35854250414752437 0.6983147193242727 0.3920138224221543 0.7266754103656203 0.41435860930321616
0 0.8196872618140245 0.39809610010162605 0.8166087080792683 0.3611534552845528 0.7703053544207316 0.36801321138211374 0.7733839081554877 0.404955856199187
0 0.9104717548076923 0.383573717948718 0.9080979567307692 0.3582532051282051 0.8714393028846154 0.36436298076923074 0.8738131009615384 0.3896834935897436
0 0.9930950189092357 0.38609424761146505 0.9921744376990447 0.3517258824309979 0.9548162569665606 0.353504843418259 0.9557368381767516 0.3878732085987262
0 0.9684378816294487 0.5374065007850665 0.9267830273028611 0.5253978941323566 0.9210776670446615 0.5605809490579206 0.9627325213712491 0.5725895557106305
0 0.8760153574486301 0.5659210901826484 0.8732756314212329 0.5312178938356165 0.8288460509417808 0.5374536244292237 0.831585776969178 0.5721568207762556
0 0.7757135115606935 0.5711599831406553 0.771376840227601 0.53729264511079 0.7285720736994219 0.5470368196050096 0.7329087450325144 0.5809041576348749
0 0.6729266826923077 0.5834835737179487 0.67001953125 0.5524739583333332 0.6247671274038461 0.5600160256410256 0.6276742788461538 0.591025641025641
0 0.57275390625 0.5618489583333335 0.52880859375 0.5618489583333335 0.52880859375 0.5983072916666669 0.57275390625 0.5983072916666669
0 0.46214712870489694 0.579688171176976 0.4187656048646907 0.5740905551975944 0.41626026900773194 0.6086085158934708 0.45964179284793816 0.6142061318728522
0 0.356273143966763 0.6095104768786127 0.3527563899927746 0.5790319424373795 0.3108178287572254 0.5876347242292871 0.31433458273121384 0.6181132586705202
0 0.23794450431034483 0.6186691810344828 0.23398450451757294 0.5901571825265252 0.185114286306366 0.6022239030725022 0.1890742860991379 0.6307359015804598
0 0.14013671875000003 0.6276041666666667 0.13433478860294118 0.5966605392156863 0.09171070772058823 0.6108685661764706 0.09751263786764708 0.641812193627451
0 0.06086872616876658 0.6363017034151194 0.05651369777851459 0.604945499005305 0.010965605313328922 0.6161919415893015 0.015320633703580916 0.6475481459991158
0 0.05090412164934355 0.7666478619620715 0.04592942252461707 0.7318249680889862 0.003657301353938741 0.7425607448942378 0.00863200047866522 0.7773836387673231
0 0.18738443047337278 0.7476770525147929 0.17705540403106507 0.7146241678994083 0.12810015255177512 0.7418215298323472 0.1384291789940828 0.7748744144477318
0 0.2695312500000001 0.71484375 0.22509765625000006 0.71484375 0.22509765625000006 0.7467447916666666 0.2695312500000001 0.7467447916666666
0 0.3666992187500001 0.7096354166666666 0.3261718750000001 0.7096354166666666 0.3261718750000001 0.744140625 0.3666992187500001 0.744140625
0 0.4977067166526845 0.7288721686241609 0.49459744651845633 0.7008887374161074 0.46092177013422814 0.7075407228747204 0.4640310402684563 0.7355241540827739
0 0.6232494322482968 0.7124914245836488 0.6204809034348978 0.685913547975019 0.5842867323523846 0.6926161722495584 0.5870552611657835 0.7191940488581882
0 0.7738499433488486 0.7021501918993959 0.7720164364894659 0.674647589008656 0.7347135193379472 0.679068675485873 0.7365470261973298 0.7065712783766128
0 0.8735595578626976 0.6972915205889851 0.8707483924815145 0.664307180116437 0.826881264740566 0.6709537146226414 0.8296924301217491 0.7039380550951896
0 0.9607669588414632 0.6991037855691057 0.959967606707317 0.6649980945121952 0.9126505335365853 0.6669696392276423 0.9134498856707316 0.7010753302845528
0 0.989482555650685 0.7971175799086757 0.9864886558219178 0.7591948487442922 0.9421861622431507 0.7654127425799087 0.9451800620719177 0.803335473744292
0 0.8894208800117925 0.7983601120283019 0.8883033608490566 0.7640895243710691 0.8433391067216981 0.7666961477987421 0.844456625884434 0.8009667354559747
0 0.8032915900735293 0.7907781862745097 0.7980181525735293 0.7591375612745096 0.7553653492647059 0.7717754289215684 0.760638786764706 0.8034160539215686
0 0.6696753171410892 0.8059573535478548 0.6671323870668318 0.7720516192244226 0.6239605894183169 0.7778078589108911 0.6265035194925743 0.8117135932343235
0 0.5774789589011396 0.8095506328460523 0.5701939381503963 0.7774218233812357 0.5258399502137017 0.7953009503014536 0.533124970964445 0.8274297597662703
0 0.4662898651541096 0.8259346461187214 0.4637454516267123 0.7937054081050228 0.41875668878424654 0.8000196204337899 0.4213011023116438 0.8322488584474885
0 0.35811175144440976 0.8278090353685198 0.3576573235477826 0.8035728808817407 0.32096150843222987 0.8047960747189258 0.321415936328857 0.8290322292057049
0 0.26686052389705883 0.8394957107843138 0.26508134191176475 0.803121323529412 0.22142784926470593 0.8069172794117648 0.22320703125000002 0.8432916666666667
0 0.07789212740384614 0.9187399839743589 0.07470703124999999 0.884765625 0.02470703124999999 0.8930989583333333 0.027892127403846147 0.9270733173076922
0 0.17943504269965932 0.913331618250063 0.17602520580999242 0.8805971841092606 0.12889294331945494 0.8893253808667675 0.13230278020912187 0.92205981500757
0 0.2768554687500001 0.8802083333333334 0.23046875000000006 0.8802083333333334 0.23046875000000008 0.9088541666666666 0.2768554687500001 0.9088541666666666
0 0.4065851320486447 0.9021187530251694 0.40424535258349464 0.8688418895208132 0.35463257426790895 0.8750434868102613 0.356972353733059 0.9083203503146176
0 0.5123221190415821 0.8859496492562543 0.5094253137677484 0.8622924061866125 0.4681642605856997 0.871274404158215 0.47106106585953345 0.8949316472278568
0 0.6273136409736307 0.8789590728532793 0.6242116189148073 0.8486281905003382 0.5767542469574036 0.8572568035835025 0.5798562690162271 0.8875876859364437
0 0.724609375 0.841796875 0.677734375 0.841796875 0.677734375 0.873046875 0.724609375 0.873046875
0 0.8254101562500001 0.8417447916666668 0.8083007812500002 0.8113281250000002 0.7684570312500002 0.8511718750000002 0.7855664062500002 0.8815885416666669
0 0.8998962803597517 0.8571270277879233 0.8925174910975164 0.8284317362125639 0.8515218396183345 0.84717260546019 0.8589006288805697 0.8758678970355493
0 0.9661466180990839 0.8514871624879463 0.9532394188464319 0.8158387074091934 0.9159478212391513 0.8398424943747994 0.9288550204918031 0.8754909494535522