0 0.04618110820928981 0.09380464266499283 0.042832493611011484 0.060764978628646577 0.005740632285688666 0.0674481968854615 0.009089246883967 0.10048786092180774
0 0.103515625 0.07812500000000001 0.0673828125 0.07812500000000001 0.0673828125 0.11263020833333333 0.103515625 0.11263020833333333
0 0.2143497837160414 0.10697212564683052 0.21094665922137776 0.07157963090232859 0.17236801877829885 0.0781742702943079 0.1757711432729625 0.11356676503880984
0 0.30126953125 0.06705729166666671 0.26611328125 0.0670572916666667 0.26611328125 0.10742187500000004 0.30126953125 0.10742187500000004
0 0.3829059421904316 0.10820361358661663 0.38013015947467177 0.06564161194496561 0.3423511154432458 0.07002179096310195 0.34512689815900566 0.11258379260475299
0 0.44323857360966745 0.07443395919958419 0.44235946433212064 0.03809744239431739 0.4101349321075884 0.03948344378031879 0.4110140413851352 0.07581996058558559
0 0.50439453125 0.05338541666666674 0.46875 0.05338541666666674 0.46875 0.09244791666666674 0.50439453125 0.09244791666666674
0 0.6337890625 0.04231770833333343 0.59765625 0.042317708333333426 0.59765625 0.0781250000000001 0.6337890625 0.07812500000000011
0 0.76171875 0.022786458333333454 0.72509765625 0.022786458333333454 0.72509765625 0.06119791666666679 0.76171875 0.061197916666666796
0 0.6766344201263539 0.04025881844163659 0.6704736151850181 0.002472548134777375 0.6346131472811372 0.012866886657641427 0.6407739522224729 0.050653156964500644
0 0.82177734375 1.3179304420511554e-16 0.78857421875 1.290822374882529e-16 0.78857421875 0.035807291666666796 0.82177734375 0.0358072916666668
0 0.8859625236883174 0.11881587829468887 0.8853682836652794 0.08633075703527547 0.8448888390866529 0.08764716173701942 0.8454830791096909 0.12013228299643282
0 0.9541015625 1.5288152587012043e-16 0.9150390625 1.4969234149734087e-16 0.9150390625 0.02929687500000015 0.9541015625 0.029296875000000153
0 0.7085463648415158 0.13467377164760092 0.7041266980457579 0.09695928165713376 0.6628820602955195 0.10555191452176672 0.6673017270912774 0.14326640451223388
0 0.5360570447198275 0.15648572198275862 0.5345383216594827 0.12206133261494251 0.4960398706896551 0.12508081896551723 0.49755859374999994 0.15950520833333334
0 0.2690649710246967 0.17192803112362798 0.2679690884965338 0.13685979022241482 0.23204106639948002 0.13885579145002888 0.23313694892764295 0.17392403235124207
0 0.07290913217406708 0.17748927334278067 0.0724107024238309 0.14691891532829474 0.03232689426369863 0.14808076484018265 0.032825324013934815 0.17865112285466858
0 0.06005859375000003 0.23372395833333334 0.02050781250000002 0.23372395833333334 0.020507812500000024 0.2649739583333333 0.06005859375000003 0.2649739583333333
0 0.14939049030172413 0.2600395114942529 0.14728246228448275 0.2263110632183908 0.10699420797413792 0.23078753591954027 0.1091022359913793 0.26451598419540234
0 0.23779296875 0.22656250000000003 0.19970703125 0.2265625 0.19970703125 0.26171875000000006 0.23779296875 0.26171875000000006
0 0.370673994880603 0.25716597463091423 0.3675303912086446 0.2211193191924582 0.32786861326040556 0.22726843205265027 0.33101221693236393 0.2633150874911063
0 0.46923828125 0.21744791666666674 0.4326171875 0.21744791666666674 0.4326171875 0.25455729166666674 0.46923828125 0.25455729166666674
0 0.5881546503817874 0.23345440940799403 0.5756769654977375 0.1983320371417798 0.5423456942873301 0.21938336632730016 0.5548233791713799 0.2545057385935144
0 0.67919921875 0.20117187500000008 0.642578125 0.20117187500000008 0.642578125 0.23632812500000008 0.67919921875 0.23632812500000008
0 0.7852759163019692 0.22805120578045227 0.7797926353938729 0.18966823942377828 0.7403027557439823 0.19969741520787745 0.7457860366520787 0.23808038156455147
0 0.8984011116226169 0.22214286359041013 0.8972087575823223 0.18398753430098205 0.8560001895580588 0.18627689919121893 0.8571925435983534 0.224432228480647
0 0.9832659141418724 0.21049433811078858 0.9810410099555517 0.17390702482462506 0.9412503401669087 0.1782087188558297 0.9434752443532294 0.21479603214199325
0 0.966796875 0.2649739583333335 0.92822265625 0.2649739583333335 0.92822265625 0.30468750000000017 0.966796875 0.30468750000000017
0 0.8987246032007375 0.3031658873375484 0.8924217103530031 0.2671493567790657 0.8585404455347735 0.27769019472251494 0.8648433383825079 0.3137067252809976
0 0.8331822486997849 0.3097940205045433 0.8298564018785868 0.2769789985353898 0.7915203691041965 0.28388639182807274 0.7948462159253946 0.3167014137972262
0 0.7540760184001614 0.3187826572030858 0.7523036993743272 0.2849116713760316 0.7170239336652315 0.2881935100466451 0.7187962526910657 0.32206449587369934
0 0.6859978353901275 0.3241275212314226 0.6850293590764333 0.28797107218683654 0.6495869824840764 0.2896588044055202 0.6505554587977707 0.3258152534501062
0 0.6256142180429864 0.3342553968702866 0.6241891438065611 0.2943533182503771 0.5923370775593892 0.29637567166289597 0.5937621517958146 0.33627775028280543
0 0.5519525605130058 0.3386018786127168 0.5476060106575145 0.30093177986512526 0.5077955653901735 0.3090980250481696 0.5121421152456648 0.3467681237957611
0 0.4560546875 0.31250000000000006 0.41943359375 0.31250000000000006 0.41943359375 0.3528645833333333 0.4560546875 0.3528645833333334
0 0.3525380116795194 0.31784890976207564 0.3134114116302009 0.31079907191535155 0.309593430550574 0.34846981856767106 0.3487200305998925 0.35551965641439515
0 0.2666015625 0.3138020833333334 0.22753906250000006 0.3138020833333334 0.22753906250000006 0.3502604166666667 0.2666015625 0.3502604166666667
0 0.16049395764948549 0.35083683574343505 0.15892359108853799 0.31384597897445 0.11794712562100781 0.3169385424059617 0.11951749218195529 0.3539293991749468
0 0.05685768314131324 0.31408937007205 0.013324581973898885 0.3124309662180533 0.01251967462785484 0.3499933090334421 0.0560527757952692 0.3516517128874388
0 0.9482421875 0.45507812500000017 0.91455078125 0.45507812500000017 0.91455078125 0.4876302083333335 0.9482421875 0.4876302083333335
0 0.8926807684456651 0.4576196617676169 0.8565235998738124 0.4559572632125892 0.8556235850282067 0.49075783724267635 0.8917807536000594 0.49242023579770405
0 0.8269491242750495 0.49455162316962814 0.8264044472636971 0.46187100248848306 0.788662668512463 0.4629892774144455 0.7892073455238154 0.49566989809559064
0 0.7607421875 0.47265625000000017 0.7275390625 0.47265625000000017 0.7275390625 0.5052083333333335 0.7607421875 0.5052083333333335
0 0.6980711651332487 0.5150367491539763 0.6961477831535533 0.4791336188663282 0.6624885985088833 0.4823392554991539 0.6644119804885787 0.518242385786802
0 0.6318077570061044 0.5255654885775064 0.6308832200332963 0.4885840096651868 0.5953757977247502 0.4901621173233444 0.5963003346975583 0.5271435962356641
0 0.5650676492580796 0.5304561256991921 0.5630929779754507 0.495350858452455 0.5276114094546303 0.498899015304537 0.5295860807372592 0.5340042825512742
0 0.4841037722399635 0.5354475555048662 0.4833332145301095 0.49743337515206815 0.4418727902600365 0.4989274444951339 0.44264334796989047 0.5369416248479318
0 0.3887746330550764 0.5294499291522918 0.38773742645699855 0.49833373120995567 0.3447450926410794 0.5008814250657139 0.34578229923915726 0.53199762300805
0 0.31396484375 0.4993489583333333 0.271484375 0.4993489583333333 0.271484375 0.529296875 0.31396484375 0.529296875
0 0.24004192073170735 0.49779471544715453 0.19633765243902443 0.4959737042682928 0.19558117378048784 0.5282501270325204 0.23928544207317076 0.5300711382113822
0 0.16277677112009636 0.5288497039171828 0.16086934897625602 0.49663546326565716 0.11711961781658638 0.5012406981245697 0.11902703996042671 0.5334549387760954
0 0.07177734375000006 0.5013020833333334 0.03125000000000004 0.5013020833333334 0.03125000000000005 0.5338541666666666 0.07177734375000006 0.5338541666666666
0 0.07012120077054795 0.6545715610730592 0.06936001712328768 0.6271689497716896 0.02879789169520548 0.629172017694064 0.02955907534246575 0.6565746289954337
0 0.16845703125000006 0.6217447916666666 0.12841796875000006 0.6217447916666666 0.12841796875000006 0.6484375 0.16845703125000006 0.6484375
0 0.2484595293105774 0.64789713190322 0.24734910449271447 0.6160649537911494 0.2069998924885321 0.6185672305045872 0.20811031730639504 0.6503994086166577
0 0.3230416820531758 0.6473460195100936 0.32207016825147716 0.6136668743845396 0.279371162989291 0.6158565669620876 0.2803426767909896 0.6495357120876416
0 0.41540778082770274 0.6233913992117117 0.3728821790540541 0.6220727759009009 0.37224662162162164 0.6585114020270271 0.4147722233952703 0.6598300253378379
0 0.526195032176287 0.625458065197608 0.4868316412343995 0.617060541796672 0.4819747282078784 0.6575348170176808 0.521338119149766 0.6659323404186169
0 0.6269132381722261 0.6604031051452235 0.6225954890656911 0.6166499141990015 0.5869133977195371 0.6229099302246426 0.5912311468260721 0.6666631211708646
0 0.7163151377255155 0.6450554392182131 0.7133778994845361 0.6045868234536083 0.6731329534471648 0.6097797197164949 0.6760701916881442 0.6502483354810997
0 0.8033593749999999 0.6262760416666667 0.7992089843749999 0.5875390624999999 0.7595605468749999 0.5950911458333331 0.7637109374999999 0.633828125
0 0.87060546875 0.5852864583333335 0.82958984375 0.5852864583333335 0.82958984375 0.6250000000000001 0.87060546875 0.6250000000000001
0 0.9539162022292993 0.583091991772824 0.9105145302547771 0.5810252454883229 0.9094732782643313 0.619898653131635 0.9528749502388535 0.621965399416136
0 0.9310657619201032 0.7603522336769761 0.8917958682345363 0.7579722401202752 0.8905474790592786 0.7945916559278353 0.9298173727448454 0.7969716494845364
0 0.8219687037265548 0.8018461819266207 0.821384019465696 0.7667651262750906 0.7815816263573544 0.7679444564412637 0.7821663106182133 0.8030255120927938
0 0.7351396570796462 0.8136391500737464 0.7331982853982303 0.779341583702065 0.6873307867809735 0.7839571810471977 0.6892721584623893 0.8182547474188792
0 0.6573051440337857 0.7930878685854381 0.6144759779268539 0.792151711949221 0.6140788722461042 0.8244496406501883 0.656908038353036 0.8253857972864055
0 0.5807390818598347 0.8310938441103078 0.5801857636648167 0.7986325100025812 0.5386921927432886 0.7998898909395972 0.5392455109383066 0.8323512250473238
0 0.43636574355544755 0.7898224708171208 0.39678646339980556 0.7865241974708171 0.39519432453793785 0.8204898265239948 0.43477360469357984 0.8237880998702983
0 0.3472114458476029 0.7932318421803654 0.3111956870719178 0.771404109589041 0.29930637307363017 0.806279430650685 0.33532213184931514 0.8281071632420093
0 0.315069140625 0.8242911458333335 0.27958867187500014 0.7983484375000002 0.2657097656250001 0.832093229166667 0.30119023437500003 0.8580359375000003
0 0.16259765625000006 0.80078125 0.12695312500000006 0.80078125 0.12695312500000006 0.841796875 0.16259765625000006 0.841796875
0 0.1073056756519363 0.8232297847699356 0.10654931244144286 0.7828904135436185 0.06624247296611493 0.7842339748594628 0.06699883617660837 0.8245733460857797
0 0.981665273063099 0.8787356895633653 0.9331491488618212 0.8761481629392972 0.9319955259085464 0.9146022613817891 0.9805116501098242 0.9171897880058574
0 0.88623046875 0.8854166666666666 0.84130859375 0.8854166666666666 0.84130859375 0.9251302083333334 0.88623046875 0.9251302083333334
0 0.8409064797794118 0.9431678921568626 0.8346162683823529 0.9096200980392156 0.8007238051470588 0.9209175857843137 0.8070140165441176 0.9544653799019608
0 0.78076171875 0.896484375 0.7412109375 0.896484375 0.7412109375 0.9361979166666666 0.78076171875 0.9361979166666666
0 0.6869895699097938 0.9414075923539519 0.6856666800902061 0.9026028243127148 0.6464189352448454 0.9049814755154638 0.647741825064433 0.9437862435567009
0 0.5774580792682926 0.945121951219512 0.574415253429878 0.9086080411585366 0.5349716558689024 0.9144515370934959 0.538014481707317 0.9509654471544714
0 0.4907226562500001 0.9388020833333334 0.4628906250000001 0.9388020833333334 0.4628906250000001 0.970703125 0.4907226562500001 0.970703125
0 0.4507251917469576 0.9129373732251523 0.41664454709685605 0.9056082023326574 0.4116032660370183 0.9472827924273158 0.4456839106871198 0.9546119633198108
0 0.3793945312500001 0.9348958333333334 0.3432617187500001 0.9348958333333334 0.3432617187500001 0.9739583333333334 0.3793945312500001 0.9739583333333334
0 0.3300781250000001 0.9114583333333334 0.2861328125000001 0.9114583333333334 0.2861328125000001 0.9518229166666666 0.3300781250000001 0.9518229166666666
0 0.2451171875000001 0.9114583333333334 0.2065429687500001 0.9114583333333334 0.2065429687500001 0.9498697916666666 0.2451171875000001 0.9498697916666666
0 0.17597927047227035 0.9503470717793183 0.17471583215987868 0.9099170457827847 0.13685837982019064 0.912020237579434 0.1381218181325823 0.9524502635759676
0 0.1280999139908257 0.9495412844036698 0.09627427967316521 0.9266921110474007 0.08169303684059642 0.962798045680428 0.11351867115825692 0.9856472190366973
0 0.0662102416122328 0.948150175673001 0.06530442770190024 0.9131253711401425 0.027297357482185276 0.9148728226444972 0.02820317139251782 0.9498976271773557