0 0.14216667988578682 0.04348760046531305 0.10670308534263959 0.0401101152707276 0.10502012611040609 0.07152535427241964 0.14048372065355333 0.07490283946700509
0 0.35302734375 0.04622395833333339 0.31232330678501946 0.04283195525291833 0.31072546814202334 0.07691917963683531 0.3514295051070039 0.08031118271725037
0 0.451171875 0.05338541666666674 0.41357421875 0.05338541666666674 0.41357421875 0.08333333333333341 0.451171875 0.08333333333333341
0 0.5496888543567519 0.055844643400243386 0.5120527058622263 0.05448838579683707 0.511409742814781 0.08620789613746967 0.5490458913093066 0.08756415374087599
0 0.6589999450468933 0.07785252417936694 0.6568275800483587 0.05410133352872215 0.6250967403648887 0.05926081965611565 0.6272691053634233 0.08301201030676043
0 0.7545294260700389 0.051809743839170024 0.717199659533074 0.048698929961089606 0.7156208201605059 0.0823808365758756 0.7529505866974708 0.08549165045395601
0 0.862109375 0.076953125 0.858447265625 0.04277343749999999 0.818662109375 0.0503515625 0.82232421875 0.08453125
0 0.9830302500963762 0.05348028704060668 0.9514113097532769 0.052309215176047454 0.9508503698438706 0.07923433082755092 0.9824693101869699 0.08040540269211015
0 0.99169921875 0.20182291666666682 0.95166015625 0.20182291666666682 0.95166015625 0.24088541666666682 0.99169921875 0.24088541666666682
0 0.8841813932860262 0.20961835880640478 0.8509825327510917 0.20371633915574974 0.8479249112991266 0.23429255367540044 0.8811237718340611 0.24019457332605545
0 0.6312638868979358 0.24501206517584098 0.6304490395642202 0.20915878249235476 0.5944676390481651 0.21061257645259937 0.5952824863818807 0.24646585913608562
0 0.5069676429459291 0.2453969857054071 0.5049265120027968 0.20911021338305366 0.4683403171612803 0.21276883286720535 0.4703814481044127 0.24905560518955872
0 0.42286515383376283 0.21075024162371137 0.3876761839561855 0.20620972938144333 0.38525088595360824 0.23962494630584197 0.4204398558311855 0.24416545854811
0 0.3667187951763685 0.20609158153431004 0.3325654605580185 0.20482664321511188 0.33183510926657667 0.2398835052043177 0.36598844388492674 0.24114844352351586
0 0.29709867248271393 0.24125961088303086 0.2963175068874244 0.20584677056323827 0.26122034018474505 0.2072231300417747 0.26200150578003456 0.24263597036156728
0 0.22412109375 0.20638020833333334 0.18798828125 0.20638020833333334 0.18798828125 0.24088541666666666 0.22412109375 0.24088541666666666
0 0.12349207261029412 0.22210094975490194 0.09390797334558824 0.19843367034313722 0.07891486672794118 0.23175168504901963 0.10849896599264705 0.2554189644607843
0 0.048502218934911245 0.24695435774161736 0.04691313794378699 0.21623212524654833 0.010130246856508878 0.21961446005917162 0.011719327847633134 0.2503366925542407
0 0.2386090004280822 0.06958119292237445 0.2255825931078767 0.03137039811643836 0.19140624999999997 0.05208333333333335 0.20443265732020546 0.09029412813926944
0 0.04962299585694928 0.36384918679152295 0.004378166969566322 0.3611680117463447 0.00311715477143917 0.3989983776901594 0.048361983658822126 0.4016795527353376
0 0.19970703125000006 0.35546875 0.16308593750000006 0.35546875 0.16308593750000006 0.3912760416666667 0.19970703125000006 0.3912760416666667
0 0.3134765625 0.3522135416666667 0.275390625 0.3522135416666667 0.275390625 0.3899739583333333 0.3134765625 0.3899739583333333
0 0.43094951923076924 0.3609875801282052 0.3924128605769231 0.3581330128205129 0.3910081129807692 0.39184695512820517 0.42954477163461535 0.39470152243589746
0 0.51318359375 0.3606770833333335 0.4794921875 0.3606770833333335 0.4794921875 0.3912760416666668 0.51318359375 0.3912760416666668
0 0.59033203125 0.35937500000000017 0.55517578125 0.35937500000000017 0.55517578125 0.39257812500000017 0.59033203125 0.39257812500000017
0 0.68896484375 0.3600260416666668 0.65771484375 0.3600260416666668 0.65771484375 0.3821614583333335 0.68896484375 0.3821614583333335
0 0.7800779667240679 0.3858482323743922 0.7780552003140193 0.35438297710696914 0.742227464672812 0.3584775754659643 0.7442502310828606 0.38994283073338737
0 0.9326171875 0.3548177083333335 0.8994140625 0.3548177083333335 0.8994140625 0.39062500000000017 0.9326171875 0.39062500000000017
0 0.9603865631913717 0.5006020695058999 0.9196496474004425 0.4969810103244839 0.9180443687776548 0.5290865827802361 0.958781284568584 0.5327076419616521
0 0.8747197763612792 0.5289631950446557 0.8740563553370787 0.4988881086142322 0.8367207757130509 0.5003522489916451 0.8373841967372514 0.5304273354220687
0 0.7963071842783505 0.5286350945017183 0.7938169499033505 0.494325198668385 0.7491246174291236 0.5000919512457046 0.7516148518041236 0.5344018470790379
0 0.6870910480898125 0.5302711684539768 0.6847902354222521 0.49729285355227876 0.6453310887231904 0.502187011282395 0.6476319013907508 0.5351653261840931
0 0.6112362132352942 0.5035462622549021 0.570648552389706 0.49938342524509816 0.5685834099264707 0.5351792279411766 0.6091710707720589 0.5393420649509805
0 0.5313126474056604 0.5390305621069184 0.530124189268868 0.5025845125786165 0.49545806308962265 0.504594143081761 0.4966465212264151 0.5410401926100629
0 0.4524047706413496 0.5407055867271106 0.4517350531361475 0.5040943631093936 0.4105295732387039 0.5054343787158144 0.41119929074390604 0.5420456023335315
0 0.37784171388101984 0.5016713143295563 0.337790478930595 0.5003998465533522 0.3372131174752126 0.5327320880547687 0.37726435242563744 0.5340035558309726
0 0.29957899847751407 0.5361403354674162 0.2988473390654279 0.49711850015615244 0.25840630611727045 0.4984665345877577 0.25913796552935664 0.5374883698990215
0 0.21971387327832648 0.5018265711625087 0.18454696433212064 0.500314015939016 0.18363841606029113 0.5378673445079697 0.21880532500649696 0.5393798997314624
0 0.11834729486096675 0.5355683959199585 0.1177427803404366 0.5105817957380459 0.08227691333160084 0.5121072093728345 0.08288142785213098 0.5370938095547472
0 0.04003906250000004 0.5045572916666666 4.661192284840634e-17 0.5045572916666666 4.831614324761042e-17 0.5416666666666666 0.04003906250000005 0.5416666666666666
0 0.06250000000000006 0.6881510416666666 0.018066406250000062 0.6881510416666666 0.018066406250000066 0.728515625 0.06250000000000006 0.728515625
0 0.13574218750000006 0.6953125 0.09423828125000006 0.6953125 0.09423828125000006 0.7350260416666666 0.13574218750000006 0.7350260416666666
0 0.2484614534198113 0.7229633451257862 0.2409990418632075 0.6881387578616353 0.20430424528301885 0.7021177279874214 0.21176665683962265 0.7369423152515724
0 0.32258186933290156 0.729517487046632 0.32078762548575135 0.6924364475388601 0.2833458144430052 0.6956572484887739 0.2851400582901555 0.7327382879965457
0 0.4055203973008083 0.7138453858737491 0.3900938672777136 0.6847063847190147 0.36638008804849886 0.7070252357582757 0.38180661807159355 0.7361642369130101
0 0.46728515625 0.7063802083333335 0.44677734375 0.6790364583333335 0.424560546875 0.7086588541666669 0.445068359375 0.7360026041666669
0 0.5759551948319419 0.7118076532293497 0.5732160142519771 0.6945899467267136 0.5449540552229789 0.7025832280682485 0.5476932358029437 0.7198009345708846
0 0.6487338362068965 0.707866379310345 0.6348733836206896 0.6775053879310345 0.6033970905172413 0.7030513649425286 0.6172575431034483 0.7334123563218394
0 0.7373915825721862 0.7150547534865449 0.7351150467737182 0.6839420975741503 0.6982257867744548 0.6887407005008838 0.7005023225729228 0.7198533564132784
0 0.83935546875 0.681640625 0.80224609375 0.681640625 0.80224609375 0.7161458333333334 0.83935546875 0.7161458333333334
0 0.9326171875 0.6848958333333335 0.892578125 0.6848958333333334 0.892578125 0.7233072916666666 0.9326171875 0.7233072916666669
0 0.9698033228711791 0.9083196870451237 0.966617767467249 0.8764641330058223 0.9315958481168122 0.8826902520014555 0.9347814035207422 0.9145458060407569
0 0.8161357350593066 0.9052743879257908 0.8154981181569343 0.8738186207420925 0.778916942290146 0.8751368613138686 0.7795545591925183 0.9065926284975668
0 0.701123046875 0.9057942708333333 0.69857421875 0.8820052083333333 0.6732812499999999 0.8868229166666667 0.675830078125 0.9106119791666667
0 0.510272162462908 0.9148870239861524 0.5089965458086053 0.8800201687685462 0.47070399434347177 0.8825107412215628 0.47197961099777447 0.9173775964391692
0 0.3395181428216181 0.9184381216843502 0.33596832518236075 0.8845176420203361 0.2970280897712202 0.8917623369805483 0.30057790741047746 0.9256828166445624
0 0.20908082146851342 0.9252399848015599 0.20727118999483826 0.894677319912824 0.16606267205781142 0.8990150586430373 0.16787230353148658 0.9295777235317733
0 0.05710337227637623 0.8865401615061163 0.021003709145642282 0.8850815892584097 0.020264567803899163 0.917603808295107 0.05636423093463311 0.9190623805428135