0 0.8623499919458761 0.03187419458762893 0.82629268685567 0.013383268900343692 0.8161621093749999 0.048502604166666775 0.852219414465206 0.06699352985395202
0 0.7416754743999376 0.04786942149833758 0.7172808944435785 0.018441039328761438 0.6965283324890896 0.04902376220906072 0.7209229124454488 0.07845214437863686
0 0.66162109375 0.037760416666666775 0.62646484375 0.03776041666666677 0.62646484375 0.06445312500000011 0.66162109375 0.06445312500000011
0 0.5989613867506118 0.060906381695214784 0.5983380913539968 0.031819263186514415 0.5627365734604405 0.033175511487221324 0.5633598688570555 0.06226262999592169
0 0.5111918420385396 0.06387339418526028 0.5072326041138439 0.031143694007775502 0.47362786035750504 0.038370520622041916 0.4775870982822008 0.0711002207995267
0 0.41162109375 0.03906250000000006 0.37353515625 0.03906250000000006 0.37353515625 0.07226562500000006 0.41162109375 0.07226562500000007
0 0.34212277172344113 0.07387443466127792 0.33864108960017325 0.04694942624133949 0.30449974289116627 0.05479801169168591 0.30798142501443415 0.08172302011162434
0 0.25720932904411764 0.08337162990196079 0.25477424172794116 0.05198606004901962 0.21912396599264705 0.05690333946078432 0.22155905330882353 0.08828890931372547
0 0.177734375 0.06054687500000003 0.14453125 0.06054687500000002 0.14453125 0.09114583333333337 0.177734375 0.09114583333333337
0 0.109375 0.061197916666666685 0.07275390625 0.061197916666666685 0.07275390625 0.091796875 0.109375 0.091796875
0 0.9558910472972973 0.19544974662162193 0.930980785472973 0.17129434121621645 0.9144900760135135 0.2015273085585588 0.9394003378378379 0.22568271396396425
0 0.8940429687499999 0.2024739583333334 0.8684543918918919 0.17810388513513523 0.8528821790540541 0.2071720157657658 0.8784707559121621 0.23154208896396397
0 0.831549703663793 0.22341505028735634 0.8290510506465516 0.18343660201149428 0.7915510506465516 0.18760326867816093 0.794049703663793 0.227581716954023
0 0.7287211008201356 0.21083144796380093 0.7074311545531673 0.18502545248868785 0.6849613793834841 0.21798112273755668 0.7062513256504523 0.24378711821266977
0 0.6318670767825509 0.2094491576247418 0.6060720735994243 0.18397261127103645 0.5886686745737378 0.21529872951727203 0.6144636777568645 0.24077527587097738
0 0.5369151378613214 0.2300094811023171 0.5350056994150034 0.19776118734228032 0.4993265549724708 0.20151688675728377 0.5012359934187888 0.2337651805173205
0 0.44814680736681467 0.23707021133925266 0.44724069610155387 0.20082576072881983 0.4132127497225305 0.2023381139012209 0.4141188609877913 0.23858256451165372
0 0.384066382479716 0.21323001183231916 0.3596780711206896 0.18974497126436787 0.34082823592799183 0.22454466700473297 0.3652165472870182 0.24802970757268428
0 0.30763922558180534 0.21723120886224734 0.28462458127644563 0.19630880494828398 0.26877782307827924 0.2272980209802539 0.2917924673836389 0.24822042489421725
0 0.2196928879310345 0.24077316810344826 0.21835600754310347 0.21047054597701145 0.18154633620689653 0.2133575790229885 0.18288321659482756 0.2436602011494253
0 0.12546767488532112 0.22917144495412844 0.0980119337729358 0.20341050267584102 0.08041051462155965 0.23676056001529056 0.10786625573394498 0.262521502293578
0 0.06267054079124904 0.40467033297995375 0.06196955413936007 0.37102297368928294 0.026853962871048576 0.3723235511436649 0.02755494952293755 0.4059709104343357
0 0.1373848094607232 0.3882042939526185 0.11444776730049874 0.36053421134663344 0.09530312402587279 0.38874736985660846 0.11824016618609726 0.4164174524625936
0 0.20339382900280903 0.3819785814606742 0.17666454529494385 0.35970417837078655 0.16212583391853935 0.3907200959737828 0.1888551176264045 0.4129944990636705
0 0.26663925746184924 0.3776754656642729 0.24080593581687612 0.35229536018850993 0.22374677401256732 0.38316431964392583 0.2495800956575404 0.40854442511968886
0 0.34042506471893486 0.39144708456607497 0.3385794193786982 0.3557646079881657 0.3016457100591715 0.3591608111439843 0.3034913553994082 0.39484328772189353
0 0.4309443633530977 0.3904882371329461 0.4284103112899322 0.3544483855679251 0.39250155039932233 0.3589369806792513 0.39503560246248787 0.3949768322442723
0 0.5487777252705327 0.3964215108213096 0.5477865305910099 0.35677372364039955 0.5064587524278579 0.3586105137809841 0.5074499471073807 0.39825830096189413
0 0.6284447238869862 0.38898401826484025 0.6196355950342466 0.35766267123287676 0.589669841609589 0.37264554794520555 0.5984789704623288 0.40396689497716903
0 0.6798659752155172 0.39087643678160927 0.6777040678879309 0.3562859195402299 0.6417396282327584 0.3602819683908047 0.6439015355603447 0.39487248563218397
0 0.7450547515368854 0.3699261441256829 0.7184450243340166 0.3479625597677594 0.7043449026639346 0.37833205259562835 0.7309546298668034 0.4002956369535518
0 0.8108729158346645 0.37259551384451545 0.7904680635982428 0.34312183839190635 0.7666187225439296 0.3724748735356764 0.7870235747803513 0.40194854898828547
0 0.8724389242152042 0.36652266925113475 0.8441348631335099 0.3433924687972769 0.8302328828243192 0.37363537332955127 0.8585369439060135 0.3967655737834092
0 0.9340070220180946 0.3808632216272773 0.9330881589272526 0.34900930114475637 0.8963523876015509 0.35089318685376664 0.8972712506923929 0.3827471073362876
0 0.99951171875 0.34179687500000017 0.97119140625 0.34179687500000017 0.97119140625 0.3802083333333335 0.99951171875 0.3802083333333335
0 0.99951171875 0.5638020833333335 0.96630859375 0.5638020833333335 0.96630859375 0.6009114583333335 0.99951171875 0.6009114583333335
0 0.904296875 0.5677083333333335 0.8662109375 0.5677083333333335 0.8662109375 0.6022135416666669 0.904296875 0.6022135416666669
0 0.8328401622854076 0.5907825912017168 0.8184893039163088 0.5596890647353363 0.7852254057135192 0.5869825196709586 0.7995762640826178 0.6180760461373391
0 0.7611409149836244 0.6039221706695778 0.7577591941866811 0.5701049627001454 0.7175559497816593 0.5772522061499271 0.7209376705786026 0.6110694141193594
0 0.6424178366915728 0.6112024462069247 0.6402350448615876 0.5784605687571452 0.5982275462395885 0.5834392352604932 0.6004103380695738 0.6161811127102726
0 0.5374685538220089 0.5819495091703596 0.49707608244091583 0.5798781003815855 0.49610384739660274 0.6135822485844412 0.5364963187776958 0.6156536573732152
0 0.4461914062499999 0.6044270833333334 0.43823242187499994 0.5725911458333334 0.40014648437499994 0.5895182291666666 0.4081054687499999 0.6213541666666668
0 0.37470347549577376 0.6063466826506286 0.36632522960013003 0.5745523136107499 0.3275259189084851 0.5927285672680971 0.33590416480412877 0.6245229363079757
0 0.297998046875 0.6139973958333335 0.29096679687499993 0.5796223958333333 0.2524188701923077 0.5936398237179487 0.25945012019230773 0.6280148237179489
0 0.22361918028236044 0.6066997805626059 0.20396400103109136 0.5764610432529612 0.17570813174175126 0.6091122699873097 0.19536331099302034 0.6393510072969544
0 0.14257812500000006 0.5944010416666666 0.10205078125000006 0.5944010416666666 0.10205078125000006 0.6302083333333334 0.14257812500000006 0.6302083333333334
0 0.06691224492310725 0.6345284158123029 0.06351121968651419 0.5967392465168243 0.022057373817034695 0.603371861855941 0.02545839905362776 0.6411610311514196
0 0.11655026508972269 0.7749498708537249 0.11578080393556281 0.7390416836595975 0.07716835109094616 0.7405126342441544 0.07793781224510604 0.7764208214382817
0 0.19157018558213 0.7435835965703973 0.16309122574458487 0.7191730595667871 0.1460207722247293 0.7545784446450061 0.17449973206227443 0.7789889816486162
0 0.25409593680760717 0.7435549759970459 0.23021162700793946 0.7140681737752339 0.20812357193962336 0.7458749730736091 0.23200788173929107 0.775361775295421
0 0.3422851562500001 0.7421875000000003 0.320556640625 0.7132161458333335 0.29638671875 0.7454427083333335 0.3181152343750001 0.7744140625000003
0 0.41496906996587024 0.7557171679465301 0.4116260932167235 0.7178300981228668 0.37649650703924914 0.7233406214448235 0.3798394837883959 0.7612276912684868
0 0.4783165752391847 0.7513302481974488 0.47218259281405983 0.71207276067665 0.4332435849105657 0.722889151760954 0.43937756733569056 0.7621466392817527
0 0.5628872575431034 0.7496857040229886 0.5583634753739858 0.7122891047582827 0.5175895149277383 0.721057698402637 0.5221132970968559 0.7584542976673428
0 0.6504352782295539 0.7473300030978934 0.645388374186803 0.7127226610904586 0.6075921381273235 0.7225216852540273 0.6126390421700744 0.7571290272614623
0 0.7495771585051546 0.7493825171821308 0.7469570513853093 0.713283263530928 0.7126263490657215 0.7177130315721651 0.7152464561855668 0.753812285223368
0 0.9816425740923949 0.7394426402271163 0.9793964131323123 0.7015074773457215 0.9401289223804198 0.7056408974248681 0.9423750833405024 0.743576060306263
0 0.8833132303470255 0.8671413922332393 0.8728227912535411 0.8374184814683665 0.8390553071883853 0.8586059224504251 0.8495457462818696 0.8883288332152978
0 0.790771484375 0.8987630208333334 0.7823730468749999 0.8651692708333333 0.7461914062499999 0.88125 0.75458984375 0.9148437499999998
0 0.661783056712396 0.9104698090192719 0.6592069604360609 0.8718283648742448 0.619600197896252 0.8765224996937776 0.6221762941725871 0.9151639438388047
0 0.5525426770076007 0.90448534575347 0.5439143310062788 0.8690132566369245 0.5062889205014871 0.8852837044227804 0.514917266502809 0.9207557935393259
0 0.43330751616379315 0.903668283045977 0.42397966056034486 0.8725754310344828 0.3872743803879311 0.89215158045977 0.3966022359913794 0.9232444324712642
0 0.34041157027714924 0.9125365290346906 0.33149657098416285 0.8792538650075414 0.29771899745475117 0.8953384238310709 0.3066339967477375 0.9286210878582201
0 0.25926050646551724 0.9136808548850576 0.2494948814655173 0.8811287715517243 0.21304216056034486 0.9005702227011496 0.2228077855603448 0.9331223060344828
0 0.13168569711538464 0.9235276442307693 0.11448317307692307 0.8891225961538463 0.08642578124999994 0.9140625000000001 0.10362830528846151 0.9484675480769232