0 0.0380859375 0.027994791666666675 3.4084407984081614e-18 0.02799479166666667 4.903370973148582e-18 0.060546875 0.0380859375 0.060546875
0 0.16403441302544247 0.054776802175516226 0.1626084589325221 0.026257720317109143 0.1283855607024336 0.029299755715339233 0.12981151479535397 0.05781883757374631
0 0.23370383993700264 0.04946776912024758 0.23046797289456233 0.01854726182581785 0.18931117374005305 0.026204340738284704 0.19254704078249335 0.05712484803271443
0 0.3311016599242874 0.045436058739113216 0.3302271609634798 0.01162209892121932 0.29042064095902614 0.013452283749010294 0.29129513991983375 0.0472662435669042
0 0.4218264828821657 0.03920431926751593 0.42083125995222936 0.0020493298832271745 0.3721524183917197 0.004367369957537152 0.373147641321656 0.0415223593418259
0 0.5272769876843163 0.035013125558534426 0.5248410795073726 0.00009844168900804973 0.4796178577412869 0.005707523458445034 0.48205376591823057 0.040622207327971414
0 0.6177128232758621 0.030787535919540227 0.6162496632543104 -0.0023774245689655304 0.5745453933189656 0.0008934985632183812 0.5760085533405173 0.03405845905172414
0 0.70361328125 1.1130253461000686e-16 0.6552734375 1.0735591894869211e-16 0.6552734375 0.031901041666666775 0.70361328125 0.031901041666666775
0 0.8799949852195946 0.05411563907657659 0.8790564903846154 0.015324519230769223 0.8359435908264033 0.01717883749133749 0.8368820856613826 0.055969957337144854
0 0.9701613606110547 0.04700309541920219 0.9662897756085193 0.0091475976166329 0.9201179798427991 0.017542469574036545 0.9239895648453346 0.05539796737660583
0 0.9777402891894388 0.10239914143279188 0.9367477439531019 0.10029695962580025 0.9356161142909896 0.1395267879123586 0.9766086595273265 0.1416289697193502
0 0.89697265625 0.10351562500000015 0.85888671875 0.10351562500000015 0.85888671875 0.14192708333333348 0.89697265625 0.14192708333333348
0 0.7979307367391573 0.14332574800804995 0.7968107461341795 0.10972602985871531 0.7522265047437161 0.11236805897815016 0.7533464953486939 0.1459677771274848
0 0.7099609375 0.11588541666666678 0.654296875 0.11588541666666678 0.654296875 0.15494791666666677 0.7099609375 0.15494791666666677
0 0.5445900595649171 0.1530523423112339 0.5433086584944752 0.12059018186003685 0.49625561118784534 0.12389215009208104 0.49753701225828734 0.1563543105432781
0 0.37200195312499995 0.1614713541666666 0.36857421874999996 0.12947916666666667 0.322158203125 0.1383203125 0.3255859375 0.17031249999999995
0 0.28006595696884984 0.16756314896166133 0.2791471146166134 0.13693507055378062 0.2373390075878594 0.1391648362619808 0.2382578499400958 0.16979291466986154
0 0.1868862763294199 0.1693481670119706 0.18571278271754146 0.1396196621777164 0.1381984310255525 0.14295400264732966 0.13937192463743092 0.17268250748158387
0 0.09399799014522821 0.1718069242738589 0.08902846213692946 0.13962331431535271 0.04156590378630706 0.15265225190179807 0.046535431794605814 0.1848358618603043
0 0.93017578125 0.22851562500000014 0.8818359375 0.22851562500000014 0.8818359375 0.26367187500000017 0.93017578125 0.26367187500000017
0 0.831718311642768 0.2657435188071488 0.8302522502337905 0.22664854790108066 0.7872445351465088 0.22951572890689942 0.7887105965554864 0.26861069981296753
0 0.73779296875 0.23046875000000014 0.697265625 0.23046875000000014 0.697265625 0.26171875000000017 0.73779296875 0.26171875000000017
0 0.64892578125 0.2298177083333334 0.60546875 0.2298177083333334 0.60546875 0.26562500000000006 0.64892578125 0.26562500000000006
0 0.5198439009549644 0.2716488772047166 0.51914341186088 0.23335547339476811 0.47324845793697984 0.2348479922215616 0.4739489470310642 0.2731413960315101
0 0.4378572789634146 0.23866234756097568 0.3927505716463415 0.23678290142276429 0.39192930640243906 0.2718235518292684 0.4370360137195122 0.2737029979674797
0 0.30712890625 0.2473958333333334 0.259765625 0.2473958333333334 0.259765625 0.28320312500000006 0.30712890625 0.28320312500000006
0 0.21605210669861344 0.2535058540647091 0.16936867544351553 0.25172743763594346 0.16864382073307507 0.28555399078983146 0.21532725198817299 0.2873324072185971
0 0.11794937074416342 0.2922949092088197 0.11615203976167315 0.2539518482490272 0.06882105727140078 0.2578960967898833 0.07061838825389105 0.29623915774967574
0 0.9235148472068584 0.3570156941371681 0.921844752488938 0.323613799778761 0.8768947905143805 0.32760935195427726 0.8785648852323008 0.3610112463126844
0 0.85009765625 0.32617187500000017 0.80615234375 0.32617187500000017 0.80615234375 0.3619791666666668 0.85009765625 0.3619791666666668
0 0.7567040704617836 0.36226446390658174 0.7557467904060511 0.326526008492569 0.7095062450238855 0.32872793922505306 0.710463525079618 0.3644663946390658
0 0.650390625 0.32812500000000006 0.6083984375 0.32812500000000006 0.6083984375 0.3626302083333335 0.650390625 0.3626302083333335
0 0.5655625964175524 0.36438715039709746 0.5651000934714605 0.3310869382784825 0.5235832980695064 0.33211204433779 0.5240458010155983 0.365412256456405
0 0.45751953125 0.34375000000000006 0.41357421875 0.34375 0.41357421875 0.3736979166666667 0.45751953125 0.37369791666666674
0 0.3573167067307693 0.36932091346153845 0.3544771634615385 0.3390324519230769 0.31204927884615385 0.34610376602564097 0.3148888221153846 0.37639222756410257
0 0.22784627757352943 0.38084681372549034 0.2263290441176471 0.34982781862745105 0.18388051470588238 0.3535189950980393 0.1853977481617647 0.3845379901960786
0 0.14515989803516527 0.3917063997245709 0.14468981942976555 0.3597410545573918 0.10469485612029208 0.36078667451319507 0.10516493472569177 0.39275201968037415
0 0.07601945571477901 0.39587829477440156 0.07479065953038674 0.36474879143646416 0.0322994000345304 0.3677306342081032 0.033528196218922654 0.3988601375460406
0 0.09849949338737202 0.5557807167235495 0.09582644517918089 0.52548617036405 0.05644731228668942 0.5316632892491467 0.05912036049488055 0.5619578356086462
0 0.17160798047667342 0.5443688197261664 0.16799965136916833 0.5149007986815416 0.1245935281440162 0.5243497506761324 0.12820185725152128 0.5538177717207572
0 0.24729744557584274 0.5380105922284645 0.24515339712078654 0.5079939138576779 0.20439123946629217 0.5131700608614232 0.20653528792134834 0.5431867392322098
0 0.3332874092323651 0.5323224628284924 0.33292236030174516 0.501171620748922 0.28824790338204787 0.5021023386014157 0.2886129523126678 0.533253180680986
0 0.43366665581944897 0.5304658713152836 0.43339427592318175 0.5017751889084695 0.38259644219601086 0.5026325363131475 0.38286882209227807 0.5313232187199616
0 0.5501170491848628 0.5300916107258778 0.5477772181137504 0.4939022234926724 0.5026686176785187 0.49908712009442313 0.5050084487496311 0.5352765073276285
0 0.6501759765082615 0.5349114539942608 0.6497271536986253 0.49900562922336383 0.6031987371129546 0.5000395940363788 0.6036475599225908 0.5359454188072756
0 0.7413862122016297 0.5323512570767349 0.7410532575094677 0.5030512441664754 0.6955055935491739 0.503971398993956 0.6958385482413358 0.5332714119042156
0 0.8255066529732074 0.5325224677139553 0.8248734308741326 0.5021278069583656 0.7748631908972629 0.5039800380686199 0.7754964129963376 0.5343746988242096
0 0.9374094539375928 0.5288050628405151 0.9369066621006686 0.48992249411837546 0.8795843297269688 0.4912402488855869 0.8800871215638929 0.5301228176077266
0 0.9702415988869862 0.6070829765981735 0.9673803730610394 0.573702008628794 0.9182866639806608 0.5811829547743755 0.9211478898066077 0.614563922743755
0 0.8519712422228506 0.6135051376319759 0.8514438542845022 0.5804554934954751 0.8023470641261312 0.5818483102375566 0.8028744520644796 0.6148979543740573
0 0.76025390625 0.5878906250000001 0.71240234375 0.5878906250000001 0.71240234375 0.6256510416666669 0.76025390625 0.6256510416666669
0 0.6575915112629247 0.6259328071147219 0.6566207187038405 0.5922786650664696 0.6159469627031019 0.5943644987075332 0.6169177552621861 0.6280186407557854
0 0.5638287348867099 0.6208051694592536 0.5613157413247336 0.5866284570163748 0.5206431775990099 0.5919451320132013 0.5231561711609863 0.6261218444560802
0 0.482053640797652 0.6254370252071824 0.4806913091332874 0.5909246230432782 0.43781562931629836 0.593933442679558 0.439177960980663 0.6284458448434623
0 0.3794823468566426 0.6027171943251997 0.3324328188544962 0.6000477175591205 0.3312854792702215 0.6359976911997289 0.3783350072723679 0.6386671679658081
0 0.2679114588104617 0.6401691038384023 0.2655434110480029 0.6073321748656406 0.22427085241846828 0.6126235285360938 0.22663890018092706 0.6454604575088555
0 0.1635181864754099 0.6420978483606559 0.15791495901639346 0.6103462260928962 0.11551293545081968 0.6236488217213115 0.12111616290983608 0.6554004439890712
0 0.08593750000000006 0.6295572916666666 0.042968750000000056 0.6295572916666666 0.042968750000000056 0.66796875 0.08593750000000006 0.66796875
0 0.1800655938882743 0.7152441694321534 0.17828963288163716 0.6797249492994101 0.13764994123340707 0.6833373663348085 0.13942590224004425 0.7188565864675517
0 0.3373928900955953 0.6993013119151338 0.33511266865319456 0.6668714958454339 0.28796540340634075 0.6727649040012906 0.2902456248487415 0.7051947200709905
0 0.4402601655229971 0.6683705798714147 0.3901697538019288 0.6651126669139468 0.3889503546921365 0.6984429092482692 0.43904076641320483 0.7017008222057372
0 0.5634765625 0.6627604166666669 0.51416015625 0.6627604166666669 0.51416015625 0.6966145833333334 0.5634765625 0.6966145833333334
0 0.6913388627686652 0.6927746158559579 0.6901325208569005 0.658997042326546 0.6411596790158371 0.6621064291101055 0.6423660209276019 0.6958840026395176
0 0.8467068208186728 0.6852287003053467 0.8445142353949285 0.6478085757401116 0.7939273026116235 0.6530780479050392 0.7961198880353677 0.6904981724702743
0 0.9901793808660408 0.7861605873151308 0.9871097082977814 0.7513709648748579 0.9399680700725255 0.7587657316552902 0.9430377426407849 0.7935553540955631
0 0.8910433616863905 0.7978018676035504 0.8891907821745562 0.7619853303747535 0.8378790680473371 0.7667036489151875 0.8397316475591715 0.8025201861439845
0 0.77294921875 0.771484375 0.71923828125 0.771484375 0.71923828125 0.8033854166666666 0.77294921875 0.8033854166666666
0 0.66943359375 0.7740885416666666 0.62109375 0.7740885416666666 0.62109375 0.8072916666666666 0.66943359375 0.8072916666666666
0 0.5761827612704917 0.7777117486338798 0.5271080942622951 0.7743562158469945 0.5257985399590164 0.8084046277322404 0.574873206967213 0.8117601605191257
0 0.48973684818786994 0.77882458086785 0.4465525610207101 0.7748536119329388 0.4445925018491125 0.8127480892504931 0.4877767890162723 0.8167190581854044
0 0.34836989182692313 0.8192107371794871 0.34232271634615385 0.778896233974359 0.2938701923076923 0.7918169070512823 0.29991736778846156 0.8321314102564102
0 0.24534555288461538 0.8368609775641024 0.24379657451923076 0.7996854967948718 0.19149489182692306 0.8035596955128206 0.19304387019230768 0.8407351762820512
0 0.13438673319085026 0.8409176678989526 0.13381451449861367 0.8012438385705484 0.08762328875924214 0.8024282289741219 0.08819550745147872 0.8421020583025262
0 0.924172157727105 0.8982297821270313 0.8696404461318317 0.8954332840965046 0.868461214457164 0.9363133154849831 0.9229929260524373 0.9391098135155098
0 0.78759765625 0.8997395833333334 0.73388671875 0.8997395833333334 0.73388671875 0.94140625 0.78759765625 0.94140625
0 0.644178844819058 0.9320579764488129 0.6378734472731045 0.895426619277083 0.5896103922006637 0.9101956415943326 0.5959157897466173 0.9468269987660626
0 0.5345788938927943 0.9413337086262451 0.5310982809753954 0.9003398231546574 0.4827151870057118 0.9076429316783833 0.48619579992311074 0.948636817149971
0 0.4843589907786885 0.9209891564207652 0.4815333632172131 0.8795466188524591 0.4401055007684426 0.8845681779371586 0.44293112832991804 0.9260107155054645
0 0.37711966120125867 0.9559557137421849 0.37635349827245806 0.9099859380141493 0.32821103968719156 0.9114123812314906 0.32897720261599217 0.9573821569595262
0 0.2505486759737679 0.9648278103471117 0.24896459533982512 0.9254018034578695 0.2022498199026232 0.9287385731319554 0.20383390053656597 0.9681645800211977
0 0.1660682198164771 0.9696317876821898 0.16497431706585497 0.9309805571602086 0.11897555017996801 0.9332949605255362 0.12006945293059013 0.9719461910475174
0 0.07538479085374059 0.9741072529825979 0.07326163465419806 0.9335313789468963 0.025720963821986003 0.9379537669312881 0.027844120021528525 0.9785296409669897