0 0.9349722677831492 0.03734317449355448 0.8954794867921271 0.03457175126611434 0.8942169695269337 0.06655552198434637 0.9337097505179559 0.06932694521178652
0 0.8275579297085808 0.05796273497931281 0.8264475048907178 0.026130556867242295 0.7864382188511871 0.02861175290070157 0.7875486436690501 0.06044393101277209
0 0.6955625952743902 0.05573551829268294 0.6927579554115854 0.022079839939024404 0.6578696646341463 0.02724847560975609 0.6606743044969512 0.06090415396341462
0 0.5682532931068087 0.02326492658523918 0.5358242106288983 0.02187012733887743 0.5349917976871104 0.056276528932779034 0.5674208801650208 0.05767132817914078
0 0.49950445806226773 0.024596789807930664 0.47073942843866173 0.019594175960347026 0.4675864747908922 0.051824368804213206 0.4963515044144982 0.056826982651796844
0 0.42626953125 0.018229166666666734 0.39111328125 0.01822916666666673 0.39111328125 0.053385416666666734 0.42626953125 0.05338541666666674
0 0.311794783890204 0.011210434874969697 0.2758856632374363 0.0086223901432387 0.27464095502549163 0.03932519270453999 0.3105500756782593 0.041913237436270984
0 0.21728515625 0.0026041666666667003 0.18359375 0.0026041666666666973 0.18359375 0.037109375000000035 0.21728515625 0.037109375000000035
0 0.91845703125 0.22005208333333348 0.88330078125 0.22005208333333348 0.88330078125 0.25585937500000017 0.91845703125 0.25585937500000017
0 0.82421875 0.21614583333333348 0.7890625 0.21614583333333348 0.7890625 0.2513020833333335 0.82421875 0.2513020833333335
0 0.7387100700662607 0.22139427381805168 0.7113901045397564 0.200805314290831 0.6956028104853151 0.23804713616284626 0.7229227760118194 0.25863609569006696
0 0.6387420148480664 0.2485216678176796 0.6372461477037293 0.21062636682780847 0.5971895502417126 0.21343735612338857 0.5986854173860496 0.2513326571132597
0 0.46767443735665143 0.25020128535932723 0.46683136826261473 0.21310624522171254 0.4303621344610092 0.214579749617737 0.4312052035550459 0.2516747897553517
0 0.34375 0.19791666666666674 0.30859375 0.19791666666666674 0.30859375 0.2376302083333334 0.34375 0.2376302083333334
0 0.2529582331730769 0.2305028044871795 0.2514423076923077 0.19412059294871797 0.2148257211538461 0.19683293269230773 0.21634164663461533 0.23321514423076925
0 0.08595429990982244 0.18617696194043656 0.047520441696725875 0.18446879046429895 0.04652762121947837 0.22418160955419905 0.08496147943257493 0.22588978103033666
0 0.030785537347560996 0.16703188516260162 0.006347656250000016 0.16341145833333334 0.0033167397103658694 0.1997824568089431 0.02775462080792685 0.20340288363821138
0 0.09645341082317077 0.3175971798780488 0.06799018673780491 0.28723640752032525 0.049459317835365876 0.31812118902439024 0.07792254192073174 0.3484819613821139
0 0.20606269211065575 0.3354038592896175 0.2035132236168033 0.2980116547131148 0.1641105276639344 0.30278773907103823 0.16665999615778687 0.340179943647541
0 0.337890625 0.31315104166666674 0.30224609375 0.31315104166666674 0.30224609375 0.3509114583333333 0.337890625 0.3509114583333333
0 0.4688678609913794 0.3314475574712645 0.4300747575431035 0.3271372126436783 0.4277916217672414 0.36366738505747137 0.4665847252155173 0.36797772988505756
0 0.6591763200431034 0.3606232040229885 0.6566204202586207 0.31972880747126436 0.616736260775862 0.32416038074712644 0.6192921605603448 0.36505477729885055
0 0.7775274597772277 0.3598713386963696 0.7745542620668316 0.32022870255775576 0.7316725324876238 0.3259462665016502 0.7346457301980198 0.36558890264026395
0 0.9233299294098986 0.36700243231810487 0.9212702252538072 0.3285546214043993 0.8815385072969543 0.3323385945431472 0.8835982114530456 0.37078640545685276
0 0.807134553296068 0.4482966501220767 0.7722900202390132 0.44700611186070427 0.771476469135505 0.4860565648290929 0.8063210021925599 0.4873471030904653
0 0.6376953125 0.4485677083333335 0.60498046875 0.4485677083333335 0.60498046875 0.4876302083333335 0.6376953125 0.4876302083333335
0 0.44384765625 0.4453125 0.40673828125 0.4453125 0.40673828125 0.4817708333333333 0.44384765625 0.4817708333333333
0 0.2063152870435394 0.4299179248595506 0.1727939562851124 0.41960366924157305 0.16593881671348315 0.4592111423220974 0.19946014747191015 0.4695253979400749
0 0.05677835761508328 0.4313173359451519 0.02532941050440747 0.41594229513548814 0.014361016313663114 0.4558273649200131 0.04580996342433892 0.47120240572967687
0 0.1293447924139168 0.595993618483979 0.12502767160599 0.5533980265124342 0.08649723704268293 0.5603404471544715 0.09081435785060976 0.6029360391260162
0 0.3115234375 0.5618489583333334 0.27685546875 0.5618489583333334 0.27685546875 0.5989583333333334 0.3115234375 0.5989583333333334
0 0.44938421285377356 0.5920091391509433 0.4211493956367925 0.5634497838050314 0.40525906544811324 0.5913782429245283 0.4334938826650943 0.6199375982704403
0 0.5716656398938476 0.5816995233968805 0.5341737638106586 0.5796166413922589 0.533019490630416 0.6165533831600232 0.5705113667136049 0.6186362651646448
0 0.6918101112259872 0.5964278170579865 0.6654960770744397 0.568651892120242 0.6462087071438101 0.6011358835823551 0.6725227412953576 0.6289118085200996
0 0.8525390625 0.5794270833333335 0.81591796875 0.5794270833333335 0.81591796875 0.6178385416666669 0.8525390625 0.6178385416666669
0 0.478380610853385 0.7645326731579662 0.47742117404159873 0.7197589552746058 0.4422239020442496 0.7210998037316477 0.4431833388560359 0.7658735216150081
0 0.35289555102323017 0.7174796045353982 0.3188995091261062 0.7144577341445427 0.3169701500276549 0.7530449161135695 0.35096619192477885 0.7560667865044249
0 0.24804687500000006 0.7115885416666666 0.21484375000000006 0.7115885416666666 0.21484375000000006 0.7578125 0.24804687500000006 0.7578125
0 0.15189790125157435 0.7301596282010916 0.12336358135232997 0.7103758330709488 0.1084537842411839 0.7486060820738875 0.13698810414042828 0.7683898772040303
0 0.1161150154342398 0.8078733409637439 0.08044501335321871 0.8062880075379207 0.07936006433823536 0.8496859681372548 0.11503006641925645 0.8512713015630781
0 0.342352764423077 0.8069611378205129 0.30325732710798825 0.8033661550788955 0.30132038184171606 0.8408137635601579 0.3404158191568048 0.8444087463017752
0 0.7099609375 0.8203125 0.67822265625 0.8203125 0.67822265625 0.86328125 0.7099609375 0.86328125
0 0.9765625 0.9511718750000003 0.93896484375 0.9511718750000003 0.93896484375 0.9882812500000003 0.9765625 0.9882812500000003
0 0.8511695772058824 0.9701960784313726 0.8486793428308824 0.9380997242647058 0.8164774816176471 0.9425413602941175 0.8189677159926471 0.9746377144607843
0 0.9117172475961538 0.866239983974359 0.9098903245192307 0.8223938301282051 0.8781144831730768 0.8247475961538461 0.87994140625 0.8685937499999999
0 0.7057848596180238 0.9660689949298568 0.7042203939844466 0.9316507509911558 0.6703426992795061 0.934388342482464 0.6719071649130833 0.9688065864211651
0 0.4951171875000001 0.923828125 0.4599609375000001 0.923828125 0.4599609375000001 0.9596354166666666 0.4951171875000001 0.9596354166666666
0 0.3275787051361387 0.9213464315181518 0.2965897663985149 0.9172145730198019 0.2941386912128714 0.9498955754950495 0.32512762995049516 0.9540274339933994
0 0.2424218750000001 0.9151302083333334 0.20734565548780495 0.9136686991869919 0.2063876714939025 0.9545426829268293 0.24146389100609764 0.9560041920731708
0 0.04394531250000008 0.91015625 0.0034179687500000846 0.91015625 0.0034179687500000867 0.951171875 0.04394531250000008 0.951171875