0 0.6707419322876633 0.033628478894440185 0.6702741055558225 0.0018162611292595447 0.6329588717813222 0.0027918227965667425 0.633426698513163 0.03460404056174738
0 0.5813508580942622 0.021046789617486433 0.5413758324795083 0.01620133196721321 0.5391265368852459 0.049191000683060204 0.5791015624999999 0.054036458333333426
0 0.4845855297371407 0.054880547150781646 0.4811372742530257 0.035723572239031776 0.4503703845972012 0.04556897692889563 0.45381864008131617 0.0647259518406455
0 0.3861354723978599 0.08260882782101166 0.38458323200389105 0.049494366083009084 0.3451255471789883 0.05278250648508431 0.34667778757295714 0.08589696822308689
0 0.327569369612069 0.09287446120689653 0.3169282058189655 0.05740391522988505 0.2810647898706896 0.07653107040229885 0.2917059536637931 0.11200161637931035
0 0.2426361908783784 0.10384994369369371 0.23878272804054054 0.07302224099099099 0.19721283783783783 0.08225999436936937 0.20106630067567569 0.1130876970720721
0 0.15283203125 0.09309895833333337 0.111328125 0.09309895833333336 0.111328125 0.12695312500000003 0.15283203125 0.12695312500000003
0 0.06757786318699732 0.12659880473637178 0.059404061243297585 0.09857434092940126 0.016542654574396777 0.12079877401697946 0.024716456518096508 0.14882323782394996
0 0.06522531638857468 0.28724635888009054 0.06415043481334842 0.25714967477375567 0.022183655613687785 0.25981423218325794 0.023258537188914026 0.2899109162895928
0 0.18798828125 0.23307291666666666 0.1474609375 0.23307291666666666 0.1474609375 0.2688802083333333 0.18798828125 0.2688802083333333
0 0.29541015625 0.21484375000000008 0.2578125 0.21484375000000008 0.2578125 0.25000000000000006 0.29541015625 0.25000000000000006
0 0.3990087159589571 0.22817279459215278 0.398428172996257 0.19411427411374974 0.35900872604220435 0.19530880280932714 0.35958926900490445 0.22936732328773016
0 0.482421875 0.1751302083333334 0.4443359375 0.1751302083333334 0.4443359375 0.21289062500000008 0.482421875 0.21289062500000008
0 0.6468985721982757 0.1869656968390805 0.6445346174568964 0.1491424209770115 0.6047312769396551 0.1535650143678161 0.6070952316810344 0.1913882902298851
0 0.76318359375 0.1367187500000001 0.73046875 0.1367187500000001 0.73046875 0.16796875000000014 0.76318359375 0.16796875000000014
0 0.8866700558954712 0.150295917200366 0.8853736312042544 0.12177457399359565 0.8511716069590578 0.12453837393260142 0.8524680316502746 0.15305971713937178
0 0.99951171875 0.10221354166666681 0.95849609375 0.10221354166666681 0.95849609375 0.13802083333333348 0.99951171875 0.13802083333333348
0 0.9587064302884616 0.26591546474358974 0.9561748798076923 0.23891225961538462 0.9183143028846154 0.2452223557692308 0.9208458533653846 0.27222556089743594
0 0.6037532242599396 0.3141565831172573 0.6032054376890666 0.2893235919043503 0.5734890712780899 0.29048893960674155 0.5740368578489629 0.31532193081964854
0 0.4593777950184301 0.3419261798930327 0.452910291766045 0.3063549120049147 0.41095706512901126 0.3199155509178953 0.41742456838139635 0.35548681880601335
0 0.18840630302601813 0.3885558069381599 0.1823255444004525 0.3597285067873303 0.14759703761312218 0.3727516968325792 0.1536777962386878 0.40157899698340876
0 0.05685252063679247 0.40821540880503154 0.050421948702830205 0.3782060731132077 0.012501842570754734 0.39265182783018876 0.018932414504717 0.4226611635220126
0 0.1597308485955979 0.5338687103044241 0.15905970248850199 0.4989691127354358 0.11417985432408016 0.5005034665188348 0.11485100043117609 0.535403064087823
0 0.24707031250000006 0.4837239583333333 0.20947265625000006 0.4837239583333333 0.20947265625000006 0.5188802083333334 0.24707031250000006 0.5188802083333334
0 0.33341015625 0.4974166666666667 0.32896484374999996 0.4648177083333334 0.28685546875 0.47502604166666673 0.29130078125 0.507625
0 0.46791657748287674 0.478701127283105 0.4652169841609589 0.4445062785388127 0.418677761130137 0.45103809931506844 0.4213773544520548 0.48523294805936074
0 0.5580568432313278 0.45922750259336115 0.5531979382780082 0.42776030860995845 0.5145114756224066 0.4383801218879668 0.5193703805757262 0.4698473158713694
0 0.6407499866680888 0.41752879692832773 0.6056770611134813 0.4120271615472128 0.6026373853455632 0.4464768202502844 0.6377103109001707 0.4519784556313993
0 0.8003013475406805 0.4354825412968443 0.7982167622041421 0.39749676405325446 0.7552636140902368 0.40168731508875744 0.7573481994267752 0.43967309233234725
0 0.9204200450181506 0.41829961947522615 0.9182706372993886 0.38175968825627304 0.877220308320596 0.3860525331168004 0.879369716039358 0.4225924643357535
0 0.9843630907012194 0.6046747967479674 0.9814214939024389 0.5693756351626016 0.9424066310975608 0.5751556148373983 0.9453482278963413 0.6104547764227642
0 0.8844204606681034 0.616547683189655 0.871337890625 0.5758463541666667 0.8343295393318966 0.5969939834770116 0.847412109375 0.6376953124999999
0 0.7832079003667481 0.6285146699266504 0.7793004565250612 0.593781835778321 0.7365848009627138 0.6023249668907905 0.7404922448044009 0.6370578010391198
0 0.62060546875 0.6139322916666669 0.5771484375 0.6139322916666669 0.5771484375 0.6451822916666669 0.62060546875 0.6451822916666669
0 0.4773198593158891 0.6637217909310636 0.4744622133117907 0.6281599739911728 0.432412146319357 0.6341671264186634 0.4352697923234553 0.6697289433585542
0 0.31524511273991535 0.6875419343689004 0.3125460642688679 0.652454304245283 0.2714618193924853 0.6580726625189763 0.27416086786353283 0.6931602926425938
0 0.24556009120885766 0.7024796305259761 0.2432784517182962 0.6700296466602129 0.20053280796224587 0.6753728521297192 0.20281444745280736 0.7078228359954823
0 0.14717852618243243 0.7185353322072072 0.14317198057432431 0.6847022804054053 0.10169974662162162 0.693433277027027 0.10570629222972974 0.7272663288288289
0 0.050250962448382654 0.7364867407949071 0.048045127537852714 0.6992326400837348 -0.001846933069511357 0.7044844359371415 0.0003589018410185829 0.7417385366483139
0 0.16374023437500002 0.8667838541666666 0.1611328125 0.8424479166666666 0.1195703125 0.8503645833333332 0.122177734375 0.8747005208333332
0 0.29954403914590755 0.8559298079774615 0.2956051212188613 0.8235431494661922 0.2504583935720641 0.8333046040925268 0.2543973114991104 0.865691262603796
0 0.43452393359791885 0.8348848552561364 0.4314558910585645 0.7997046341382069 0.3932842307564034 0.8056227210067589 0.39635227329575773 0.8408029421246885
0 0.5501262385670732 0.8202648628048781 0.54736328125 0.787109375 0.5055616425304879 0.7933022103658537 0.508324599847561 0.8264576981707318
0 0.6639795843160379 0.8086551690251573 0.6627966538915095 0.7723786360062893 0.6184257075471699 0.7749508647798743 0.6196086379716982 0.8112273977987422
0 0.76025390625 0.7623697916666666 0.71337890625 0.7623697916666666 0.71337890625 0.80078125 0.76025390625 0.80078125
0 0.8946399356617647 0.7856421568627452 0.8929607077205882 0.751311274509804 0.8472566636029413 0.7552855392156862 0.8489358915441177 0.7896164215686275
0 0.99951171875 0.7395833333333336 0.95703125 0.7395833333333336 0.95703125 0.776041666666667 0.99951171875 0.776041666666667
0 0.9595875459558825 0.9146752450980392 0.9529526654411766 0.8792892156862746 0.910443474264706 0.8934589460784315 0.9170783547794118 0.9288449754901961
0 0.8046869580674251 0.9361762393636699 0.8037141890954496 0.8972654804846467 0.76302047204495 0.8990740901313355 0.7639932410169256 0.9379848490103587
0 0.7162416608146068 0.9401436680711613 0.7136960147471911 0.9045046231273407 0.6729799420646068 0.9096749180711611 0.6755255881320225 0.9453139630149815
0 0.5922530225739074 0.9579219553341901 0.5903995621786633 0.9216765076049699 0.5480714773457585 0.9255245153170523 0.5499249377410026 0.9617699630462724
0 0.47127936654652197 0.9748605795432027 0.47055623420778836 0.935329345025763 0.4262323731049346 0.9367707714030916 0.4269555054436682 0.9763020059205312