0 0.92578125 0.05338541666666682 0.88232421875 0.05338541666666682 0.88232421875 0.09505208333333348 0.92578125 0.09505208333333348
0 0.8078465073529413 0.09605116421568631 0.8059487591911766 0.05725275735294117 0.7626863511029413 0.06101470588235292 0.7645840992647059 0.09981311274509803
0 0.7144204110666563 0.10380209951833437 0.7121862739861715 0.06408410697638285 0.6662168247941267 0.06868105189558733 0.6684509618746115 0.10839904443753885
0 0.60693359375 0.07486979166666675 0.5673828125 0.07486979166666675 0.5673828125 0.11002604166666678 0.60693359375 0.11002604166666678
0 0.5340546398628048 0.08027661331300821 0.49123475609756095 0.07393292682926837 0.4881800209603658 0.11058974847560983 0.5309999047256097 0.1169334349593497
0 0.45654367384927796 0.11101130039109508 0.4536527668095668 0.07535678023465704 0.4060931154106498 0.08221222548134778 0.408984022450361 0.11786674563778582
0 0.35574338279298506 0.11299475914168748 0.35520468782524983 0.07780002124965306 0.31213429726529973 0.07897200466625033 0.31267299223303496 0.11416674255828475
0 0.2880859375 0.07812500000000004 0.24951171875 0.07812500000000004 0.24951171875 0.11718750000000004 0.2880859375 0.11718750000000004
0 0.22864388549061868 0.09386158827755242 0.19275174711587223 0.08614284884212309 0.18860432777636918 0.12042818204868157 0.22449646615111563 0.12814692148411091
0 0.1635766973350254 0.1224421002538071 0.16176980885152284 0.08871351522842641 0.11888037357233502 0.09279822335025383 0.12068726205583756 0.12652680837563451
0 0.07487273755656111 0.09366751508295629 0.031653218679298656 0.0909234186463047 0.03041152608880092 0.12569081118024134 0.07363104496606337 0.12843490761689294
0 0.050522300151646445 0.2566875631860196 0.04942387889948007 0.22153808311669554 0.002894145363951473 0.2241230683131138 0.003992566616117851 0.25927254838243785
0 0.17049135358146067 0.24769136235955058 0.16828366397471908 0.2131042251872659 0.12452027738764046 0.21807028323970035 0.12672796699438205 0.2526574204119851
0 0.24701038354531002 0.2428660737943826 0.24569272282392687 0.21007096250662424 0.20311646090023847 0.21311212407260197 0.2044341216216216 0.24590723536036033
0 0.36083984375 0.20572916666666674 0.31298828125 0.20572916666666674 0.31298828125 0.24088541666666674 0.36083984375 0.24088541666666674
0 0.4506059098572772 0.2356733257528231 0.4490149829438519 0.20226386057089085 0.40330083026191965 0.20613384175031368 0.40489175717534504 0.23954330693224593
0 0.53759765625 0.2024739583333334 0.4931640625 0.2024739583333334 0.4931640625 0.23828125000000008 0.53759765625 0.23828125000000008
0 0.6142578125 0.19596354166666674 0.57421875 0.19596354166666674 0.57421875 0.23111979166666674 0.6142578125 0.23111979166666674
0 0.6800569004230997 0.22782514969319087 0.679188200527019 0.1942354203780681 0.6375149615869954 0.1961514313638163 0.6383836614830761 0.22974116067893904
0 0.737925464527027 0.22048704954954956 0.7374028716216215 0.1905250563063063 0.7015392736486487 0.19163710585585583 0.7020618665540541 0.2215990990990991
0 0.8143654482208028 0.21898190389294406 0.8136658160355839 0.18446671608880774 0.7731548671304744 0.1859265701034063 0.7738544993156934 0.22044175790754258
0 0.9068978658536585 0.21644435975609758 0.9059975228658536 0.17802972560975613 0.866896913109756 0.17965891768292686 0.867797256097561 0.21807355182926833
0 0.9969299099199289 0.21403655100830368 0.9964228619884342 0.1782051638493476 0.9578715802935944 0.1791750074139976 0.9583786282250891 0.2150063945729537
0 0.9801294114017771 0.43767802422671953 0.9384290840171521 0.4364424589708788 0.9378832019681639 0.46919538191016796 0.9795835293527889 0.4704309471660087
0 0.910892564285319 0.46669221241142606 0.9077243585307795 0.43832922756126363 0.8642854918622676 0.44695538548125185 0.8674536976168069 0.4753183703314143
0 0.8235236672794118 0.46972273284313726 0.8215130974264707 0.4348728553921568 0.7784237132352942 0.43929227941176463 0.7804342830882354 0.4741421568627451
0 0.716181512181148 0.47460652069217485 0.7146769676041252 0.4411721967583367 0.6707141400333798 0.4446892229639963 0.6722186846104026 0.4781235468978345
0 0.630859375 0.44531250000000017 0.587890625 0.44531250000000017 0.587890625 0.47851562500000017 0.630859375 0.47851562500000017
0 0.544882244209418 0.47727435872894336 0.5432677007561255 0.4465980331163859 0.5026320826952526 0.45040019620980093 0.5042466261485451 0.4810765218223583
0 0.4762478028861094 0.47921441241972246 0.47463729412678685 0.4505831455873213 0.44214185829707897 0.4538326891702921 0.44375236705640153 0.48246395600269326
0 0.41926244362113413 0.45358811211340216 0.3826947084407217 0.45137188573883175 0.3816053882087629 0.4833252792096221 0.41817312338917534 0.4855415055841925
0 0.35906758505917163 0.4841985638560158 0.35719102487056215 0.4500034670857988 0.31760210567677516 0.4538658006656804 0.31947866586538465 0.4880608974358975
0 0.2949847230816831 0.4832598494224422 0.292369275990099 0.44838722153465344 0.2550471844059406 0.4533635004125413 0.2576626314975248 0.48823612830033003
0 0.21057764340753427 0.49121004566210047 0.20783256635273972 0.45643906963470315 0.17400203339041095 0.4611872146118721 0.1767471104452055 0.49595819063926944
0 0.07856227151009065 0.5034496917494063 0.077352581851662 0.4668901820724513 0.028977642557468163 0.4697357667368156 0.030187332215896822 0.5062952764137707
0 0.04835145616941261 0.6537333228868195 0.0470985740508596 0.6208799695558739 0.003712336586676211 0.6238214093839541 0.004965218705229226 0.6566747627148998
0 0.14013671875000006 0.6126302083333334 0.09912109375000006 0.6126302083333334 0.09912109375000006 0.6471354166666666 0.14013671875000006 0.6471354166666666
0 0.2524899646063537 0.6042386049723758 0.2114082462879835 0.6013556773710867 0.21012684521754152 0.6338178378222837 0.2512085635359117 0.6367007654235729
0 0.3408049508426966 0.6315952715355805 0.33873858848314603 0.599222261235955 0.2976775368679775 0.6038816713483145 0.29974389922752803 0.6362546816479401
0 0.43115234375000006 0.5970052083333334 0.39111328125000006 0.5970052083333334 0.3911132812500001 0.6282552083333334 0.4311523437500001 0.6282552083333334
0 0.529296875 0.5930989583333335 0.49072265625 0.5930989583333335 0.49072265625000006 0.6269531250000001 0.529296875 0.6269531250000001
0 0.65478515625 0.5904947916666669 0.6123046875 0.5904947916666669 0.6123046875 0.6276041666666669 0.65478515625 0.6276041666666669
0 0.8014751796304744 0.6227755284367397 0.8008290088959854 0.5908977722019465 0.767122633439781 0.5921124163625304 0.7677688041742701 0.6239901725973236
0 0.8856784640089724 0.5928175129146277 0.8511084701264274 0.5915005607667212 0.8504246374133361 0.6234127540443177 0.8849946312958811 0.6247297061922242
0 0.99951171875 0.5846354166666669 0.9609375 0.5846354166666669 0.9609375 0.6191406250000001 0.99951171875 0.6191406250000001
0 0.950929741010274 0.7484446347031963 0.9499076947773973 0.7116509703196346 0.9069075074914384 0.7137744363584475 0.9079295537243152 0.7505681007420092
0 0.8575597426470589 0.7163219975490199 0.8203476427335641 0.715016309832757 0.8196262029628029 0.7515692582179933 0.8568383028762977 0.7528749459342562
0 0.7763908412629758 0.7344786260092274 0.7627716803633218 0.7088911115916957 0.7319221047794118 0.7380821078431373 0.7455412656790659 0.763669622260669
0 0.70703125 0.7161458333333334 0.6708984375 0.7161458333333334 0.6708984375 0.7513020833333334 0.70703125 0.7513020833333334
0 0.5841834596298283 0.7501872094062948 0.5818497686427039 0.7149225456008583 0.5429322860783262 0.7195010729613734 0.5452659770654507 0.7547657367668098
0 0.4594778816141499 0.7561450282401903 0.4588139700691142 0.7198511971115736 0.4226431285300238 0.7210274846413002 0.4233070400750595 0.7573213157699167
0 0.3471679687500001 0.7252604166666666 0.3090820312500001 0.7252604166666666 0.3090820312500001 0.759765625 0.3471679687500001 0.759765625
0 0.26810601169792464 0.7612157174251081 0.2657585056883093 0.7292896356943387 0.22557905768040748 0.7345418511202082 0.22792656369002287 0.7664679328509775
0 0.17048929148706898 0.7680697737068966 0.16897730334051725 0.7337980423850573 0.12504040948275863 0.7372440732758619 0.12655239762931036 0.7715158045977013
0 0.07031250000000007 0.744140625 0.02343750000000007 0.744140625 0.02343750000000007 0.7825520833333334 0.07031250000000008 0.7825520833333334
0 0.12125795557019978 0.9251880144746577 0.12047161140399557 0.893734247826489 0.08437890191453941 0.8953383682482426 0.08516524608074363 0.9267921348964112
0 0.18983800551470587 0.9086933210784315 0.18042911305147058 0.8779005821078433 0.14107996323529415 0.8992754289215688 0.15048885569852943 0.930068167892157
0 0.25598282905680136 0.9193937258707082 0.2548219277507393 0.8845666866888452 0.21413623552242486 0.8869776906727452 0.21529713682848697 0.9218047298546083
0 0.31143801807872257 0.9104417760035259 0.3104407959977624 0.8871732607811227 0.2820736021409682 0.8893345707892594 0.28307082422192836 0.9126030860116626
0 0.4062500000000001 0.8763020833333334 0.3652343750000001 0.8763020833333334 0.3652343750000001 0.912109375 0.4062500000000001 0.912109375
0 0.46583129160502956 0.8984205498027614 0.46449126294378695 0.8740022497534518 0.43272062222633134 0.8771018244575939 0.43406065088757395 0.9015201245069036
0 0.5574484330736543 0.9046122521246459 0.5568464500708215 0.8709012039660057 0.5181314182011331 0.8721302525967894 0.5187334012039659 0.9058413007554297
0 0.6204998944256758 0.9031883445945947 0.6196969204781706 0.8699987547643798 0.5810841264942829 0.8716595200970202 0.581887100441788 0.904849109927235
0 0.69189453125 0.869140625 0.65380859375 0.869140625 0.65380859375 0.9016927083333334 0.69189453125 0.9016927083333334
0 0.7690963586721453 0.9030957143886967 0.7683965451989619 0.8676384984140716 0.7265618241782008 0.8691063833621685 0.7272616376513842 0.9045635993367936
0 0.8328830375276958 0.8999713426267849 0.8319915816562039 0.8690675390817332 0.7935305979966766 0.8710398972181191 0.7944220538681684 0.9019437007631709
0 0.9169797945748731 0.8982061653976311 0.915091112785533 0.8629507719966157 0.8720628767449238 0.8670486992385786 0.8739515585342639 0.9023040926395939
0 0.06005859375000008 0.896484375 0.025390625000000083 0.896484375 0.025390625000000083 0.9212239583333334 0.06005859375000008 0.9212239583333334