0 0.9326171875 0.07031250000000015 0.89453125 0.07031250000000015 0.89453125 0.10677083333333348 0.9326171875 0.10677083333333348
0 0.8656254321073008 0.10482635047935102 0.8643788025442478 0.07989375921828908 0.8322300193584071 0.08275142883480825 0.8334766489214601 0.10768402009587019
0 0.8071310667865043 0.10616300239675518 0.8058671529314158 0.08088472529498526 0.7715470305586282 0.08393540283923305 0.7728109444137167 0.10921367994100295
0 0.71875 0.08138020833333344 0.6806640625 0.08138020833333344 0.6806640625 0.11067708333333344 0.71875 0.11067708333333344
0 0.6494140625 0.08984375000000011 0.6201171875 0.08984375000000011 0.6201171875 0.11263020833333344 0.6494140625 0.11263020833333344
0 0.5889143318965516 0.1094782686781609 0.5869477370689654 0.07801275143678162 0.5504983836206896 0.08206267959770115 0.5524649784482758 0.11352819683908044
0 0.521484375 0.08138020833333341 0.48779296875 0.08138020833333341 0.48779296875 0.11132812500000007 0.521484375 0.11132812500000007
0 0.4274783492330122 0.10426372865956728 0.42401927770030434 0.07566873732251521 0.3872981506719067 0.083565753887762 0.39075722220461456 0.11216074522481408
0 0.3555601557123193 0.09833193536361551 0.3540983364160358 0.07364343169304884 0.3226204942360633 0.07695688876462489 0.32408231353234684 0.10164539243519155
0 0.2618714207437783 0.10201528327677227 0.2613840232607466 0.071471707673454 0.22332570347850675 0.07255137631975868 0.22381310096153842 0.10309495192307694
0 0.16796875 0.06640625000000001 0.13134765625 0.06640625000000001 0.13134765625 0.10286458333333337 0.16796875 0.10286458333333337
0 0.0666796875 0.10151041666666667 0.06292968749999998 0.06651041666666666 0.030458984374999998 0.0726953125 0.034208984375 0.10769531250000001
0 0.04492187500000002 0.21940104166666666 0.01123046875000002 0.21940104166666666 0.011230468750000023 0.26171875 0.04492187500000003 0.26171875
0 0.12427531657862027 0.24558028084213798 0.12304171603091983 0.22364960443857465 0.09422432168660659 0.226531343873006 0.09545792223430703 0.2484620202765693
0 0.20715820312499997 0.2323046875 0.20345703124999998 0.19776041666666663 0.16763671874999997 0.2045833333333333 0.17133789062499996 0.23912760416666667
0 0.2880859375 0.2063802083333334 0.24755859375 0.2063802083333334 0.24755859375 0.23502604166666674 0.2880859375 0.23502604166666674
0 0.3740234375 0.2122395833333334 0.3359375 0.2122395833333334 0.3359375 0.24088541666666674 0.3740234375 0.24088541666666674
0 0.4508298856356768 0.2413311363885239 0.4504144295129764 0.2197274180081034 0.4210742444152431 0.22073050125930796 0.4214897005379435 0.24233421963972848
0 0.5413139514495012 0.2442834969866999 0.5405127318422692 0.2229176407938487 0.5067348718048628 0.22516949812967582 0.5075360914120947 0.24653535432252702
0 0.6394236943493151 0.2235855450913243 0.601642765410959 0.22171982020547953 0.6008113495291096 0.2516507919520549 0.6385922784674658 0.25351651683789966
0 0.734375 0.22265625000000014 0.69921875 0.22265625000000014 0.69921875 0.24804687500000014 0.734375 0.24804687500000014
0 0.8184871801593959 0.24708123601789708 0.8181113271166752 0.22503119084494919 0.7806439968378935 0.22616656448976077 0.7810198498806142 0.24821660966270864
0 0.9110939006266067 0.24859080441302495 0.9049301343589331 0.21689143503641825 0.8654979715616965 0.23052230612682098 0.8716617378293701 0.2622216755034277
0 0.9972631400260245 0.39565110190846003 0.9967914790565102 0.36106263081075135 0.9523636943365831 0.3621396680160829 0.9528353553060973 0.39672813911379157
0 0.905408344072165 0.3632302405498283 0.8641893524484536 0.36073211984536097 0.8630023759664949 0.39555009664948465 0.9042213675902062 0.39804821735395196
0 0.83349609375 0.3567708333333335 0.7998046875 0.3567708333333335 0.7998046875 0.3893229166666668 0.83349609375 0.3893229166666668
0 0.7753991129631748 0.37876746435651115 0.774190248313129 0.35217244205550474 0.7413445112362764 0.35482664303141204 0.7425533758863222 0.3814216653324185
0 0.70849609375 0.35546875000000017 0.6748046875 0.35546875000000017 0.6748046875 0.3880208333333335 0.70849609375 0.3880208333333335
0 0.6454596839183381 0.38502268385864374 0.6441770012535816 0.35138789398280806 0.6004193062768625 0.3543545173710602 0.601701988941619 0.3879893072468959
0 0.5751312756147542 0.3525017076502734 0.5317662973872952 0.3472453466530056 0.5295370133196722 0.3799415129781422 0.5729019915471312 0.38519787397541
0 0.507060049430295 0.3827695626675604 0.5051194914544237 0.35495489834673816 0.47204360757372654 0.35905733355674707 0.4739841655495979 0.38687199787756926
0 0.4503116078711256 0.3830312839858619 0.44955967067699837 0.3479408815932572 0.41256420141721045 0.3493502328031539 0.4133161386113377 0.3844406351957586
0 0.38513571284871245 0.37972438304721035 0.38283094152360514 0.3448967274678112 0.3438279573497854 0.34948531384120174 0.3461327286748927 0.3843129694206009
0 0.3046481753355705 0.34925545302013433 0.26378493341023496 0.33964057256711416 0.2589873243498323 0.3758891743568233 0.2998505662751678 0.3855040548098434
0 0.22861191383459742 0.3462371766822248 0.19915151874270712 0.3408191729871645 0.19560535479871646 0.37509875777907425 0.22506574989060676 0.38051676147413455
0 0.17905241782313613 0.37553761058211776 0.17697623328606157 0.3432414066720691 0.1448739173926256 0.3469102427741761 0.14695010192970015 0.3792064466842247
0 0.11540385348264541 0.3798773159005629 0.11319788490853659 0.3460524644308944 0.07440746658067543 0.3505499042370232 0.07661343515478423 0.3843747557066917
0 0.04689874537101736 0.35142676017793933 0.01107598737073788 0.34574060811440294 0.008120098082029105 0.3788465681479412 0.043942856082308586 0.38453272021147766
0 0.03320312500000004 0.4654947916666667 4.2904496015050095e-17 0.4654947916666667 4.4728310828233407e-17 0.5052083333333334 0.03320312500000004 0.5052083333333334
0 0.11577850817807624 0.5011362200317736 0.11451591610701906 0.46073327375794343 0.0762319581347487 0.4628601603119584 0.0774945502058059 0.5032631065857887
0 0.17684099264705883 0.49475612745098047 0.17516452205882355 0.4604816176470589 0.13507306985294118 0.463967830882353 0.13674954044117646 0.4982423406862746
0 0.25257144591968916 0.4644349093264249 0.21748249271373063 0.46141650474956825 0.21585826181994824 0.4949839432210709 0.2509472150259068 0.49800234779792757
0 0.3150332991803278 0.49294911202185787 0.31373142930327863 0.45910049521857915 0.27462154200819666 0.461774675546448 0.27592341188524583 0.49562329234972674
0 0.41881693293539324 0.4728259597378277 0.3790916871488764 0.467781484082397 0.377197814255618 0.49429570458801503 0.4169230600421348 0.4993401802434458
0 0.5129438754099002 0.4704672698053301 0.4713926964592443 0.4690822305069749 0.470807734911774 0.5002801797053925 0.5123589138624298 0.5016652190037477
0 0.6195430783788775 0.5061392171344166 0.6185304537481536 0.4710348966026588 0.5763752654172821 0.4731967011324471 0.577387890048006 0.5083010216642049
0 0.68505859375 0.4772135416666668 0.6474609375 0.4772135416666668 0.6474609375 0.5052083333333335 0.68505859375 0.5052083333333335
0 0.7703560813468054 0.508909754154566 0.7678900955953534 0.4738379568005808 0.718640337608906 0.47999417654888665 0.7211063233603581 0.5150659739028719
0 0.8500736009075194 0.5106282411408816 0.8493333715968021 0.4770711790550273 0.8088267070008643 0.47865967570584833 0.8095669363115816 0.5122167377917026
0 0.9227153844074396 0.48281114835640165 0.8826398275302769 0.48140498846597485 0.8819694123053634 0.5153726931949253 0.9220449691825261 0.516778853085352
0 0.9423828125 0.7402343750000003 0.896484375 0.7402343750000001 0.896484375 0.7740885416666669 0.9423828125 0.774088541666667
0 0.8701382211538462 0.771338141025641 0.8687154447115385 0.7371915064102564 0.8272581129807692 0.7402624198717948 0.8286808894230769 0.7744090544871794
0 0.8003069347004858 0.7670019197472565 0.7991190383837021 0.7329488919994603 0.7586111942626821 0.7354610063635546 0.7597990905794657 0.7695140341113508
0 0.740234375 0.73046875 0.69873046875 0.73046875 0.69873046875 0.7662760416666666 0.740234375 0.7662760416666666
0 0.6721951130723257 0.7612729394584007 0.6700132793506888 0.7273333037884927 0.6322189652552674 0.7316526539708265 0.6344007989769044 0.7655922896407344
0 0.5990589762432537 0.7613412763428425 0.5983252367241712 0.7261217794268825 0.5600382643841556 0.7275398154394757 0.5607720039032381 0.7627593123554357
0 0.5136562131485849 0.7592853282232704 0.5125451429834906 0.7252125098270441 0.47078051297169815 0.7276336477987423 0.47189158313679247 0.7617064661949686
0 0.4490894362898189 0.7269488145429941 0.40947796299188016 0.7256284320997294 0.4088811070229545 0.7574607504424319 0.44849258032089323 0.7587811328856966
0 0.38184128852739724 0.7572292380136986 0.3793824914383561 0.7260844748858447 0.34458609803082185 0.7309681792237442 0.347044895119863 0.7621129423515981
0 0.2929687500000001 0.7200520833333334 0.2514648437500001 0.7200520833333334 0.2514648437500001 0.7552083333333334 0.2929687500000001 0.7552083333333334
0 0.21424975837628865 0.7540606207044673 0.2132762161726804 0.7255033827319588 0.17861328124999998 0.7276041666666666 0.17958682345360824 0.7561614046391751
0 0.16543359374999997 0.7545208333333333 0.16116015624999996 0.7231822916666667 0.12149999999999997 0.732796875 0.12577343749999997 0.7641354166666666
0 0.10828344582100591 0.7656804733727812 0.10642508783284022 0.7297522189349114 0.07014492418639051 0.7330883259368837 0.0720032821745562 0.7690165803747536
0 0.07324218750000008 0.888671875 0.03710937500000008 0.888671875 0.03710937500000008 0.921875 0.07324218750000008 0.921875
0 0.15255570246241335 0.8830554484708301 0.11120577233519667 0.8815239695772296 0.11051758565439482 0.9145569302557184 0.1518675157816115 0.916088409149319
0 0.2319297938959144 0.9126793531128405 0.23024075875486383 0.8766466034370947 0.18430812256809337 0.8804743231193255 0.18599715770914393 0.9165070727950714
0 0.3146016793952619 0.8834083411263508 0.27631848114089785 0.880856127909393 0.2750764689837906 0.9139764520989192 0.31335966723815467 0.916528665315877
0 0.4042968750000001 0.8821614583333334 0.3569335937500001 0.8821614583333334 0.3569335937500001 0.919921875 0.4042968750000001 0.919921875
0 0.51806640625 0.8828125 0.4760742187500001 0.8828125 0.4760742187500001 0.9192708333333334 0.51806640625 0.9192708333333334
0 0.60107421875 0.88671875 0.56005859375 0.88671875 0.56005859375 0.921875 0.60107421875 0.921875
0 0.6740153254792332 0.925510849307774 0.6729646627895367 0.8904887596512246 0.630435053913738 0.892757005457934 0.6314857166034344 0.9277790951144834
0 0.73974609375 0.8938802083333334 0.70361328125 0.8938802083333334 0.70361328125 0.9251302083333334 0.73974609375 0.9251302083333334
0 0.825942517201835 0.8916021597859328 0.7850384353497708 0.8899494696100918 0.7842105970470185 0.9263743549311928 0.8251146788990826 0.9280270451070338
0 0.9404158682193396 0.9299147503930819 0.9393103257665095 0.8960114485062894 0.8992196712853775 0.8983355444182392 0.9003252137382076 0.9322388463050316
0 0.9826719290657441 0.5152735726643599 0.9819396761461938 0.4781727580738178 0.9441625892084775 0.4794982698961938 0.9448948421280278 0.516599084486736