0 0.05175781250000001 0.064453125 0.015625000000000007 0.064453125 0.015625000000000007 0.09895833333333333 0.051757812500000014 0.09895833333333333
0 0.17822265625 0.0709635416666667 0.1455078125 0.07096354166666669 0.1455078125 0.10481770833333337 0.17822265625 0.10481770833333337
0 0.26994061284572174 0.07779638432728325 0.23474300453759725 0.07641608596225875 0.23395930680099397 0.1119437166882743 0.2691569151091185 0.11332401505329881
0 0.36343313011596184 0.08255261624602096 0.33170617326057295 0.0794190896430196 0.32965312713165074 0.11637391996361988 0.36138008398703964 0.11950744656662125
0 0.4685977711397059 0.12105928308823531 0.4664636948529412 0.08406862745098038 0.43188763786764706 0.08761488970588234 0.43402171415441176 0.12460554534313728
0 0.548828125 0.08593750000000007 0.51318359375 0.08593750000000007 0.51318359375 0.12174479166666674 0.548828125 0.12174479166666674
0 0.6256911057692307 0.11674679487179486 0.6229041466346154 0.08701923076923078 0.5941781850961538 0.09180689102564103 0.5969651442307692 0.12153445512820511
0 0.7280772157066508 0.0853112010095013 0.6904401258165084 0.08358076009501199 0.6895662067621734 0.11737229686262877 0.7272032966523159 0.11910273777711809
0 0.7987139423076922 0.11770232371794871 0.7973031850961537 0.08384415064102564 0.7648242187499998 0.08625000000000001 0.7662349759615383 0.12010817307692308
0 0.903107582751872 0.0854889947810303 0.8671349823434309 0.0791780122532336 0.8639988805097005 0.11095717750170196 0.8999714809181416 0.11726816002949865
0 0.9703797882329347 0.21544655228996504 0.9565418292371646 0.19109174445740962 0.928987554240811 0.2189243454638273 0.9428255132365811 0.24327915329638272
0 0.889558447098976 0.23986552545506257 0.886262132039249 0.20250728811149035 0.8482711844069966 0.20846665244596133 0.8515674994667235 0.24582488978953354
0 0.7811085668103447 0.2425287356321839 0.7788085937499999 0.20572916666666674 0.7434502963362069 0.2096578663793104 0.7457502693965516 0.24645743534482759
0 0.666015625 0.23893229166666666 0.6621885557432432 0.20831573761261257 0.6294077280405405 0.21560036599099097 0.6332347972972973 0.24621692004504506
0 0.5383993774214927 0.24379386300299077 0.537701605194739 0.21123115908781945 0.5051389012795676 0.2124716430464927 0.5058366735063213 0.245034346961664
0 0.44189453125 0.20898437500000008 0.40673828125 0.20898437500000008 0.40673828125 0.24479166666666674 0.44189453125 0.24479166666666674
0 0.35187226032239816 0.21307150263951735 0.3218042986425339 0.19755255467571645 0.31229143099547507 0.23031909879336354 0.3423593926753393 0.24583804675716445
0 0.2686705830496109 0.23229014672503243 0.26700244710603116 0.1967032465953307 0.23243897434338517 0.19958353599221787 0.23410711028696496 0.23517043612191957
0 0.18798828125 0.19401041666666666 0.15087890625 0.19401041666666666 0.15087890625 0.228515625 0.18798828125 0.228515625
0 0.07568359375000003 0.19140625 0.039062500000000014 0.19140625 0.039062500000000014 0.224609375 0.07568359375000003 0.224609375
0 0.11669921875000003 0.3391927083333333 0.08203125000000003 0.3391927083333333 0.08203125000000003 0.37890625 0.11669921875000003 0.37890625
0 0.23730468750000006 0.341796875 0.20263671875000006 0.341796875 0.20263671875000006 0.3782552083333333 0.23730468750000006 0.3782552083333333
0 0.35403473095837146 0.34730362724916136 0.32048136579368713 0.34459224420555046 0.3187650102927722 0.3823520652256786 0.35231837545745653 0.38506344826928945
0 0.44948643718274117 0.3852051607445008 0.4475357907677665 0.3487930943316413 0.4125579988895939 0.35212431260575294 0.41450864530456855 0.38853637901861243
0 0.61669921875 0.34375000000000017 0.58447265625 0.34375000000000017 0.58447265625 0.38085937500000017 0.61669921875 0.38085937500000017
0 0.7399383814988939 0.34511257835545733 0.7096368570243363 0.3424191095132744 0.7078954646017699 0.37724695796460184 0.7381969890763275 0.37994042680678475
0 0.99951171875 0.3294270833333335 0.9697265625 0.3294270833333335 0.9697265625 0.36914062500000017 0.99951171875 0.36914062500000017
0 0.98681640625 0.42773437500000017 0.94921875 0.42773437500000017 0.94921875 0.46484375000000017 0.98681640625 0.46484375000000017
0 0.8673677884615384 0.46871995192307697 0.8638146033653846 0.4308193108974359 0.828838641826923 0.43664863782051283 0.8323918269230768 0.4745492788461539
0 0.7647881949599169 0.439257503216548 0.7310863503934085 0.43770799312153613 0.7300952902315915 0.4760289860451308 0.7637971347980999 0.47757849614014264
0 0.6843505569076991 0.47626794428755453 0.6836468745355231 0.43779997460860093 0.6489042991973841 0.4389298144569957 0.6496079815695601 0.4773977841359493
0 0.5756409579651768 0.4399133207726959 0.5416698812694908 0.4384521991943868 0.5406948414760916 0.47875384398821913 0.5746659181717776 0.4802149655665282
0 0.4721967409553725 0.4800873772385905 0.4711372468045926 0.4461835644136338 0.4349655072032062 0.44819310550259966 0.4360250013539861 0.48209691832755636
0 0.36622015035377353 0.4717226808176101 0.3587208873820754 0.4367261202830189 0.3245411998820754 0.44974695361635225 0.33204046285377353 0.48474351415094347
0 0.2717809078467153 0.47882166210462285 0.2709896783759124 0.4397876748783455 0.233023850935219 0.44115581280413624 0.23381508040602192 0.4801898000304136
0 0.16000125430045872 0.4782062308868502 0.1590981579701835 0.43846999235474016 0.12585158041857797 0.4398132884174313 0.12675467674885318 0.47954952694954134
0 0.03076171875000004 0.4322916666666667 4.006412868304329e-17 0.4322916666666667 4.200753791020584e-17 0.474609375 0.03076171875000004 0.474609375
0 0.08349609375000006 0.5807291666666666 0.042480468750000056 0.5807291666666666 0.042480468750000056 0.6197916666666666 0.08349609375000006 0.6197916666666666
0 0.1893579984315974 0.6199943925391257 0.18806206362992445 0.5828442615578341 0.14895924682946574 0.5852692424446843 0.1502551816311387 0.6224193734259759
0 0.26665708280456857 0.5988334126480542 0.2362344344860406 0.5747957645939087 0.22168018321700506 0.6075428299492386 0.25210283153553303 0.6315804780033841
0 0.36077699566831684 0.6143964005775578 0.35819538985148514 0.5799749896864687 0.31889116646039606 0.5852155528052805 0.32147277227722776 0.6196369636963697
0 0.4398888343699021 0.6225466455954323 0.4390958751784258 0.5855418833265362 0.39666399559033444 0.5871583358822731 0.39745695478181076 0.6241630981511691
0 0.5251198948019802 0.6200881806930695 0.5222675587871287 0.5820570338283828 0.4789990717821782 0.5878261654290429 0.48185140779702973 0.6258573122937295
0 0.601480655822406 0.6124282889110604 0.596032171999715 0.577315837609274 0.5601716166619156 0.5872084045990117 0.5656201004846066 0.6223208559007981
0 0.7040451189793577 0.6205633600917432 0.7031993620986238 0.5833500573394496 0.6587178361525229 0.5851472907110092 0.6595635930332568 0.6223605934633029
0 0.8021549401753865 0.5857122287455412 0.7591165186533888 0.5843126052814112 0.7584520265123365 0.6206381756589379 0.8014904480343341 0.6220377991230679
0 0.9151953124999999 0.6157291666666665 0.9136057692307692 0.5775801282051282 0.8679026442307692 0.5809655448717949 0.8694921874999999 0.6191145833333332
0 0.9870666662165083 0.6135586601483722 0.9863285470235523 0.5800972567343705 0.9455636040136128 0.5816958819504466 0.9463017232065688 0.6151572853644484
0 0.9499055109797298 0.8557805461711712 0.9493364653716216 0.8231552646396395 0.9107603990709459 0.8243514217342341 0.911329444679054 0.8569767032657657
0 0.8505716731039327 0.8516883192883897 0.848291564255618 0.819766795411985 0.8072989817415731 0.8249722027153558 0.8095790905898878 0.8568937265917604
0 0.745996853720817 0.8501464210440984 0.7444218142023347 0.8165455779831389 0.7049033317120623 0.8198387848573282 0.7064783712305447 0.8534396279182878
0 0.6615338217618779 0.849769925999246 0.6604257989253395 0.818745286576169 0.6237947627969458 0.821071066647813 0.6249027856334842 0.85209570607089
0 0.5094404112617924 0.8513549036949685 0.5084168632075471 0.8199660966981132 0.46802955483490566 0.822307389937107 0.469053102889151 0.8536961969339623
0 0.592059937180436 0.8248337005516686 0.5502033541610604 0.8209400649219593 0.5485745235972821 0.8520688268074991 0.5904311066166578 0.8559624624372084
0 0.44026744460453093 0.8511370975755167 0.43842610418322725 0.8204480905537889 0.3970890985194753 0.8248573711579225 0.398930438940779 0.8555463781796503
0 0.321364571916102 0.8547595842467118 0.3199394289931248 0.8230897415138833 0.280686209333898 0.8262299990866214 0.2821113522568752 0.8578998418194499
0 0.2141676682692308 0.8288261217948717 0.17327916974852078 0.8250662598619328 0.17152944711538468 0.8588942307692308 0.2124179456360947 0.8626540927021696
0 0.09846360612623764 0.8629782900165016 0.09604637221534654 0.8307485045379538 0.059352761448019806 0.8356409859735973 0.061769995358910895 0.8678707714521452
0 0.8222225413602943 0.9421530330882354 0.8210427124575793 0.9091178238122173 0.7818597992081449 0.9116056278280543 0.7830396281108598 0.9446408371040724
0 0.6425309154868785 0.935652984000921 0.6414680270200277 0.9087264761740332 0.6062294975828729 0.9111993554327809 0.6072923860497237 0.9381258632596686
0 0.537109375 0.919921875 0.5068359375 0.919921875 0.5068359375 0.947265625 0.537109375 0.947265625
0 0.44486635469543145 0.9454479959813876 0.44332219622461927 0.9166237045262267 0.4111551197652284 0.9196872356175971 0.4126992782360406 0.9485115270727581
0 0.34797389942472695 0.947796818122725 0.3445277459535881 0.9190788725299012 0.3125914099063962 0.9258919575533021 0.3160375633775351 0.9546099031461259
0 0.2599878771551725 0.9226966594827588 0.2293894800646552 0.9202967852011495 0.22788927801724143 0.9543013649425288 0.2584876751077587 0.9567012392241381
0 0.057088932966321254 0.9597858646373058 0.055629655116580315 0.9296274557426599 0.025466017648963734 0.9322221772452505 0.026925295498704673 0.9623805861398963
0 0.15389188878676482 0.9275926776960786 0.11651539522058835 0.9237591911764708 0.11474322150735305 0.9544768688725491 0.15211971507352953 0.9583103553921569