0 0.04087529323056299 0.07806670297140304 0.03846556635388739 0.0435272844057194 0.003273186159517428 0.04789223078641645 0.005682913036193029 0.0824316493521001
0 0.15424960108587532 0.053855997181697646 0.12286425522214854 0.04610652906719719 0.11816600526359416 0.0799339287687887 0.14955135112732096 0.08768339688328915
0 0.26953125 0.05208333333333337 0.236328125 0.05208333333333337 0.236328125 0.08789062500000004 0.26953125 0.08789062500000004
0 0.3675550694306439 0.052592056670641284 0.3319342147754372 0.03388211281134077 0.32164071815381556 0.06872163983836783 0.35726157280902227 0.08743158369766835
0 0.5166460396039605 0.06595761138613869 0.4810222965655941 0.05523218337458754 0.4745992226175743 0.0931589057343235 0.5102229656559406 0.10388433374587465
0 0.65234375 0.07031250000000011 0.61572265625 0.0703125000000001 0.61572265625 0.10481770833333344 0.65234375 0.10481770833333344
0 0.76611328125 0.08528645833333344 0.73193359375 0.08528645833333344 0.73193359375 0.12109375000000011 0.76611328125 0.12109375000000011
0 0.8575470671106556 0.13248676571038248 0.8561363345286884 0.09580771857923497 0.8187746542008195 0.09836236338797814 0.8201853867827867 0.13504141051912566
0 0.9894009524828767 0.12351241438356181 0.9561804366438356 0.11884988584474902 0.9534942208904109 0.15287528538812803 0.9867147367294521 0.1575378139269408
0 0.9456169577205882 0.2886106004901961 0.93798828125 0.24283854166666666 0.8997300091911764 0.2541743259803922 0.9073586856617646 0.2999463848039216
0 0.80224609375 0.23372395833333348 0.767578125 0.23372395833333348 0.767578125 0.27148437500000017 0.80224609375 0.27148437500000017
0 0.7194550337663456 0.23462054083505404 0.6847974825791465 0.230972377552191 0.6826087862396765 0.26793702684101867 0.7172663374268755 0.27158519012388177
0 0.6491398223458904 0.22710652111872157 0.6127421339897261 0.2219980736301371 0.6098392016267125 0.2587685502283106 0.6462368899828768 0.26387699771689505
0 0.5157752403846154 0.20998597756410267 0.48001802884615385 0.2040264423076924 0.47655498798076923 0.24096554487179497 0.5123121995192308 0.24692508012820524
0 0.4372086994908016 0.23420133185501535 0.4365192668979961 0.19835083702912837 0.4020242177233903 0.1995301549496277 0.4027136503161958 0.23538064977551468
0 0.341796875 0.19140625000000008 0.30908203125 0.19140625000000008 0.30908203125 0.22851562500000008 0.341796875 0.22851562500000008
0 0.25830078125 0.19205729166666674 0.224609375 0.1920572916666667 0.224609375 0.22786458333333337 0.25830078125 0.2278645833333334
0 0.17578125 0.18489583333333334 0.146484375 0.18489583333333334 0.146484375 0.21875 0.17578125 0.21875
0 0.08593750000000003 0.18815104166666666 0.053710937500000014 0.18815104166666666 0.053710937500000014 0.22200520833333334 0.08593750000000003 0.22200520833333334
0 0.14190090815569345 0.29243540879654617 0.14092434565569345 0.2644406171298795 0.1080648357393416 0.2664784161944594 0.10904139823934161 0.29447320786112613
0 0.32401535131369424 0.30165124071125266 0.32307486564490445 0.2665397757430998 0.29064552647292996 0.2680840299893843 0.29158601214171975 0.30319549495753717
0 0.42919921875 0.27148437500000006 0.39990234375 0.27148437500000006 0.39990234375 0.30729166666666674 0.42919921875 0.30729166666666674
0 0.941329105192844 0.45087539691759626 0.9080969374419148 0.445095889482652 0.904080869539963 0.48614902803593574 0.9373130372908922 0.49192853547088
0 0.6833662210051547 0.4219716494845362 0.6493320111146906 0.4175801385309279 0.6466681096971649 0.4542827802835052 0.680702319587629 0.4586742912371135
0 0.41199847366119485 0.4053312533638321 0.37668480683194294 0.4020462611006459 0.3751758127859257 0.4308848139800862 0.4104894796151776 0.4341698062432724
0 0.16113281250000006 0.3821614583333333 0.12939453125000006 0.3821614583333333 0.12939453125000006 0.421875 0.16113281250000006 0.421875
0 0.07736436699718931 0.504759801816573 0.043376820151467876 0.5036268835883823 0.04266437480480954 0.5416239687434937 0.07665192165053096 0.5427568869716844
0 0.2579628703503461 0.5060531105824684 0.22084065473615921 0.5047505767012689 0.2200560256271627 0.5445051182237601 0.2571782412413496 0.5458076521049596
0 0.4075743937196439 0.5121642550368771 0.37195015262412306 0.5099549997751395 0.3705915027995143 0.5489029614139234 0.4062157438950351 0.5511122166756611
0 0.59765625 0.5279947916666669 0.560546875 0.5279947916666669 0.560546875 0.5651041666666669 0.59765625 0.5651041666666669
0 0.7356020220588235 0.5835232843137255 0.7327309283088235 0.5465180759803921 0.6962310431985295 0.5515525428921569 0.6991021369485295 0.5885577512254901
0 0.8831074516180204 0.5667598614636211 0.8425082289022844 0.5628932688240272 0.840416303140863 0.6019425497038918 0.881015525856599 0.6058091423434857
0 0.9809995521135706 0.5873879339017902 0.9463450483037009 0.5726020122762459 0.9375687420627721 0.6091699549467829 0.9722232458726418 0.6239558765723273
0 0.9581617065904668 0.758435676070039 0.9253917649562258 0.7557048476005189 0.9237768269698444 0.7901568579766538 0.9565467686040855 0.7928876864461739
0 0.8109587045328658 0.7305149095273266 0.77135383008678 0.7284838903249632 0.7702748511355245 0.7658884939684886 0.8098797255816103 0.7679195131708519
0 0.7116520579268293 0.7318819867886179 0.6776200457317073 0.7151645071138212 0.668724990472561 0.7473561356707319 0.7027570026676829 0.7640736153455286
0 0.6318359375 0.7174479166666666 0.59765625 0.7174479166666666 0.59765625 0.7467447916666666 0.6318359375 0.7467447916666666
0 0.46401410398230086 0.7184331213126844 0.4622273402931416 0.6826978475294986 0.4277451776825221 0.6857629286504424 0.4295319413716814 0.7214982024336284
0 0.34168627378459576 0.7156963158533625 0.340138568030772 0.6775195739257102 0.3009924947651129 0.6803409125394513 0.30254020051893665 0.7185176544671036
0 0.24017370099852067 0.7192045734714005 0.2380287305843195 0.6777351454635108 0.20101123335798818 0.6811390532544378 0.20315620377218935 0.7226084812623276
0 0.14487325930313866 0.6799007373886473 0.11100614463564332 0.6765140259218977 0.10885849615444382 0.7146944433654445 0.14272561082193916 0.718081154832194
0 0.07356675091911774 0.7743221507352942 0.042985983455882434 0.771185661764706 0.04047564338235303 0.8146982230392156 0.07105641084558834 0.8178347120098038
0 0.20633456829896915 0.7762953715635739 0.17027625644329905 0.774110019329897 0.16881644652061864 0.816931110395189 0.20487475837628874 0.819116462628866
0 0.3349609375000001 0.771484375 0.3002929687500001 0.771484375 0.3002929687500001 0.8118489583333334 0.3349609375000001 0.8118489583333334
0 0.4492187500000001 0.7805989583333334 0.4179687500000001 0.7805989583333334 0.4179687500000001 0.8151041666666666 0.4492187500000001 0.8151041666666666
0 0.5704640355603449 0.7846848060344828 0.5361967941810345 0.780877334770115 0.5337957974137931 0.8192932830459769 0.5680630387931035 0.8231007543103449
0 0.6735370222929937 0.7927688760615711 0.6343327030254778 0.7909020037154989 0.6332491540605096 0.8313544984076434 0.6724534733280255 0.8332213707537157
0 0.8261422914389445 0.8088694565896316 0.7897880597087759 0.8076576488652926 0.7890393211274205 0.8475903732042475 0.8253935528575891 0.8488021809285865
0 0.9497948121488765 0.8275471090823973 0.910184778792135 0.8225172635767791 0.9071892556179777 0.8644545880149814 0.9467992889747192 0.8694844335205995
0 0.8595778245192307 0.9490084134615387 0.8238206129807693 0.9430488782051284 0.820477764423077 0.9787059294871797 0.8562349759615384 0.98466546474359
0 0.6919120018635322 0.9250125430045874 0.6560192983084863 0.923562332759939 0.6552138582282111 0.959001696292049 0.691106561783257 0.9604519065366973
0 0.4934974134290541 0.9079712134009008 0.45101720861486494 0.9066539977477478 0.4503945840371622 0.9423511402027027 0.4928747888513514 0.9436683558558557
0 0.3750000000000001 0.900390625 0.3383789062500001 0.900390625 0.3383789062500001 0.9368489583333334 0.3750000000000001 0.9368489583333334
0 0.27377777627595157 0.933907331314879 0.273083031466263 0.8987069276239907 0.23465107320501732 0.9000554173875432 0.23534581801470592 0.9352558210784315
0 0.1435546875000001 0.9134114583333334 0.10986328125000008 0.9134114583333334 0.10986328125000008 0.9459635416666666 0.1435546875000001 0.9459635416666666