0 0.9349934075881612 0.02175167926112505 0.9277909516687657 -0.008658690176322445 0.8766837708595718 0.012860122795969783 0.8838862267789672 0.04327049223341728
0 0.8262333450861046 0.04339246832937451 0.8253373895858077 0.00874885565122723 0.7801997893779692 0.01082414761480601 0.781095744878266 0.04546776029295329
0 0.690397958032491 0.04954497593261128 0.6849202180166968 0.015948170502406673 0.6318694297157039 0.03132521058965099 0.6373471697314982 0.06492201601985559
0 0.5810830178114333 0.0637976393629124 0.5782666515571672 0.03187882181456201 0.5337880626066553 0.03885585537542662 0.5366044288609215 0.07077467292377701
0 0.47532796694364166 0.06584251565510597 0.46836784230491335 0.036970887524084804 0.4249655662933527 0.055571862957610796 0.431925690932081 0.08444349108863197
0 0.39826903102059547 0.08198186429445349 0.3977074677559136 0.05577557860929853 0.35225071370309957 0.05750726447797717 0.35281227696778145 0.08371355016313213
0 0.3232421875 0.06510416666666673 0.279296875 0.06510416666666671 0.279296875 0.0924479166666667 0.3232421875 0.0924479166666667
0 0.2280105521776018 0.10040123020361992 0.22545646563914026 0.072306278280543 0.18071841416855206 0.07953667043740573 0.1832725007070136 0.10763162236048267
0 0.14855704471982759 0.11143363864942528 0.14731613685344827 0.08330639367816092 0.10183358028017239 0.08687365301724138 0.10307448814655171 0.11500089798850573
0 0.08829864083904108 0.20341038812785386 0.08582646618150684 0.17209617579908673 0.04363361515410959 0.17801797945205475 0.04610578981164384 0.20933219178082188
0 0.16682328668544835 0.19831284194839136 0.16501083261881433 0.17112603094888126 0.1178465959548016 0.17671586640535686 0.11965905002143559 0.20390267740486692
0 0.31365587336999473 0.18143515926852835 0.30964183103925186 0.14855824113101512 0.26986208755927293 0.15719260405690202 0.2738761298900158 0.19006952219441522
0 0.48173709032012196 0.1662617505081301 0.4787180830792683 0.13003366361788615 0.4357374237804878 0.13640116869918695 0.4387564310213415 0.1726292555894309
0 0.6001187273080912 0.15015506137621026 0.5944400771524896 0.11337904132088528 0.5498018510114109 0.12563267202627942 0.5554805011670125 0.1624086920816044
0 0.7309426700367647 0.10636871936274524 0.6900562959558824 0.10217524509803937 0.6878590303308824 0.14026118259803935 0.7287454044117647 0.14445465686274525
0 0.883523166769802 0.09989944306930709 0.8407381265470298 0.09419477103960412 0.8379776454207922 0.13100118605610578 0.8807626856435644 0.13670585808580873
0 0.9881117814533622 0.11240848698481558 0.9802759795281994 0.07874356019522777 0.9442919815957157 0.0936334903741866 0.9521277835208785 0.1272984171637744
0 0.977341110641892 0.25492680180180183 0.9728542018581082 0.21903153153153151 0.9305716849662163 0.22842764639639637 0.9350585937500001 0.2643229166666667
0 0.9428899775552487 0.3217872352670352 0.8862520502417127 0.31781264387661157 0.8849113000690608 0.35177831491712724 0.9415492273825968 0.3557529063075508
0 0.8809553254639737 0.24737877547307163 0.8518663431359168 0.21771942094250382 0.8318809276064408 0.25256578648107736 0.8609699099344977 0.2822251410116452
0 0.756528535868522 0.24866292786308394 0.7076319952615163 0.2297352347248882 0.6995008472288867 0.26707828494881647 0.7483973878358924 0.2860059780870122
0 0.6685471502726511 0.2814968715044743 0.6636954697986578 0.24483973014541394 0.6185147074244967 0.2554704977628636 0.62336638789849 0.2921276391219239
0 0.5745096982758621 0.2662302442528736 0.5375619612068965 0.2529669540229886 0.5307071659482758 0.2869145114942529 0.5676549030172414 0.30017780172413805
0 0.47601171875 0.2758489583333334 0.43493359375 0.26589062500000005 0.42983203125 0.30330208333333336 0.47091015625 0.31326041666666676
0 0.35047125222419934 0.30244244884341637 0.3382668274577402 0.27137664034697506 0.30544338022686834 0.2943009526986951 0.31764780499332745 0.32536676119513647
0 0.252760579173167 0.2966566318902757 0.2156062609691888 0.28873037734009366 0.21129476038416542 0.3246595488819553 0.2484490785881436 0.33258580343213734
0 0.15931640625000001 0.317734375 0.14203125 0.2870052083333334 0.111484375 0.31755208333333335 0.12876953125 0.34828125000000004
0 0.059102843237704934 0.3365437158469946 0.05324346823770493 0.30334059084699455 0.008773053278688527 0.317292093579235 0.014632428278688533 0.3504952185792351
0 0.8477693883384146 0.35487328506097565 0.84521484375 0.32421875 0.7938202648628048 0.33183276168699183 0.7963748094512194 0.3624872967479675
0 0.7073058414250546 0.3643895878920496 0.7028439978801968 0.3331566830780452 0.6542893958561269 0.34548801057622164 0.6587512394009847 0.37672091539022606
0 0.5703375298769324 0.38502413462842416 0.5690224680888933 0.35433935957417956 0.5219802049430431 0.3579235320043397 0.5232952667310822 0.38860830705858423
0 0.4520260327482877 0.39337988727168954 0.45114779537671235 0.3617633418949772 0.4057095462328767 0.3640072060502284 0.406587783604452 0.3956237514269407
0 0.32926577377937594 0.4044641199014047 0.3273486565538897 0.3746422963938411 0.28467944375506476 0.3795187778565639 0.286596560980551 0.4093406013641275
0 0.24583357762664165 0.40877110694183866 0.24422857059099437 0.3841609990619137 0.20166656894934334 0.38909572388993113 0.20327157598499063 0.41370583176985615
0 0.15793408282177554 0.396709938275769 0.11180612941851056 0.39384929000269825 0.1109618481853751 0.41805201868591474 0.15708980158864008 0.4209126669589855
0 0.08371215187823836 0.5887750971502591 0.08231966483160622 0.5599970315198619 0.04119170984455959 0.5635349201208982 0.042584196891191715 0.5923129857512954
0 0.15815442392129225 0.5754971180254408 0.15268296360039027 0.5454040862604799 0.1095977544991327 0.5593306184952298 0.1150692148200347 0.5894236502601907
0 0.2557908555327869 0.5659481728142076 0.25035316342213115 0.5353359801912568 0.2083526511270492 0.548599299863388 0.2137903432377049 0.5792114924863387
0 0.37226412259615377 0.5612920673076923 0.3708383413461538 0.5270733173076922 0.32616286057692306 0.5303826121794871 0.32758864182692304 0.5646013621794871
0 0.519674862132353 0.5476409313725491 0.5142463235294118 0.5186887254901961 0.4718520220588235 0.5328201593137254 0.4772805606617647 0.5617723651960785
0 0.6649982186825418 0.5421234147328656 0.6639304822416352 0.511514970093542 0.6206352452104694 0.5141999460334592 0.621702981651376 0.5448083906727829
0 0.7451171875 0.5058593750000001 0.705078125 0.5058593750000001 0.705078125 0.5358072916666669 0.7451171875 0.5358072916666669
0 0.8353432709316039 0.526035524764151 0.8335021175390058 0.4957587800858733 0.7937770007483672 0.5000533873064829 0.7956181541409653 0.5303301319847606
0 0.9715232269720726 0.5175098629144211 0.9696016811611956 0.48868667575126573 0.9262592440899069 0.493823557181937 0.9281807899007839 0.5226467443450923
0 0.9113661915244167 0.6479496407735523 0.9107048806179776 0.6179702130149812 0.8692368463699223 0.6195964104364736 0.8698981572763613 0.6495758381950447
0 0.8139383307409502 0.6502993024132732 0.812874496252828 0.6205119367458523 0.7715572857748869 0.6231352516968326 0.7726211202630091 0.6529226173642535
0 0.700723805147059 0.6602022058823529 0.6990866268382354 0.6318244485294117 0.6565946691176471 0.6361825980392156 0.6582318474264707 0.6645603553921569
0 0.586396263883831 0.6714724258011652 0.5852923855152949 0.6442434260439428 0.5383697309723233 0.6476252389839767 0.5394736093408594 0.6748542387411992
0 0.5068514321857202 0.6803745635001356 0.5054902836401546 0.6486144307702739 0.4602001118795769 0.6520651105234608 0.4615612604251424 0.6838252432533225
0 0.35915533819628653 0.6659444766799294 0.3176755222148542 0.6582273016136163 0.3144660767572945 0.6888953359858533 0.35594589273872684 0.6966125110521663
0 0.24927359803082194 0.6761932791095892 0.20342064426369866 0.6697577768264841 0.20088960830479458 0.7018175656392693 0.24674256207191786 0.7082530679223744
0 0.12007572965801887 0.7142234178459118 0.11908166273584905 0.6837386988993711 0.07621517541273586 0.6862237126572328 0.07720924233490566 0.7167084316037736
0 0.055680588942307756 0.8746033653846154 0.009544771634615465 0.8711858974358974 0.008143028846153921 0.9048277243589743 0.05427884615384621 0.9082451923076923
0 0.12111253004807694 0.8373647836538463 0.1166053185096154 0.8073167067307693 0.06251878004807696 0.8217397836538463 0.06702599158653849 0.8517878605769232
0 0.19726562500000006 0.8053385416666666 0.15087890625000006 0.8053385416666666 0.15087890625000006 0.837890625 0.19726562500000006 0.837890625
0 0.28991877347103 0.8234861185622319 0.28808677575107294 0.795802597460658 0.23744132242489271 0.8017608860872674 0.2392733201448498 0.8294444071888413
0 0.40053889482313193 0.8107393928855325 0.39901582993839424 0.7853549781399044 0.3473930904709856 0.7908614036830947 0.3489161553557233 0.8162458184287229
0 0.5265359145879821 0.8010097475693337 0.5262034412854638 0.7761850743146318 0.47637976420545103 0.7773713523403464 0.47671223750796937 0.8021960255950483
0 0.6489071765852633 0.7851847041931267 0.6476869294569481 0.7614305600952559 0.6005647792538289 0.7657339528078695 0.6017850263821442 0.7894880969057403
0 0.9416109699070107 0.7660419166380986 0.9412942650304251 0.7432391655239402 0.8986475764376929 0.7442921701805508 0.8989642813142784 0.7670949212947092
0 0.8380930290279879 0.7663154390443773 0.8332353323562784 0.7393282353126577 0.7876205559757941 0.7539249637544124 0.7924782526475036 0.780912167486132
0 0.7571624248441212 0.752349781027316 0.7133702076529098 0.7503363457541569 0.7127943605255346 0.7726024346793352 0.756586577716746 0.7746158699524943
0 0.9202875335831449 0.7898917680052793 0.8633342760180998 0.7862756881598796 0.8620749080882355 0.8215379901960785 0.9190281656532806 0.8251540700414782
0 0.80224609375 0.7962239583333334 0.75048828125 0.7962239583333334 0.75048828125 0.8235677083333334 0.80224609375 0.8235677083333334
0 0.7029284965701218 0.8290221671747967 0.7006359565548779 0.8015116869918698 0.6421672541920731 0.8101737169715446 0.644459794207317 0.8376841971544714
0 0.6215044330264523 0.8398899442427386 0.6201708781768672 0.8108480830739971 0.5663924727697096 0.8152381569847855 0.5677260276192947 0.8442800181535269
0 0.53564453125 0.826171875 0.4887695312500001 0.826171875 0.4887695312500001 0.8561197916666666 0.53564453125 0.8561197916666666
0 0.4434227015784983 0.8600927012229805 0.44081631292662116 0.8305536298350397 0.380359428327645 0.8400370627133104 0.38296581697952214 0.8695761341012513
0 0.3501900242554151 0.8719074345667871 0.34776448273916966 0.8419924225330928 0.3050703689079422 0.8481465290312878 0.3074959104241877 0.878061541064982
0 0.2613230911726805 0.8560070339347079 0.2174683875644331 0.8533491731099656 0.2164394732603094 0.883530659364261 0.26029417686855677 0.8861885201890033
0 0.1641246025437202 0.8936131673953365 0.16219166087042924 0.8613974728404874 0.113285907690779 0.8666140865129833 0.11521884936406995 0.8988297810678324