0 0.10916796142120076 0.10750249179174486 0.10695832844746718 0.07362145286116321 0.061467555405722324 0.07889574538774233 0.0636771883794559 0.11277678431832396
0 0.23193305698057895 0.09100818179736166 0.22973767004855258 0.06056548300659582 0.1844923020108098 0.06636617121656284 0.18668768894283616 0.09680887000732868
0 0.35207074814126393 0.07724403655514252 0.34901036826208176 0.045960153345724904 0.3061550665078996 0.05341324930297398 0.30921544638708176 0.0846971325123916
0 0.44647232551948884 0.07194934714334882 0.4459951358415074 0.04395421936843916 0.40466793850025806 0.04520655868181036 0.4051451281782395 0.07320168645672002
0 0.5187236121859068 0.06634128808570039 0.5175059319237073 0.036305174951444516 0.4790835675755645 0.03907435436392328 0.48030124783776407 0.06911046749817916
0 0.6118422564338235 0.056437653186274535 0.6102883731617647 0.02950367647058826 0.5637264476102941 0.034279258578431386 0.565280330882353 0.06121323529411766
0 0.6871219061117255 0.047125622234513255 0.6857845340154867 0.020378180309734522 0.6461494918418141 0.023901295169616532 0.647486863938053 0.05064873709439527
0 0.75634765625 0.011067708333333459 0.71728515625 0.011067708333333454 0.71728515625 0.04296875000000012 0.75634765625 0.04296875000000013
0 0.8367355872844829 0.0067618534482759745 0.7971342941810345 0.0023617097701150356 0.7951575969827587 0.03398886494252885 0.8347588900862071 0.03838900862068979
0 0.926439191974874 0.14000715701897423 0.9253734562611177 0.11253485861992292 0.8807309713626593 0.11561365068188556 0.8817967070764157 0.14308594908093686
0 0.8348297868381274 0.15039491915536823 0.8326379783689078 0.12000184171552462 0.7838850010878526 0.126252223418224 0.7860768095570722 0.15664530085806763
0 0.728357354525862 0.15591774425287355 0.7272629310344827 0.13111081178160922 0.6836981411637931 0.13452765804597702 0.6847925646551725 0.1593345905172414
0 0.64501953125 0.14322916666666677 0.60546875 0.14322916666666677 0.60546875 0.16796875000000008 0.64501953125 0.16796875000000008
0 0.547770996791893 0.17012778065723 0.5463931416660709 0.14302996318272806 0.49603370969759797 0.14758222821942618 0.4974115648234201 0.17468004569392814
0 0.4429939911386449 0.18145454307820996 0.44157705654015056 0.1516989165098285 0.3934621775015683 0.155772133782936 0.39487911210006266 0.18552776035131746
0 0.3369395924963006 0.1949667478488436 0.33528640481132854 0.16465830695768935 0.2884107625472706 0.16920382378329493 0.2900639502322427 0.19951226467444919
0 0.2376463177261092 0.20797337172923777 0.2347866227602389 0.1755634954493743 0.18809826951791805 0.18288715870307168 0.19095796448378835 0.21529703498293515
0 0.10762230485807858 0.22791575691411936 0.10413823689956331 0.19307507732896653 0.05539540120087337 0.20174047034206696 0.058879469159388645 0.2365811499272198
0 0.03767279658176944 0.3283882093386953 0.0356170408847185 0.2989223776809652 -0.001534224195710459 0.3035302865281502 0.0005215315013404782 0.33299611818588026
0 0.15089025220435684 0.3110109785615491 0.149514757844917 0.2810557680670816 0.10746097802126556 0.28448872968533884 0.10883647238070539 0.31444394017980637
0 0.25881156666919347 0.2947011762179098 0.2560050598847787 0.2642305311299777 0.20833279046960276 0.2720365167652112 0.21113929725401756 0.30250716185314325
0 0.3642288056930693 0.2821653259075908 0.3621983292079208 0.25509230610561057 0.31660929764851486 0.26117084364686466 0.3186397741336634 0.28824386344884495
0 0.4465686536815069 0.2714451341324201 0.4445941245719178 0.24643443207762558 0.3989445098458904 0.2528413955479452 0.4009190389554795 0.2778520976027397
0 0.563517194425579 0.2584488341197217 0.5622711487078209 0.23394326833714607 0.5196555194631113 0.23779552860785433 0.5209015651808694 0.2623010943904299
0 0.6364987272530328 0.25467802209705376 0.6356677182625649 0.22808573440207977 0.5909455562175043 0.23057029896013867 0.5917765652079723 0.25716258665511266
0 0.744344605214497 0.2490608049802762 0.7426861825073964 0.2169979659763314 0.6956476516272189 0.22132334812623275 0.6973060743343195 0.2533861871301775
0 0.8541872470123363 0.21125172674119783 0.8088798670007711 0.20957367562965834 0.8082312096424442 0.2407092288293499 0.8535385896540094 0.24238727994088935
0 0.9755859375 0.19791666666666682 0.9267578125 0.19791666666666682 0.9267578125 0.22916666666666682 0.9755859375 0.22916666666666682
0 0.9727538606375525 0.3758067321539779 0.9699988688113031 0.3420121657519852 0.9248042313755255 0.34856211320644565 0.9275592232017749 0.3823566796084384
0 0.8321068901409032 0.3907378701109647 0.8307410223199573 0.357349990043397 0.7837837837837839 0.3607650619369369 0.7851496516047298 0.3941529420045046
0 0.6505773207720589 0.40297564338235303 0.6487390854779412 0.3711128982843137 0.6067698759191177 0.3754174325980392 0.6086081112132353 0.40728017769607855
0 0.5305193601733575 0.41364906478102187 0.5275789803832116 0.3796713427615572 0.4863794479927007 0.3860097323600973 0.4893198277828467 0.41998745437956203
0 0.38944467085183126 0.43130245907325193 0.388593294776637 0.39724741606548286 0.34489185193534966 0.3991897024139845 0.3457432280105439 0.43324474542175356
0 0.2543726918342224 0.44453215830597737 0.25146464338838737 0.4128667418957735 0.21157525101302835 0.41937929575297495 0.2144832994588634 0.4510447121631788
0 0.13964829273828935 0.4618018239203478 0.13852436281685446 0.4328294081678032 0.09677016356915208 0.43570900811592056 0.097894093490587 0.46468142386846517
0 0.12149017636138615 0.5189575598184818 0.1191696318069307 0.4880169657590759 0.07483756188118812 0.4939279084158416 0.07715810643564357 0.5248685024752475
0 0.29076423267326734 0.4992522689768977 0.28818746132425743 0.4648953176567658 0.24685276144801982 0.4704066109735974 0.24942953279702973 0.5047635622937293
0 0.46127641351040655 0.4768253115924492 0.4586998200024201 0.4401804261455308 0.41722474739835425 0.44536481022103896 0.4198013409063407 0.4820096956679573
0 0.5567779362966744 0.46861249878451977 0.553427768560385 0.43622754400038904 0.5135414007803383 0.4435629679599378 0.5168915685166277 0.4759479227440686
0 0.652682674632353 0.46160386029411765 0.6506117876838236 0.4257084865196079 0.6020708869485295 0.43068704044117645 0.6041417738970589 0.4665824142156862
0 0.8139230453550583 0.4489780925745784 0.8123575054717899 0.41557990839818415 0.767367233098249 0.4193290977626459 0.7689327729815174 0.45272728193904016
0 0.9638250046227811 0.4349952231262328 0.9619597124630177 0.40100545488165684 0.9134153106508875 0.4057414940828403 0.9152806028106509 0.43973126232741616
0 0.9962469654417365 0.5067712300076163 0.9938632009234578 0.47435203255902514 0.9518440519682979 0.47984473176884995 0.9542278164865766 0.512263929217441
0 0.8373090203711604 0.5191246267064846 0.8346959657636519 0.4895100078213879 0.7922854895477816 0.4961626315415244 0.79489854415529 0.525777250426621
0 0.7114606167795935 0.5305050256576326 0.7098976886334197 0.4957732890759931 0.6668884593588084 0.499214027417962 0.6684513875049821 0.5339457639996015
0 0.6143994640571672 0.5357850718145619 0.6118564019837883 0.5069637016496017 0.5696725682593856 0.5135807736063708 0.5722156303327645 0.542402143771331
0 0.5104998733634662 0.5501789146924355 0.5092870850218203 0.5178378922485453 0.4722458989245636 0.5203073046550291 0.4734586872662095 0.5526483270989193
0 0.4080009633059955 0.5602478671757164 0.4074373409219457 0.5249275311085971 0.36356383448812213 0.5261721695889894 0.3641274568721719 0.5614925056561085
0 0.2725382252164056 0.5744473928277 0.2700867554616653 0.5424148546990932 0.22586449531121192 0.5484314887331685 0.22831596506595223 0.5804640268617752
0 0.15517144739275146 0.5908064441568047 0.15361992649778106 0.5625342856262328 0.11198167067307693 0.5665965544871795 0.11353319156804734 0.5948687130177515
0 0.08455576294298456 0.598275587130344 0.08117899439488908 0.569331856718097 0.046048170805207324 0.57661824975892 0.0494249393533028 0.6055619801711668
0 0.13452594130324544 0.6719185788539553 0.13106142241379312 0.6380432830459771 0.08567404601926978 0.6462955332995268 0.0891385649087221 0.6801708291075051
0 0.2668998035858179 0.6522425001678753 0.26403857775987105 0.6188615321984958 0.21984735407433523 0.6255954329505775 0.22270857990028203 0.658976400919957
0 0.3577760556544839 0.6406727410283358 0.35512255152382066 0.6081230903588666 0.31170086992059787 0.6144160876926669 0.3143543740512611 0.6469657383621361
0 0.6442973692385903 0.622229027809158 0.643172976446001 0.5869980536413616 0.5926390663833032 0.5898652258435005 0.5937634591758925 0.6250962000112968
0 0.5229241565265487 0.6312304111356932 0.5210553788716814 0.5982153392330384 0.4742901341261062 0.6029212758112095 0.47615891178097347 0.6359363477138643
0 0.4414062500000001 0.60546875 0.4023437500000001 0.60546875 0.4023437500000001 0.6380208333333334 0.4414062500000001 0.6380208333333334
0 0.7939453125 0.5742187500000001 0.74560546875 0.5742187500000001 0.74560546875 0.6067708333333335 0.7939453125 0.6067708333333335
0 0.9193215292008197 0.5953615949453551 0.9169921875 0.5611979166666667 0.8695768762807377 0.5669452271174865 0.8719062179815573 0.6011089053961749
0 0.9786327763978744 0.7190599969192851 0.9781493689348429 0.6855437461491066 0.9274525979089648 0.6868436633548983 0.9279360053719963 0.7203599141250768
0 0.8606888289304123 0.7266900236254296 0.8597354220360824 0.6987234213917527 0.8188043653350515 0.7012040914948455 0.8197577722293814 0.7291706937285224
0 0.7835645153264332 0.7335439888535032 0.782759006767516 0.7034716693205946 0.7374066978503185 0.7056313030785564 0.7382122064092358 0.735703622611465
0 0.6954373281435791 0.7405478968489895 0.6948886649078477 0.7105543066290131 0.6515288834906362 0.7119643808214428 0.6520775467263675 0.741957971041419
0 0.6267980920808605 0.7473900377101881 0.6258157339577151 0.7205389156775471 0.5824856268545993 0.7233571340257173 0.5834679849777447 0.7502082560583583
0 0.4815066785516265 0.7645362940487924 0.4806297456413259 0.7382283067397734 0.44083205627772304 0.7405866883316906 0.44170898918802365 0.7668946756407097
0 0.4048855529883972 0.7714327273340529 0.4038615589584458 0.7420782318087783 0.3613141590495143 0.744716830252743 0.3623381530794657 0.7740713257780176
0 0.31912157012195125 0.7793286331300813 0.3166325266768293 0.7494601117886179 0.2729551733993902 0.7559308307926829 0.27544421684451215 0.7857993521341462
0 0.24316406250000006 0.76171875 0.19970703125000006 0.76171875 0.19970703125000006 0.79296875 0.24316406250000006 0.79296875
0 0.12602966953464886 0.8145291945048684 0.12411144344313241 0.7804273973223533 0.0794408405842138 0.7848944576082452 0.08135906667573028 0.8189962547907602
0 0.040248356155097614 0.8278479189262474 0.03977977562364425 0.797858764913232 -0.000394438042299345 0.7989747152928416 0.00007414248915401343 0.828963869305857
0 0.9538047827743903 0.7847980182926831 0.9003139291158537 0.7825692327235774 0.8996231897865854 0.8120407774390245 0.953114043445122 0.8142695630081302
0 0.8505859375 0.7975260416666666 0.80078125 0.7975260416666666 0.80078125 0.8255208333333334 0.8505859375 0.8255208333333334
0 0.75244140625 0.8046875 0.7021484375 0.8046875 0.7021484375 0.8326822916666666 0.75244140625 0.8326822916666666
0 0.6628676072357018 0.8400186398757944 0.662024750866551 0.8130472360629696 0.6157996642114383 0.815615296432698 0.6166425205805891 0.8425867002455228
0 0.5630903888444623 0.851859256297481 0.5626624350259897 0.8233290017326403 0.5130338489604158 0.824652430694389 0.5134618027788884 0.8531826852592297
0 0.451464457502472 0.866527016727093 0.45028736816084375 0.8377537217095145 0.4043303497857614 0.8410960503186113 0.4055074391273896 0.8698693453361899
0 0.3604099479960015 0.8759242510789541 0.35835715858244477 0.8480063150545826 0.3152190162676124 0.8536452879061946 0.3172718056811691 0.8815632239305663
0 0.23669636561015436 0.8957490535926366 0.23589145542606885 0.8646258598079969 0.19265420872921613 0.8666137791963578 0.19345911891330164 0.8977369729809976
0 0.13814878195356473 0.9128776774546593 0.13609671816369606 0.8814126993433397 0.09347150562851783 0.8863547529706066 0.0955235694183865 0.9178197310819263
0 0.05366384272438045 0.9246963259098013 0.04935303551992633 0.8934942928108954 0.009124285729236445 0.903375038373521 0.013435092933690565 0.934577071472427
0 0.2324218750000001 0.9635416666666666 0.1855468750000001 0.9635416666666666 0.1855468750000001 0.9993489583333334 0.2324218750000001 0.9993489583333334
0 0.3656073069852941 0.9776764705882354 0.3640218290441177 0.9452622549019609 0.31944875919117655 0.949138174019608 0.321034237132353 0.9815523897058824
0 0.47878037292099795 0.963726557085932 0.47772869022869024 0.9293715891372143 0.43304070296257796 0.9318035884442136 0.43409238565488567 0.9661585563929314
0 0.5603764273159081 0.9497713946436237 0.5576991617244526 0.9155023950729926 0.5099285251851653 0.9221372057034491 0.5126057907766208 0.9564062052740803
0 0.6500759959136322 0.9391655520907229 0.6493462873536889 0.9075448478265153 0.603273620388981 0.9094350085225034 0.6040033289489243 0.941055712786711
0 0.74560546875 0.9036458333333334 0.70166015625 0.9036458333333334 0.70166015625 0.9368489583333334 0.74560546875 0.9368489583333334
0 0.8474643825024498 0.9264839667034135 0.8452375711967174 0.8930817971174262 0.8014968057171731 0.8982658878409276 0.8037236170229055 0.9316680574269149
0 0.958996004876911 0.9167520681508473 0.9580152764508534 0.882099663763479 0.909974164315233 0.8845168266382273 0.9109548927412906 0.9191692310255956