0 0.04806537334735578 0.11437993289262821 0.014158747746394246 0.10533816606570512 0.009151047926682705 0.1387228315304487 0.04305767352764424 0.1477645983573718
0 0.09849278171758105 0.12092165419783873 0.06537245752805487 0.11871363258520364 0.06424977595074814 0.14865180798004987 0.09737010014027431 0.15085982959268496
0 0.16805517146017698 0.12652677912979352 0.12913310633296463 0.12306704000737466 0.1272491185011062 0.16074679664454278 0.16617118362831856 0.16420653576696165
0 0.2369769370719178 0.15112193207762561 0.21508187071917806 0.11968286244292242 0.19015410958904108 0.1505458047945206 0.2120491759417808 0.18198487442922376
0 0.2917294116229761 0.16837634123618606 0.29091887227737084 0.12947045264713444 0.2535399449450655 0.13085485736314575 0.25435048429067075 0.16976074595219737
0 0.3702967666584263 0.14521129178243533 0.3327238760387599 0.1389535143196051 0.3293256235370778 0.1752268597655778 0.3668985141567442 0.18148463722840802
0 0.44723973733176997 0.15094767451740085 0.4087248610827895 0.1494804411364873 0.4080414266415171 0.18137404839586738 0.4465563028904976 0.18284128177678094
0 0.5199013543621013 0.16099173311444662 0.48285977075515946 0.1566970567542215 0.48083518996247654 0.187740628908693 0.5178767735694184 0.19203530526891813
0 0.6070600346065779 0.20162017762975296 0.6065969602154454 0.17136598407577017 0.5651700975098876 0.17249324564598942 0.56563317190102 0.2027474391999722
0 0.6858340992647058 0.18727022058823536 0.649069393382353 0.1750153186274511 0.6432387408088236 0.20611213235294126 0.6800034466911764 0.21836703431372553
0 0.765108219844358 0.19657151832036326 0.7265321011673151 0.19335684176394305 0.7252952486624513 0.21974302853437103 0.7638713673394941 0.2229577050907913
0 0.8330078125 0.19401041666666682 0.79443359375 0.19401041666666682 0.79443359375 0.22591145833333348 0.8330078125 0.22591145833333348
0 0.8992831829896907 0.2305358676975945 0.8981203688788659 0.19642665378006874 0.8548193862757731 0.19905095575601375 0.8559822003865979 0.2331601696735395
0 0.9554726359753462 0.23033696474913498 0.9496656371647925 0.20489677948385232 0.9181698069852942 0.21767769607843135 0.9239768057958478 0.243117881343714
0 0.11453057650862072 0.27363056752873566 0.08474878771551728 0.27032147988505745 0.08300954674030175 0.2981493354885058 0.1127913355334052 0.30145842313218396
0 0.19895202681172616 0.28327188031075506 0.16296395609522943 0.28067814548434084 0.1618778592725783 0.3074685337764021 0.19786592998907504 0.31006226860281627
0 0.28673771585971797 0.31156761927244064 0.28633795275879315 0.28575192910991226 0.24832654677297983 0.286798359568408 0.24872630987390468 0.31261404973093637
0 0.3864167320313551 0.300789844116706 0.34793789511093937 0.29263723947151365 0.34478196512572806 0.31911799593989715 0.3832608020461438 0.3272706005850895
0 0.4622681568561627 0.3079765619068859 0.4240397144807641 0.3048301880488284 0.42260348330027714 0.335852781547348 0.4608319256756757 0.3389991554054055
0 0.53076171875 0.31705729166666674 0.49658203125 0.31705729166666674 0.49658203125 0.3450520833333335 0.53076171875 0.3450520833333335
0 0.5962717186119785 0.32392382695375377 0.5612467447905686 0.32169992157802907 0.5602962755807339 0.3483118925175979 0.5953212494021438 0.3505357978933226
0 0.7063702839176831 0.3367076346544717 0.6690167682926831 0.331173780487805 0.6667123189786587 0.35882717225609767 0.7040658346036587 0.36436102642276436
0 0.9283547794117648 0.35773590686274526 0.8894100413602942 0.35374157475490214 0.8877068014705883 0.3832643995098041 0.9266515395220589 0.3872587316176473
0 0.15917968750000006 0.458984375 0.11865234375000006 0.458984375 0.11865234375000006 0.48046875 0.15917968750000006 0.48046875
0 0.23918751519941633 0.46634342574578475 0.19453162998540857 0.4626221019779507 0.1933061770428016 0.4887650980869001 0.23796206225680935 0.4924864218547342
0 0.3122536988384955 0.49767814343657807 0.3109703401548672 0.47201096976401175 0.26913155074668144 0.4757299732669616 0.2704149094303097 0.501397146939528
0 0.38066010346283785 0.5074553068693693 0.38024229307432433 0.4835008445945946 0.342052100929054 0.4846850365990991 0.34246991131756754 0.5086394988738739
0 0.5241072614199715 0.5257878895184136 0.5236635202726628 0.5009383852691218 0.48057968528682715 0.5023061260623229 0.4810234264341359 0.5271556303116147
0 0.5837199350421349 0.5124912219101124 0.548050166783708 0.50796172752809 0.5463735516151687 0.5314343398876405 0.5820433198735956 0.535963834269663
0 0.6640625 0.5149739583333335 0.625 0.5149739583333335 0.625 0.5436197916666669 0.6640625 0.5436197916666669
0 0.7431821222174657 0.5286467251712329 0.7112706014554795 0.5270708476027398 0.7105957031250001 0.5513671875000002 0.7425072238869863 0.5529430650684933
0 0.8250192751957393 0.5326625660050984 0.7847942177257831 0.5297634627640205 0.7836092555080117 0.5589925308023793 0.8238343129779679 0.5618916340434572
0 0.9140625 0.5429687500000001 0.873046875 0.5429687500000001 0.873046875 0.5716145833333335 0.9140625 0.5716145833333335
0 0.9914208191008124 0.5762863121614968 0.990766652049483 0.5536085210487445 0.947711352935746 0.5558164851058591 0.9483655199870754 0.5784942762186116
0 0.8397372722962244 0.6667392598800284 0.8001244651993649 0.6617565168489769 0.7981628977924312 0.6894800028669725 0.8377757048892908 0.694462745898024
0 0.7526575677275877 0.6630727000539126 0.7169841547770333 0.6461949562923599 0.7085651390653881 0.6778300456330871 0.7442385520159426 0.6947077893946396
0 0.6694555833213048 0.6549080723152426 0.6338753292797344 0.6467287035700541 0.6306360962759815 0.6717787721324097 0.6662163503175519 0.6799581408775982
0 0.41378680242100946 0.6160662764156751 0.3751246249230612 0.6097540841711121 0.3728741632899057 0.63425911084325 0.41153634078785395 0.6405713030878131
0 0.4833984375000001 0.6230468750000001 0.4418945312500001 0.623046875 0.4418945312500001 0.6471354166666667 0.4833984375000001 0.6471354166666669
0 0.19897313229256705 0.5886086277369634 0.16024571899308562 0.5870899056467876 0.1596299866302939 0.6150031060933449 0.19835739992977533 0.6165218281835206
0 0.14099443891662172 0.5812062927235114 0.10582343244063687 0.5790251450350782 0.10484001871964388 0.6072163383702105 0.14001102519562875 0.6093974860586436
0 0.0809772770579269 0.5738455919715447 0.04394531250000004 0.5683593750000001 0.04153367949695126 0.5972989710365854 0.07856564405487812 0.6027851880081302
0 0.8908265255403753 0.8342743168841764 0.8901470738172921 0.8025665698069604 0.8556746565303833 0.8038798047512236 0.8563541082534666 0.8355875518284396
0 0.7950942669807077 0.825294882047181 0.7946696321471411 0.796985893142743 0.752586855882647 0.7981081005097962 0.7530114907162135 0.8264170894142343
0 0.6886423093463303 0.7824206804281348 0.6479895355504588 0.78077814411315 0.6473305798451836 0.80977219514526 0.6879833536410551 0.8114147314602448
0 0.5801420730438404 0.7624160365797263 0.5380013960183131 0.7605431176008141 0.5371933745491122 0.7928639763688495 0.5793340515746395 0.7947368953477619
0 0.4741210937500001 0.7467447916666666 0.4340820312500001 0.7467447916666666 0.4340820312500001 0.7734375 0.4741210937500001 0.7734375
0 0.3958759014423078 0.7649539262820514 0.3930443120757919 0.7338064432503771 0.35645768523755655 0.7397194334464556 0.35928927460407245 0.77086691647813
0 0.3248485779494383 0.7275105337078651 0.29058440133426977 0.723159527153558 0.28846888167134843 0.7527768024344571 0.32273305828651694 0.7571278089887642
0 0.21828162320859884 0.7154027335456475 0.1801397044187899 0.7135864516985139 0.17942936405254784 0.7401058253715501 0.21757128284235677 0.7419221072186839
0 0.10039717911073832 0.704172783836689 0.06051017197986584 0.6962938688478747 0.05768928271812088 0.7216818722035794 0.09757628984899336 0.7295607871923937
0 0.04055001288561399 0.8324679291386684 0.00006860396304221583 0.827733261428426 -0.0019074884506718806 0.8577698661168803 0.03857392047189989 0.8625045338271228
0 0.11734052682626804 0.8356403174678273 0.07638256410862986 0.8280555095571537 0.0726511491057911 0.8638770935844057 0.11360911182342928 0.8714619014950794
0 0.20323988970588241 0.8554304534313726 0.1640741180601455 0.8384939035305132 0.1551359571216128 0.8752396762778144 0.19430172876734972 0.8921762261786736
0 0.25480254708904115 0.8590896118721462 0.21977739726027398 0.8541738013698631 0.21700556506849317 0.8892836757990868 0.25203071489726037 0.8941994863013699
0 0.31278708095114344 0.8934925610706861 0.31187995387214135 0.8638597431566182 0.2737180840696466 0.8659365796084546 0.2746252111486487 0.8955693975225225
0 0.3881835937500001 0.8782552083333334 0.3500976562500001 0.8782552083333334 0.3500976562500001 0.908203125 0.3881835937500001 0.908203125
0 0.4642363757621953 0.8868457825203254 0.4250607374237806 0.8810419842479678 0.42210723132621963 0.9164840574186995 0.4612828696646343 0.9222878556910571
0 0.5516904252686652 0.9258475325226246 0.5504310573388009 0.8905852304864252 0.510343387655543 0.8931304793552036 0.5116027555854072 0.9283927813914029
0 0.6246995192307692 0.9310396634615384 0.6217773437499999 0.8998697916666667 0.5856595552884615 0.9058894230769231 0.5885817307692307 0.937059294871795
0 0.7364065351277372 0.9211859413017033 0.7016751254562045 0.9158426475060829 0.6982835310218979 0.9550344054136254 0.7330149406934306 0.9603776992092459
0 0.8162890625000002 0.931432291666667 0.7841601562500001 0.9253125000000004 0.7798437500000002 0.9655989583333335 0.8119726562500003 0.9717187500000001
0 0.919921875 0.9394531250000001 0.87841796875 0.939453125 0.87841796875 0.9778645833333334 0.919921875 0.9778645833333335
0 0.9937143590328467 0.9556635872871048 0.9576670848540144 0.9501178527980536 0.9546924897354013 0.9844909519464721 0.9907397639142336 0.9900366864355233
0 0.9524350988307351 0.05451466221232387 0.9116887353841873 0.04757911098737957 0.9090618040089088 0.0750159497958428 0.9498081674554566 0.08195150102078712
0 0.8672232278963414 0.045144181910569244 0.8255823647103658 0.03897516514227655 0.8230992759146342 0.06877223069105705 0.8647401391006098 0.07494124745934974
0 0.7828495177120939 0.03707600030084245 0.7431686456453069 0.03135623495788217 0.7408601506092058 0.0598276737364622 0.7805410226759928 0.06554743907942248
0 0.6990930123390557 0.05278746423462091 0.696951699973176 0.020429855150214605 0.6606562667650215 0.024699906115879827 0.6627975791309013 0.05705751520028613
0 0.599609375 0.005208333333333429 0.5634765625 0.005208333333333427 0.5634765625 0.04361979166666676 0.599609375 0.04361979166666676
0 0.52001953125 8.256001045033101e-17 0.48291015625 7.953028529619043e-17 0.48291015625 0.03580729166666675 0.52001953125 0.03580729166666675