0 0.66357421875 1.0556200273900362e-16 0.625 1.0241268317088379e-16 0.625 0.0292968750000001 0.66357421875 0.029296875000000108
0 0.5805959155922643 0.020613521521622324 0.5549684289383562 -0.00295198344748863 0.5373729917908945 0.031065861704270763 0.5630004784448026 0.05463136667338172
0 0.506634880514706 0.029067095588235375 0.47400620404411764 0.018190870098039286 0.4680319393382353 0.05005361519607852 0.5006606158088236 0.060929840686274606
0 0.4266440716911765 0.0642892156862745 0.4243072150735295 0.034169730392156844 0.38844037224264705 0.039116881127450966 0.3907772288602941 0.06923636642156862
0 0.35491061499110327 0.07331887603795968 0.35021685943060504 0.03472577476275208 0.3103293205071175 0.043350107502965605 0.3150230760676157 0.0819432087781732
0 0.2652027117107508 0.07138749644482373 0.23510458884385665 0.04505163893629129 0.21803340976962454 0.07973593927758824 0.24813153263651874 0.10607179678612066
0 0.16446063701923075 0.10125200320512821 0.16165114182692306 0.0712840544871795 0.12457181490384614 0.07746394230769231 0.12738131009615383 0.10743189102564103
0 0.08227228977032176 0.11064896891758397 0.07839622142252328 0.07550594923087778 0.03986541463801863 0.08306100938470222 0.04374148298581711 0.11820402907140841
0 0.10380198243780588 0.24448313876427408 0.10316673888662317 0.214838439709081 0.0646936811786297 0.21630408000271886 0.06532892472981242 0.24594877905791193
0 0.18764529344512199 0.20981643800813013 0.1526653010670732 0.19982215447154475 0.14843511814024393 0.22614329268292688 0.1834151105182927 0.23613757621951223
0 0.25653129143563164 0.20643106115396984 0.22808808461909355 0.18812279009964647 0.21794294690212151 0.21614269427033114 0.24638615371865963 0.2344509653246545
0 0.36975983476216817 0.18995955475663726 0.3402114733130531 0.16686428373893814 0.3267171944137168 0.1975571533923305 0.3562655558628319 0.2206524244100296
0 0.46510534632100886 0.17033188459027104 0.42984005800073455 0.15309107696702584 0.4214651498224779 0.18354528852432261 0.4567304381427522 0.20078609614756782
0 0.5359628306313993 0.18101624715585896 0.5329898144197951 0.1473220634243458 0.4969253279650171 0.15297923777019337 0.49989834417662116 0.1866734215017065
0 0.613289549398017 0.1473216920443816 0.5802129902177762 0.13144494363786596 0.571131373937677 0.16508055949008502 0.6042079331179179 0.1809573078966007
0 0.7020742353546758 0.13199264412858666 0.6709098532146651 0.11766419256996112 0.6629811204835281 0.14832195913035787 0.6941455026235387 0.16265041068898342
0 0.7898851328636574 0.1149067225990023 0.7551070838692702 0.09481273873557854 0.7447691329513563 0.12662181848300602 0.7795471819457435 0.14671580234642978
0 0.8708742977528088 0.11570253979400753 0.8659613105688201 0.08731639161985028 0.8296940835674157 0.09847553838951317 0.8346070707514044 0.12686168656367044
0 0.9404775943396226 0.11800560141509435 0.9395332768278302 0.08904653105345912 0.9019006117334906 0.09122813482704402 0.902844929245283 0.12018720518867924
0 0.9775094872698932 0.2693727422307998 0.9426808844269597 0.26777142715756147 0.9418295817250595 0.3006884649643707 0.9766581845679929 0.30228978003760903
0 0.9256325323219856 0.3037488359753984 0.924905186135655 0.2736851936070686 0.8902889894100832 0.27517406228343727 0.8910163355964138 0.30523770465176714
0 0.869222669924154 0.30613164260015563 0.8659203617269544 0.27420933002722675 0.8327092601371061 0.28031711882535976 0.8360115683343057 0.31223943139828864
0 0.7926231971153845 0.3185797275641026 0.7895282451923076 0.285566907051282 0.7526292067307692 0.29171674679487175 0.7557241586538461 0.3247295673076923
0 0.7220480851554267 0.3262308735072005 0.7179385990187038 0.30274809558306987 0.6825137686051106 0.31376915393396554 0.6866232547418335 0.33725193185809615
0 0.6442481124161072 0.34706113674496647 0.6412646812080536 0.32021025587248325 0.6063148856963086 0.3271139191834452 0.6092983169043623 0.3539648000559284
0 0.5771484375 0.3294270833333334 0.54296875 0.3294270833333334 0.54296875 0.36328125000000017 0.5771484375 0.36328125000000017
0 0.5210557480203621 0.3727640695701358 0.519848301399887 0.33895556419683265 0.4825212987839367 0.34132553261689297 0.4837287454044118 0.3751340379901962
0 0.43152185388513514 0.38316441441441446 0.42724609375 0.3489583333333334 0.3882099873310811 0.3576330236486487 0.39248574746621623 0.39183910472972977
0 0.36328125000000006 0.37890625000000006 0.34277343750000006 0.35156250000000006 0.32104492187500006 0.38053385416666674 0.34155273437500006 0.40787760416666674
0 0.2900390625 0.3723958333333333 0.25244140625 0.3723958333333333 0.25244140625 0.4075520833333333 0.2900390625 0.4075520833333333
0 0.2285487662613122 0.39685850301659126 0.20727207649886872 0.36565269136500755 0.1838920213518099 0.3939921521493213 0.2051687111142534 0.4251979638009051
0 0.1690221373865356 0.3910662506303581 0.13897548104198187 0.3814513206001009 0.13247343631807867 0.41757379128845185 0.1625200926626324 0.42718872131870905
0 0.08451884501689197 0.42061690596846857 0.05505041173986491 0.3925517314189189 0.036211993243243285 0.4277167792792793 0.06568042652027034 0.45578195382882897
0 0.060635898653314924 0.6513438075506447 0.059281660048342545 0.6170364295580111 0.02399187456837017 0.6195129057320442 0.025346113173342545 0.6538202837246777
0 0.12548828125000006 0.60546875 0.08789062500000006 0.60546875 0.08789062500000006 0.640625 0.12548828125000006 0.640625
0 0.1835097015881148 0.5956337517076503 0.1488177190061476 0.5914286629098362 0.1465203957479509 0.625122737363388 0.1812123783299181 0.6293278261612022
0 0.24296545821629223 0.5870903558052435 0.20598226825842703 0.5823940777153559 0.20383602528089892 0.6124414794007492 0.24081921523876415 0.6171377574906368
0 0.30725667152636915 0.6041811929513186 0.3040130181921907 0.5773669920554428 0.2686274839946754 0.5849767843559838 0.27187113732885393 0.6117909852518594
0 0.3680748703984157 0.5729888697965206 0.33233090815761884 0.5613389858069276 0.32689974625757223 0.5909635052617273 0.3626437084983691 0.6026133892513202
0 0.44024970061587604 0.5518481029501217 0.4011365904425183 0.5504386215024331 0.400433394160584 0.5851296380778589 0.4395465043339417 0.5865391195255475
0 0.5021789197976878 0.5716183465799615 0.4985379786849711 0.5400635236030827 0.46316722362716756 0.5473190631021194 0.46680816473988435 0.578873886078998
0 0.5567447255710659 0.5644432106598986 0.554903136897208 0.530066888747885 0.5210010509200508 0.5332956588409475 0.5228426395939086 0.5676719807529611
0 0.62255859375 0.5188802083333335 0.59033203125 0.5188802083333335 0.59033203125 0.5501302083333335 0.62255859375 0.5501302083333335
0 0.67529296875 0.5097656250000001 0.64501953125 0.5097656250000001 0.64501953125 0.5429687500000001 0.67529296875 0.5429687500000001
0 0.7440500337295799 0.525654232302606 0.7404491731694864 0.490845913555037 0.7043300348235121 0.4974885137106185 0.7079308953836054 0.5322968324581875
0 0.8086914062499999 0.5080729166666667 0.805908203125 0.48209635416666674 0.7734375 0.48828125 0.7762207031249999 0.5142578124999999
0 0.8674248936476457 0.5061965572756738 0.8640683973579836 0.47151276228249744 0.8317653691146367 0.47707027251791195 0.8351218654042989 0.5117540675110884
0 0.9218936519440655 0.5022888599931787 0.9199245395634379 0.4668448371418827 0.8858414424880627 0.47021106895179626 0.8878105548686903 0.5056550918030923
0 1.0002361360143444 0.4949997865437159 0.9977627113217213 0.45872289105191255 0.9567310771004098 0.46369642247267756 0.9592045017930327 0.4999733179644809
0 0.947265625 0.6419270833333335 0.91259765625 0.6419270833333335 0.91259765625 0.678385416666667 0.947265625 0.678385416666667
0 0.8992478727714747 0.6660346181118317 0.875235039758914 0.6390728406942197 0.8561786175547 0.6692455091842251 0.8801914505672607 0.6962072866018372
0 0.8204402043269231 0.6914663461538462 0.817548076923077 0.6606169871794871 0.7847956730769231 0.6660757211538462 0.7876878004807693 0.6969250801282052
0 0.7661924619932432 0.6809719876126127 0.7404653188344594 0.6564699465090091 0.7216928842905406 0.6915118243243245 0.7474200274493243 0.7160138654279279
0 0.7008419552364866 0.712204391891892 0.6968829180743245 0.6805320945945946 0.6617266680743243 0.6883445945945946 0.6656857052364865 0.720016891891892
0 0.6345984951761745 0.7233466163310962 0.6205228869546979 0.6886989653243848 0.5886856386325503 0.7116925335570469 0.6027612468540269 0.7463401845637584
0 0.5353504068047337 0.7491964065581854 0.5333868805473373 0.7112348989151874 0.4924648668639053 0.7149978427021697 0.4944283931213017 0.7529593503451677
0 0.4394740996680139 0.7602284209006926 0.43531728132217085 0.7238067744418782 0.39830082635681296 0.7313173595073131 0.4024576447026559 0.7677390059661277
0 0.3627590995303468 0.7731439667630057 0.35808514721820806 0.7326363800578033 0.3191553016618497 0.7406219894026974 0.3238292539739884 0.7811295761078997
0 0.2887995793269231 0.7638721955128206 0.261981670673077 0.7400340544871797 0.24462890625000008 0.7747395833333335 0.27144681490384615 0.7985777243589745
0 0.23567219353540775 0.7802357162017168 0.22018131370708155 0.7466721432403434 0.19024108100858367 0.771238488018598 0.20573196083690987 0.8048020609799714
0 0.15700984406909463 0.8017101699001589 0.15354799980854322 0.7666301480599048 0.11859849653250512 0.7727616398627184 0.12206034079305653 0.8078416617029726
0 0.08044763513513514 0.8141539977477478 0.0763698268581081 0.7815315315315314 0.04358899915540539 0.7888161599099099 0.047666807432432436 0.8214386261261263
0 0.11914062500000008 0.9166666666666666 0.07714843750000008 0.9166666666666666 0.07714843750000008 0.9485677083333334 0.11914062500000008 0.9485677083333334
0 0.18919424926035502 0.9349528476331361 0.1873930981878698 0.9021318725345169 0.14981797799556212 0.9057977379191322 0.15161912906804734 0.9386187130177515
0 0.25543659489329273 0.9285203887195123 0.2522925400152439 0.8907917301829268 0.21413514672256095 0.8964446773373984 0.21727920160060976 0.9341733358739838
0 0.364674214784264 0.9101165926395939 0.36260955345812185 0.8715762478849407 0.3231554370241117 0.8753337827834179 0.32522009835025384 0.9138741275380711
0 0.4251619664634146 0.8968654725609756 0.4220774580792683 0.8598513719512195 0.38343773818597565 0.865575774898374 0.38652224657012196 0.90258987550813
0 0.5037143009575418 0.855729321308393 0.46607721106739913 0.8539988803939037 0.465152260243468 0.8897636455859068 0.5027893501336106 0.8914940865003961
0 0.5691010097287735 0.8796002849842769 0.5668824836719883 0.8431178564949202 0.5309332195664006 0.847004263425254 0.5331517456231858 0.8834866919146106
0 0.6272646270529195 0.8699190237226279 0.6240911553375911 0.8332477950121655 0.588748146669708 0.8386851809610706 0.5919216183850364 0.8753564096715328
0 0.6814826193820227 0.8571629213483147 0.6790840063202249 0.8235823384831461 0.6432298981741573 0.828135241104869 0.645628511235955 0.8617158239700377
0 0.7430041082974137 0.8420774964080461 0.7381633890086206 0.8072243175287358 0.7026516132708884 0.8159926572170647 0.7074923325596816 0.850845836096375
0 0.8070548221982758 0.8078259698275861 0.7755630387931035 0.7822674209770115 0.759637661637931 0.8171515804597703 0.7911294450431033 0.842710129310345
0 0.8782642964784264 0.8187460342639593 0.876484672430203 0.78552638536379 0.8393207685596447 0.7890658047800337 0.8411003926078681 0.8222854536802031
0 0.9653101133884039 0.8086603153574395 0.9639901710567331 0.7734618531795509 0.9235395398223192 0.7761585619285118 0.9248594821539899 0.8113570241064005
0 0.926285075151384 0.9623760993367935 0.9255991160250865 0.9276208369377162 0.8871928389922146 0.9289684256055364 0.8878787981185121 0.9637236880046136
0 0.888975286759393 0.931777983501927 0.8712786194906068 0.8996022248314067 0.8490096075686415 0.9213763698217727 0.8667062748374277 0.953552128492293
0 0.8187461441126108 0.9373688473677143 0.8042039402447623 0.9092539198898737 0.7733391355257855 0.937635349516519 0.7878813393936341 0.9657502769943594
0 0.8555424528301887 0.963848761792453 0.8420456220518868 0.9314563679245284 0.8109107827240567 0.9545192118710694 0.8244076135023586 0.9869116057389938
0 0.752881252094504 0.9819767928954426 0.7442676043063001 0.9524442861930296 0.7052705575569704 0.9726649771000894 0.7138842053451743 1.0021974838025025