0 0.9698911065924658 0.034699628995433975 0.937763538099315 0.030190496575342635 0.9352164490582191 0.0624536244292239 0.9673440175513699 0.06696275684931524
0 0.888671875 0.025390625000000142 0.84814453125 0.02539062500000014 0.84814453125 0.06575520833333347 0.888671875 0.06575520833333348
0 0.7575030564997226 0.06639830165556788 0.7565118618201998 0.02675051447465779 0.7158506607241952 0.02855767896781355 0.716841855403718 0.06820546614872364
0 0.6826171875 0.031901041666666775 0.64013671875 0.031901041666666775 0.64013671875 0.07226562500000011 0.6826171875 0.07226562500000011
0 0.5761694931402439 0.03799225101626023 0.5343535632621951 0.02604484247967485 0.5273080221036585 0.06988376524390251 0.5691239519817073 0.08183117378048789
0 0.4971004925382238 0.032973544919757174 0.46221109761304485 0.0282023456137498 0.4594307218810995 0.06434723012903933 0.49432011680627846 0.06911842943504669
0 0.4283367106883208 0.04984621736241405 0.4084348982762664 0.01825603893058166 0.38637979303470915 0.04295775680112579 0.4062816054467635 0.07454793523295818
0 0.34213567210893137 0.02244161127602828 0.3059216894682499 0.021344217862674292 0.3054018980704698 0.05183864653243853 0.3416158807111513 0.052936039945792525
0 0.2739692964702073 0.0192829771157168 0.23546085654145077 0.01597042314335064 0.23382954177461138 0.04968426165803113 0.2723379817033679 0.052996815630397286
0 0.19653399966863785 0.046586651203099516 0.19594376083299347 0.019042172206362153 0.15787494902120716 0.02049241265633497 0.15846518785685154 0.048036891653072324
0 0.9755859375 0.22265625000000014 0.93798828125 0.22265625000000014 0.93798828125 0.25585937500000017 0.9755859375 0.25585937500000017
0 0.8993250739644971 0.25705898668639054 0.897184148483728 0.21804656681459567 0.8525015024038463 0.22240584935897434 0.8546424278846154 0.2614182692307692
0 0.7800982678480259 0.24744369752666215 0.7768823923587476 0.21485615923530746 0.7391288450901975 0.2214795885806671 0.7423447205794759 0.25406712687202176
0 0.6697977724403441 0.2554525642804291 0.6688325905244173 0.21684528764335922 0.6273422325887903 0.21868930355160934 0.628307414504717 0.25729658018867924
0 0.5576209045198962 0.2573497873414072 0.556809580449827 0.21624270112456748 0.510981428416955 0.21785070645905422 0.5117927524870243 0.2589577926758939
0 0.49077964806782326 0.2313190063091484 0.4608050325315457 0.19991702812828616 0.44108278292586744 0.23338508806519465 0.47105739846214506 0.2647870662460569
0 0.412109375 0.21158854166666674 0.369140625 0.21158854166666674 0.369140625 0.25195312500000006 0.412109375 0.25195312500000006
0 0.307912896971935 0.20654561330625312 0.2655889378692763 0.2043751538650911 0.264502746491876 0.2420297882816347 0.30682670559453473 0.24420024772279672
0 0.20565135611754565 0.237249016859701 0.20442018466609171 0.2003138733160835 0.16479576415413996 0.20266198712419914 0.1660269356055939 0.2395971306678167
0 0.13795183348123732 0.23927035792765386 0.13400002377028397 0.2006304407538878 0.0981564163919878 0.2071474602772144 0.10210822610294115 0.24578737745098045
0 0.06494140625000003 0.21223958333333334 0.02929687500000002 0.21223958333333334 0.02929687500000002 0.24544270833333334 0.06494140625000003 0.24544270833333334
0 0.08692075128424659 0.4001498287671233 0.05074780607876714 0.3820633561643836 0.04203900898972604 0.4130279680365298 0.07821195419520549 0.4311144406392695
0 0.16917056931975138 0.4178158811003683 0.1680267502589779 0.3888391315607735 0.1258173989986188 0.3918011912983425 0.12696121805939228 0.42077794083793735
0 0.25611962642766495 0.4208736516497462 0.25436726681472077 0.38816293887478853 0.21158193210659898 0.39223773265651446 0.21333429171954313 0.4249484454314721
0 0.34615624999999994 0.42194270833333336 0.3414375 0.38733854166666676 0.30220703125 0.3968489583333334 0.30692578125 0.431453125
0 0.42841796874999993 0.42890625000000004 0.4244726562499999 0.3920833333333334 0.38154296874999993 0.4002604166666668 0.38548828124999995 0.43708333333333343
0 0.5205078125 0.3958333333333335 0.48095703125 0.3958333333333335 0.48095703125 0.43554687500000017 0.5205078125 0.43554687500000017
0 0.5832464159149485 0.43603549183848794 0.5819537290592783 0.3981166774054983 0.5436583843427836 0.4004376073883161 0.5449510711984538 0.4383564218213058
0 0.64453125 0.3977864583333335 0.60498046875 0.3977864583333335 0.60498046875 0.4381510416666668 0.64453125 0.4381510416666668
0 0.71435546875 0.40234375000000017 0.67626953125 0.40234375000000017 0.67626953125 0.4361979166666668 0.71435546875 0.4361979166666668
0 0.80908203125 0.40039062500000017 0.76416015625 0.40039062500000017 0.76416015625 0.4401041666666668 0.80908203125 0.4401041666666668
0 0.9171152742950417 0.43308267489906643 0.9139179746640803 0.402388598441837 0.866226831590651 0.41122029160358314 0.8694241312216123 0.4419143680608126
0 0.9503994477967229 0.6778877647992326 0.9224791885794953 0.6503122001402423 0.9039426656609832 0.6836779413935639 0.9318629248782109 0.7112535060525542
0 0.8609065033063139 0.7149481833048918 0.8583401103882252 0.6858623968998862 0.8189326471843004 0.6920439597554039 0.821499040102389 0.7211297461604095
0 0.77228673636439 0.7131988768236074 0.7679349459134617 0.6818659855769229 0.7231387029592176 0.6929267863063661 0.7274904934101459 0.7242596775530504
0 0.6065467632723961 0.7232858596420219 0.6053615020406098 0.6893083709974815 0.5596981141223691 0.6921402090079151 0.5608833753541554 0.7261176976524554
0 0.4499971277573529 0.7172679227941176 0.448193359375 0.6860026041666667 0.4066722196691177 0.6902611825980393 0.4084759880514707 0.72152650122549
0 0.3266095446692991 0.71701538849128 0.3259419538191017 0.6769599374794342 0.2754677474086871 0.6784554695212242 0.27613533825888453 0.71851092053307
0 0.21107865379366814 0.686023357896652 0.18029603916484715 0.6581724208515284 0.1604287493176856 0.6972099026564774 0.1912113639465066 0.7250608397016011
0 0.12109375000000006 0.6731770833333334 0.07373046875000006 0.6731770833333334 0.07373046875000006 0.7135416666666666 0.12109375000000006 0.7135416666666666
0 0.03808593750000006 0.669921875 6.189010923425344e-17 0.669921875 6.38634170649108e-17 0.712890625 0.03808593750000007 0.712890625
0 0.11330592847472924 0.8228955136883274 0.11078308325812274 0.7917804226835138 0.06575403316787003 0.7982710965703972 0.06827687838447653 0.8293861875752108
0 0.22119140625000006 0.7936197916666666 0.18164062500000006 0.7936197916666666 0.18164062500000006 0.8229166666666666 0.22119140625000006 0.8229166666666666
0 0.3224348795978803 0.8209197059434747 0.3214461405081047 0.7945533302161262 0.28442930759039897 0.7970211190773066 0.28541804668017456 0.823387494804655
0 0.4112921129338395 0.8246483527657267 0.4108423857781996 0.7958658148047721 0.36894976104934923 0.7970294988250181 0.36939948820498913 0.8258120367859726
0 0.5125053368423738 0.7972769890225666 0.4710910417516314 0.7956993015905383 0.47046296709318935 0.8250094523178357 0.5118772621839316 0.8265871397498641
0 0.6022730964137214 0.8242931934338186 0.6014858571010915 0.791753968511781 0.5586247117008837 0.7935974586365212 0.5594119510135136 0.8261366835585586
0 0.6806313393150462 0.8205640193823918 0.6799653262565705 0.7859313403416558 0.6387764608656373 0.7873395066798073 0.639442473924113 0.8219721857205434
0 0.77587890625 0.78515625 0.72998046875 0.78515625 0.72998046875 0.8170572916666666 0.77587890625 0.8170572916666666
0 0.9026932476711438 0.8152203838099364 0.901770844616551 0.7857034860629696 0.8575564273721835 0.7881598425765456 0.8584788304267763 0.8176767403235125
0 0.9620106063110251 0.9342188347572553 0.9606534307617981 0.9025514052752915 0.9193958502847844 0.9056948399783021 0.9207530258340114 0.9373622694602659
0 0.8404376055743242 0.9327491554054053 0.8386024754073926 0.9021636526232114 0.7919285323926867 0.9071422065447802 0.7937636625596183 0.9377277093269739
0 0.740234375 0.9075520833333334 0.69873046875 0.9075520833333334 0.69873046875 0.9368489583333334 0.740234375 0.9368489583333334
0 0.621642065829918 0.9370784238387979 0.6195608670594261 0.906554175204918 0.5733342405225409 0.9121574026639344 0.5754154392930327 0.9426816512978142
0 0.5106558772043569 0.9386151452282158 0.5057317330134855 0.906725449515906 0.46457914613589213 0.9180222380705394 0.4695032903267635 0.9499119337828493
0 0.4192283290207008 0.9171684248938431 0.38141732185509564 0.9153679007430999 0.3805732484076434 0.9468799761146497 0.41838425557324854 0.948680500265393
0 0.3601802884615384 0.9477123397435897 0.3589468149038461 0.9181089743589742 0.3268194110576923 0.920488782051282 0.3280528846153846 0.9500921474358974
0 0.2885742187500001 0.9173177083333334 0.2456054687500001 0.9173177083333334 0.2456054687500001 0.9485677083333334 0.2885742187500001 0.9485677083333334
0 0.18938320543639053 0.9501456176035504 0.18767624352810652 0.9171443540433925 0.14313459227071001 0.9212401380670611 0.14484155417899405 0.954241401627219
0 0.10317736221381094 0.9511641817454456 0.1023940927344904 0.9240108397956672 0.06760856143833087 0.9257947131954704 0.0683918309176514 0.9529480551452486
0 0.04073584583901773 0.9572035584356525 0.038894632503410645 0.924061718394725 -0.0012496802523874403 0.9280265887903593 0.0005915330832196447 0.9611684288312868