0 0.07261802707861992 0.10557038320135748 0.07138075332296381 0.07092671804298643 0.03277781214649322 0.07337769843514329 0.03401508590214933 0.10802136359351434
0 0.12522100534786085 0.12671285652405703 0.12469133440373849 0.09140146024923364 0.0782645926004598 0.09263950669732107 0.07879426354458216 0.12795090297214445
0 0.20668277689343165 0.1286315208891868 0.2046270211963807 0.09916568923145667 0.16204941982238608 0.10444663203753352 0.164105175519437 0.13391246369526363
0 0.2765743982318017 0.13520323793236963 0.27602889455343305 0.10320035546807776 0.2380957182498709 0.10434984565909482 0.23864122192823953 0.13635272812338667
0 0.34252572408536586 0.11651422764227648 0.31523437500000007 0.09296875000000004 0.30056211890243906 0.12320248983739844 0.3278534679878049 0.14674796747967486
0 0.37327266979768786 0.1061235549132948 0.36946802745664736 0.07314998795761078 0.33563832189306353 0.08008941473988439 0.339442964234104 0.11306298169556839
0 0.4394962833080589 0.11205814919121898 0.4384807937066724 0.07956248194685156 0.4008061294952339 0.08165551884748701 0.4018216190966204 0.11415118609185443
0 0.5305335873463116 0.1066801144125683 0.5283763447745903 0.07504055669398908 0.4911308913934427 0.07955515710382516 0.49328813396516397 0.11119471482240438
0 0.5742987794994813 0.1256577952109267 0.5728345435684647 0.09376999049100969 0.5327960888874481 0.09703843577109265 0.5342603248184646 0.12892624049100967
0 0.651405604154789 0.11906267816419613 0.6459738232254846 0.0840578677309008 0.6084179242089509 0.09441811573546181 0.6138497051382553 0.12942292616875714
0 0.689453125 0.06250000000000011 0.6611328125 0.06250000000000011 0.6611328125 0.09570312500000011 0.689453125 0.09570312500000011
0 0.7229390663675741 0.11113796926567661 0.7170269956683166 0.07622859942244231 0.6839060566212871 0.086200495049505 0.6898181273205446 0.1211098648927393
0 0.8473895733173077 0.10343048878205129 0.8456178924741125 0.0711465267504931 0.8104119475776627 0.07458125308185405 0.8121836284208579 0.10686521511341224
0 0.9261471258863222 0.10147374866575175 0.9245630039169718 0.06662306534004271 0.8852601605386552 0.06979905268374505 0.8868442825080056 0.10464973600945408
0 0.9658015324519232 0.16784354967948725 0.9609187199519232 0.13529146634615385 0.9204477163461541 0.14608373397435895 0.9253305288461541 0.17863581730769237
0 0.8368016656839622 0.17064170597484277 0.8321031102594338 0.1372297562893082 0.7924804687499999 0.14713541666666666 0.7971790241745282 0.18054736635220126
0 0.7372540008650519 0.17834937283737026 0.7295014800497405 0.1443859483131488 0.6885627297794117 0.16099877450980396 0.6963152505947231 0.19496219903402542
0 0.6315936394457548 0.20025181800314465 0.6303793853183962 0.1630146914308176 0.5944418853183963 0.16509802476415092 0.5956561394457548 0.20233515133647798
0 0.54736328125 0.16796875000000008 0.50927734375 0.16796875000000008 0.50927734375 0.2063802083333334 0.54736328125 0.2063802083333334
0 0.4755859375 0.17187500000000008 0.43896484375 0.17187500000000008 0.43896484375 0.20963541666666674 0.4755859375 0.20963541666666674
0 0.41129332484461334 0.2091444377302026 0.4099525746719614 0.1751787666896869 0.37655926277624313 0.17752215699815835 0.3779000129488951 0.21148782803867405
0 0.3508470735497237 0.1813550299263352 0.31281023394337015 0.16736446823204423 0.30468264416436464 0.20664781883057093 0.3427194837707182 0.22063838052486193
0 0.2454869084464856 0.20893861488285406 0.2442303252296326 0.1670525076544196 0.2013887155551118 0.16933739350372737 0.20264529877196483 0.21122350073216187
0 0.1615769477739726 0.19898508847031962 0.15901380565068493 0.16651862157534245 0.1252849422089041 0.1712524971461187 0.12784808433219177 0.2037189640410959
0 0.09142878605769231 0.19529246794871793 0.08837890625 0.16276041666666663 0.05322265624999999 0.16861979166666663 0.05627253605769231 0.20115184294871793
0 0.10225508983074365 0.2515932817702553 0.066308702136515 0.2499956645394007 0.06539391995005552 0.2865869519977802 0.10134030764428416 0.28818456922863483
0 0.1826171875 0.2571614583333333 0.1416015625 0.2571614583333333 0.1416015625 0.2936197916666667 0.1826171875 0.2936197916666667
0 0.25938628158844773 0.26314211040914565 0.21682261112364626 0.25700680655836344 0.2137286354918773 0.2951658393501806 0.2562923059566788 0.3013011432009628
0 0.337246192893401 0.2639825243231811 0.2994576855964467 0.26038361886632827 0.2974401173857868 0.2980448921319797 0.3352286246827411 0.30164379758883253
0 0.4442028704851274 0.29658470550047217 0.44352563960694047 0.2586597763220019 0.39847816705028327 0.260089854815864 0.3991553979284702 0.2980147839943343
0 0.52734375 0.26041666666666674 0.490234375 0.26041666666666674 0.490234375 0.29687500000000006 0.52734375 0.29687500000000006
0 0.6403004957838851 0.28477644180720385 0.639654842188476 0.2503415833853841 0.6040081760423174 0.25152980559025606 0.6046538296377265 0.2859646640120758
0 0.7473732607208029 0.2610391955596107 0.739061787180657 0.23056379257907553 0.7037772296989051 0.24767145681265215 0.712088703239051 0.2781468597931874
0 0.8310546875 0.23046875000000014 0.79248046875 0.23046875000000014 0.79248046875 0.26367187500000017 0.8310546875 0.26367187500000017
0 0.98828125 0.3248697916666668 0.95166015625 0.3248697916666668 0.95166015625 0.35742187500000017 0.98828125 0.35742187500000017
0 0.872056883664901 0.36017955600015034 0.8705827938317179 0.3293874572625489 0.8358071742560866 0.33234708446047495 0.8372812640892697 0.3631391831980764
0 0.8004298226643599 0.3656578899942331 0.7997877919550174 0.33312833405420994 0.7649512056660901 0.33435067041522487 0.7655932363754326 0.36688022635524803
0 0.724609375 0.34960937500000017 0.6982421875 0.34960937500000017 0.6982421875 0.3776041666666668 0.724609375 0.3776041666666668
0 0.6193087218237705 0.3592362534153007 0.592878728917087 0.35546054014291734 0.5905678593947037 0.38421802753257683 0.6169978523013872 0.38799374080496013
0 0.522157499133549 0.39302410659272957 0.5217323966035121 0.36355033117683305 0.4772776831099815 0.3646901956253851 0.47770278564001845 0.39416397104128165
0 0.4249225484913792 0.394463900862069 0.42303003771551717 0.3641837284482759 0.3849238954741379 0.3684177442528736 0.38681640624999997 0.3986979166666667
0 0.34713295706437935 0.3662638942431253 0.3092932307729376 0.3648624228989978 0.30861370289610646 0.3974797609868928 0.34645342918754823 0.3988812323310203
0 0.2700310202205883 0.3669883578431374 0.23134765625000003 0.3630208333333334 0.22944910386029416 0.395929074754902 0.2681324678308824 0.39989659926470594
0 0.1934943704044118 0.3916628370098039 0.19156996783088237 0.35830652573529415 0.15217715992647057 0.3623468137254902 0.1541015625 0.39570312500000004
0 0.12137391137295085 0.3611253415300546 0.08778256275614757 0.357053662909836 0.08542920722336068 0.39156954405737715 0.11902055584016397 0.39564122267759566
0 0.04443359375000003 0.3548177083333333 0.008789062500000033 0.3548177083333333 0.008789062500000036 0.3977864583333333 0.044433593750000035 0.3977864583333333
0 0.03564453125000005 0.5247395833333334 4.8196548833631186e-17 0.5247395833333334 4.9900769232835264e-17 0.5618489583333334 0.035644531250000056 0.5618489583333334
0 0.1112506734913793 0.561260775862069 0.10894396551724138 0.5243534482758622 0.07237338362068965 0.5284168462643678 0.07468009159482758 0.5653241738505748
0 0.18359375000000006 0.5319010416666666 0.14453125000000006 0.5319010416666666 0.14453125000000006 0.5670572916666666 0.18359375000000006 0.5670572916666666
0 0.28811443640564194 0.5650611016536965 0.28671229024805445 0.5351486502918288 0.24813617157101164 0.538363326848249 0.2495383177285992 0.5682757782101167
0 0.376431789081057 0.5651281361342043 0.375554390587886 0.5312020610649248 0.3366055522565321 0.5329928122525733 0.33748295074970314 0.5669188873218528
0 0.48291015625 0.5319010416666669 0.4453125 0.5319010416666667 0.4453125 0.5598958333333334 0.48291015625 0.5598958333333335
0 0.5879591444672131 0.546030993852459 0.583077612704918 0.5185497780054645 0.5438390112704918 0.5309409153005464 0.5487205430327868 0.5584221311475409
0 0.6698418876069682 0.5420407370619397 0.6662388733954767 0.5100139440709047 0.6273673880654033 0.5177882411369193 0.6309704022768947 0.5498150341279543
0 0.7568359375 0.5110677083333335 0.71728515625 0.5110677083333335 0.71728515625 0.5403645833333335 0.7568359375 0.5403645833333335
0 0.824110962944813 0.5301458207679935 0.8163538289731604 0.5022201384700443 0.7806515756936068 0.5198508808303178 0.7884087096652593 0.547776563128267
0 0.8938666552327781 0.5066405264319961 0.856421656179031 0.4997062673479688 0.8530266044899697 0.5322987635629575 0.8904716035437168 0.5392330226469847
0 0.98974609375 0.4967447916666668 0.95068359375 0.4967447916666668 0.95068359375 0.5332031250000001 0.98974609375 0.5332031250000001
0 0.99365234375 0.6002604166666669 0.95654296875 0.6002604166666669 0.95654296875 0.6308593750000001 0.99365234375 0.6308593750000001
0 0.91455078125 0.6074218750000001 0.87841796875 0.6074218750000001 0.87841796875 0.6360677083333335 0.91455078125 0.6360677083333335
0 0.8065139884663343 0.6107988492310891 0.775804629052369 0.6087515586034914 0.7746551589775561 0.6394040939318373 0.8053645183915213 0.641451384559435
0 0.7407726562500001 0.616121875 0.7081664062499999 0.6034416666666668 0.70261015625 0.6288416666666667 0.7352164062500001 0.6415218750000001
0 0.65234375 0.6184895833333335 0.61572265625 0.6184895833333335 0.61572265625 0.6464843750000001 0.65234375 0.6464843750000001
0 0.532961006841716 0.6525456114398421 0.5311615893121302 0.6177568725345166 0.49323918269230765 0.6212439903846153 0.49503860022189344 0.6560327292899407
0 0.4427183729816764 0.6541726195875665 0.44090379512880995 0.6243328948959846 0.40570183520047176 0.6281385121855347 0.4075164130533382 0.6579782368771165
0 0.3212890625000001 0.6321614583333334 0.2856445312500001 0.6321614583333334 0.2856445312500001 0.6614583333333334 0.3212890625000001 0.6614583333333334
0 0.23828125000000006 0.6328125 0.20068359375000006 0.6328125 0.20068359375000006 0.6640625 0.23828125000000006 0.6640625
0 0.13769531250000006 0.630859375 0.10107421875000006 0.630859375 0.10107421875000006 0.6627604166666666 0.13769531250000006 0.6627604166666666
0 0.051413409141459074 0.657302787663108 0.050961618661032035 0.6253762603795967 0.006101777969306052 0.6265048098309609 0.006553568449733093 0.6584313371144722
0 0.04446600529546681 0.7649265268033818 0.04322593429573664 0.729377824811117 -0.000828470723151651 0.7321098809363195 0.0004116002765785186 0.7676585829285844
0 0.14233456497101665 0.7685864267489101 0.14175716223246135 0.7370217437078873 0.10120630434378716 0.7383404707936979 0.10178370708234245 0.7699051538347207
0 0.2573610179041735 0.741615068712858 0.22054999303585904 0.7374080944421935 0.2185616516410049 0.7683378494732578 0.2553726765093194 0.7725448237439223
0 0.31927863309902205 0.7433479141198044 0.2980043742359414 0.7390930623471883 0.29604169850244505 0.7565390688671557 0.3173159573655257 0.7607939206397719
0 0.41485430743243246 0.759589667792793 0.41102723817567566 0.7289731137387387 0.3760293496621621 0.7367504222972974 0.3798564189189189 0.7673669763513516
0 0.5105941022028689 0.7530364156420766 0.5085529264856559 0.7230991717896175 0.46910620517418034 0.7278805925546448 0.47114738089139346 0.7578178364071039
0 0.621457937672652 0.752064629373849 0.6201792342886742 0.7196708103130756 0.5873753668853592 0.7219728360957643 0.588654070269337 0.7543666551565379
0 0.8490486289125742 0.7404356954937938 0.8480140945426334 0.7107790435554956 0.8060445687736102 0.7133818048434969 0.8070791031435509 0.7430384567817953
0 0.9426568996881498 0.7132804378898131 0.9146649842450626 0.7120764845374223 0.9140777270660085 0.7363497812716565 0.9420696425090958 0.7375537346240474
0 0.976904800257732 0.8557439325601375 0.9759503865979381 0.827747798539519 0.938452400128866 0.8300204037800687 0.9394068137886599 0.8580165378006872
0 0.9091796875 0.8300781250000001 0.86865234375 0.830078125 0.86865234375 0.8580729166666666 0.9091796875 0.8580729166666669
0 0.8364202949438204 0.8589726708801498 0.8340392380617979 0.8256378745318352 0.7965260709269664 0.8304014513108614 0.7989071278089889 0.8637362476591761
0 0.7722909615081864 0.857857433354324 0.7691209461586902 0.8312896856633082 0.7333713790931989 0.8388729271620488 0.7365413944426952 0.8654406748530645
0 0.65576171875 0.8430989583333334 0.62353515625 0.8430989583333334 0.62353515625 0.86328125 0.65576171875 0.86328125
0 0.7107594687128861 0.8395661681017419 0.6784870936015441 0.838082380740301 0.6778677534887175 0.8620301984362629 0.7101401286000595 0.863513985797704
0 0.598996404628028 0.8474634155132644 0.5596912846020762 0.84608428849481 0.5591820528762976 0.8718853626009229 0.5984871729022494 0.8732644896193773
0 0.51611328125 0.8385416666666666 0.4799804687500001 0.8385416666666666 0.4799804687500001 0.8697916666666666 0.51611328125 0.8697916666666666
0 0.46592057002635967 0.8429949072789493 0.43377854900804663 0.8415663730114687 0.43298678551609326 0.8732369126896041 0.4651288065344063 0.8746654469570846
0 0.42260742187500006 0.8655598958333336 0.39794921875000006 0.832682291666667 0.3813476562500001 0.8548177083333335 0.4060058593750001 0.8876953125000001
0 0.3671875000000001 0.8404947916666666 0.3256835937500001 0.8404947916666666 0.3256835937500001 0.8776041666666666 0.3671875000000001 0.8776041666666666
0 0.27913244298986495 0.8479691019144143 0.23990947001689197 0.8467528856981982 0.23935177364864874 0.8787274774774775 0.2785747466216217 0.8799436936936936
0 0.17750238617081457 0.8489436038838613 0.13586039133201366 0.84629966770362 0.13474684495192316 0.8774789663461539 0.17638883979072406 0.8801229025263951
0 0.07480468750000001 0.87265625 0.0729222790948276 0.8425377155172415 0.03340180495689656 0.8469288793103451 0.035284213362068974 0.8770474137931036