0 0.12647608337101282 0.0352757111147649 0.07792252625575469 0.030567487394497442 0.07629374460498191 0.0604284843253316 0.12484730172024006 0.06513670804559907
0 0.22403412574212697 0.04351358146188267 0.17561941388100155 0.0420464689812425 0.17504542502903975 0.07572048162966791 0.22346013689016517 0.07718759411030807
0 0.3085771250394073 0.060753763398486815 0.25621711952238335 0.05327376261034053 0.2536735005517024 0.08492768757881468 0.30603350606872637 0.09240768836696095
0 0.42092623745437957 0.066336868917275 0.37574703467153286 0.06470878953771296 0.37502637431569347 0.10026136709245749 0.4202055770985402 0.10188944647201954
0 0.48828125 0.07421875000000007 0.4423828125 0.07421875000000007 0.4423828125 0.10872395833333341 0.48828125 0.10872395833333341
0 0.5721725247210953 0.09704746661595683 0.5254777827079106 0.08855751352265052 0.5225510664934075 0.11717429428668026 0.5692458085065922 0.12566424737998658
0 0.672981472190367 0.10988269304281356 0.6235222443335132 0.1068154541059544 0.6225604383094981 0.13438722679438758 0.6720196661663519 0.13745446573124673
0 0.7742908722763762 0.12390995317278301 0.726394513331422 0.12197474675076465 0.7258099197247707 0.1476968654434252 0.7737062786697249 0.14963207186544356
0 0.8527555585683296 0.13393070996023151 0.8038164316702819 0.1325712897686191 0.803412249186551 0.1584389687274043 0.8523513760845987 0.15979838891901674
0 0.9174901376856436 0.16484246080858087 0.9153194616336634 0.13590011344884492 0.875 0.1412760416666667 0.8771706760519802 0.17021838902640266
0 0.9892578125 0.14388020833333348 0.93994140625 0.14388020833333348 0.93994140625 0.17187500000000014 0.9892578125 0.17187500000000014
0 0.9487185069359384 0.4249841147109262 0.9081320718244734 0.4201738705495674 0.9065196192889515 0.4443606585823945 0.9471060544004165 0.4491709027437533
0 0.88330078125 0.41601562500000017 0.8427734375 0.41601562500000017 0.8427734375 0.4420572916666668 0.88330078125 0.4420572916666668
0 0.8150191855641593 0.40794962205014756 0.7728887237278761 0.40420469210914467 0.7715275857300885 0.4314274520648969 0.8136580475663717 0.43517238200589986
0 0.7444178578568573 0.39623135120951636 0.6983718231457418 0.3950034569505532 0.6979356694822072 0.4240803678528589 0.7439817041933228 0.42530826211182204
0 0.66845703125 0.3860677083333335 0.623046875 0.3860677083333335 0.623046875 0.4153645833333335 0.66845703125 0.4153645833333335
0 0.5726690795159897 0.3729861036084703 0.5291635155574762 0.3712800030610776 0.5285211957108902 0.4003985027729762 0.5720267596694036 0.40210460332036885
0 0.4934577086946372 0.3669453569681609 0.4533701828475187 0.36073023668178594 0.45118802944903946 0.38575226231768056 0.49127555529615796 0.3919673826040555
0 0.4298409926470589 0.35732199754901967 0.3888722426470589 0.3537594975490197 0.38766038602941183 0.37853523284313745 0.4286291360294118 0.3820977328431374
0 0.34850029537294847 0.35066760392243074 0.3022183309825615 0.34314208125732715 0.2999228939221864 0.3682388597840954 0.3462048583125733 0.37576438244919896
0 0.2670351160829049 0.3413480077120823 0.22068630502892034 0.33713447943444735 0.2192704149260926 0.36482299700085696 0.26561922598007714 0.3690365252784919
0 0.19378807697821104 0.332048571292049 0.15082918219610095 0.3303128583715597 0.15020875143348628 0.35761181192660557 0.19316764621559637 0.3593475248470948
0 0.09829587829625813 0.32703315286780593 0.05043539610341782 0.3208073990866234 0.04845695068503243 0.3478461531378904 0.09631743287787274 0.3540719069190728
0 0.9951078232020548 0.5388555936073061 0.9527878852739726 0.5329159531963471 0.9505431292808219 0.5613495291095892 0.992863067208904 0.5672891695205482
0 0.8962967433286517 0.5257388225655433 0.8554654582162923 0.5205538974719103 0.8535057496488765 0.5479898174157306 0.8943370347612359 0.5531747425093635
0 0.771630859375 0.5065755208333335 0.7248822380514707 0.5017807904411766 0.7232967601102942 0.5292624080882354 0.7700453814338235 0.5340571384803924
0 0.6795551639099243 0.49621337144612737 0.6384434006327223 0.49292443038395123 0.6373615530963532 0.5169654867477084 0.6784733163735552 0.5202544278098845
0 0.6081939587093864 0.4823396134175693 0.5651215591155236 0.47613097924187736 0.5627143501805055 0.5058198894404334 0.6057867497743683 0.5120285236161254
0 0.5086081350492738 0.4670478367047026 0.46557151192946056 0.46353464298063624 0.4643838336358921 0.48939963692946065 0.5074204567557054 0.49291283065352703
0 0.4306640625 0.4544270833333333 0.39111328125 0.4544270833333333 0.39111328125 0.48046875 0.4306640625 0.48046875
0 0.3454787795608109 0.4497114301801803 0.30058329814189194 0.4397346565315316 0.29717852618243246 0.46697283220720726 0.3420740076013514 0.47694960585585594
0 0.24511718750000006 0.4381510416666667 0.19921875000000006 0.4381510416666667 0.19921875000000006 0.4635416666666667 0.24511718750000006 0.4635416666666667
0 0.172496543141593 0.43563398783185847 0.12309302405973455 0.4306625645280237 0.12181260370575224 0.4532833241150443 0.1712161227876107 0.4582547474188791
0 0.04736328125000004 0.4166666666666667 3.841970549082883e-17 0.4166666666666667 3.97352440446004e-17 0.4453125 0.04736328125000004 0.4453125
0 0.943359375 0.6790364583333335 0.89306640625 0.6790364583333334 0.89306640625 0.7037760416666669 0.943359375 0.703776041666667
0 0.8415616080789843 0.6708908531376204 0.7962738634377912 0.6576819276172725 0.7921423578751163 0.6828644377135756 0.8374301025163094 0.6960733632339237
0 0.772834428343777 0.6542923734154423 0.7282240067253674 0.6525429451166812 0.7276289535166379 0.6795186905790839 0.7722393751350476 0.6812681188778451
0 0.7022213637939002 0.6697697647104128 0.7018742418553605 0.6457026436383241 0.6618969139902958 0.646727703327172 0.6622440359288355 0.6707948243992606
0 0.6406047603626943 0.637788077504318 0.5971396332577721 0.6340491418393783 0.595782565576425 0.6620952072538862 0.6392476926813472 0.6658341429188258
0 0.5099243558261571 0.6156730747667744 0.4604852222652045 0.6110740855983137 0.45903614647806784 0.6387675339747041 0.5084752800390204 0.6433665231431648
0 0.40461122023425405 0.5980948712570985 0.36097697591313893 0.596772621429186 0.3605885188113062 0.6195621047367063 0.40422276313242134 0.6208843545646189
0 0.31659412029507444 0.5918295480947956 0.2698352912987919 0.5836975778345725 0.26739297746282537 0.6086634526022306 0.3141518064591079 0.6167954228624537
0 0.23519006870136192 0.5822212427042802 0.1894398255107004 0.5784087224383917 0.18828087001459146 0.6031331063553826 0.23403111320525297 0.606945626621271
0 0.17026761992791326 0.5735471939407452 0.1232062486065696 0.5720167428408641 0.12272319272071942 0.5984237979340071 0.1697845640420631 0.5999542490338883
0 0.09164673332785814 0.5670521586180465 0.04656669626724709 0.5655109607698204 0.04601200620072278 0.5943548442290845 0.09109204326133384 0.5958960420773104
0 0.9608634428292818 0.7891952595851478 0.9082899384297897 0.7835116374879053 0.9066369398584906 0.8106942806603775 0.9592104442579827 0.81637790275762
0 0.8591775651451243 0.7776459063125539 0.8076153723280669 0.7729849171313509 0.806279964299757 0.7992479416881135 0.8578421571168144 0.8039089308693166
0 0.7521033653846154 0.7607171474358974 0.7018299278846153 0.756993189102564 0.7006896033653846 0.7843609775641025 0.7509630408653847 0.7880849358974359
0 0.6631456672138837 0.7561654745153222 0.6139390097326455 0.7458738860225141 0.6110280106707318 0.7706173780487807 0.66023466815197 0.7809089665415886
0 0.5786397942590499 0.7375388857466064 0.5329843926753395 0.7346401300904978 0.5320564373585974 0.7606228789592762 0.5777118389423078 0.7635216346153847
0 0.5094118743516598 0.731922653008299 0.46353369748443995 0.7193286436721994 0.4594491539159752 0.7457809258298757 0.505327330783195 0.7583749351659752
0 0.4368600682593857 0.7155858930602959 0.3889535116254267 0.7080711390784984 0.3865904303540956 0.7348527268202504 0.43449698698805467 0.7423674808020478
0 0.3545181169181035 0.7092039331896552 0.3139123114224138 0.6960344827586207 0.30922683189655176 0.7217178520114942 0.3498326373922414 0.7348873024425288
0 0.2680664062500001 0.6920572916666666 0.21777343750000006 0.6920572916666666 0.21777343750000006 0.7180989583333334 0.2680664062500001 0.7180989583333334
0 0.18214239468232052 0.687809334714549 0.13544813967541444 0.6845325448895029 0.1345039494129835 0.7084520315377535 0.18119820441988957 0.7117288213627995
0 0.08039360664032391 0.6710547979311229 0.03379870012528918 0.6693290606527884 0.033230230821125736 0.6966155872526342 0.07982513733616045 0.6983413245309688
0 0.11279296875000008 0.8489583333333334 0.05957031250000008 0.8489583333333334 0.05957031250000008 0.8743489583333334 0.11279296875000008 0.8743489583333334
0 0.20019531250000006 0.8580729166666666 0.15185546875000006 0.8580729166666666 0.15185546875000006 0.8873697916666666 0.20019531250000006 0.8873697916666666
0 0.2874250948605628 0.8684266000329056 0.2341636363986921 0.8668484827451465 0.23369969690893397 0.8946848521306351 0.28696115537080463 0.8962629694183942
0 0.3983023915716741 0.884158907844056 0.3460157347946597 0.8824160192848222 0.34546249170440363 0.9119223174318135 0.397749148481418 0.9136652059910474
0 0.4773933699324325 0.8950717905405406 0.4289888619087838 0.893570875563063 0.4284937183277028 0.9219591075450451 0.47689822635135143 0.9234600225225226
0 0.5512920673076924 0.9105669070512823 0.5011718750000002 0.9022135416666668 0.4985576923076924 0.9300981570512822 0.5486778846153847 0.9384515224358975
0 0.6513445191602188 0.9235672219628247 0.6007141308697973 0.9157175493596585 0.5982701190635006 0.9437422180718605 0.6489005073539221 0.9515918906750267
0 0.7283716866449406 0.9329235501634829 0.6754537965442694 0.9313199777361899 0.6749375342830407 0.9616073637282739 0.7278554243837119 0.963210936155567
0 0.81103515625 0.94140625 0.7607421875 0.94140625 0.7607421875 0.9694010416666666 0.81103515625 0.9694010416666666
0 0.91943359375 0.9550781250000001 0.86962890625 0.955078125 0.86962890625 0.9811197916666669 0.91943359375 0.981119791666667
0 0.9968514278017242 0.9665499281609197 0.948863321844001 0.965158968567942 0.9484329331748939 0.9915561402731853 0.996421039132617 0.9929470998661629