0 0.07259381403688524 0.1630165642076503 0.07062868212090165 0.13419462943989072 0.031005859375 0.13899739583333334 0.0329709912909836 0.1678193306010929
0 0.17338834227338473 0.15592165400996463 0.17003629384643199 0.12718981035036966 0.12800855645793152 0.1359066744013179 0.13136060488488427 0.16463851806091287
0 0.25801410701774874 0.14583242108438427 0.25600943995212516 0.12124183841273546 0.21811644310485753 0.12673357708625252 0.22012111017048108 0.1513241597579013
0 0.33707950145208126 0.13690152065182318 0.3351027423160697 0.10878761293965795 0.3022645283760891 0.11289238968215552 0.30424128751210067 0.14100629739432075
0 0.3955078125 0.10156250000000007 0.35693359375 0.10156250000000007 0.35693359375 0.1341145833333334 0.3955078125 0.1341145833333334
0 0.5228163257087629 0.11979972079037804 0.5218639255798969 0.09186265034364265 0.48044559439432993 0.09437285223367699 0.4813979945231959 0.1223099226804124
0 0.6561422760953607 0.11402759879725087 0.6551455782860823 0.0847911297250859 0.6155656008376289 0.08718991623711338 0.6165622986469073 0.11642638530927835
0 0.808569736168033 0.10902279713114754 0.8065565765881149 0.07949645662568307 0.7675941342213115 0.0842191769125683 0.7696072938012296 0.11374551741803278
0 0.9157260237068964 0.10343929597701153 0.9141332165948274 0.07795438218390806 0.870935479525862 0.08275413074712644 0.872528286637931 0.10823904454022991
0 0.909124681813258 0.31920335969093017 0.9080161056650778 0.28372892294916235 0.8640860255090987 0.2861694829578279 0.8651946016572789 0.32164391969959566
0 0.78515625 0.2903645833333335 0.7412109375 0.2903645833333335 0.7412109375 0.3268229166666668 0.78515625 0.3268229166666668
0 0.6681769511421319 0.33136037965313037 0.6663700626586294 0.2976317946277496 0.6262219424175126 0.30145542512690354 0.6280288309010151 0.33518401015228433
0 0.5720218453517744 0.3387152563865616 0.5709331394005669 0.3060540778503367 0.5318285254435683 0.3083713883070478 0.5329172313947758 0.3410325668432726
0 0.46770100303495193 0.3423985848007826 0.46467595217449303 0.30771133493418706 0.4237033188533884 0.31406368118552114 0.4267283697138473 0.34875093105211663
0 0.34228515625 0.32291666666666674 0.29833984375 0.32291666666666674 0.29833984375 0.35546875 0.34228515625 0.35546875
0 0.25489600929054057 0.3410402590090091 0.21696843327702708 0.3326119087837838 0.2135636613175676 0.3598500844594595 0.2514912373310811 0.36827843468468474
0 0.1773817407214601 0.3700360066552344 0.17541330459946108 0.34050946482524913 0.13286752434468402 0.3455519276702597 0.13483596046668303 0.375078469500245
0 0.07421875000000003 0.3470052083333333 0.028808593750000035 0.3470052083333333 0.028808593750000035 0.37890625 0.07421875000000003 0.37890625
0 0.11197177978391126 0.5108074244645588 0.10931125701172871 0.47959062393761687 0.07027564858490565 0.4855051100628931 0.07293617135708821 0.5167219105898351
0 0.21477170850409838 0.5048027663934426 0.21257844518442623 0.4726349043715847 0.17123863345286885 0.4776457906420765 0.173431896772541 0.5098136526639344
0 0.3327177444306931 0.48962200907590764 0.3303488551980198 0.4580368193069308 0.29094794245049505 0.4632902743399341 0.2933168316831683 0.494875464108911
0 0.43202028651247404 0.48183850918225923 0.43118533572635137 0.44732721002252257 0.39274562272609154 0.4489805310117811 0.3935805735122142 0.4834918301715177
0 0.5596201694185576 0.4458390312668828 0.52021935461406 0.4413360810035116 0.5180410821008914 0.47522032009724474 0.557441896905389 0.47972327036061596
0 0.6433169250045356 0.4691804056301403 0.6414300616835995 0.43815198657474613 0.605048147791183 0.4420851664550074 0.6069350111121191 0.4731135855104016
0 0.7596438891267123 0.46037207477168945 0.7569523223458905 0.42627889554794524 0.7172249571917808 0.4318546660958904 0.7199165239726028 0.4659478453196347
0 0.8708168813344594 0.45482932150900907 0.8702351668074324 0.42147768862612617 0.8308306059966216 0.42269953547297295 0.8314123205236487 0.45605116835585585
0 0.9905872720926413 0.5330816428493211 0.9495735719858739 0.5316794650678932 0.9489264870441853 0.5653278820356987 0.9899401871509527 0.5667300598171267
0 0.8350625594860406 0.5650479854060914 0.8332556710025381 0.5313194003807106 0.795605964467005 0.534905086717428 0.7974128529505076 0.5686336717428088
0 0.7139743814822817 0.5439686644698934 0.6655328300561799 0.5420689957865169 0.6647520864844427 0.5774627043719391 0.7131936379105445 0.5793623730553157
0 0.5126953125 0.5553385416666669 0.47412109375 0.5553385416666669 0.47412109375 0.5917968750000001 0.5126953125 0.5917968750000001
0 0.4094359910875451 0.59121446299639 0.40700762917418765 0.5612646660649819 0.37108352606046924 0.5664429151624548 0.3735118879738267 0.5963927120938629
0 0.29335450233887733 0.6011429097366597 0.292375503508316 0.5691622812716562 0.2542534271049896 0.5712369520963271 0.25523242593555096 0.6032175805613306
0 0.16175722315926477 0.6123867248370874 0.15853535546376968 0.5829296487639892 0.12108316676848704 0.5902120187880721 0.12430503446398217 0.6196690948611702
0 0.08771888469827585 0.755064655172414 0.08582300646551724 0.7247306034482759 0.045453933189655175 0.7292160560344828 0.04734981142241379 0.7595501077586208
0 0.20408203125000002 0.7358593750000001 0.19984765625 0.7048072916666667 0.15907031249999998 0.7146927083333333 0.1633046875 0.7457447916666667
0 0.2830739182692308 0.7286698717948717 0.2819906850961539 0.7026722756410254 0.25067457932692305 0.7049919871794871 0.25175781249999996 0.7309895833333333
0 0.3891601562500001 0.6959635416666666 0.3486328125000001 0.6959635416666666 0.3486328125000001 0.7291666666666666 0.3891601562500001 0.7291666666666666
0 0.4736057327772963 0.7224407405401504 0.47266048120667237 0.6921926902801849 0.43837755226386477 0.6940972974436742 0.4393228038344887 0.7243453477036397
0 0.5593774367202495 0.7131687859884837 0.5584904705494242 0.6830119361804221 0.520185790547025 0.685014795265515 0.5210727567178502 0.7151716450735766
0 0.6494652041770572 0.7083950280548628 0.6482378039276807 0.6756643547381546 0.6116106218827929 0.6781061668744804 0.6128380221321694 0.7108368401911886
0 0.7672687190594059 0.6937912541254124 0.7650738706683168 0.6645266089108912 0.7248994430693069 0.6698831992574258 0.727094291460396 0.6991478444719471
0 0.8838715390220209 0.6908321189550951 0.8824061892810882 0.6605482243091538 0.8409488341968913 0.6641144484024181 0.842414183937824 0.6943983430483595
0 0.9852548275353774 0.691694919418239 0.9842303581957548 0.6602778596698113 0.9417664725825472 0.6627395341981133 0.9427909419221698 0.6941565939465408
0 0.9502624561381204 0.8202515807228098 0.9488154908716435 0.786489057838351 0.9071268402919039 0.7896653359777597 0.9085738055583809 0.8234278588622185
0 0.8375003630343866 0.8069915582403967 0.8103871398698884 0.7791831242255268 0.7945406888940519 0.8066503059169766 0.8216539120585501 0.8344587399318466
0 0.7205767463235295 0.8304917279411765 0.7186580882352943 0.7972349877450982 0.6821403952205883 0.8009803921568629 0.6840590533088236 0.8342371323529413
0 0.5395626583614864 0.8412461289414414 0.5359718116554053 0.8109234234234234 0.4987872149493243 0.818751759572072 0.5023780616554054 0.8490744650900899
0 0.37383288871951215 0.857739456300813 0.37089129192073167 0.822440294715447 0.33198361280487804 0.8282043953252032 0.33492520960365857 0.8635035569105692
0 0.19044745241034317 0.8410625920391546 0.1482628963097714 0.8392482025294524 0.14748225539241172 0.8715146937803189 0.18966681149298348 0.873329083290021
0 0.45489440776792595 0.9814159478604473 0.4541742211594063 0.9468469906515034 0.41680884673766383 0.9482308934078643 0.41752903334618346 0.9827998506168082
0 0.6755763079988383 0.9658413192651866 0.6750197127484512 0.9331877312424712 0.6344689254485028 0.9344165429788333 0.63502552069889 0.9670701310015487
0 0.9060235996972319 0.9527217596597463 0.9053430471453289 0.9182404303633219 0.8654729400951557 0.9196393814878894 0.8661534926470588 0.9541207107843137