0 0.9289872662875869 0.09464399013749679 0.9282418562066308 0.05886430625160627 0.887474701233616 0.06037420088023645 0.8882201113145721 0.09615388476612696
0 0.791015625 0.06966145833333347 0.75146484375 0.06966145833333347 0.75146484375 0.09960937500000011 0.791015625 0.09960937500000011
0 0.68408203125 0.06770833333333344 0.646484375 0.06770833333333344 0.646484375 0.10156250000000011 0.68408203125 0.10156250000000011
0 0.5921915560103833 0.06887521632055386 0.5613424770367411 0.06722993210862628 0.5605616950379393 0.09325599873535685 0.5914107740115815 0.09490128294728445
0 0.35849389922752806 0.08434427668539328 0.3559592257724719 0.04885884831460676 0.31111854810393264 0.05455290262172286 0.3136532215589888 0.0900383309925094
0 0.45652019915803105 0.07081849093264259 0.4159258116094559 0.056574846178756556 0.40956930051813467 0.08878116904145088 0.4501636880667098 0.1030248137953369
0 0.16188399754213484 0.041128569756554344 0.12175122893258428 0.03657449672284646 0.11944873595505619 0.07264688670411987 0.15958150456460676 0.07720095973782774
0 0.048828125000000014 0.17447916666666666 0.010253906250000017 0.17447916666666666 0.010253906250000017 0.20638020833333334 0.048828125000000014 0.20638020833333334
0 0.1484375 0.19205729166666666 0.10839843750000003 0.19205729166666666 0.10839843750000003 0.21875 0.1484375 0.21875
0 0.38201414233576647 0.22949456356447687 0.38160747890054747 0.20943250076034062 0.347531863024635 0.21066045088199511 0.347938526459854 0.23072251368613136
0 0.654296875 0.2122395833333334 0.62060546875 0.2122395833333334 0.62060546875 0.24283854166666674 0.654296875 0.24283854166666674
0 0.7561453297651934 0.24357231238489874 0.7550271387258288 0.21524480605432786 0.7174820873618785 0.2178795465009208 0.7186002784012431 0.2462070528314917
0 0.9732388200431035 0.23156429597701167 0.9349710398706896 0.227312320402299 0.9332502693965516 0.25484464798850587 0.9715180495689655 0.25909662356321855
0 0.8152883377898842 0.37986602234106365 0.7751383821471411 0.3787953568572571 0.7746889525439824 0.40875733040117296 0.8148389081867254 0.4098279958849795
0 0.6462593199277 0.3833538089320681 0.6068940987912337 0.38112032120801326 0.6058451656405333 0.4139868932632927 0.6452103867769996 0.41622038098734754
0 0.5225674961153315 0.4109026099217312 0.5211579549378453 0.37519423342541436 0.4777953427140884 0.37823722375690605 0.4792048838915746 0.4139456002532229
0 0.38623046875 0.373046875 0.34814453125 0.373046875 0.34814453125 0.4049479166666667 0.38623046875 0.4049479166666667
0 0.3097636421319797 0.36813597186971236 0.2741265466370559 0.36474196277495774 0.2724138443845178 0.396712404822335 0.30805093987944165 0.4001064139170896
0 0.23144531250000006 0.357421875 0.19287109375000006 0.357421875 0.19287109375000006 0.390625 0.23144531250000006 0.390625
0 0.14697265625000006 0.3502604166666667 0.10546875000000003 0.3502604166666667 0.10546875000000003 0.3841145833333333 0.14697265625000006 0.3841145833333333
0 0.10789746702832648 0.4907588628291754 0.07362743227001046 0.4892848828395704 0.07292292668269237 0.5184044471153847 0.10719296144100839 0.5198784271049898
0 0.23779296875000006 0.5013020833333334 0.19921875000000006 0.5013020833333334 0.19921875000000006 0.533203125 0.23779296875000006 0.533203125
0 0.3926019435975609 0.5465891768292683 0.39178496570121946 0.5117314532520325 0.34801972179878043 0.5135550050813008 0.3488366996951219 0.5484127286585366
0 0.5184694513715711 0.5146427550914382 0.4782136455735661 0.5119590347049046 0.4769679804395262 0.5451767716126351 0.5172237862375312 0.5478604919991689
0 0.6060015368852458 0.54770662568306 0.6049199538934426 0.5195854678961748 0.5675957351434426 0.5221375512295081 0.5686773181352459 0.5502587090163934
0 0.7041318573220803 0.5340466278892947 0.6737657533074818 0.5151521631691002 0.662401630930657 0.5476210842457424 0.6927677349452555 0.566515548965937
0 0.8362754191146677 0.5401957556726094 0.8351643220725283 0.5229120239059967 0.8054994555307942 0.5263022943679091 0.8066105525729336 0.5435860261345219
0 0.9765625 0.5208333333333335 0.9375 0.5208333333333335 0.9375 0.5481770833333335 0.9765625 0.5481770833333335
0 0.9814453125 0.6757812500000003 0.951171875 0.6757812500000003 0.951171875 0.6953125000000003 0.9814453125 0.6953125000000003
0 0.9083490706494484 0.697185958918422 0.9033359845160481 0.6626513655549983 0.8604005375501506 0.6737314809010364 0.8654136236835508 0.7082660742644601
0 0.8109093105670103 0.7013866516323025 0.8098391188788661 0.669994362113402 0.7695725273840206 0.6724347615979381 0.7706427190721649 0.7038270511168386
0 0.7032053356549008 0.6790736824192921 0.6689863349620769 0.6727805328665889 0.6660236015898482 0.701420288798133 0.7002426022826722 0.7077134383508362
0 0.6172654508964749 0.7021674306118314 0.6152035111932739 0.6700928130064829 0.5788218097903159 0.6742507217382495 0.580883749493517 0.7063253393435981
0 0.5328900528885273 0.6720185576010307 0.49441356984845414 0.6690870160360727 0.492993620957079 0.702219156834825 0.5314701039971522 0.7051506983997831
0 0.45545817575636943 0.6997354365711254 0.45450213972929937 0.664043424893843 0.4158899781050956 0.6658820992569003 0.41684601413216565 0.7015741109341826
0 0.3775529818297513 0.6635425504336351 0.3363749646493214 0.6609280731523379 0.33533874787895934 0.6899421427224737 0.37651676505938925 0.6925566200037708
0 0.30162595731356767 0.6605023030278142 0.264027980248029 0.6592169021024966 0.2634533996181012 0.6890950948587385 0.30105137668363996 0.6903804957840559
0 0.22509765625000006 0.6595052083333334 0.18994140625000006 0.6595052083333334 0.18994140625000006 0.685546875 0.22509765625000006 0.685546875
0 0.15998074795779443 0.6767372043056502 0.156970954412015 0.6462379630417517 0.12426973866150443 0.6519750184365782 0.12727953220728386 0.6824742597004766
0 0.08468299278846154 0.6760717147435896 0.08117487980769231 0.6386518429487179 0.03856670673076923 0.6457532051282051 0.042074819711538466 0.6831730769230769
0 0.12520366952031764 0.8374704963894869 0.08220574878902051 0.8334706898098312 0.08032463081942955 0.8694209443397919 0.12332255155072668 0.8734207509194475
0 0.19140625000000006 0.83984375 0.15673828125000006 0.83984375 0.15673828125000006 0.8704427083333334 0.19140625000000006 0.8704427083333334
0 0.2592773437500001 0.84375 0.22265625000000006 0.84375 0.22265625000000006 0.8763020833333334 0.2592773437500001 0.8763020833333334
0 0.35554502166970803 0.8702991940389295 0.35517257356295623 0.8519250874391728 0.32348383325729924 0.853067024026764 0.32385628136405104 0.8714411306265207
0 0.4605850589316609 0.8877419442041523 0.45986970155709345 0.8514971705594004 0.41983266652249135 0.8529019788062285 0.4205480238970588 0.8891467524509804
0 0.5701322115384615 0.884795673076923 0.5670748197115385 0.8521834935897434 0.5273512620192308 0.8588040865384614 0.5304086538461538 0.891416266025641
0 0.6736040412535411 0.8871908935316335 0.6730288929709631 0.854982589707271 0.6389499048335694 0.8560644623465534 0.6395250531161474 0.8882727661709159
0 0.8024353966346154 0.8886578525641027 0.8010096153846153 0.8544391025641026 0.7589573317307692 0.8575540865384615 0.7603831129807692 0.8917728365384616
0 0.9245708827554744 0.8862520909367397 0.9238327583257299 0.8498379524026763 0.8803546989051093 0.8514047293187348 0.8810928233348538 0.8878188678527982