0 0.9063327651676312 0.08483839630133892 0.8678339990001702 0.07808422679827559 0.8651399761742683 0.10538365810074894 0.9036387423417293 0.11213782760381226
0 0.8368518429616754 0.10521229180142307 0.8339129962402977 0.07464828589909445 0.7977486002183055 0.08083023393704182 0.8006874469396832 0.11139423983937045
0 0.7553866956360945 0.08661242603550308 0.7306525055473372 0.08433801775147941 0.7297637758875739 0.10152012450690345 0.7544979659763312 0.10379453279092714
0 0.6943359375 0.08138020833333344 0.66162109375 0.08138020833333344 0.66162109375 0.11263020833333344 0.6943359375 0.11263020833333344
0 0.6417678420608107 0.11304898648648647 0.6412539590371621 0.0835863597972973 0.6067636190878378 0.0846558277027027 0.6072775021114865 0.11411845439189187
0 0.5709354795258621 0.11348329741379311 0.5689789870689655 0.0821794181034483 0.5346309267241379 0.08599586925287357 0.5365874191810345 0.1172997485632184
0 0.5096220128676471 0.08582261029411775 0.4781077665441177 0.08259037990196087 0.47623506433823537 0.11505055147058833 0.5077493106617648 0.1182827818627452
0 0.4576885516826923 0.08871694711538468 0.4266075721153845 0.08042868589743594 0.42228816105769224 0.10922475961538465 0.453369140625 0.11751302083333338
0 0.39013671875 0.08463541666666674 0.35693359375 0.08463541666666674 0.35693359375 0.11523437500000007 0.39013671875 0.11523437500000007
0 0.3218138778577791 0.08517588949920829 0.28614441062945367 0.0835359139944577 0.28539923081205465 0.11234953360055429 0.3210686980403801 0.11398950910530488
0 0.24037109375 0.12106770833333332 0.2362109375 0.08223958333333335 0.197451171875 0.08962239583333335 0.201611328125 0.12845052083333333
0 0.1616278286637931 0.0929911997126437 0.1273605872844828 0.08918372844827589 0.12582839439655177 0.11369881465517245 0.16009563577586208 0.11750628591954027
0 0.08328668653350516 0.09403323668384882 0.05001912854381444 0.09201702104810999 0.04907176224226805 0.11980643256013747 0.08233932023195877 0.12182264819587629
0 0.06125270730198022 0.18394827764026403 0.02755646658415843 0.17945544554455448 0.02532777691831685 0.2091713077557756 0.05902401763613864 0.21366413985148516
0 0.12604844146573607 0.1822520093062606 0.09804538784898478 0.17958505181895093 0.09676148080583757 0.2035513166243655 0.12476453442258886 0.20621827411167515
0 0.2035492081447964 0.20523720305429868 0.20252624787895931 0.17659431561085973 0.16482806313631224 0.17898785115007543 0.16585102340214933 0.20763073859351436
0 0.2708597159445137 0.20339450852036575 0.26983079410847877 0.17595659289276802 0.2374897716645885 0.17811266105569404 0.2385186935006234 0.20555057668329177
0 0.34041884467978956 0.2015144041787615 0.33877009819484766 0.1744016842041606 0.3043809954417635 0.17811942504233189 0.3060297419267054 0.20523214501693277
0 0.40673828125 0.17447916666666674 0.36962890625 0.17447916666666674 0.36962890625 0.2024739583333334 0.40673828125 0.2024739583333334
0 0.46543652723735407 0.1994948727302205 0.46393178501945526 0.1673937054150454 0.43301617217898836 0.16997000648508429 0.43452091439688717 0.2020711738002594
0 0.5266183826133145 0.175386198654391 0.4900180373583569 0.17422428293201142 0.48953196928116144 0.20144409525495757 0.5261323145361191 0.2026060109773372
0 0.58544921875 0.1712239583333334 0.54931640625 0.1712239583333334 0.54931640625 0.2063802083333334 0.58544921875 0.2063802083333334
0 0.647830310880829 0.17075170012953378 0.6095728424546633 0.16746073510362705 0.6082137508095856 0.19554862910189993 0.6464712192357513 0.19883959412780663
0 0.73388671875 0.16471354166666677 0.6923828125 0.16471354166666677 0.6923828125 0.19661458333333348 0.73388671875 0.19661458333333348
0 0.86328125 0.16601562500000014 0.826171875 0.16601562500000014 0.826171875 0.19010416666666682 0.86328125 0.19010416666666682
0 0.921875 0.15755208333333348 0.89111328125 0.15755208333333348 0.89111328125 0.19075520833333348 0.921875 0.19075520833333348
0 0.992107234589041 0.16833440353881293 0.9618351348458903 0.16408568778538826 0.959986354880137 0.18750356735159834 0.9902584546232877 0.191752283105023
0 1.0003884332138402 0.23899073929758952 0.9756943091490023 0.23734446435993364 0.9748175946851619 0.26072351672901095 0.9995117187499998 0.2623697916666668
0 0.9332626433062131 0.2352001664201185 0.8973696375739646 0.23169840976331377 0.8957297059911243 0.2615816074950692 0.9316227117233729 0.26508336415187395
0 0.8515625 0.23437500000000014 0.8173828125 0.23437500000000014 0.8173828125 0.2630208333333335 0.8515625 0.2630208333333335
0 0.760671100606608 0.23398813941232158 0.7205861593314402 0.23277344422216498 0.7200184725090345 0.2660777378033042 0.7601034137842023 0.2672924329934608
0 0.6176612778465346 0.27129099628712877 0.6154809328589108 0.24221972978547857 0.5827999303836634 0.24657719678217824 0.5849802753712872 0.2756484632838284
0 0.4819671089127218 0.28059587647929 0.4803768722263313 0.24985130054240634 0.448353134245562 0.2527960120808679 0.4499433709319525 0.28354058801775156
0 0.36572265625 0.25260416666666674 0.33203125 0.25260416666666674 0.33203125 0.2825520833333334 0.36572265625 0.2825520833333334
0 0.265625 0.2552083333333334 0.2353515625 0.2552083333333334 0.2353515625 0.2825520833333334 0.265625 0.2825520833333334
0 0.18552005748056996 0.2868806670984456 0.18410024692357513 0.25753791558721933 0.14907403659326426 0.2605509229274611 0.1504938471502591 0.2898936744386874
0 0.05777211782094594 0.29338788006756755 0.05730706292229729 0.26672473254504503 0.020240445523648648 0.2678740850225225 0.020705500422297296 0.29453723254504505
0 0.08859930652513141 0.3701847726401665 0.08808696410972407 0.34354296703898385 0.05576896918117609 0.3446478557544898 0.05628131159658345 0.37128966135567243
0 0.21240234375000006 0.3411458333333333 0.18212890625000006 0.3411458333333333 0.18212890625000006 0.3671875 0.21240234375000006 0.3671875
0 0.32195247550475065 0.3589853028503563 0.3213273363271972 0.33481325465162315 0.2906694208358076 0.3362228139845606 0.29129456001336107 0.36039486218329375
0 0.4228469560731133 0.3582141804245283 0.4211099787962628 0.32965055409409777 0.38487228149945574 0.3335681429910499 0.38660925877630625 0.36213176932148033
0 0.48095703125 0.3313802083333334 0.453125 0.3313802083333334 0.453125 0.3567708333333334 0.48095703125 0.3567708333333335
0 0.5686715490067127 0.35235575033260774 0.5669972900036284 0.32482349117077897 0.5350992011747097 0.3282719332063377 0.5367734601777939 0.3558041923681665
0 0.6390866980088497 0.34944229351032446 0.6377946971792036 0.3236022769174041 0.6075255807522124 0.32629286504424776 0.6088175815818585 0.3521328816371681
0 0.7281200643050542 0.34310318892900127 0.7261218129512635 0.318458088898917 0.6946327842960288 0.32299704798435624 0.6966310356498194 0.3476421480144405
0 0.7884327855603447 0.3369297772988506 0.7871060075431033 0.3157013290229886 0.760193292025862 0.31869163074712653 0.7615200700431034 0.33992007902298854
0 0.8727219183275563 0.33725763648180235 0.8718866781304159 0.31052995017331014 0.8416860173851819 0.3122077646591565 0.8425212575823223 0.3389354509676487
0 0.9485880032497537 0.4196385483407264 0.9129487663257765 0.41752659356004623 0.9118899011212422 0.4492925496960738 0.9475291380452194 0.451404504476754
0 0.8232421875 0.4251302083333335 0.78515625 0.4251302083333335 0.78515625 0.45312500000000017 0.8232421875 0.45312500000000017
0 0.7031270135309277 0.4555398947594502 0.7007983650128865 0.4234562929553265 0.6663584286404639 0.4279001557130584 0.6686870771585051 0.4599837575171821
0 0.5982816645329467 0.4620040386434683 0.5978415847883761 0.43559925396923327 0.5626701513141659 0.4366413705166173 0.5631102310587365 0.4630461551908523
0 0.44775390625 0.439453125 0.4169921875 0.439453125 0.4169921875 0.4674479166666667 0.44775390625 0.4674479166666667
0 0.3837238962702575 0.44326441849380366 0.35567635098903727 0.43742117989354945 0.3522877070424214 0.4663376082380046 0.3803352523236416 0.4721808468382587
0 0.32958984375 0.44140625 0.29443359375 0.44140625 0.29443359375 0.4694010416666667 0.32958984375 0.4694010416666667
0 0.26139104446308725 0.4690951831655481 0.2579894609899329 0.44339433025727076 0.23032947514681212 0.449902562220358 0.2337310586199665 0.4756034151286353
0 0.20898437500000006 0.4440104166666667 0.17626953125000006 0.4440104166666667 0.17626953125000006 0.47265625 0.20898437500000006 0.47265625
0 0.14746093750000006 0.4466145833333333 0.11425781250000004 0.4466145833333333 0.11425781250000006 0.4772135416666667 0.14746093750000006 0.4772135416666667
0 0.08740234375000004 0.4459635416666667 0.04980468750000004 0.4459635416666667 0.04980468750000004 0.4772135416666667 0.08740234375000006 0.4772135416666667
0 0.11474609375000006 0.5104166666666666 0.08251953125000006 0.5104166666666666 0.08251953125000006 0.5384114583333334 0.11474609375000006 0.5384114583333334
0 0.23193359375000006 0.5084635416666666 0.19335937500000006 0.5084635416666666 0.19335937500000006 0.5364583333333334 0.23193359375000006 0.5364583333333334
0 0.38623046875 0.50390625 0.3447265625 0.50390625 0.3447265625 0.53515625 0.38623046875 0.53515625
0 0.5094350461293009 0.5021554464946356 0.47727676713374034 0.5007261896503885 0.47639124930632637 0.5361469027469479 0.5085495283018868 0.537576159591195
0 0.6749056937045219 0.4938719518797645 0.6401478852650728 0.4923769923769925 0.6393581081081082 0.525021114864865 0.6741159165475572 0.526516074367637
0 0.8254794761782787 0.5074229422814208 0.8235503650102459 0.4791293118169399 0.7882860527663934 0.48340377390710376 0.7902151639344261 0.5116974043715846
0 0.9789391697941439 0.5718983012534682 0.9417923463510702 0.5706902744748317 0.9412552950356718 0.6000490797166074 0.9784021184787456 0.6012571064952439
0 0.8112857784845132 0.6033197363569321 0.8097604397123893 0.5728129609144542 0.7727828574391592 0.5760998571165191 0.7743081962112831 0.606606632558997
0 0.5986328125 0.5898437500000001 0.5625 0.5898437500000001 0.5625 0.6191406250000001 0.5986328125 0.6191406250000001
0 0.41908686926605504 0.6201607893730888 0.41852467388188075 0.595424192469419 0.38821987887041287 0.5966486286314985 0.38878207425458716 0.6213852255351683
0 0.287550383160828 0.6258393046709131 0.2868686554538216 0.6003881369426752 0.2548747263136943 0.6019116573779193 0.25555645402070065 0.6273628251061572
0 0.1827280405405405 0.626147240990991 0.18226324957770268 0.5994992257882882 0.149736328125 0.6005078125 0.15020111908783784 0.6271558277027026
0 0.079716930650685 0.6047998715753424 0.04459078017979457 0.6030652468607306 0.043778761772260325 0.6322979095319635 0.07890491224315074 0.6340325342465754
0 0.10937500000000006 0.6751302083333334 0.07910156250000006 0.6751302083333334 0.07910156250000006 0.7018229166666666 0.10937500000000006 0.7018229166666666
0 0.1888439927857936 0.6780111219015909 0.16135175326026646 0.6767892445893452 0.16083149798834637 0.6975994554661488 0.18832373751387355 0.6988213327783944
0 0.2594837306701031 0.6850904746563574 0.2585222696520619 0.6568876181271478 0.22735885148195878 0.6587763101374571 0.2283203125 0.6869791666666667
0 0.37772992221658347 0.6558364401155529 0.34210765488366657 0.6546490312044556 0.341632487995784 0.6799912652248595 0.3772547553287009 0.6811786741359568
0 0.5069936899038462 0.6768129006410256 0.504559795673077 0.650851362179487 0.4740910456730769 0.6559294871794871 0.47652493990384615 0.6818910256410257
0 0.5819536994485294 0.6757391237745098 0.5806123621323529 0.6524892769607843 0.5504049862132352 0.6555874693627451 0.5517463235294117 0.6788373161764706
0 0.6968509615384615 0.6670532852564102 0.6890985576923077 0.6377664262820514 0.65474609375 0.6539322916666667 0.6624984975961539 0.6832191506410256
0 0.7895845853365383 0.6596704727564103 0.7838378906249999 0.6315755208333333 0.7531400240384615 0.6427383814102564 0.7588867187499999 0.6708333333333334
0 0.88720703125 0.6347656250000001 0.85400390625 0.6347656250000001 0.85400390625 0.6608072916666669 0.88720703125 0.6608072916666669
0 0.9617819393382353 0.6336473651960786 0.9276642922794118 0.6289414828431373 0.9254670266544118 0.6572617953431374 0.9595846737132353 0.6619676776960787
0 0.9921962082006369 0.7972001061571126 0.9912998855493631 0.7637373938428875 0.95744240147293 0.7653496549893845 0.9583387241242038 0.7988123673036095
0 0.90478515625 0.7662760416666666 0.8720703125 0.7662760416666666 0.8720703125 0.7942708333333334 0.90478515625 0.7942708333333334
0 0.7820708970396877 0.796478953182607 0.7798267729342875 0.7673053398124052 0.744491348812622 0.7721375345640858 0.7467354729180222 0.8013111479342877
0 0.6845703125 0.7786458333333334 0.6494140625 0.7786458333333334 0.6494140625 0.8059895833333334 0.6845703125 0.8059895833333334
0 0.5747870112482795 0.8108125788598303 0.5731850589298004 0.7837573841477404 0.5407750129043358 0.7871689679398947 0.5423769652228149 0.8142241626519845
0 0.47989618422250546 0.8133506691551347 0.47885418563364895 0.7876480372966738 0.4473925852376183 0.7899155400279193 0.44843458382647483 0.8156181718863801
0 0.35328671144100837 0.8199653228950105 0.35259387993763 0.7913282874220373 0.3198029008575884 0.792738652113652 0.3204957323609668 0.8213756875866252
0 0.24529646156478102 0.8239483538625305 0.24479570597627737 0.7992444114963503 0.21269816377737225 0.8004010796836982 0.2131989193658759 0.8251050220498785
0 0.16428776889239227 0.8043140383441822 0.13415457816314083 0.8020181761933821 0.13305564737591544 0.8276598945619748 0.16318883810516688 0.8299557567127748
0 0.08568903830199123 0.8096567339601769 0.05279487002212398 0.8067328078908553 0.05156984582411512 0.8312332918510323 0.08446401410398238 0.8341572179203539
0 0.10371566825259516 0.9339636497981546 0.1031625081098616 0.9059368692329874 0.06701617917387545 0.9072051614763553 0.067569339316609 0.9352319420415225
0 0.1935717588609773 0.9278490802076164 0.19183572242773572 0.8985293537795366 0.15942567640227118 0.9019409375716907 0.16116171283551273 0.9312606639997706
0 0.2612304687500001 0.8997395833333334 0.23242187500000008 0.8997395833333334 0.2324218750000001 0.9264322916666666 0.2612304687500001 0.9264322916666666
0 0.34609398196258906 0.9376391775534442 0.34500491760688834 0.8955286891330166 0.3122280238643112 0.8970356727533652 0.3133170882200119 0.9391461611737926
0 0.4370117187500001 0.8951822916666666 0.4072265625000001 0.8951822916666666 0.4072265625000001 0.9290364583333334 0.4370117187500001 0.9290364583333334
0 0.5338745462995752 0.894041032223796 0.5017940532046743 0.893022603871577 0.5012689779567989 0.9224268177525968 0.5333494710516998 0.9234452461048158
0 0.6279296875 0.8899739583333334 0.5986328125 0.8899739583333334 0.5986328125 0.916015625 0.6279296875 0.916015625
0 0.7241132696587538 0.9063616623392682 0.7230735348664689 0.8779422446834818 0.6884403398553411 0.8801948102126609 0.6894800746476261 0.9086142278684471
0 0.8015788496889141 0.8992859162895929 0.800610020149887 0.8721586891968327 0.767366020927602 0.8742694193061841 0.7683348504666291 0.9013966463989442
0 0.89208984375 0.8697916666666666 0.85693359375 0.8697916666666666 0.85693359375 0.8977864583333334 0.89208984375 0.8977864583333334
0 0.96044921875 0.8710937500000003 0.927734375 0.8710937500000003 0.927734375 0.899088541666667 0.96044921875 0.899088541666667