0 0.09819587628865979 0.11348528780068728 0.09705621778350515 0.08005530498281788 0.05145175579896907 0.08281921176975945 0.052591414304123715 0.11624919458762888
0 0.22916673174480207 0.09939669965347193 0.22871632596961214 0.06936964797414368 0.18483739316773293 0.07053975284886045 0.18528779894292285 0.10056680452818872
0 0.34423828125 0.05989583333333339 0.3037109375 0.05989583333333339 0.3037109375 0.08984375000000004 0.34423828125 0.08984375000000006
0 0.49659383498690574 0.07403093943056675 0.49353745404411764 0.03837316176470588 0.4534224541700242 0.04448592365028203 0.4564788351128123 0.0801437013161429
0 0.6205453725961538 0.06185897435897436 0.618291766826923 0.03782051282051283 0.5851186899038461 0.04334935897435899 0.5873722956730769 0.06738782051282051
0 0.7529296875 0.02539062500000012 0.71240234375 0.02539062500000012 0.71240234375 0.06445312500000011 0.7529296875 0.06445312500000012
0 0.8747275232993851 0.04722679269151935 0.8741919527046502 0.010807992249551627 0.8302061064805919 0.011957949013579295 0.8307416770753268 0.04837674945554702
0 0.11322184331643542 0.21299067836179297 0.11102535935832444 0.1878043289754536 0.07313379635805763 0.1936789899057275 0.07533028031616862 0.21886533929206686
0 0.2247608757905266 0.20224742137755977 0.2242466301787558 0.17207834548700737 0.1818657334957408 0.1733626150834624 0.1823799791075116 0.2035316909740148
0 0.6244100629266212 0.14665991183162694 0.5945782449872012 0.1419804109783846 0.5929484188353241 0.16045177403299207 0.622780236774744 0.16513127488623444
0 0.13029558634020624 0.2938815506872852 0.09448091172680415 0.29171096434707905 0.09384866301546393 0.31025692654639175 0.12966333762886603 0.3124275128865979
0 0.26369657405155644 0.3045633714332036 0.2621766324173152 0.2721379499027237 0.2171559612110895 0.27588967250324253 0.21867590284533073 0.3083150940337224
0 0.4416609616623712 0.2867684170962199 0.4407679606958763 0.26057372207903784 0.4025169136597938 0.2628919673539519 0.40340991462628867 0.28908666237113406
0 0.5684999188612758 0.2808597613748764 0.5672115518360533 0.2456443960187933 0.5217190977373887 0.24860325482195847 0.5230074647626112 0.2838186201780416
0 0.724609375 0.23177083333333348 0.68017578125 0.23177083333333348 0.68017578125 0.26953125000000017 0.724609375 0.26953125000000017
0 0.8862447746000385 0.24352522246851707 0.8854963527611796 0.20760097420328968 0.8388336816933308 0.20932922127987666 0.8395821035321898 0.24525346954510407
0 0.11572265625000001 0.45312500000000006 0.11339727722772278 0.42211994636963696 0.0670830754950495 0.42829517326732663 0.06940845451732672 0.4593002268976898
0 0.20264190403761062 0.44273483591445434 0.19652326465707964 0.4114617901917405 0.15460280696902656 0.42604281895280244 0.16072144634955754 0.45731586467551627
0 0.30479204963235296 0.44180759803921577 0.30306318933823534 0.40646200980392155 0.25919829963235297 0.4102763480392157 0.2609271599264706 0.4456219362745099
0 0.41692370727754857 0.43103024945983104 0.4144802869033588 0.39763683767923785 0.3708549324175014 0.40331168053918676 0.37329835279169116 0.43670509231977994
0 0.5045522836538461 0.42746394230769225 0.5011343149038461 0.39100560897435893 0.45696364182692306 0.3983673878205128 0.46038161057692306 0.43482572115384616
0 0.7351653696498055 0.3841804474708172 0.7001459143968871 0.381262159533074 0.6985917740758755 0.41441715304798965 0.7336112293287939 0.4173354409857329
0 0.8212890625 0.37304687500000017 0.77978515625 0.37304687500000017 0.77978515625 0.4049479166666668 0.8212890625 0.4049479166666668
0 0.9292578480328986 0.3918157469173236 0.9247579025166767 0.35753044774610876 0.8804483778047303 0.36786933684556294 0.8849483233209522 0.4021546360167778
0 0.037914634409530454 0.5909282199585636 0.0000364187672652512 0.5882700995626152 -0.0014095411774861302 0.6249010848296501 0.03646867446477907 0.6275592052255986
0 0.13550003365844904 0.6052802003550343 0.1314703693453806 0.5750577180070209 0.08532673939384874 0.5859954673288655 0.08935640370691719 0.6162179496768789
0 0.21826171875000006 0.572265625 0.17089843750000006 0.572265625 0.17089843750000006 0.6067708333333334 0.21826171875000006 0.6067708333333334
0 0.3068677429759175 0.5707359757262997 0.26158794438073407 0.5689064889143731 0.26084118764334874 0.6017637853593273 0.3061209862385322 0.6035932721712539
0 0.40599639859728204 0.5951967981925009 0.4041003010629709 0.5589602675367779 0.35675173657830994 0.5633647851632579 0.3586478341126211 0.5996013158189809
0 0.5462769373951343 0.582286860318792 0.5416808672399329 0.5475609969239374 0.49310179844798663 0.5589913660514542 0.497697868603188 0.5937172294463088
0 0.6574811527237354 0.5829052164396887 0.6558700145914397 0.5485342696173799 0.6094813959143969 0.552399987840467 0.6110925340466926 0.5867709346627756
0 0.7738843695788358 0.5741841147841172 0.7732048417020047 0.5415667766962221 0.7257425489109484 0.5433246393921871 0.7264220767877795 0.5759419774800824
0 0.8604020188255771 0.5624184110480029 0.8581806880382007 0.5316159574630511 0.813763376293972 0.5373104846097472 0.8159847070813484 0.5681129381946989
0 0.9625054767161326 0.5513720714979364 0.961077974212491 0.5161603430747754 0.9213924088446832 0.519020564002185 0.9228199113483249 0.554232292425346
0 0.07117417279411767 0.8144148284313725 0.06613051470588235 0.7841528799019607 0.022185202205882354 0.797173713235294 0.02722886029411767 0.8274356617647057
0 0.17364447480609863 0.8053335613224255 0.1700478362064386 0.7724500084112482 0.12108109162505312 0.7819713198576287 0.12467773022471314 0.814854872768806
0 0.2708358936095506 0.7756803019662922 0.2285298893960675 0.7703081109550562 0.2260786077949439 0.8046260533707866 0.268384612008427 0.8099982443820225
0 0.3589613428655661 0.7965593062106918 0.3577830188679246 0.7604240369496855 0.31595482016509435 0.762848860062893 0.31713314416273586 0.7989841293238994
0 0.44157787074704136 0.7881487302761343 0.4400084365754437 0.7578063362919133 0.3962376340606508 0.7618312376725838 0.3978070682322485 0.7921736316568048
0 0.542552903215048 0.781299331865884 0.5395942940401547 0.7473739466604411 0.49139515033017606 0.7548466821193524 0.4943537595050693 0.7887720673247953
0 0.6296187871182127 0.7816697893099548 0.6284577382635747 0.7491604213800905 0.5814104037047512 0.7521475537330318 0.5825714525593892 0.7846569216628961
0 0.7158203125 0.7447916666666666 0.673828125 0.7447916666666666 0.673828125 0.7766927083333334 0.7158203125 0.7766927083333334
0 0.8386303926991151 0.738232853982301 0.7934407840154869 0.7336854719764013 0.7914503249446905 0.7688502488938055 0.8366399336283187 0.7733976308997051
0 0.9281941274578652 0.7632724719101125 0.9255672840589888 0.7264966643258427 0.8825469627808988 0.7319595622659176 0.8851738061797753 0.7687353698501874
0 0.044409553423665704 0.9727518725865397 0.04208875284443525 0.9348454631257758 -0.0022585785581299075 0.9396723835505448 0.00006222202110053865 0.9775787930113088
0 0.174704573916589 0.9498176112534952 0.16922244510135134 0.916402730855856 0.12249306485904007 0.93003213342653 0.12797519367427773 0.9634470138241692
0 0.2749114099801061 0.9439050757073386 0.2702332352453581 0.9142766357206011 0.22131185759283817 0.9280089522546419 0.2259900323275862 0.9576373922413793
0 0.3798828125000001 0.9069010416666666 0.3344726562500001 0.9069010416666666 0.3344726562500001 0.9401041666666666 0.3798828125000001 0.9401041666666666
0 0.4953405466046714 0.8962352220299886 0.4496921631704153 0.8946335243656288 0.44897139922145335 0.9311522311130337 0.49461978265570944 0.9327539287773936
0 0.6091998922413792 0.9171201508620689 0.6071928879310343 0.8850080818965518 0.5628232758620688 0.8899380387931036 0.5648302801724137 0.9220501077586207
0 0.6782039551465436 0.9134424747976024 0.6755242238585941 0.8805711043320877 0.6339069706766698 0.8866025903004825 0.6365867019646193 0.9194739607659971
0 0.8294859257759208 0.9108898931332422 0.8275554495651433 0.876141321339245 0.779677241430764 0.8808700332537516 0.7816077176415416 0.9156186050477487
0 0.9525755070214561 0.13145077446962394 0.9489053930358005 0.09999265459257471 0.9092084099264706 0.10822610294117645 0.9128785239121262 0.13968422281822568
0 0.6373160205603651 0.3880665311573858 0.5895303771715608 0.38120500287591647 0.5864698796502107 0.419096876949774 0.634255523039015 0.4259584052312433
0 0.99951171875 0.8665364583333336 0.96435546875 0.8665364583333336 0.96435546875 0.9036458333333336 0.99951171875 0.9036458333333336