0 0.05711232311320755 0.12579353380503147 0.05609890919811321 0.0947155070754717 0.01480044958726415 0.09710962067610063 0.01581386350235849 0.12818764740566038
0 0.18408203125 0.09505208333333337 0.14306640625 0.09505208333333337 0.14306640625 0.12695312500000003 0.18408203125 0.12695312500000003
0 0.35498046875 0.09309895833333338 0.3134765625 0.09309895833333337 0.3134765625 0.12630208333333337 0.35498046875 0.1263020833333334
0 0.4754252958579881 0.12254530325443791 0.4736859744822485 0.0889184233234714 0.43169147559171595 0.09277998643984221 0.43343079696745557 0.1264068663708087
0 0.58349609375 0.09244791666666675 0.54052734375 0.09244791666666674 0.54052734375 0.1263020833333334 0.58349609375 0.12630208333333343
0 0.685949904983108 0.12597163569819822 0.6854167546452703 0.09540434966216217 0.6432202808277028 0.09671276745495495 0.6437534311655405 0.127280053490991
0 0.8124969951923076 0.13469350961538465 0.8111628605769229 0.10267427884615382 0.772490985576923 0.10553886217948716 0.7738251201923076 0.13755809294871799
0 0.897532235204646 0.10990217090707978 0.8605870609789823 0.10661815542035413 0.8588499896294248 0.14135958241150456 0.8957951638550885 0.14464359789823023
0 0.8583984375 0.009114583333333471 0.81396484375 0.009114583333333466 0.81396484375 0.04427083333333346 0.8583984375 0.044270833333333474
0 0.9759207770819778 0.05285551873237909 0.9730628863044891 0.015702938625027123 0.9317432371299609 0.021353488939492515 0.9346011279074495 0.05850606904684449
0 0.13134765625 0.20638020833333334 0.09667968750000003 0.20638020833333334 0.09667968750000003 0.23828125 0.13134765625 0.23828125
0 0.30908203125 0.20963541666666674 0.26953125 0.20963541666666674 0.26953125 0.2376302083333334 0.30908203125 0.2376302083333334
0 0.41198806498702417 0.23799425100922725 0.4113433309904844 0.20532772851787776 0.37219229833477513 0.20670144896193773 0.3728370323313149 0.23936797145328723
0 0.5145284482198543 0.23924441268191265 0.5134958501169438 0.20551287465349966 0.47401084979209984 0.20766171820859322 0.47504344789501046 0.24139325623700622
0 0.71240234375 0.21744791666666677 0.6728515625 0.21744791666666674 0.6728515625 0.24934895833333345 0.71240234375 0.24934895833333348
0 0.877159579488255 0.2614609549776286 0.8766160924593442 0.22957638261486832 0.836542242756195 0.23079074169678193 0.8370857297851058 0.26267531405954225
0 0.0647589100046211 0.344684323012939 0.02113959969963035 0.34356587915896486 0.02064229291820706 0.3780458160043129 0.06426160322319781 0.379164259858287
0 0.20312500000000006 0.3463541666666667 0.16406250000000006 0.3463541666666667 0.16406250000000006 0.3782552083333333 0.20312500000000006 0.3782552083333333
0 0.28759765625 0.34765625 0.24804687500000006 0.34765625 0.24804687500000006 0.3795572916666667 0.28759765625 0.3795572916666667
0 0.36865234375 0.3489583333333333 0.326171875 0.3489583333333333 0.326171875 0.3828125 0.36865234375 0.3828125
0 0.46605178420608107 0.38045854448198196 0.46548616976351354 0.3480299831081081 0.4270803420608108 0.34922086148648646 0.42764595650337833 0.38164942286036035
0 0.5597891971982758 0.37850215517241387 0.557721578663793 0.34542025862068965 0.5163826778017241 0.35001346982758624 0.5184502963362069 0.3830953663793104
0 0.64404296875 0.34960937500000017 0.6005859375 0.34960937500000017 0.6005859375 0.38476562500000017 0.64404296875 0.38476562500000017
0 0.7314453125 0.35742187500000017 0.68798828125 0.35742187500000017 0.68798828125 0.3932291666666668 0.7314453125 0.3932291666666668
0 0.84130859375 0.3658854166666668 0.79736328125 0.3658854166666668 0.79736328125 0.3977864583333335 0.84130859375 0.3977864583333335
0 0.96875 0.36914062500000017 0.92041015625 0.36914062500000017 0.92041015625 0.40429687500000017 0.96875 0.40429687500000017
0 0.08744380957538998 0.4999751769208549 0.04521975194974008 0.4976293959416522 0.04429734889514736 0.5271462936886192 0.08652140652079726 0.529492074667822
0 0.18085264008620688 0.5218525502873563 0.17935243803879308 0.48784797054597706 0.1354155441810345 0.49129400143678165 0.13691574622844827 0.5252985811781609
0 0.29931640625 0.4921875 0.255859375 0.4921875 0.255859375 0.5260416666666666 0.29931640625 0.5260416666666666
0 0.4357067902474294 0.498608879605827 0.39314674044023146 0.49473978416880904 0.3914484254498715 0.5279512773136247 0.4340084752570695 0.5318203727506426
0 0.5474710592610366 0.5025204434580935 0.5010599733085414 0.5000937200095971 0.5000841605686182 0.5332713531669867 0.5464952465211134 0.5356980766154832
0 0.6330199115044248 0.504966353244838 0.5932876451880531 0.5014345962389383 0.5916456374446903 0.5342747511061948 0.6313779037610621 0.5378065081120945
0 0.7912842424485861 0.5105890504498717 0.7506130502892031 0.5068916693444732 0.748892894440874 0.5405302726006856 0.789564086600257 0.5442276537060841
0 0.9450717213114753 0.5212342042349728 0.9023780097336066 0.5183149760928963 0.9011209656762296 0.5509981215846996 0.9438146772540983 0.5539173497267761
0 0.2468855574324325 0.5874155405405407 0.205711570945946 0.5782657657657658 0.20097392314189194 0.6161669481981983 0.24214790962837845 0.6253167229729731
0 0.45103074165239726 0.6251275328196347 0.45006488120719174 0.5903565567922374 0.41338559503424654 0.5921678795662101 0.41435145547945207 0.6269388555936074
0 0.5779011262370292 0.6273547091179863 0.5774310476316296 0.5953893639508071 0.5338950131509417 0.5965275609306944 0.5343650917563413 0.6284929060978736
0 0.7308669648639897 0.5975644969775477 0.6893625526230572 0.5939942249568222 0.6876684949805701 0.6290047495682212 0.7291729072215026 0.6325750215889466
0 0.8693721183401638 0.6075879439890711 0.8308990778688523 0.6049573087431696 0.8297451331967212 0.6349598702185792 0.8682181736680328 0.6375905054644809
0 0.05196142848890943 0.7999246668977203 0.0514717031538817 0.7659703770024645 0.008969392617837336 0.7670601798367219 0.009459117952865062 0.8010144697319778
0 0.23066119025735307 0.7687997855392159 0.19048426011029418 0.764679074754902 0.18851964613970595 0.7987323835784315 0.22869657628676485 0.8028530943627453
0 0.36874248798076925 0.8004407051282052 0.36533203124999997 0.7640625000000001 0.32957481971153846 0.7700220352564103 0.3329852764423077 0.8064002403846154
0 0.66259765625 0.7825520833333334 0.623046875 0.7825520833333334 0.623046875 0.8170572916666666 0.66259765625 0.8170572916666666
0 0.7747746394230769 0.8189503205128205 0.7715519831730768 0.7845753205128205 0.7306865985576922 0.7913862179487179 0.7339092548076922 0.8257612179487178
0 0.93896484375 0.7884114583333336 0.89697265625 0.7884114583333335 0.89697265625 0.8222656250000001 0.93896484375 0.8222656250000003
0 0.14737675107758622 0.9349407327586207 0.1459321120689655 0.9021955818965516 0.10946592133620686 0.9050556752873562 0.11091056034482757 0.9378008261494254
0 0.3251953125000001 0.904296875 0.2861328125000001 0.904296875 0.2861328125000001 0.935546875 0.3251953125000001 0.935546875
0 0.4266525850032852 0.9058624548291722 0.39096891425755587 0.9046425002737627 0.3903670643068331 0.9359386977113447 0.4260507350525624 0.9371586522667542
0 0.5091472799320199 0.9427141139474657 0.5083295036764706 0.9100030637254903 0.46822107380688127 0.9117856606085831 0.4690388500624307 0.9444967108305585
0 0.64208984375 0.9186197916666666 0.59912109375 0.9186197916666666 0.59912109375 0.9485677083333334 0.64208984375 0.9485677083333334
0 0.769490375777715 0.9526315634426848 0.7683458975537331 0.9205861731711917 0.724639202135181 0.9233612014517347 0.7257836803591629 0.9554065917232278
0 0.8741054995533515 0.9526571741005422 0.873104390632701 0.9226239064810251 0.8320396727913997 0.9250573712419912 0.8330407817120502 0.9550906388615082
0 0.24962218237704914 0.03444757513661203 0.24833824282786882 0.001065146857923499 0.20791720030737704 0.0038289788251366064 0.20920113985655736 0.03721140710382514