0 0.05474801485655737 0.1731228654371585 0.05333472079918033 0.1363772199453552 0.01743404200819672 0.13883196721311475 0.018847336065573768 0.17557761270491803
0 0.14655001280737706 0.14575435450819674 0.119965099897541 0.13188396516393444 0.11006659836065576 0.16561219262295082 0.13665151127049183 0.17948258196721312
0 0.21826171875 0.1373697916666667 0.1875 0.1373697916666667 0.1875 0.17122395833333334 0.21826171875 0.17122395833333334
0 0.3374823898565574 0.1414041154371585 0.3063124359631148 0.13762593920765034 0.303955078125 0.17220052083333337 0.33512503201844257 0.17597869706284155
0 0.4306174114251592 0.16166981820594484 0.41858143411624205 0.13224854033970282 0.38981016122611467 0.15317310244161364 0.4018461385350318 0.18259438030785566
0 0.49590970552884617 0.15200821314102564 0.4736328125 0.12890624999999992 0.454150390625 0.16230468749999996 0.4764272836538462 0.18540665064102568
0 0.5921778587778662 0.16253441812632693 0.5855845068670382 0.13264455613057327 0.5511653438495223 0.14614226711783448 0.5577586957603503 0.17603212911358812
0 0.7099205280172413 0.1666711566091955 0.707825969827586 0.13315822557471266 0.6700835129310343 0.13735183189655176 0.6721780711206895 0.17086476293103456
0 0.7963482656946509 0.15653150538632987 0.7831407294762259 0.12277891282813276 0.7523195173198366 0.14421975606736007 0.7655270535382616 0.1779723486255572
0 0.9006512673310224 0.1671947212593877 0.8995367674935008 0.1315307264586944 0.863913392276863 0.1335098028596187 0.8650278921143847 0.16917379766031196
0 0.9825195312499999 0.15846354166666668 0.9790332031249999 0.12592447916666663 0.9463574218749998 0.13214843750000002 0.9498437499999999 0.16468750000000007
0 0.99951171875 0.21679687500000014 0.96533203125 0.21679687500000014 0.96533203125 0.25195312500000017 0.99951171875 0.25195312500000017
0 0.8932132602804542 0.2535652708476715 0.8913421315812112 0.22196398614934612 0.855995004946662 0.22568473632140396 0.857866133645905 0.2572860210197293
0 0.8053137543004586 0.243701022553517 0.7839601849197247 0.21690438646789012 0.7619275014334863 0.24811735474006133 0.7832810708142202 0.2749139908256882
0 0.6863534245466322 0.2608093156303972 0.6848040803108809 0.22878953475820377 0.6521464135362696 0.2315987964162349 0.6536957577720208 0.26361857728842836
0 0.5822221734550561 0.2512333216292136 0.5636883339185392 0.22131905430711615 0.5391453432233146 0.24835191362359554 0.5576791827598315 0.27826618094569294
0 0.529270481418919 0.2849451013513515 0.5249815244932433 0.250633445945946 0.4946552998310811 0.257372606981982 0.4989442567567568 0.2916842623873875
0 0.376953125 0.26041666666666674 0.34228515625 0.26041666666666674 0.34228515625 0.29687500000000006 0.376953125 0.29687500000000006
0 0.1868738511029412 0.2745634191176471 0.1570209099264706 0.27044577205882353 0.15459616268382353 0.3016980698529412 0.18444910386029412 0.30581571691176473
0 0.0491154763550885 0.4172053604351033 0.04719908047566372 0.3788774428466077 0.01057798672566372 0.382132651179941 0.012494382605088497 0.4204605687684366
0 0.20895881396812077 0.41074000279642053 0.20478253460570467 0.3731534885346756 0.17533622588087247 0.37897004334451906 0.17951250524328857 0.416556557606264
0 0.3431795327970298 0.40906043729372943 0.3410475324876238 0.38063376650165015 0.30996190439356436 0.38477851691419135 0.3120939047029703 0.4132051877062706
0 0.5616529550729443 0.39925777796198053 0.5554930993037136 0.3602453580901856 0.5217550667274536 0.3697156830238726 0.5279149224966844 0.4087281028956675
0 0.6735118835518814 0.390757138445458 0.6683139431299887 0.35725930017103763 0.6363607513184151 0.3660739737742304 0.641558691740308 0.3995718120486507
0 0.7882159373570449 0.3918573926883197 0.7865719529105674 0.3556897348658128 0.7518097230958373 0.35849880394175054 0.7534537075423148 0.39466646176425746
0 0.8987499999999998 0.38638020833333325 0.8953222656249998 0.35438802083333326 0.8644921874999999 0.3602604166666666 0.8679199218749999 0.3922526041666666
0 0.9968044376620572 0.38443138234658597 0.9961287779548402 0.35380147561941794 0.9621651665136128 0.35513338195044647 0.9628408262208298 0.3857632886776145
0 0.9133034885519803 0.4769170276402643 0.8815410349628715 0.4726820338283831 0.8787515470297032 0.5098752062706272 0.9105140006188119 0.5141102000825084
0 0.8210665033667127 0.4841537897099449 0.7918249309392267 0.482101749539595 0.7907080887430941 0.5103950851749541 0.8199496611705801 0.5124471253453041
0 0.7665062340380249 0.49645511137911486 0.7385589218572643 0.47260673831819916 0.7250444496665719 0.5007618887154751 0.7529917618473324 0.5246102617763907
0 0.69140625 0.4850260416666668 0.66162109375 0.4850260416666668 0.66162109375 0.5221354166666669 0.69140625 0.5221354166666669
0 0.6087216092139175 0.49117133805841934 0.5760742187500001 0.48919270833333345 0.574867106958763 0.5246013208762887 0.6075144974226804 0.5265799506013746
0 0.4830025337837838 0.5274317286036035 0.47852882179054057 0.49164203265765766 0.44630225929054057 0.498803490990991 0.4507759712837838 0.5345931869369369
0 0.36329592373704667 0.5312277363989638 0.3616079379857513 0.4963426975388601 0.32662878481217616 0.4993516569516408 0.3283167705634715 0.5342366958117445
0 0.22656250000000006 0.4973958333333333 0.19628906250000006 0.4973958333333333 0.19628906250000006 0.5338541666666666 0.22656250000000006 0.5338541666666666
0 0.14281936609263662 0.49783346941805234 0.11053017369358675 0.49634890884798105 0.10962493968972689 0.5313512903305623 0.14191413208877676 0.5328358509006336
0 0.05068272323237438 0.5336236113924905 0.048527005039505675 0.5000902172811993 0.015109020461912485 0.5039094155186385 0.0172647386547812 0.5374428096299296
0 0.03957207342000589 0.7161113054900805 0.03710908726797289 0.6824504947456295 0.0007506928587212719 0.6871800419858572 0.0032136790107542695 0.7208408527303084
0 0.11290785845588237 0.698529411764706 0.10897288602941178 0.6775428921568628 0.08415670955882354 0.6858149509803922 0.08809168198529413 0.7068014705882354
0 0.19580078125000006 0.6790364583333334 0.16113281250000006 0.6790364583333334 0.16113281250000006 0.71484375 0.19580078125000006 0.71484375
0 0.2790182674632353 0.7093635110294119 0.2769617417279412 0.6737170649509804 0.24051872702205884 0.6774548100490195 0.24257525275735298 0.7131012561274511
0 0.3969726562500001 0.6673177083333334 0.3593750000000001 0.6673177083333334 0.3593750000000001 0.7063802083333334 0.3969726562500001 0.7063802083333334
0 0.5364236911043401 0.7020992803705904 0.5358433853857015 0.6703759010850178 0.49688742475475633 0.6716427615933412 0.4974677304733948 0.7033661408789139
0 0.65185546875 0.6588541666666669 0.61572265625 0.6588541666666669 0.61572265625 0.6979166666666666 0.65185546875 0.6979166666666666
0 0.74609375 0.6503906250000001 0.70947265625 0.6503906250000001 0.70947265625 0.6875 0.74609375 0.6875
0 0.8166293624543796 0.6686806189172749 0.796485087819343 0.6403294175790754 0.7781741845346715 0.663458979622871 0.7983184591697081 0.6918101809610705
0 0.8916015625 0.6432291666666669 0.85791015625 0.6432291666666669 0.85791015625 0.6796875 0.8916015625 0.6796875
0 0.982606924263535 0.6691982649946923 0.9745596138535032 0.6327171244692146 0.9437356936703822 0.6448049363057327 0.951783004080414 0.6812860768312103
0 0.924974603893826 0.8335617155830995 0.8884699850912066 0.8124701580526971 0.8769028809050512 0.8480612478562518 0.9134074997076707 0.8691528053866543
0 0.839903452510917 0.8288300582241632 0.7999880594978165 0.8217339883551675 0.7956468340611353 0.8651462427219797 0.8355622270742358 0.8722423125909753
0 0.7461914062499999 0.8480468750000002 0.71181640625 0.8251302083333335 0.6990234375000001 0.8592447916666668 0.7333984375 0.8821614583333335
0 0.6403326532643311 0.8601794718683653 0.6070132115843948 0.8292744824840765 0.5878949791003184 0.8659177614118896 0.6212144207802547 0.8968227507961783
0 0.5524280086760404 0.8609382619473344 0.5179162391295513 0.8447705861237539 0.5085392072699935 0.8803552198472043 0.5430509768164825 0.8965228956707847
0 0.48896001291484037 0.8685124125965352 0.46019575277864744 0.8448241983667293 0.44418887220178455 0.879378734215195 0.4729531323379775 0.903066948445001
0 0.43156727620087326 0.8706553629912664 0.4053459334061135 0.8469312909388647 0.38650765897925765 0.8839468477074236 0.4127290017740174 0.9076709197598252
0 0.3744080129977877 0.8807383849557523 0.3511433559181417 0.8535962850294987 0.3323294040376108 0.8822651640855459 0.3555940611172568 0.9094072640117995
0 0.31454341096698113 0.8797218946540881 0.29236622936320755 0.8526164504716981 0.2707602446933962 0.8840433372641511 0.2929374262971698 0.911148781446541
0 0.23925781250000006 0.8619791666666666 0.19970703125000006 0.8619791666666666 0.19970703125000006 0.90625 0.23925781250000006 0.90625
0 0.17705375555203054 0.8764878119712353 0.1423793424809646 0.8573571013113369 0.1302798818210661 0.8963442523265654 0.16495429489213204 0.9154749629864639
0 0.03417968750000008 0.8756510416666666 8.057673641850872e-17 0.8756510416666666 8.246034843868164e-17 0.9166666666666666 0.03417968750000008 0.9166666666666666
0 0.11061147836538457 0.8830348557692306 0.07674729567307689 0.8614403044871793 0.06360877403846149 0.8980689102564101 0.09747295673076917 0.9196634615384612