0 0.94921875 0.04752604166666682 0.90673828125 0.04752604166666682 0.90673828125 0.07161458333333348 0.94921875 0.07161458333333348
0 0.8335961538461538 0.08182331730769232 0.8332798978365384 0.05778786057692307 0.7859311899038461 0.05889543269230768 0.7862474459134615 0.08293088942307693
0 0.7516777756118043 0.08861989163467691 0.7509606300983686 0.06423694417786309 0.7068055722168906 0.06654570537428024 0.7075227177303263 0.09092865283109407
0 0.6379941979622112 0.07325215034874048 0.5949668908104311 0.07181790677701447 0.5944831843379139 0.09761558531126391 0.6375104914896941 0.09904982888298991
0 0.5514139257052528 0.10138770671206225 0.5502207715223735 0.07593375081063554 0.5083615789153696 0.07942201686121918 0.509554733098249 0.10487597276264589
0 0.46690267546886904 0.10573576137661843 0.4650869609196497 0.08104204350723536 0.422479866300933 0.08661159835935518 0.42429558085015234 0.11130531622873825
0 0.39907652579697983 0.11496347175615212 0.39862051093830664 0.08821060004732405 0.35823609721863703 0.0894343701600413 0.3586921120773102 0.11618724186886938
0 0.3140128539238893 0.12195248012260258 0.31293102467225054 0.09526735858218012 0.268271605289512 0.09848605547462976 0.26935343454115074 0.1251711770150522
0 0.234375 0.10156250000000004 0.1923828125 0.10156250000000004 0.1923828125 0.12630208333333337 0.234375 0.12630208333333337
0 0.16015625 0.10742187500000004 0.11572265625 0.10742187500000004 0.11572265625 0.13476562500000003 0.16015625 0.13476562500000003
0 0.05680788422384008 0.1434990950970714 0.056374070674975324 0.11747028216518592 0.0070820061852171785 0.11893078777969728 0.007515819734081933 0.14495960071158276
0 0.10181336009174312 0.24547257262996944 0.10100491601457097 0.2222971757510344 0.06376036115420938 0.2246069155873359 0.06456880523138153 0.24778231246627092
0 0.1953125 0.20963541666666666 0.1474609375 0.20963541666666666 0.1474609375 0.23697916666666666 0.1953125 0.23697916666666666
0 0.3102322185918222 0.22472821430454493 0.3085137342810819 0.19906551526415692 0.26011503727064217 0.20482726490825687 0.26183352158138246 0.23048996394864488
0 0.42030714897260274 0.21646867865296804 0.4181640625 0.18932291666666667 0.3738361515410959 0.19554437785388132 0.37597923801369865 0.22269013984018268
0 0.5308338341346154 0.2087620192307692 0.5297506009615384 0.18276442307692306 0.48626502403846156 0.18598557692307693 0.48734825721153846 0.21198317307692305
0 0.6240454201483628 0.19928891683719874 0.6226758345412687 0.17463637590950432 0.5805890550392224 0.17879309487266937 0.5819586406463165 0.2034456358003638
0 0.7057910156249999 0.1908984375 0.7028320312499999 0.16328124999999996 0.65580078125 0.17223958333333333 0.6587597656249999 0.19985677083333334
0 0.8031553763656811 0.1846652072622108 0.8018140464331619 0.15843475524850045 0.7575308282455012 0.16246050235646958 0.7588721581780205 0.18869095437017994
0 0.8820046919263457 0.17481483120868746 0.8815523747344194 0.14948506846081208 0.843116202638102 0.1507052644003777 0.8435685198300283 0.17603502714825306
0 0.9484373198778049 0.27955044702326054 0.9477291394482015 0.2526395906983297 0.901604798695435 0.25479745459319597 0.9023129791250384 0.2817083109181268
0 0.8135114951808425 0.29192335718071005 0.8118471470091414 0.2641842209856915 0.7662794055544514 0.2690447800741918 0.7679437537261525 0.29678391626921036
0 0.6873595811406759 0.30323795273742465 0.6863598567669729 0.27746727999308235 0.6380482415505484 0.28079911552524955 0.6390479659242514 0.30656978826959186
0 0.5732421875 0.28971354166666674 0.529296875 0.28971354166666674 0.529296875 0.31510416666666674 0.5732421875 0.31510416666666674
0 0.4669887101261127 0.31579036844708214 0.4659066672848664 0.2862145307863502 0.42307556333456964 0.28900029364490604 0.42415760617581594 0.31857613130563806
0 0.35205078125 0.29557291666666674 0.30615234375 0.29557291666666674 0.30615234375 0.32421875000000006 0.35205078125 0.32421875000000006
0 0.19055739182692308 0.33599759615384617 0.18792067307692306 0.30787259615384616 0.14236778846153847 0.3154647435897436 0.14500450721153846 0.34358974358974365
0 0.07151309742647062 0.32458639705882353 0.021794239294982726 0.3228418757208766 0.021219452854671313 0.3519643886966551 0.07093831098615921 0.35370891003460203
0 0.1703768392736105 0.43092221390646185 0.1695507547729327 0.4050382328852237 0.12354861542589245 0.40764828334463027 0.12437469992657026 0.4335322643658684
0 0.2942227280340735 0.41624094723072996 0.2927912339682236 0.3890425599795813 0.24056248803598773 0.3939294601837671 0.24199398210183767 0.42112784743491577
0 0.4407028349319308 0.40618876340759086 0.4387532428122621 0.37967431058009654 0.3891761471820259 0.38615497667555226 0.39112573930169464 0.41266942950304647
0 0.5971181147484335 0.39554920751935135 0.5960047687062293 0.3698185434328542 0.5500246210375969 0.37335547786890283 0.551137967079801 0.3990861419554
0 0.699965954701835 0.3817051318807339 0.6967191083715597 0.35681264334862384 0.6510760106077981 0.36739655007645267 0.6543228569380733 0.39228903860856273
0 0.820612203663793 0.3797952586206897 0.818824084051724 0.3511853448275862 0.7708984374999999 0.35651041666666666 0.7726865571120688 0.3851203304597702
0 0.9294860945623915 0.3698571093298672 0.9286305445732235 0.34247950967648766 0.8864267967396013 0.34482416233391106 0.8872823467287694 0.3722017619872906
0 0.9523536347718029 0.5038253478498268 0.9515941842239041 0.48002923068233166 0.9103727000254179 0.48236803829643016 0.9111321505733168 0.5061641554639252
0 0.8551757812499999 0.5122395833333334 0.8536907327586206 0.48847880747126443 0.8022898706896551 0.4941900143678161 0.8037749191810344 0.5179507902298851
0 0.6687661082474227 0.5279464669243986 0.6678600193298968 0.501367858676976 0.6238281250000001 0.5040364583333333 0.6247342139175259 0.530615066580756
0 0.766361553182917 0.520311870467365 0.7640810712127317 0.4937062474818694 0.7178104225423046 0.5007570129935536 0.7200909045124899 0.5273626359790492
0 0.5113042348444206 0.5377900348712447 0.5095514518508584 0.5113035363018599 0.46980745372854077 0.5159793007868384 0.471560236722103 0.5424657993562231
0 0.4362144232471672 0.5464972851746931 0.4357034569759207 0.5178831739848914 0.3928984817634561 0.5192420620868744 0.39340944803470257 0.5478561732766761
0 0.3294489889705883 0.551373774509804 0.3282653952205883 0.5271758578431373 0.2852778033088235 0.5309139093137255 0.2864613970588235 0.5551118259803922
0 0.2101919613843154 0.5607781809647604 0.20939734077123048 0.5353503213460429 0.16770133773830154 0.5376667659589833 0.16849595835138645 0.5630946255777008
0 0.12066578584558824 0.5668007046568628 0.11937902113970589 0.5444967830882353 0.07539349724264707 0.5490081188725491 0.07668026194852942 0.5713120404411766
0 0.08122308343332191 0.6462390905325106 0.08087055675779911 0.6208571698948692 0.038314259620329104 0.6219079426636956 0.0386667862958519 0.647289863301337
0 0.23488853717672414 0.6385933010057471 0.23367625269396552 0.611114852729885 0.18484476023706894 0.6149447737068966 0.18605704471982756 0.6424232219827587
0 0.3704013570901034 0.6270387124569178 0.3696519860136632 0.6010605151403249 0.3233337853120384 0.6034358074839979 0.32408315638847857 0.6294140048005908
0 0.53466796875 0.5865885416666669 0.48681640625 0.5865885416666669 0.48681640625000006 0.6158854166666669 0.53466796875 0.6158854166666669
0 0.6806927849264707 0.6053155637254903 0.6791618795955883 0.5787798713235295 0.6393956801470588 0.582858455882353 0.6409265854779412 0.6093941482843138
0 0.78369140625 0.5716145833333335 0.73779296875 0.5716145833333335 0.73779296875 0.5983072916666669 0.78369140625 0.5983072916666669
0 0.8817371255547336 0.5889099482248522 0.8803918962647928 0.5629021819526628 0.8335376987795857 0.5672106139053255 0.8348829280695265 0.5932183801775149
0 0.9249041488562847 0.6716095290357363 0.9245081085374307 0.644150733595194 0.8781948576132163 0.6453382528496611 0.8785908979320702 0.6727970482902034
0 0.8105443964149746 0.6770370664128595 0.8089655377538071 0.647565038071066 0.7630918861040609 0.6519339572758037 0.7646707447652283 0.6814059856175972
0 0.644985367330463 0.6870641034266236 0.6435906910152046 0.6604102894016863 0.5998921471340151 0.6644752702278435 0.6012868234492734 0.6911290842527809
0 0.500255225929054 0.6988777449324325 0.49976509712837835 0.670777027027027 0.4539595650337838 0.6721973536036036 0.4544496938344595 0.700298071509009
0 0.35908578342825564 0.7058613230335485 0.3572727840232913 0.6797541316020629 0.3086355884478068 0.6857587236484188 0.31044858785277113 0.7118659150799047
0 0.21086314347769705 0.7186497774031814 0.2096554071576763 0.6923479642116183 0.16392837461099583 0.6960807831950206 0.16513611093101657 0.7223825963865838
0 0.07072342976485149 0.8088644801980198 0.06858659498762376 0.7803733498349835 0.020241916769801985 0.7868193069306931 0.0223787515470297 0.8153104372937294
0 0.18559007352941176 0.800579350490196 0.18422449448529413 0.7726608455882354 0.13984168198529412 0.7765202205882354 0.14120726102941175 0.8044387254901961
0 0.3240460651676829 0.7863392403455284 0.3218309355945122 0.7597576854674797 0.27172256097560976 0.7671811483739837 0.2739376905487805 0.7937627032520324
0 0.43509432164634143 0.7814723069105692 0.4334709926125703 0.7565812617260788 0.3933531455206379 0.7612326063164477 0.394976474554409 0.7861236515009381
0 0.5186793428308824 0.7752611825980392 0.5168112362132353 0.7511833639705882 0.47441406250000007 0.7570312499999999 0.4762821691176471 0.781109068627451
0 0.5987954865716181 0.7700006216843502 0.5957911969496021 0.741292965296198 0.5522173408488065 0.7493997292219273 0.5552216304708224 0.7781073856100796
0 0.6862507409114859 0.7578111279416931 0.683088489528451 0.7319107832806463 0.6422688973590622 0.7407708497980331 0.6454311487420971 0.7666711944590799
0 0.8002707051489637 0.7573523855785838 0.7988731581930052 0.7284697484887738 0.7503886010362695 0.7326404630829016 0.751786147992228 0.7615231001727115
0 0.9298276654411765 0.7377006740196079 0.928125 0.7157552083333333 0.8857278262867647 0.7216030943627451 0.8874304917279412 0.7435485600490197
0 0.9615750133098865 0.9169580725133367 0.9611089152039236 0.8896136502968507 0.916842451277749 0.8909550582946135 0.9173085493837119 0.9182994805110996
0 0.8912339233482449 0.9204402887703601 0.8896561666594975 0.8937937313604037 0.8507973132097384 0.8978841369866942 0.8523750698984858 0.9245306943966506
0 0.82470703125 0.900390625 0.78662109375 0.900390625 0.78662109375 0.9251302083333334 0.82470703125 0.9251302083333334
0 0.73291015625 0.9055989583333334 0.69091796875 0.9055989583333334 0.69091796875 0.9296875 0.73291015625 0.9296875
0 0.6369180591080961 0.9346574269721234 0.6365943338523131 0.9117808422301305 0.5916792357095196 0.9129107818060499 0.5920029609653026 0.9357873665480428
0 0.5350402227722771 0.9398592202970297 0.533091932240099 0.9138820132013202 0.4905002707301981 0.9195609014026404 0.4924485612623763 0.9455381084983498
0 0.43765716653585596 0.9470724209627672 0.4373276654411765 0.9229090073529412 0.39239401101908467 0.9239983080662041 0.3927235121137641 0.94816172167603
0 0.35328841332378225 0.9495541577125121 0.352506883506447 0.9290607091690544 0.3109861882163324 0.9318756715616044 0.31176771803366765 0.9523691201050623
0 0.22972125055671022 0.9593779381927949 0.22913206558046317 0.9365961191112432 0.18522212737529692 0.9386149668448139 0.18581131235154397 0.9613967859263658
0 0.10096714154411766 0.9713351715686275 0.09973322610294119 0.9461084558823529 0.052697380514705884 0.9501985294117646 0.053931295955882357 0.9754252450980392