0 0.10129550520059438 0.06333677717929669 0.08731310364041607 0.027603973192174336 0.056525265833952454 0.04902159949232293 0.07050766739413077 0.0847544034794453
0 0.18687499999999999 0.056666666666666726 0.16203125 0.03182291666666671 0.14216796874999998 0.06713541666666671 0.16701171874999998 0.09197916666666672
0 0.2558339625929368 0.08025238150557623 0.2520683884177509 0.04175984549256506 0.22146640479786245 0.047081929600371754 0.22523197897304834 0.08557446561338293
0 0.32466469807749404 0.051767091003563 0.29552033847981 0.05042712044734763 0.29469571147565327 0.0823126979414094 0.3238400710733373 0.08365266849762476
0 0.3916955336084906 0.07553803066037736 0.3871075324292453 0.042912244496855344 0.35615234375 0.05065104166666665 0.3607403449292453 0.08327682783018868
0 0.48240685096153857 0.061358173076923074 0.46618464543269245 0.03354867788461532 0.4421161358173078 0.05850861378205119 0.45833834134615403 0.08631810897435895
0 0.5523613601434425 0.06471140710382521 0.5408747438524589 0.029704576502732283 0.5105981045081966 0.047365949453551916 0.5220847207991803 0.08237278005464484
0 0.6171145892251132 0.07347933163650078 0.61577678697681 0.03602086868401206 0.5868941777432126 0.03785468514328808 0.5882319799915158 0.0753131480957768
0 0.6783283666237112 0.0678627040378007 0.6759408223260308 0.03496764926975946 0.6453552875322164 0.03891416988831615 0.6477428318298968 0.07180922465635739
0 0.7359807909149483 0.05621778350515472 0.7278889134987112 0.02816594179553274 0.6978193460051546 0.043586232817869476 0.7059112234213917 0.07163807452749145
0 0.8185309332770271 0.06387246621621623 0.8142947635135135 0.029983108108108114 0.7821473817567566 0.03712697072072072 0.7863835515202702 0.07101632882882884
0 0.9021559495192308 0.06179887820512817 0.8988431490384615 0.02646233974358971 0.8635066105769229 0.03235176282051281 0.8668194110576922 0.06768830128205128
0 0.9974609375000001 0.04921874999999994 0.98603515625 0.01874999999999997 0.9557617187499999 0.03893229166666671 0.9671875 0.06940104166666668
0 0.9777636486419509 0.1994464338818398 0.9733168430313244 0.1648601680214116 0.9436501753320777 0.17164112063838224 0.9480969809427042 0.20622738649881045
0 0.9407226562500002 0.2264322916666667 0.9386086856617648 0.18979013480392157 0.9065716911764706 0.1930759803921569 0.9086856617647059 0.22971813725490198
0 0.8849454083844717 0.1952041088580576 0.8667174576440768 0.16450440234791883 0.8478699056163286 0.18439904059943069 0.8660978563567235 0.21509874710956947
0 0.8535499518023674 0.21401056611669037 0.8299527270893114 0.19003878228120508 0.8150450872040891 0.21612715208034428 0.838642311917145 0.24009893591582956
0 0.7805374628817874 0.21051771069004524 0.7793432727658371 0.17708038744343893 0.752571761877828 0.17878016591251888 0.7537659519937783 0.2122174891591252
0 0.7653392353995903 0.21721204747267778 0.7407466700819673 0.19691342213114768 0.727499839907787 0.22544505635245915 0.7520924052254099 0.24574368169398927
0 0.6933774060653619 0.20315096473412123 0.6617235102012555 0.20152768802314144 0.6607087218426883 0.23670701778680467 0.6923626177067946 0.23833029449778445
0 0.6033055971746575 0.23788170662100458 0.6022842198202055 0.20111212186073057 0.5762601669520548 0.20239726027397262 0.5772815443065068 0.2391668450342466
0 0.5594478077735765 0.1896465840005932 0.5366228314056939 0.17370533066429425 0.5249536045929715 0.2034088170966786 0.5477785809608541 0.21935007043297758
0 0.5400548304628632 0.22756324004305714 0.5202712930570506 0.1972284826874776 0.5022469347080193 0.2181262894689631 0.522030472113832 0.24846104682454262
0 0.45425626547029707 0.23904187293729376 0.45131207456683176 0.19978599422442248 0.4235138845915842 0.2034924195544555 0.4264580754950495 0.24274829826732677
0 0.37102109545951867 0.2133992067833699 0.3396984409190373 0.205444246900073 0.33436046909190376 0.24281004969000733 0.36568312363238514 0.2507650095733042
0 0.29441066341505534 0.24421076484806634 0.29301730835635365 0.20891243669429096 0.26405764416436467 0.2109446938305709 0.26545099922306636 0.24624302198434625
0 0.22964700838414637 0.2420922256097561 0.22655059070121952 0.20493521341463417 0.19230540205792682 0.21000857469512194 0.19540181974085363 0.2471655868902439
0 0.13294598280325443 0.23597910502958586 0.13119163738905323 0.20206176035502962 0.09708995931952662 0.20519754684418148 0.0988443047337278 0.23911489151873774
0 0.04542115132420675 0.23025684493346985 0.04200268279810644 0.1949326701637666 0.009932050441402251 0.2004501983111566 0.013350518967502558 0.2357743730808598
0 0.9931954265510948 0.41811416514598543 0.9902144160583941 0.3836669327858881 0.9598012659671532 0.38834587895377126 0.9627822764598539 0.4227931113138686
0 0.9163621040239726 0.4239850884703196 0.9137320740582191 0.39067137557077625 0.8828753745719178 0.3950021404109589 0.8855054045376712 0.42831585331050226
0 0.8603007119082838 0.4065689718934912 0.8584134615384614 0.3700821314102565 0.824898298816568 0.373163985453649 0.8267855491863904 0.4096508259368837
0 0.7628340071741244 0.43459944471465617 0.76137296327821 0.4034305082684824 0.7370234982976653 0.40545963035019456 0.7384845421935797 0.4366285667963683
0 0.7503217921716836 0.40448382836085944 0.7424333315297017 0.373681267758835 0.7084843874866809 0.38913769756703953 0.7163728481286628 0.41994025816906405
0 0.6778125000000002 0.41072916666666676 0.6625781250000001 0.38364583333333346 0.6390625000000001 0.4071614583333334 0.6542968750000001 0.4342447916666667
0 0.5851351917165826 0.4212756804329551 0.5772980621453342 0.3860085973623371 0.5474895078026482 0.3977848163619167 0.5553266373738965 0.4330518994325347
0 0.5161906108597284 0.4267209888763197 0.5059720552884615 0.3885717147435897 0.4750092795531673 0.40331589366515835 0.4852278351244343 0.4414651677978883
0 0.44774590163934413 0.4224086407103826 0.4367187499999998 0.3888020833333334 0.4053919057377048 0.40707607581967215 0.4164190573770491 0.44068263319672135
0 0.3701171875 0.3958333333333333 0.34130859375 0.3958333333333333 0.34130859375 0.43359375 0.3701171875 0.43359375
0 0.3203125 0.42447916666666674 0.30859375 0.39322916666666674 0.27539062500000006 0.4153645833333334 0.28710937500000006 0.4466145833333334
0 0.2600643382352941 0.4316099877450981 0.2584070542279412 0.40288373161764707 0.23032801011029413 0.40576363357843137 0.23198529411764707 0.4344898897058824
0 0.18896484375000006 0.3951822916666667 0.15527343750000006 0.3951822916666667 0.15527343750000006 0.43359375 0.18896484375000006 0.43359375
0 0.11279296875000003 0.396484375 0.08300781250000003 0.396484375 0.08300781250000003 0.431640625 0.11279296875000003 0.431640625
0 0.03835515202702702 0.4287056587837838 0.03394478462837837 0.3914625563063063 -0.0029890730574324356 0.39923810529279274 0.0014212943412162185 0.4364812077702703
0 0.04283210896054376 0.6296151428492485 0.03805614845822282 0.5952282272325377 0.008349350339854122 0.6025632391136163 0.013125310842175067 0.6369501547303272
0 0.15397300488083163 0.6342030616125762 0.15027375443711966 0.5980326128296146 0.11955066239858012 0.6036186295638946 0.1232499128422921 0.6397890783468562
0 0.24902343750000006 0.5950520833333334 0.21679687500000006 0.5950520833333334 0.21679687500000006 0.6334635416666666 0.24902343750000006 0.6334635416666666
0 0.3282053208210059 0.6320867233727812 0.3265515208949704 0.6001132581360947 0.29875069341715976 0.6026696560650888 0.30040449334319524 0.6346431213017752
0 0.41015625000000006 0.5983072916666666 0.37988281250000006 0.5983072916666666 0.3798828125000001 0.6321614583333334 0.4101562500000001 0.6321614583333334
0 0.49584339762432533 0.6286080859676176 0.495190599098882 0.5972737567463376 0.4648049736170008 0.5983991502827036 0.4654577721424441 0.6297334795039836
0 0.5689859111657303 0.6081855688202247 0.5446135445926965 0.5883266034644195 0.5292727352528088 0.6217974602059925 0.5536451018258426 0.6416564255617977
0 0.64208984375 0.5898437500000001 0.61376953125 0.5898437500000001 0.61376953125 0.6250000000000001 0.64208984375 0.6250000000000001
0 0.7021484375 0.5917968750000001 0.6736557904411765 0.5822993259803922 0.6668485753676471 0.6186044730392158 0.6953412224264706 0.6281020220588237
0 0.77734375 0.5930989583333334 0.7511718749999999 0.5756510416666668 0.74052734375 0.6040364583333334 0.76669921875 0.621484375
0 0.8318387957317074 0.5804770071138213 0.8013357469512195 0.5792060467479676 0.8005287728658537 0.6136369410569106 0.8310318216463416 0.6149079014227643
0 0.9228915582337882 0.6085262016496017 0.9199585377559726 0.5752853029010238 0.8855938699872014 0.5806758390216153 0.888526890465017 0.6139167377701933
0 0.99951171875 0.5742187500000001 0.97216796875 0.5742187500000001 0.97216796875 0.6087239583333335 0.99951171875 0.6087239583333335
0 0.9838867187499999 0.7441406250000001 0.9622521033653847 0.724909855769231 0.9450495793269231 0.7593149038461541 0.9666841947115383 0.7785456730769232
0 0.8750883350097114 0.769809442055124 0.8741892688679245 0.7338467963836478 0.8426975669395117 0.7352464275804661 0.8435966330812986 0.7712090732519422
0 0.8011488970588236 0.744278492647059 0.7735926011029414 0.7414522058823532 0.771866383272059 0.7713733149509806 0.7994226792279413 0.7741996017156865
0 0.6875876508255715 0.7777478258185154 0.6835792793448348 0.7414052577265028 0.6499122664849704 0.7480066327970646 0.6539206379657071 0.7843492008890771
0 0.548828125 0.755859375 0.51611328125 0.755859375 0.51611328125 0.7916666666666666 0.548828125 0.7916666666666666
0 0.41045251053370785 0.790123185861423 0.4097498413191444 0.7582688481345433 0.3808370077517286 0.7594026847450303 0.3815396769662921 0.79125702247191
0 0.313788409334217 0.793198685596792 0.3130085931127651 0.7568072619290378 0.2820907518097471 0.7579850844548671 0.282870568031199 0.7943765081226212
0 0.19189453125000006 0.755859375 0.15917968750000006 0.755859375 0.15917968750000006 0.796875 0.19189453125000006 0.796875
0 0.09860504867119901 0.7904176967449527 0.09387312654511742 0.7550860115368768 0.0640451174289246 0.7621879184693038 0.06877703955500619 0.7975196036773796
0 0.03271484375000008 0.8990885416666666 8.293872609459857e-17 0.8990885416666666 8.47924395112767e-17 0.939453125 0.03271484375000008 0.939453125
0 0.12134621738574351 0.9313022254433833 0.11926519334072305 0.8938437926330148 0.08422884869542974 0.8973041723510686 0.0863098727404502 0.934762605161437
0 0.2481555145935208 0.926963949164629 0.2444164024297066 0.8937273965973919 0.21492851275977995 0.8996249745313772 0.21866762492359415 0.9328615270986145
0 0.3076171875000001 0.8958333333333334 0.2763671875000001 0.8958333333333334 0.2763671875000001 0.9283854166666666 0.3076171875000001 0.9283854166666666
0 0.36993831219059403 0.9253493708745876 0.3675017404084158 0.8928617471122114 0.33559425278465344 0.8971160787953797 0.33803082456683164 0.9296037025577558
0 0.45131230987278753 0.925334739122419 0.4496854258849557 0.8927970593657816 0.41604587251106195 0.8957872418879055 0.4176727564988938 0.9283249216445428
0 0.54443359375 0.888671875 0.5126953125 0.888671875 0.5126953125 0.921875 0.54443359375 0.921875
0 0.6064453125 0.8815104166666666 0.57568359375 0.8815104166666666 0.57568359375 0.919921875 0.6064453125 0.919921875
0 0.6741705847002264 0.877780920060332 0.643942440257353 0.8758616727941179 0.6428454645079187 0.9065769937782807 0.673073608950792 0.9084962410444949
0 0.7319654843976778 0.9093785906507016 0.7298458193486939 0.8745218765118531 0.7045554727186141 0.8772559680394293 0.706675137767598 0.9121126821782778
0 0.7924152909360861 0.8696635204562596 0.7601920425622173 0.8676175999245853 0.758821099052602 0.9060040181938162 0.7910443474264708 0.9080499387254904
0 0.861925880772293 0.8715639928343951 0.8311510997213376 0.870098527070064 0.8302628632563694 0.9032593550955417 0.8610376443073249 0.9047248208598728
0 0.9335834750972095 0.8690411520280574 0.9008704182868252 0.8663976726898445 0.8992005232159195 0.9031353642497714 0.9319135800263038 0.9057788435879842