0 0.8978554590087281 0.10492161523275145 0.8963845269638403 0.06569676070241061 0.8638243259039899 0.06786744077306732 0.8652952579488777 0.10709229530340815
0 0.790326286764706 0.10504748774509802 0.7839211856617648 0.07088694852941176 0.7493393841911764 0.08241421568627454 0.7557444852941175 0.11657475490196079
0 0.6287890625 0.11479166666666668 0.6249804687499999 0.0792447916666667 0.5857421874999998 0.08671875000000002 0.5895507812499999 0.122265625
0 0.5208241366212222 0.12842802097021463 0.5201497823587387 0.09336159932106876 0.4781226259650132 0.09479842518068331 0.4787969802274968 0.12986484682982918
0 0.4128981370192307 0.12690304487179485 0.4114350268121301 0.09861624753451675 0.3876057461168639 0.10080744575936884 0.3890688563239645 0.12909424309664694
0 0.309383676917435 0.123759582809444 0.2808709987950545 0.10831521549315455 0.272144966733026 0.1369545002095558 0.3006576448554065 0.15239886752584525
0 0.22550474016853933 0.11832426264044947 0.19536516853932584 0.1144970154494382 0.19283488412921346 0.14992099719101126 0.22297445575842695 0.15374824438202253
0 0.1494349076245149 0.1350696690383786 0.13346691057567917 0.10751704667960327 0.10911980514230271 0.13260194318671842 0.1250878021911384 0.16015456554549376
0 0.04068857487416107 0.140448475950783 0.03792274014261744 0.11555596336689039 0.00929045197147651 0.1212117239932886 0.012056286703020133 0.14610423657718122
0 0.03955078125000002 0.2265625 0.0034179687500000217 0.2265625 0.0034179687500000234 0.265625 0.03955078125000003 0.265625
0 0.14088595791270783 0.2652987059580364 0.14017789210956058 0.23792016156967535 0.11115125352583136 0.23925471966547904 0.11185931932897862 0.2666332640538401
0 0.2711331708715597 0.23576548165137615 0.23931694380733948 0.22838780581039755 0.2352350917431193 0.259682004969419 0.2670513188073395 0.2670596808103976
0 0.3857156328038291 0.25675031215316313 0.38489894041342954 0.2240826165371809 0.3501068691037736 0.22562893081761007 0.35092356149417314 0.2582966264335923
0 0.506573016826923 0.24003405448717952 0.5046274038461538 0.21928084935897432 0.4811298076923076 0.22319711538461537 0.48307542067307685 0.2439503205128205
0 0.64990234375 0.1985677083333334 0.6162109375 0.1985677083333334 0.6162109375 0.2376302083333334 0.64990234375 0.2376302083333334
0 0.772011350235849 0.22970224056603775 0.7708247346698113 0.19331269654088054 0.7329377948113207 0.19550904088050314 0.7341244103773584 0.2318985849056604
0 0.884765625 0.18424479166666682 0.8525390625 0.18424479166666682 0.8525390625 0.22005208333333348 0.884765625 0.22005208333333348
0 0.953996875 0.34829374999999985 0.94633515625 0.31326875000000004 0.9166914062499999 0.32479687500000004 0.9243531249999999 0.3598218749999999
0 0.866644391400529 0.3561425701790073 0.8652498696857202 0.3236037301668023 0.8278162981844996 0.3264558118049905 0.8292108198993084 0.3589946518171956
0 0.7714393028846154 0.35894431089743595 0.7702073317307692 0.3293770032051282 0.7398647836538461 0.3316245993589743 0.7410967548076923 0.36119190705128207
0 0.61376953125 0.3391927083333335 0.583984375 0.3391927083333335 0.583984375 0.3717447916666668 0.61376953125 0.3717447916666668
0 0.46568885216346156 0.3760767227564103 0.46165114182692313 0.3491586538461539 0.4348895733173077 0.35629507211538464 0.43892728365384615 0.383213141025641
0 0.3679668882690641 0.3895237579433854 0.3672501218587521 0.3665872328134026 0.3380040213388214 0.368212016175621 0.3387207877491334 0.3911485413056037
0 0.26615026468142267 0.3893795579580348 0.26361739940506645 0.3632066167690207 0.23772849763306036 0.3676606213749573 0.24026136290941658 0.39383356256397134
0 0.17738374462402884 0.39613103496115437 0.17669603218645946 0.3686225374583796 0.150358109045505 0.3697931118201998 0.15104582148307438 0.3973016093229746
0 0.07407211126844047 0.5270638501053742 0.06919187137776607 0.4991767650158061 0.03727093486564805 0.5091077230417983 0.042151174756322456 0.5369948081313664
0 0.19496783088235298 0.5098805147058824 0.17435948988970595 0.4933938419117647 0.16354549632352947 0.5174249387254902 0.1841538373161765 0.533911611519608
0 0.32344479704888707 0.5173742216481186 0.3218394462937202 0.4906183757286698 0.2943396636526232 0.4935516858770535 0.2959450144077901 0.5203075317965024
0 0.42882426836749427 0.5101212170419555 0.42499864679561206 0.4805364102193996 0.398149944067552 0.4867085257890686 0.4019755656394342 0.5162933326116245
0 0.6071122332317073 0.5060499237804879 0.6045279153963414 0.47503810975609756 0.5718904820884146 0.47987328506097554 0.5744747999237805 0.5108850990853658
0 0.5214503393096515 0.5011397592716712 0.5076626120559652 0.45935876759383376 0.4747559902815014 0.47866398570151913 0.48854371753518766 0.5204449773793566
0 0.7396589308925476 0.4643777531051416 0.708524019714038 0.4626480358174467 0.7073468980177642 0.5003159300982093 0.7384818091962738 0.5020456473859043
0 0.8952808319189296 0.48917877229765705 0.8941880491214056 0.45275267904685834 0.8644309729432906 0.4543397231096911 0.8655237557408146 0.4907658163604898
0 0.9599609375 0.6328125000000001 0.92529296875 0.6328125000000001 0.92529296875 0.672526041666667 0.9599609375 0.672526041666667
0 0.8786621093749999 0.681315104166667 0.8758018886920103 0.6419076192010311 0.8428600193298968 0.6461581829896909 0.8457202400128865 0.6855656679553267
0 0.7892193686368778 0.6606423218325791 0.7668843679298641 0.6335695937028657 0.7432656957013574 0.6682103129713424 0.765600696408371 0.6952830411010558
0 0.6589789684256055 0.6857937752306807 0.6581477076124568 0.6436765606978085 0.6203577800605536 0.6450025230680507 0.6211890408737024 0.6871197376009229
0 0.5474558863146551 0.6954584231321838 0.545728380926724 0.6563016343390805 0.5114089439655172 0.6589933548850575 0.5131364493534483 0.6981501436781609
0 0.4721679687500001 0.6575520833333334 0.4384765625000001 0.6575520833333334 0.4384765625000001 0.6998697916666666 0.4721679687500001 0.6998697916666666
0 0.35198274205942626 0.6949656335382515 0.34934522284836067 0.6562820184426229 0.3098544761782787 0.6610687756147541 0.3124919953893443 0.6997523907103825
0 0.2758789062500001 0.6692708333333334 0.24609375000000006 0.6692708333333334 0.24609375000000006 0.69921875 0.2758789062500001 0.69921875
0 0.21486376152663939 0.6975591273907105 0.21275454661885249 0.6666239754098361 0.17938332479508196 0.6706689719945356 0.18149253970286883 0.7016041239754099
0 0.12256161404639175 0.7116301546391753 0.11989469233247423 0.6748858999140893 0.0840503181378866 0.6795109804553264 0.08671723985180413 0.7162552351804125
0 0.14989682020644798 0.8064859657805431 0.14866065115950228 0.7718732324660632 0.11305036587952488 0.7741342029600301 0.11428653492647059 0.80874693627451
0 0.06262068436135376 0.7874698644468703 0.02520256209061142 0.7703198917394466 0.015731611626637637 0.8070556995997086 0.05314973389737998 0.8242056723071323
0 0.2782518205599548 0.8014676423453997 0.27693058894230776 0.764473157051282 0.24848875848416294 0.7662789875565611 0.24980999010181 0.8032734728506786
0 0.4248046875000001 0.767578125 0.3955078125000001 0.767578125 0.3955078125000001 0.806640625 0.4248046875000001 0.806640625
0 0.56591796875 0.7578125 0.53271484375 0.7578125 0.53271484375 0.798828125 0.56591796875 0.798828125
0 0.724088020074654 0.780759703508133 0.7225829900309542 0.7436356290968682 0.6896871301438455 0.7460065018815247 0.6911921601875454 0.7831305762927895
0 0.8518239249170354 0.7858274566740412 0.8500090742533186 0.749530443399705 0.8198047739214601 0.7522152700958702 0.8216196245851769 0.7885122833702064
0 0.95703125 0.7441406250000003 0.92919921875 0.7441406250000003 0.92919921875 0.7747395833333336 0.95703125 0.7747395833333336
0 0.9502799156868814 0.9402556466584159 0.9369749767945548 0.900681982260726 0.9076312074566832 0.9182207869224422 0.92093614634901 0.9577944513201321
0 0.84912109375 0.9127604166666666 0.8173828125 0.9127604166666666 0.8173828125 0.947265625 0.84912109375 0.947265625
0 0.73583984375 0.91015625 0.70654296875 0.91015625 0.70654296875 0.9459635416666666 0.73583984375 0.9459635416666666
0 0.592747043918919 0.9405440596846847 0.5885900548986487 0.9072881475225225 0.5623812288851351 0.9131123310810811 0.5665382179054054 0.9463682432432433
0 0.429264085310219 0.9235125836374696 0.4036510606751825 0.9195721183090023 0.40051394274635044 0.9558232588199513 0.4261269673813869 0.9597637241484186
0 0.3142173815684713 0.9488812035562634 0.313550582205414 0.9239873606687898 0.28571917296974525 0.9253126658704884 0.28638597233280255 0.950206508757962
0 0.12451171875000008 0.927734375 0.09716796875000008 0.927734375 0.09716796875000008 0.9576822916666666 0.12451171875000008 0.9576822916666666