0 0.09326171875000003 0.18359375 0.055664062500000014 0.18359375 0.055664062500000014 0.22200520833333334 0.09326171875000003 0.22200520833333334
0 0.1962890625 0.17838541666666666 0.1611328125 0.17838541666666666 0.1611328125 0.21484375 0.1962890625 0.21484375
0 0.27757327243203717 0.20873748996329433 0.27535735600911904 0.17131312370956642 0.24138938026927048 0.17488870010323468 0.24360529669218858 0.2123130663569626
0 0.37442650278662426 0.2018967290339703 0.3736384106289809 0.17247462181528664 0.3392758509156051 0.17411093418259027 0.34006394307324844 0.20353304140127393
0 0.45463089669585993 0.1974961849787686 0.4537184016719746 0.16342970408704882 0.41928617635350324 0.16506933386411887 0.4201986713773886 0.19913581475583864
0 0.5437879656138215 0.191502877417859 0.5417572124341713 0.15765699109035503 0.509114562891246 0.16113887370826707 0.5111453160708962 0.19498476003577106
0 0.609375 0.1640625000000001 0.5810546875 0.1640625000000001 0.5810546875 0.1888020833333334 0.609375 0.1888020833333334
0 0.69970703125 0.15299479166666677 0.6650390625 0.15299479166666677 0.6650390625 0.18880208333333345 0.69970703125 0.18880208333333348
0 0.79345703125 0.1490885416666668 0.75830078125 0.14908854166666677 0.75830078125 0.18489583333333348 0.79345703125 0.18489583333333348
0 0.8998018152573529 0.18120021446078435 0.8976476332720589 0.14386106004901963 0.8653492647058825 0.14717371323529413 0.8675034466911765 0.18451286764705885
0 0.5197633837090163 0.09259733606557378 0.5176101434426229 0.06101647882513662 0.48617603739754095 0.06482667349726777 0.4883292776639344 0.09640753073770492
0 0.40062757257365683 0.07379788597631431 0.3721938637348354 0.07221823548526869 0.3712909242309359 0.10111229961005204 0.39972463306975736 0.10269195010109768
0 0.204609375 0.07179687499999998 0.201669921875 0.04436197916666665 0.16933593749999998 0.05052083333333333 0.172275390625 0.07795572916666665
0 0.805368353028065 0.07763936330625308 0.8044321801144756 0.04518536896848844 0.7766412596935007 0.046610544374692274 0.7775774326070901 0.0790645387124569
0 0.9636010427843348 0.15788458959227483 0.9388097673015021 0.13754303022174552 0.9259845258851931 0.165331053290415 0.9507758013680259 0.18567261266094434
0 0.08058871351522846 0.41559922271573596 0.04699892925126907 0.412400195642978 0.045162297747461964 0.446683983714044 0.07875208201142136 0.449883010786802
0 0.16748046875000006 0.4114583333333333 0.13330078125000006 0.4114583333333333 0.13330078125000006 0.443359375 0.16748046875000006 0.443359375
0 0.23388671875000006 0.40625 0.20263671875000006 0.40625 0.20263671875000006 0.439453125 0.23388671875000006 0.439453125
0 0.3075147922985269 0.4036672714471405 0.2730896948115252 0.4017547660311959 0.2721469819649047 0.43192157712305024 0.30657207945190645 0.4338340825389948
0 0.40231676209058337 0.42582789576936203 0.39921615116427833 0.3937882495308768 0.3650694488868987 0.39966295099795285 0.3681700598132037 0.4317025972364381
0 0.474981924807198 0.41787569622964876 0.47347339934125965 0.38837564267352187 0.43757405808161953 0.39163921915167094 0.43908258354755786 0.42113927270779783
0 0.5616635969883419 0.41663360859240073 0.5601041329339378 0.38440468480138174 0.5269131517163214 0.38725982297063904 0.5284726157707255 0.4194887467616581
0 0.6669921875 0.3795572916666668 0.63525390625 0.3795572916666668 0.63525390625 0.4127604166666668 0.6669921875 0.4127604166666668
0 0.7258418642241379 0.41074892241379307 0.7244830953663793 0.379950161637931 0.6933694773706897 0.38239044540229883 0.6947282462284482 0.41318920617816096
0 0.8031170819256757 0.38300605292792805 0.776195629222973 0.377023507882883 0.7723817567567569 0.40753448761261285 0.7993032094594595 0.4135170326576579
0 0.842013809859796 0.3920698098749697 0.8406745038237435 0.35903359431900944 0.8169500096731609 0.3607434677713037 0.8182893157092134 0.39377968332726393
0 0.9005921505403752 0.4097951502175095 0.8998159187652937 0.373571000713703 0.8658871425112153 0.37486352552338226 0.8666633742862969 0.41108767502718874
0 0.053782816465736086 0.4836843009729273 0.024773457328680245 0.48092150486463625 0.02284759676395943 0.516870902072758 0.05185695590101527 0.5196336981810491
0 0.16503906250000006 0.478515625 0.12792968750000006 0.478515625 0.12792968750000006 0.51171875 0.16503906250000006 0.51171875
0 0.28041029141435986 0.506282889994233 0.2796858104455017 0.4695758542387544 0.2485344804282007 0.47066888336216844 0.24925896139705883 0.5073759191176471
0 0.501953125 0.45312500000000017 0.4658203125 0.45312500000000017 0.4658203125 0.4869791666666668 0.501953125 0.4869791666666668
0 0.6373684369426278 0.47952663619698765 0.6366966873513674 0.4428043252080856 0.5986452953143578 0.4440417688515656 0.5993170449056182 0.4807640798404676
0 0.7822265625 0.4485677083333335 0.748046875 0.4485677083333335 0.748046875 0.4837239583333335 0.7822265625 0.4837239583333335
0 0.9295292295258621 0.4439385775862071 0.8979290140086208 0.44042744252873584 0.8956088362068967 0.477550287356322 0.927209051724138 0.48106142241379324
0 0.90478515625 0.5677083333333335 0.87646484375 0.5677083333333335 0.87646484375 0.5989583333333335 0.90478515625 0.5989583333333335
0 0.8343086674528302 0.5975751768867924 0.8301518278301886 0.5680154284591193 0.8003464033018867 0.5754667845911948 0.8045032429245282 0.6050265330188679
0 0.6394661873009555 0.5758144240976647 0.6155708847531849 0.5746765525477708 0.6150490147292995 0.5941597001061573 0.6389443172770701 0.5952975716560511
0 0.4064229142775229 0.6059155198776759 0.40578725272362387 0.5779464115061163 0.37790684131307345 0.5790728927752294 0.3785425028669725 0.607042001146789
0 0.27333173388840837 0.5932494413206459 0.24621235672577862 0.5922978842272204 0.24570920739619384 0.617790783592849 0.2728285845588236 0.6187423406862745
0 0.11499760905206677 0.6291919217011128 0.11301032765302066 0.5960705650503444 0.08019301470588233 0.5995710784313725 0.08218029610492844 0.6326924350821409
0 0.20949534589916358 0.7484958275247832 0.20608373025092938 0.7136215342317226 0.1717452152067844 0.7195934498915738 0.1751568308550186 0.7544677431846344
0 0.19619241301546397 0.6017933848797251 0.17718870811855675 0.6006416451890035 0.17656954735824748 0.6188036941580757 0.1955732522551547 0.6199554338487973
0 0.022949218750000056 0.60546875 5.564130110383849e-17 0.60546875 5.71063326750841e-17 0.6373697916666666 0.022949218750000056 0.6373697916666666
0 0.52880859375 0.5768229166666669 0.505859375 0.5768229166666669 0.505859375 0.5950520833333335 0.52880859375 0.5950520833333335
0 0.4946289062500001 0.6946614583333334 0.4663085937500001 0.6946614583333334 0.4663085937500001 0.7239583333333334 0.4946289062500001 0.7239583333333334
0 0.8767417702802937 0.6916107933843434 0.8453160988249534 0.6905632710024987 0.8447036886125862 0.7232251489954198 0.8761293600679264 0.7242726713772645
0 0.7724609375 0.6907552083333334 0.74267578125 0.6907552083333334 0.74267578125 0.7239583333333334 0.7724609375 0.7239583333333334
0 0.68212890625 0.6907552083333334 0.65380859375 0.6907552083333334 0.65380859375 0.7233072916666666 0.68212890625 0.7233072916666666
0 0.5782507576510334 0.7227990858505563 0.5763224736685214 0.6906610194753576 0.5512873857313195 0.693331428855326 0.5532156697138315 0.7254694952305246
0 0.3725585937500001 0.7037760416666666 0.3452148437500001 0.7037760416666666 0.3452148437500001 0.7330729166666666 0.3725585937500001 0.7330729166666666
0 0.2899714543269231 0.7112580128205129 0.2600345552884616 0.7090404647435897 0.2588161057692308 0.7382832532051281 0.28875300480769234 0.7405008012820513
0 0.05841796875000006 0.7340625000000003 0.02464843750000008 0.7276302083333336 0.021640625000000108 0.755703125 0.05541015625000009 0.7621354166666667
0 0.22728504335260113 0.8682412090558768 0.223604588150289 0.836343930635838 0.19531532243497107 0.8421468569364161 0.19899577763728324 0.8740441353564549
0 0.3266601562500001 0.8229166666666666 0.2924804687500001 0.8229166666666666 0.2924804687500001 0.859375 0.3266601562500001 0.859375
0 0.4059704850801664 0.8187506185669041 0.374152176736936 0.8172877078384798 0.37324288338776734 0.852447050673001 0.40506119173099775 0.8539099614014253
0 0.4907482842714089 0.8476544515423573 0.48934278962361877 0.8120485871316759 0.4556931975138122 0.8144099620165747 0.45709869216160226 0.850015826427256
0 0.595703125 0.8098958333333334 0.56005859375 0.8098958333333334 0.56005859375 0.845703125 0.595703125 0.845703125
0 0.672929887478669 0.8158440877417519 0.6430697392278157 0.8111601429180887 0.6401500506612628 0.8442499466723551 0.6700101989121161 0.8489338914960182
0 0.748046875 0.8125 0.71875 0.8125 0.71875 0.8489583333333334 0.748046875 0.8489583333333334
0 0.8154296875 0.8138020833333334 0.79052734375 0.8138020833333334 0.79052734375 0.849609375 0.8154296875 0.849609375