0 0.11572265625 0.035807291666666685 0.07666015625 0.03580729166666668 0.07666015625 0.06705729166666669 0.11572265625 0.06705729166666669
0 0.22093553834606988 0.03966805403930134 0.17743799467794757 0.03193515738719071 0.17355306700327508 0.0707844341339156 0.2170506106713974 0.07851733078602623
0 0.3233141822536496 0.04235382451338205 0.2953288948448905 0.03804839568126526 0.29306426779197076 0.06421741940389299 0.32104955520072986 0.06852284823600979
0 0.4001934494236884 0.06963040706147322 0.39815648598966613 0.03568101649443559 0.3657467209856915 0.03913805809485956 0.36778368441971376 0.07308744866189719
0 0.4833128991788321 0.06283740115571777 0.4827216155337591 0.03366740799878346 0.44848775376368605 0.034901060675182484 0.44907903740875904 0.0640710538321168
0 0.5718013575819674 0.061550119535519116 0.570192430840164 0.03795252732240437 0.5413998463114754 0.041442537568306015 0.5430087730532788 0.06504012978142076
0 0.6736791506860416 0.06225691443388073 0.673163859928695 0.03889706676750216 0.6458437432476232 0.03996844389225008 0.6463590340049697 0.06332829155862864
0 0.7707670306932897 0.029690438192795054 0.7370820034144893 0.028141701306413424 0.7362225820219714 0.06137266181710225 0.7699076093007718 0.06292139870348389
0 0.953125 0.025390625000000156 0.92431640625 0.025390625000000153 0.92431640625 0.060546875000000146 0.953125 0.060546875000000146
0 0.91357421875 0.15625000000000014 0.88232421875 0.15625000000000014 0.88232421875 0.18684895833333348 0.91357421875 0.18684895833333348
0 0.7548575690084933 0.1976926006277696 0.7538507143186853 0.16278830471442637 0.7215029830594535 0.1644471627277203 0.7225098377492615 0.19935145864106354
0 0.6155014861825193 0.17468100631962305 0.5857547397172237 0.1719767566409598 0.5847229474614396 0.19215402742073703 0.6144696939267352 0.1948582770994003
0 0.5226230341303018 0.18594992608075042 0.5222044504486133 0.16641602093529093 0.4928896532167618 0.16753277511555195 0.4933082368984502 0.18706668026101145
0 0.4456256494952494 0.170183219517023 0.4177762210510689 0.16890278602533657 0.4173378117577197 0.18585461203483777 0.44518724020190026 0.18713504552652424
0 0.3310546875 0.1647135416666667 0.29931640625 0.1647135416666667 0.29931640625 0.1946614583333334 0.3310546875 0.1946614583333334
0 0.20835101337859427 0.1669453873801917 0.18323494908146967 0.16560586395101176 0.18272092776557508 0.18273990781416402 0.20783699206269968 0.184079431243344
0 0.08837890625000003 0.15950520833333334 0.058593750000000014 0.15950520833333334 0.058593750000000014 0.18619791666666666 0.08837890625000003 0.18619791666666666
0 0.11295244302998812 0.2756975888262075 0.11248561831947743 0.2576470333531275 0.08579658272713776 0.258874115449327 0.08626340743764846 0.276924670922407
0 0.1865234375 0.23763020833333334 0.15478515625 0.23763020833333334 0.15478515625 0.2630208333333333 0.1865234375 0.2630208333333333
0 0.35009765625 0.24088541666666674 0.31982421875 0.24088541666666674 0.31982421875 0.26562500000000006 0.35009765625 0.26562500000000006
0 0.4296875 0.2669270833333334 0.40576171875 0.2669270833333334 0.40576171875 0.2845052083333334 0.4296875 0.2845052083333334
0 0.5040791264913984 0.2705869346559378 0.5035919291065483 0.25109903926193117 0.47769297135127636 0.25225010405105436 0.47818016873612657 0.271737999445061
0 0.5927734375 0.26627604166666674 0.5703125 0.26627604166666674 0.5703125 0.2864583333333334 0.5927734375 0.2864583333333334
0 0.70556640625 0.2506510416666668 0.68359375 0.2506510416666668 0.68359375 0.2682291666666668 0.70556640625 0.2682291666666668
0 0.788122052977071 0.2816910903599606 0.7869510447485207 0.26035271819526623 0.7503117487980769 0.26392728365384616 0.7514827570266273 0.28526565581854046
0 0.8708175909323771 0.27329341700819676 0.868988537397541 0.24646729849726776 0.8396236232069672 0.2500266820355191 0.8414526767418032 0.2768528005464481
0 0.9192928538602942 0.2827167585784314 0.9182387408088236 0.26444546568627453 0.893258846507353 0.267007506127451 0.8943129595588236 0.2852787990196079
0 0.8639185499567476 0.4027325728085352 0.8633684310121108 0.3748598796136102 0.8254629379325259 0.37618989691464827 0.8260130568771626 0.4040625901095733
0 0.7667847357103219 0.4038113034128746 0.766198364664262 0.3803564615704773 0.731211197627636 0.38191144677210515 0.7317975686736958 0.4053662886145024
0 0.6393807164634144 0.403941819105691 0.6387971608231706 0.37904344512195126 0.600260575457317 0.38064913617886176 0.6008441310975609 0.40554751016260154
0 0.49123563655155633 0.403521704766537 0.490042482368677 0.37806774886511024 0.4512231730301556 0.381302691309987 0.45241632721303493 0.40675664721141375
0 0.3635826472830998 0.3974646148704624 0.36274906094667864 0.3713455763292664 0.32782227886353366 0.3733272377240548 0.3286558651999548 0.3994462762652508
0 0.26592743025519033 0.3720466587370243 0.22983246377595162 0.37078016868512126 0.22938135272491356 0.39363646193771634 0.26547631920415227 0.3949029519896194
0 0.1698314418454142 0.39461946807199216 0.16856768907174557 0.3715910841962525 0.13499647512943788 0.3748663245808679 0.13626022790310652 0.39789470845660757
0 0.09367229253266038 0.37409843873713383 0.06363661668646084 0.3727174881235155 0.0630149569477435 0.396754998020586 0.09305063279394304 0.3981359486342044
0 0.974194987945104 0.47747241283382813 0.9449676604228487 0.4755714484421367 0.9442443666543028 0.4953414781157272 0.973471694176558 0.4972424425074186
0 0.8470905172413792 0.49485452586206913 0.8459186422413792 0.4761045258620691 0.8179148706896552 0.47921605603448286 0.8190867456896551 0.4979660560344829
0 0.76123046875 0.4700520833333335 0.728515625 0.4700520833333335 0.728515625 0.49804687500000017 0.76123046875 0.49804687500000017
0 0.6893210489241803 0.47003607411202203 0.6607926165471313 0.4665780823087433 0.6588555007684428 0.4949891137295084 0.6873839331454918 0.49844710553278704
0 0.6236276823405253 0.49523383755472167 0.6221381038930582 0.4723936346935585 0.5944306622303002 0.4756060916979363 0.5959202406777673 0.49844629455909945
0 0.5389427329009435 0.48005110062893097 0.5138241580535517 0.47893471952460237 0.5133689346906216 0.49714365404180544 0.5384875095380134 0.498260035146134
0 0.44775390625 0.4733072916666667 0.40673828125 0.4733072916666667 0.40673828125 0.5006510416666666 0.44775390625 0.5006510416666666
0 0.3258037860576923 0.4762820512820513 0.29697566105769235 0.47414663461538464 0.29615685096153854 0.493798076923077 0.32498497596153847 0.49593349358974365
0 0.2540920561393805 0.47089325221238937 0.22087380738384957 0.4679405189896755 0.21951482992256638 0.4951200682153393 0.25273307867809736 0.49807280143805316
0 0.15429687500000006 0.4733072916666667 0.12304687500000006 0.4733072916666667 0.12304687500000006 0.4986979166666667 0.15429687500000006 0.4986979166666667
0 0.04767763036242603 0.4943586661735701 0.046703379252958574 0.4755231447238659 0.02178485576923077 0.47781450320512825 0.022759106878698226 0.49665002465483243
0 0.95703125 0.6647135416666669 0.92138671875 0.6647135416666669 0.92138671875 0.6894531250000003 0.95703125 0.6894531250000003
0 0.7364097619282334 0.6947004797581493 0.7341246980973973 0.6693108816377497 0.70112335493888 0.6745910965431124 0.703408418769716 0.6999806946635121
0 0.6334216429455447 0.695621905940594 0.6319858060024753 0.6764774133663366 0.6019154161509902 0.680486798679868 0.6033512530940596 0.6996312912541254
0 0.48358031407298663 0.7044991785514543 0.48032128250838935 0.67987538450783 0.4494858300125839 0.6871307850950784 0.4527448615771812 0.7117545791387027
0 0.36750579938139927 0.7051047888225255 0.3654026903796928 0.6812695534698521 0.33120800447952214 0.6866334257679182 0.3333111134812286 0.7104686611205916
0 0.2836914062500001 0.685546875 0.2539062500000001 0.685546875 0.2539062500000001 0.708984375 0.2836914062500001 0.708984375
0 0.2155475484913793 0.7078753591954023 0.2140220905172414 0.6834680316091956 0.18177532327586207 0.6870510057471265 0.18330078125 0.7114583333333333
0 0.07275390625000006 0.6764322916666666 0.03906250000000006 0.6764322916666666 0.03906250000000007 0.7037760416666666 0.07275390625000006 0.7037760416666666
0 0.9853515625 0.5865885416666669 0.9580078125 0.5865885416666669 0.9580078125 0.6100260416666669 0.9853515625 0.6100260416666669
0 0.8583984375 0.5865885416666669 0.82861328125 0.5865885416666669 0.82861328125 0.6061197916666669 0.8583984375 0.6061197916666669
0 0.7571342572773975 0.5843125713470321 0.73130886130137 0.5830372431506851 0.7307316192208905 0.6038179580479452 0.756557015196918 0.6050932862442923
0 0.54931640625 0.5865885416666669 0.5107421875 0.5865885416666669 0.5107421875 0.6119791666666669 0.54931640625 0.6119791666666669
0 0.4278588140766495 0.5873777086028462 0.3924334724692756 0.5813220946528678 0.38989889482939855 0.6076817021075895 0.42532423643677236 0.613737316057568
0 0.30851246011376254 0.5898401371161672 0.27076143694506105 0.588162313864225 0.2702330526845172 0.6092976842859786 0.3079840758532187 0.6109755075379208
0 0.17936513068004373 0.6084580112689987 0.17896163530605871 0.586938257989798 0.143851743051218 0.5881085877316261 0.14425523842520302 0.6096283410108266
0 0.06418214954842429 0.609828877626185 0.06384962288624135 0.5872170645977454 0.02463943751200999 0.5882421674833461 0.024971964174192927 0.6108539805117859
0 0.9603121751559253 0.8305342602217604 0.9262466906509876 0.8290690780925157 0.9255827905730251 0.8565102813149691 0.9596482750779627 0.8579754634442137
0 0.8780776164940828 0.8233119144477318 0.8450484236316568 0.8202747472879685 0.8437078171227811 0.8461931397928993 0.8767370099852071 0.8492303069526627
0 0.9681660934792026 0.8999347830011556 0.9674518657928941 0.8770794970392837 0.9358701391897746 0.8788340374061235 0.936584366876083 0.9016893233679956
0 0.8606994832130964 0.8902189118571959 0.8601076928412873 0.8665472969848317 0.8211698373335183 0.8682778683407325 0.8217616277053275 0.8919494832130966
0 0.0751953125 0.138671875 0.07396484375 0.13648437500000002 0.07201171875 0.13843750000000002 0.0732421875 0.140625
0 0.806640625 0.8320312500000001 0.791259765625 0.8115234375000001 0.7729492187500001 0.8359375000000001 0.7883300781250001 0.8564453125000001
0 0.7240289652122639 0.840064858490566 0.7189250442216979 0.8162465605345912 0.6742334905660375 0.8332719143081762 0.6793374115566035 0.8570902122641509
0 0.6845688350983359 0.8856254727685325 0.6817056306732223 0.869718781517902 0.6538196742624811 0.8786422875693392 0.6566828786875946 0.8945489788199698
0 0.6083984375 0.8274739583333334 0.57666015625 0.8274739583333334 0.57666015625 0.8502604166666666 0.6083984375 0.8502604166666666
0 0.5662377062182741 0.8774951089255499 0.5346952331852792 0.8744910638747885 0.5334683335977157 0.8973931895093065 0.5650108066307106 0.9003972345600678
0 0.4570932146256345 0.8611827146785109 0.45589605805837563 0.8388357920896786 0.42414538388324874 0.841859665820643 0.42534254045050757 0.8642065884094753
0 0.4328824475562284 0.9118773428489043 0.4325016219723184 0.892582179930796 0.4035717182093426 0.8935972642733566 0.4039525437932526 0.9128924271914648
0 0.7560074602971312 0.9294687073087434 0.7264664446721313 0.9258879781420767 0.7248775294569674 0.9491920679644811 0.7544185450819673 0.9527727971311477
0 0.33591653281554984 0.8502074692311862 0.30613169425016273 0.8461343289145521 0.3043869703562135 0.8688157395358923 0.3341718089216006 0.8728888798525265
0 0.2753906250000001 0.900390625 0.24218750000000008 0.900390625 0.2421875000000001 0.9231770833333334 0.2753906250000001 0.9231770833333334
0 0.2159190244932432 0.8715449042792792 0.2155352618243243 0.8495425112612612 0.18329207136824324 0.8505423001126126 0.18367583403716214 0.8725446931306307
0 0.15205462206391115 0.9196259900764749 0.15129428316187182 0.9008709638261713 0.12443810315003642 0.9028065443675648 0.12519844205207575 0.9215615706178685
0 0.12051991317763794 0.8677068207486284 0.11909335672797675 0.8474180179090028 0.09123154646660211 0.8509007441916747 0.0926581029162633 0.8711895470313004
0 0.5155068301590238 0.9559630023422092 0.5143999630177515 0.9357934233234714 0.4855670996671598 0.9386063856015779 0.48667396680843195 0.9587759646203158
0 0.26233952030254776 0.9678368829617835 0.26180147790605096 0.9477499668259024 0.23931690386146495 0.9488206608280255 0.23985494625796178 0.9689075769639066
0 0.06139750070701358 0.9697810614630469 0.0604231476244344 0.9424991751508296 0.02868707579185521 0.9445141638386124 0.029661428874434393 0.9717960501508297
0 0.6480220365393413 0.8228910538655078 0.6470526217978043 0.8015639295516928 0.6169342013094694 0.8039977413083258 0.6179036160510064 0.8253248656221408
0 0.4570312500000001 0.8092447916666666 0.4331054687500001 0.8092447916666666 0.4331054687500001 0.8294270833333334 0.4570312500000001 0.8294270833333334
0 0.3464863774152208 0.834223637946898 0.34458947407334384 0.813146934148265 0.3184810602326498 0.8173242803627759 0.3203779635745268 0.838400984161409
0 0.21162525581470895 0.8409272403413031 0.2110405364799896 0.8167588411729038 0.18292274395790023 0.8179682085932086 0.18350746329261958 0.842136607761608