0 0.08908645725051974 0.07161593685031185 0.08793529106029105 0.03401117463617464 0.04399343002858628 0.03640256843381843 0.04514459621881497 0.07400733064795564
0 0.189453125 0.03190104166666669 0.14404296875 0.03190104166666669 0.14404296875 0.0690104166666667 0.189453125 0.0690104166666667
0 0.2626953125 0.030598958333333374 0.216796875 0.03059895833333337 0.216796875 0.0651041666666667 0.2626953125 0.0651041666666667
0 0.37109375 0.03190104166666673 0.32666015625 0.03190104166666672 0.32666015625 0.06575520833333338 0.37109375 0.06575520833333338
0 0.4807639319228045 0.06991560434372049 0.4801420303647308 0.035089117091595845 0.4346297915191218 0.03653395007082153 0.43525169307719547 0.07136043732294617
0 0.57080078125 0.03971354166666676 0.53125 0.039713541666666755 0.53125 0.07096354166666675 0.57080078125 0.07096354166666675
0 0.66064453125 0.037109375000000104 0.6142578125 0.037109375000000104 0.6142578125 0.07161458333333344 0.66064453125 0.07161458333333344
0 0.74658203125 0.03710937500000012 0.70751953125 0.03710937500000012 0.70751953125 0.06901041666666678 0.74658203125 0.0690104166666668
0 0.84375 0.040364583333333474 0.798828125 0.04036458333333347 0.798828125 0.07226562500000012 0.84375 0.07226562500000012
0 0.9246043310616928 0.06586169147537067 0.9212066781743183 0.03233818298660931 0.8806933453640603 0.039637882592061226 0.8840909982514348 0.07316139108082259
0 0.9916038926925164 0.15063211767895893 0.9518872441024946 0.14952887744034724 0.9512924095037961 0.18759829175705 0.9910090580938179 0.18870153199566175
0 0.89916796875 0.15512500000000015 0.8578320312499998 0.14510416666666678 0.8526523437499999 0.1830885416666668 0.8939882812500001 0.19310937500000017
0 0.8213651063012295 0.1690840590846996 0.8057665215163934 0.13548710724043725 0.7727018762807376 0.16277856045081976 0.7883004610655737 0.1963755122950821
0 0.7546760670731706 0.17802782012195126 0.7540348704268292 0.15067009654471544 0.714537919207317 0.15231580284552845 0.7151791158536585 0.17967352642276424
0 0.6875 0.15104166666666677 0.6513671875 0.15104166666666677 0.6513671875 0.17643229166666677 0.6875 0.17643229166666682
0 0.6088191105769231 0.1568309294871796 0.5677921160343036 0.154598167879418 0.566867122531185 0.1848146223146224 0.6078941170738045 0.187047383922384
0 0.5123576578566837 0.16114871197515002 0.4733830233772493 0.14767599882176527 0.4680847324871465 0.17492435197086553 0.5070593669665809 0.18839706512425028
0 0.3923053278688524 0.1535771004098361 0.3527958504098361 0.15087559767759567 0.35171939036885247 0.17886355874316942 0.3912288678278688 0.18156506147540988
0 0.29733926741803285 0.15399803620218586 0.25525102459016397 0.148896431010929 0.2531017866290984 0.1804185877732241 0.29519002945696726 0.18552019296448097
0 0.22661148445837778 0.1577716448772679 0.18063071137940231 0.1506428428495198 0.17806814676160615 0.1800269171335824 0.22404891984058162 0.18715571916133053
0 0.15625 0.15429687500000003 0.10888671875000003 0.15429687500000003 0.10888671875000003 0.1875 0.15625 0.1875
0 0.06287474318771628 0.1633046784890427 0.01631467614619379 0.16167099192618226 0.015667576773356423 0.19445736014994233 0.062227643814878913 0.19609104671280278
0 0.08786203396614822 0.47788662225526085 0.0863145442589204 0.4438418486962488 0.05492829011322049 0.44637811165751745 0.0564757798204483 0.4804228852165295
0 0.20109675480769235 0.4816205929487179 0.19589014837533159 0.44413302663572046 0.15878724925397875 0.4532942362953138 0.1639938556863395 0.4907818026083112
0 0.296875 0.4479166666666667 0.25732421875 0.4479166666666667 0.25732421875 0.4856770833333333 0.296875 0.4856770833333333
0 0.39936535614089774 0.47982095542394015 0.39806976698877805 0.4452719113674148 0.3612721126870324 0.4477250883208644 0.3625677018391521 0.4822741323773898
0 0.4856085357465506 0.48081052548729747 0.4849235945712878 0.4451935843736312 0.4489646640932983 0.4464229495181779 0.4496496052685611 0.48203989063184416
0 0.56982421875 0.4420572916666668 0.53271484375 0.4420572916666668 0.53271484375 0.4811197916666668 0.56982421875 0.4811197916666668
0 0.6761297126456716 0.48138642249352576 0.6751970466842397 0.44407978403625603 0.6426810921892342 0.44552493756936745 0.643613758150666 0.4828315760266371
0 0.79052734375 0.44335937500000017 0.7568359375 0.44335937500000017 0.7568359375 0.4837239583333335 0.79052734375 0.4837239583333335
0 0.9075791828610833 0.4757364541541291 0.9030156876880642 0.44429904296222 0.869037777394684 0.45306753594115684 0.8736012725677031 0.48450494713306586
0 0.9256808606364371 0.6000088300592036 0.8871126862722014 0.5964210929090421 0.8848823079251884 0.6390461013186223 0.9234504822894242 0.6426338384687837
0 0.81787109375 0.5989583333333335 0.775390625 0.5989583333333335 0.775390625 0.6380208333333335 0.81787109375 0.6380208333333335
0 0.7477913444472617 0.5975506042934416 0.7129064718559837 0.5912079001859366 0.7087971840136916 0.6313876035327926 0.7436820566049697 0.6377303076402977
0 0.6572265625 0.6009114583333335 0.62353515625 0.6009114583333335 0.62353515625 0.6419270833333335 0.6572265625 0.6419270833333335
0 0.5759553520927603 0.6430259002639519 0.5742806136877828 0.5961332249245853 0.5378583675056562 0.5984457484917045 0.5395331059106336 0.645338423831071
0 0.4771259014423077 0.633613782051282 0.4733022836538462 0.5928285256410255 0.4368840144230769 0.5988982371794871 0.4407076322115384 0.6396834935897436
0 0.3958492983678345 0.5953241109341827 0.3579163763933122 0.5935177813163482 0.35685770800159244 0.6330414012738854 0.39479062997611475 0.6348477308917199
0 0.29538545719844356 0.6361918369001297 0.2935786265807393 0.5976461170557718 0.25302658377918286 0.6010254539559013 0.2548334143968871 0.6395711738002593
0 0.1871829516267124 0.6025595747716895 0.14690978167808225 0.6005707762557079 0.14577268835616444 0.6415061358447488 0.1860458583047946 0.6434949343607306
0 0.08496093750000006 0.5989583333333334 0.047851562500000056 0.5989583333333334 0.047851562500000056 0.6438802083333334 0.08496093750000006 0.6438802083333334
0 0.07524074139964221 0.7997023930546518 0.03529634891428115 0.7942399120310127 0.03204198773991551 0.8365466072977661 0.07198638022527656 0.8420090883214052
0 0.17736237369917712 0.8330339676105193 0.17441566962124877 0.791125287391094 0.13280446439375607 0.7963266880445304 0.1357511684716844 0.8382353682639558
0 0.25790939627918286 0.8243327456225679 0.2561044655885214 0.7858275575551232 0.22144979632782102 0.7887154466601816 0.22325472701848248 0.8272206347276262
0 0.33671661821075893 0.7900620722886349 0.3030287649428275 0.7886131323631326 0.3020090590891373 0.830760974315662 0.3356969123570687 0.8322099142411643
0 0.5011346846664508 0.8071415560233159 0.4619823712759068 0.7934039022020726 0.4537536937338083 0.8350958684153714 0.49290600712435234 0.8488335222366149
0 0.6074898005052803 0.8385895582969168 0.6060295799572104 0.8025707847778586 0.5664624396849964 0.8054224705632435 0.5679226602330663 0.8414412440823016
0 0.6978062580541237 0.8335669029209621 0.6965729703608247 0.7973904639175258 0.6568822487113403 0.7997959621993127 0.6581155364046393 0.8359724012027491
0 0.7710908161212446 0.8299903880543634 0.7685572022532189 0.7917046673819744 0.7285566993025752 0.7964106089055796 0.7310903131706009 0.8346963295779686
0 0.8623759852046461 0.7993552959070799 0.827764190403761 0.7962786919247788 0.8260465638827433 0.8306312223451329 0.8606583586836284 0.8337078263274339
0 0.9425747575431034 0.831847162356322 0.9400558997844827 0.791545438218391 0.9012223868534481 0.7958602729885059 0.9037412446120687 0.836161997126437
0 0.984375 0.9270833333333336 0.93896484375 0.9270833333333336 0.93896484375 0.9680989583333336 0.984375 0.9680989583333336
0 0.8993277365331492 0.9566140078268878 0.8910663415055249 0.9166839318600369 0.8407469354281769 0.9351922191528544 0.8490083304558012 0.9751222951197054
0 0.8262389551717252 0.9475485057241747 0.7985769643570289 0.9135029785676253 0.7723876173123003 0.9513320354100109 0.8000496081269967 0.9853775625665603
0 0.72607421875 0.93359375 0.68798828125 0.93359375 0.68798828125 0.9752604166666666 0.72607421875 0.9752604166666666
0 0.6210085037485155 0.9758704782759303 0.6199321973352138 0.9342532969615993 0.5791502746437056 0.9361283278899446 0.5802265810570073 0.9777455092042756
0 0.4960937500000001 0.935546875 0.4545898437500001 0.935546875 0.4545898437500001 0.9791666666666666 0.4960937500000001 0.9791666666666666
0 0.37996276952503977 0.928029362082671 0.3357729282591415 0.9233157790143084 0.3325963831478538 0.976258197535771 0.37678622441375204 0.9809717806041336
0 0.2670611213235295 0.9363511029411765 0.2313304227941177 0.9244408700980392 0.2222828584558824 0.9726945465686275 0.25801355698529416 0.9846047794117648
0 0.18813643292682936 0.9350851117886179 0.1509108231707318 0.9335340447154471 0.149973799542683 0.9735137195121951 0.18719940929878057 0.9750647865853659
0 0.04647407897364217 0.9729640907880723 0.045513896515575074 0.9409580088525025 0.009633804662539939 0.942871613751331 0.01059398712060703 0.9748776956869009
0 0.12890579493825724 0.9689332381950919 0.1228375465983225 0.9319458197421562 0.0879033667287978 0.9421349555374342 0.09397161506873254 0.9791223739903699