0 0.939453125 0.007812500000000151 0.8974609375 0.007812500000000147 0.8974609375 0.04361979166666682 0.939453125 0.04361979166666682
0 0.8216046918162985 0.019714692679557944 0.797298536774862 -0.00945269337016589 0.7756415098411604 0.02263179097605872 0.7999476648825969 0.05179917702578255
0 0.7016437709731544 0.037450188758389236 0.6969221895973154 -0.0050440436241610724 0.649868262374161 0.004250559284116347 0.65458984375 0.04674479166666665
0 0.568142070207775 0.036273318811438804 0.5657888949396784 0.002544473302055409 0.5241907360087131 0.007703934874888306 0.5265439112768097 0.0414327803842717
0 0.44676663750489426 0.0146629674040721 0.4099753909308927 -0.001207766412163876 0.4016895219508614 0.03294005726311674 0.43848076852486295 0.04881079107935271
0 0.3233572455671161 0.03615380153380226 0.3203419800520223 0.003186898568776871 0.2838702900608147 0.009117254664908167 0.2868855555759085 0.042084157629933554
0 0.1382582287742196 0.04200795546286331 0.13659313189585576 0.010186104009687835 0.09696272243339611 0.013872653727125936 0.09862781931175994 0.0456945051803014
0 0.2373960119233167 0.040846776288445553 0.236133299563591 0.007174446695760603 0.19446500935162092 0.00995233270989193 0.19572772171134661 0.04362466230257688
0 0.12138865253712872 0.18231745049504955 0.11885055693069307 0.14847617574257424 0.07969136757425743 0.15369740099009901 0.08222946318069307 0.1875386757425743
0 0.27576542756554084 0.1443298176468273 0.23403710107168163 0.14312030093686037 0.23344133797827113 0.17966043733270354 0.27516966447213037 0.18086995404267048
0 0.37437525586790393 0.14915108715429407 0.33666672352620086 0.14244734807132464 0.3332210357532751 0.1769042258005823 0.3709295680949782 0.18360796488355172
0 0.44140625 0.14648437500000008 0.4033203125 0.14648437500000008 0.4033203125 0.1790364583333334 0.44140625 0.1790364583333334
0 0.5860738867740793 0.17951265934844196 0.5854777133498583 0.14612694759206799 0.5466813473796034 0.14735857825779036 0.5472775208038244 0.18074429001416434
0 0.6589380229462475 0.15058342841446934 0.6226586270283975 0.1439871746112239 0.6195150069726165 0.17472479293441526 0.6557944028904665 0.1813210467376607
0 0.7705078125 0.14388020833333345 0.7314453125 0.14388020833333345 0.7314453125 0.17968750000000014 0.7705078125 0.17968750000000014
0 0.8640496371317157 0.14728661178509544 0.8269842666811091 0.14522742453783952 0.8258638431542461 0.18108097739745824 0.8629292136048526 0.18314016464471417
0 0.97119140625 0.14778645833333348 0.931640625 0.14778645833333348 0.931640625 0.18554687500000014 0.97119140625 0.18554687500000014
0 0.8981662110153448 0.36853732811877243 0.8963101973520327 0.3272925800451708 0.8545270230295934 0.33063523399096595 0.8563830366929055 0.37187998206456757
0 0.7698810591000297 0.3298354358650417 0.7297110721982758 0.3285290948275863 0.7290291621767241 0.365806842672414 0.769199149078478 0.3671131837098694
0 0.6560658939549181 0.3605810280054645 0.6537605660860656 0.32676955259562845 0.6186283299180327 0.3310280054644809 0.6209336577868853 0.36483948087431695
0 0.5858532562429057 0.340344778660613 0.5576288264401248 0.3162599318955733 0.5400174473254824 0.35295030505107844 0.5682418771282634 0.3770351518161182
0 0.4999615584784254 0.32602008027378254 0.46613597653292954 0.31975608361720925 0.4622770391748675 0.35680188225460513 0.4961026211203633 0.3630658789111785
0 0.37539492392821955 0.3584266692674114 0.3746519151404403 0.31979021230289095 0.33687877279073586 0.3210816017849321 0.33762178157851513 0.35971805874945256
0 0.27783203125 0.32291666666666674 0.24121093750000006 0.32291666666666674 0.24121093750000006 0.3600260416666667 0.27783203125 0.3600260416666667
0 0.18729675602791876 0.35753423752115054 0.185338673857868 0.3209833703468697 0.14994447969543145 0.32435424598138746 0.1519025618654822 0.36090511315566826
0 0.09228515625000003 0.3274739583333333 0.05761718750000003 0.3274739583333333 0.05761718750000003 0.365234375 0.09228515625000003 0.365234375
0 0.08788906996417198 0.5309825338375797 0.08066592854299363 0.4982376260615711 0.04574448895302548 0.5119323082537155 0.05296763037420382 0.544677216029724
0 0.22188925954092917 0.5282799824852508 0.2201241012168141 0.4929768160029498 0.1814613004701327 0.4964135094026549 0.18322645879424776 0.5317166758849557
0 0.3185719209558824 0.5297257965686275 0.3168112362132353 0.49920726102941176 0.2805922564338235 0.5029220281862745 0.2823529411764706 0.5334405637254902
0 0.4042934493895035 0.5321283616657672 0.403230456101592 0.5016558874123044 0.3685013533796546 0.5038096302167656 0.3695643466675661 0.5342821044702285
0 0.5628647748161765 0.5408279718137255 0.5606588924632353 0.5025926776960785 0.5213407628676471 0.5066253063725491 0.5235466452205882 0.544860600490196
0 0.7106866399082569 0.5117486142966362 0.6703034353076093 0.5092442295152007 0.6690417566109013 0.5454123521541644 0.7094249612115489 0.5479167369356
0 0.89697265625 0.5221354166666669 0.85888671875 0.5221354166666669 0.85888671875 0.5618489583333335 0.89697265625 0.5618489583333335
0 0.9409059618340163 0.6541207735655737 0.9378922259221312 0.6099193135245903 0.9039486744364754 0.6140336834016394 0.9069624103483607 0.6582351434426229
0 0.8615268049568966 0.6172638290229887 0.8281889816810346 0.6135596264367819 0.8257913523706898 0.651921695402299 0.8591291756465518 0.655625897988506
0 0.6903846153846154 0.6150140224358975 0.6555739182692308 0.5884915865384617 0.6415414663461539 0.6212339743589744 0.6763521634615385 0.6477564102564103
0 0.5692715045103093 0.5956400343642613 0.5311533505154639 0.5933298432130585 0.5299613402061856 0.6282954789518901 0.568079494201031 0.6306056701030928
0 0.46044921875000006 0.5878906250000001 0.419921875 0.587890625 0.41992187500000006 0.6243489583333334 0.4604492187500001 0.6243489583333334
0 0.3443586793664384 0.5928759988584474 0.30686804366438364 0.5876141552511416 0.30465271832191787 0.6156749429223746 0.3421433540239726 0.6209367865296804
0 0.24365234375000006 0.5807291666666666 0.20605468750000006 0.5807291666666666 0.20605468750000006 0.6126302083333334 0.24365234375000006 0.6126302083333334
0 0.14187491345088624 0.6116897079640572 0.14101735598227472 0.581961049052191 0.09831835072008861 0.584150741629739 0.09917590818870015 0.6138794005416052
0 0.07226562500000008 0.794921875 0.030761718750000076 0.794921875 0.030761718750000076 0.83203125 0.07226562500000008 0.83203125
0 0.18542141879562044 0.8251910355839417 0.1847873659899635 0.793911097171533 0.14876005075273724 0.7952093788017032 0.14939410355839416 0.8264893172141119
0 0.2985643205599547 0.8252651300904977 0.2979443580316742 0.786414144984917 0.25785072292138006 0.7875515530731523 0.2584706854496606 0.826402538178733
0 0.3808668870192309 0.7941907051282051 0.3462515024038463 0.7884214743589744 0.3428560697115386 0.8246394230769232 0.3774714543269232 0.8304086538461539
0 0.46705442438471506 0.8337732081174439 0.4651245749676166 0.7938896534974093 0.42707102088730575 0.7971630775043178 0.4290008703044042 0.8370466321243524
0 0.5828268757931473 0.8054608185279188 0.5421582526967006 0.8015876163282573 0.5400688055203047 0.8405906302876481 0.5807374286167514 0.8444638324873098
0 0.6868075198148597 0.8238677042997741 0.6546650948390611 0.8198499011777992 0.652540858694337 0.850061259680542 0.6846832836701355 0.8540790628025169
0 0.772593433277027 0.8539505912162162 0.7720571157094595 0.8232017173423424 0.7375667757601352 0.8242711852477478 0.7381030933277027 0.8550200591216216
0 0.892578125 0.8346354166666666 0.8544921875 0.8346354166666666 0.8544921875 0.8678385416666666 0.892578125 0.8678385416666666
0 0.9541015625 0.955729166666667 0.91552734375 0.955729166666667 0.91552734375 0.9921875000000003 0.9541015625 0.9921875000000003
0 0.7770507812499999 0.9441406250000001 0.741729525862069 0.9413703304597701 0.7400222252155173 0.9800691451149426 0.7753434806034483 0.9828394396551725
0 0.65966796875 0.9290364583333334 0.62109375 0.9290364583333334 0.62109375 0.9654947916666666 0.65966796875 0.9654947916666666
0 0.534928238122172 0.9230810473227754 0.4939815469457014 0.9164634002639519 0.4908706872171946 0.9506828572775267 0.5318173783936653 0.9573005043363502
0 0.3818359375000001 0.9055989583333334 0.3437500000000001 0.9055989583333334 0.3437500000000001 0.9440104166666666 0.3818359375000001 0.9440104166666666
0 0.24707031250000008 0.8997395833333334 0.20898437500000008 0.8997395833333334 0.2089843750000001 0.9329427083333334 0.2470703125000001 0.9329427083333334
0 0.07938131893382351 0.9445779718137254 0.07668083639705882 0.9097717524509804 0.03989774816176471 0.9148452818627452 0.0425982306985294 0.9496515012254901
0 0.1654128581110786 0.9244287929855411 0.1487311556638336 0.8960081147420867 0.12530911122508798 0.9204485089390387 0.14199081367233296 0.9488691871824931