0 0.97216796875 0.04882812500000016 0.92822265625 0.048828125000000146 0.92822265625 0.08463541666666681 0.97216796875 0.08463541666666681
0 0.8815038375988575 0.08430474699765676 0.8791508196946396 0.056591425014645626 0.8374171037456063 0.06289085383714121 0.8397701216498242 0.09060417582015234
0 0.7907202258908371 0.09411853082579186 0.7902096295248869 0.06212115855957767 0.7469695630656109 0.06334782711161385 0.7474801594315611 0.09534519937782804
0 0.69091796875 0.06510416666666678 0.64453125 0.06510416666666678 0.64453125 0.10091145833333344 0.69091796875 0.10091145833333344
0 0.5547082980396904 0.07023371954662806 0.5131273445062925 0.06503610035495332 0.5105932924431269 0.10107595191997427 0.5521742459765248 0.10627357111164903
0 0.4544783034644569 0.07012425951810443 0.41224119533746 0.06787161375133127 0.41116323257787535 0.10380370573748675 0.45340034070487223 0.1060563515042599
0 0.35907482710040983 0.10562350580601092 0.3567935130635246 0.07216423326502731 0.31857950179303274 0.07679623463114753 0.320860815829918 0.11025550717213113
0 0.19992499335734532 0.11167563425051175 0.19936059835557396 0.07705940747520076 0.15065102629015115 0.078471279129271 0.1512154212919225 0.11308750590458198
0 0.06346842846643802 0.11153163532990366 0.061080850379715834 0.07571796402907073 0.020020727431406177 0.08058434897109261 0.02240830551812837 0.11639802027192554
0 0.04954456103020289 0.2502063399810431 0.04858811217529972 0.2138612834947228 0.0056721980191361794 0.21586904556050823 0.006628646874039348 0.25221410204682854
0 0.1414034861438679 0.2439256584119497 0.14026661998820755 0.2090617629716981 0.09651017099056605 0.21159836871069182 0.09764703714622643 0.2464622641509434
0 0.234872780885214 0.24499432555123216 0.2330298516536965 0.20567850194552526 0.18901234192607005 0.20934662775616078 0.19085527115758755 0.2486624513618677
0 0.38623046875 0.2044270833333334 0.3447265625 0.2044270833333334 0.3447265625 0.24088541666666674 0.38623046875 0.24088541666666674
0 0.49269094227451954 0.2049488150977494 0.4485398730131839 0.2023324554378184 0.44729955681678174 0.2395419413298835 0.4914506260781174 0.2421583009898145
0 0.6075340150983146 0.2307607677902622 0.6052016766151685 0.1942207982209738 0.5560336200842696 0.19980015215355806 0.5583659585674157 0.23634012172284646
0 0.7483684035966982 0.2273081269654088 0.7473384065448114 0.19572155070754715 0.6948094781839624 0.19876670597484272 0.6958394752358492 0.23035328223270438
0 0.9048691927856084 0.21645300136003962 0.90295607987617 0.18278221415392223 0.8504932075296737 0.18808149418892187 0.8524063204391121 0.22175228139503922
0 0.974910817177332 0.3226777160159074 0.9744214767489155 0.29135992859725235 0.9312883422586768 0.2925580712219812 0.9317776826870933 0.3238758586406362
0 0.8900235804115852 0.3202569232723577 0.8876298113567073 0.2915316946138211 0.8458281726371951 0.29772452997967475 0.8482219416920731 0.32644975863821135
0 0.8085739004250186 0.3257448804561634 0.8077034462521074 0.29750347840171104 0.7600193702580555 0.3001163044835769 0.7608898244309668 0.32835770653802926
0 0.6980059048973364 0.3349497375601183 0.6971713287319646 0.301566690945246 0.6512425430077692 0.3036079703107658 0.6520771191731409 0.3369910169256381
0 0.5995934370363502 0.340384674826904 0.5984198233494065 0.30830590071711184 0.5532838000741839 0.31124157702769545 0.5544574137611276 0.3433203511374876
0 0.5216379856418919 0.34669763513513513 0.5210689400337838 0.3140723536036036 0.479814453125 0.31535156249999996 0.4803834987331081 0.34797684403153156
0 0.4118239876963956 0.34870273028342574 0.4113357064463956 0.3148485636167591 0.3682420430914972 0.31595352934380777 0.3687303243414972 0.3498076960104744
0 0.30830919989224137 0.34706582255747126 0.30693527747844823 0.31592358117816083 0.2651451373922413 0.31920123922413784 0.26651905980603446 0.3503434806034483
0 0.23545988139081456 0.34982037117273257 0.23451378357885613 0.3195452411900636 0.19042122508665507 0.3219948277729636 0.1913673228986135 0.3522699577556327
0 0.14066369398584908 0.32238109276729565 0.09324145047169813 0.31963197720125786 0.0921524911556604 0.35302672955974845 0.13957473466981135 0.3557758451257862
0 0.05085825796143847 0.3572819630993645 0.04988846539211439 0.3262486008809937 0.0036024493609185465 0.32882004621606015 0.00457224193024263 0.359853408434431
0 0.04039301310043668 0.5712478393377002 0.036721308679039305 0.5345307951237264 -0.0029382164301309938 0.5415813773653566 0.0007334879912663794 0.5782984215793304
0 0.11503283609479867 0.5629303866051453 0.1108545904991611 0.5313614198825504 0.07199690645973156 0.5405044043624162 0.07617515205536914 0.5720733710850111
0 0.1799992248744488 0.5582240502000654 0.17777624134921607 0.5248792973215745 0.13832019766658502 0.5295555691654418 0.14054318119181775 0.5629003220439327
0 0.255859375 0.5234375 0.21582031250000006 0.5234375 0.21582031250000006 0.55859375 0.255859375 0.55859375
0 0.329129888207873 0.5534519595994475 0.3279010920234807 0.5223224562615102 0.2833083347720995 0.5254517725598528 0.28453713095649175 0.55658127589779
0 0.43341487469059403 0.5523024958745876 0.4310701577970297 0.5210396039603961 0.38905863242574257 0.5266411406765678 0.3914033493193069 0.5579040325907592
0 0.5279859713699394 0.5499056539554776 0.5275418953717724 0.5167479794256721 0.4827999544250079 0.5178132637339283 0.48324403042317493 0.5509709382637339
0 0.5931276356253683 0.5414618014633668 0.5909466268598997 0.5116546816686308 0.5523114089201531 0.5166804010754271 0.5544924176856216 0.5464875208701631
0 0.6860189701312155 0.5399545349907919 0.6846674292127072 0.505715498388582 0.6411254208390885 0.5087710779235727 0.6424769617575968 0.5430101145257827
0 0.7904004913015464 0.5398987865120275 0.7891400209407217 0.5029249892611684 0.7457282941365979 0.5055560030068729 0.7469887644974227 0.542529800257732
0 0.8707720588235295 0.5308823529411765 0.8688648897058824 0.4978247549019608 0.8276051240808824 0.5020565257352941 0.8295122931985295 0.5351141237745098
0 0.9545258957061599 0.5293431199130595 0.95377640295505 0.4993634098686644 0.9121559812014429 0.5012132063910469 0.9129054739525528 0.5311929164354421
0 0.8846684966216217 0.6553082770270271 0.8419726562500001 0.6539843750000001 0.8413597972972974 0.6891216216216217 0.884055637668919 0.6904455236486488
0 0.7542082331730768 0.694747596153846 0.7527403846153845 0.6595192307692307 0.7093900240384615 0.6627303685897435 0.7108578725961539 0.6979587339743589
0 0.6624465858080112 0.70320413213628 0.6608509042645029 0.6627801997007366 0.6155149343922652 0.6659616712707183 0.6171106159357735 0.7063856037062615
0 0.5710163333873057 0.7095328691709845 0.5691482148639897 0.6709250863557857 0.5257928877914507 0.6746545768566494 0.5276610063147668 0.7132623596718481
0 0.47910377649088226 0.7103528780597995 0.47772773302735344 0.6690715741539347 0.42713322834524403 0.6720697670239857 0.42850927180877285 0.7133510709298506
0 0.3872070312500001 0.6744791666666666 0.3417968750000001 0.6744791666666666 0.3417968750000001 0.7135416666666666 0.3872070312500001 0.7135416666666666
0 0.2613702725667756 0.714584784540738 0.2607697729510953 0.6737508106744811 0.21360653313556882 0.6749838365520112 0.21420703275124905 0.7158178104182681
0 0.16862924508024454 0.7176086246974905 0.1664805836836072 0.6810813809546553 0.12451675642434086 0.6854697550471277 0.12666541782097823 0.7219969987899629
0 0.09310258709016397 0.6913119023224042 0.05560354764344268 0.6887478654371583 0.05425236936475416 0.7238785006830599 0.09175140881147545 0.7264425375683059
0 0.04668955888989171 0.9212154971419978 0.044502340929602896 0.8942398089651022 0.011161016471119133 0.8990457656438027 0.013348234431407945 0.9260214538206982
0 0.10517310573630137 0.9255547231735161 0.10415774828767124 0.8890018550228311 0.06758682041952054 0.8908078267694064 0.06860217786815068 0.9273606949200913
0 0.19507077660891092 0.917349938118812 0.19225711633663367 0.8798344678217823 0.1532913056930693 0.8850299092409242 0.1561049659653465 0.9225453795379539
0 0.26056806226620954 0.8776902145677473 0.22277192760286793 0.8751704722568578 0.22131195448877816 0.9141030886325852 0.2591080891521198 0.9166228309434746
0 0.3303735109839109 0.905762041047855 0.32421101485148507 0.8693739686468646 0.2851402962561881 0.881137195750825 0.2913027923886139 0.9175252681518153
0 0.3803710937500001 0.8723958333333334 0.3447265625000001 0.8723958333333334 0.3447265625000001 0.912109375 0.3803710937500001 0.912109375
0 0.4599609375000001 0.869140625 0.4174804687500001 0.869140625 0.4174804687500001 0.908203125 0.4599609375000001 0.908203125
0 0.5412474006469502 0.9053926948552063 0.5407194070586877 0.8687851394023415 0.49685604638401104 0.8699098409581024 0.49738403997227354 0.9065173964109673
0 0.638981497487183 0.901779490465911 0.6376987381104966 0.8650070550008994 0.5962277704229628 0.8675788979582659 0.5975105297996492 0.9043513334232776
0 0.7500523593360348 0.8972295822942642 0.7485108030704487 0.85612141521197 0.6992686740180798 0.8594042238154613 0.7008102302836658 0.9005123908977555
0 0.8636884194017931 0.8911276385167627 0.8605948980446207 0.8507056261163782 0.8124080195666736 0.8572616640045343 0.8155015409238459 0.8976836764049189
0 0.99072265625 0.8470052083333336 0.943359375 0.8470052083333336 0.943359375 0.8899739583333336 0.99072265625 0.8899739583333336