0 0.96826171875 1.5579165661028178e-16 0.9365234375 1.532004443073984e-16 0.9365234375 0.033854166666666824 0.96826171875 0.033854166666666824
0 0.8916015625 1.4335383755644147e-16 0.8623046875 1.409619492768568e-16 0.8623046875 0.03580729166666681 0.8916015625 0.03580729166666682
0 0.8302520571375739 0.0008690828402368364 0.7995689256656805 -0.0019523545364890094 0.797499075443787 0.03806474975345181 0.8281822069156803 0.04088618713017766
0 0.76171875 1.2210589667279762e-16 0.73095703125 1.1959441397923372e-16 0.73095703125 0.03710937500000012 0.76171875 0.03710937500000012
0 0.66492741869251 0.03130389701051247 0.6412255666885678 0.0012815511388523475 0.622512396312418 0.02754564991239598 0.6462142483163602 0.0575679957840561
0 0.5655311841643259 0.010698297050561892 0.5381078827247191 0.0022603581460674906 0.5310140888342697 0.04324672284644201 0.5584373902738765 0.05168466175093641
0 0.4969035823170732 0.024787220528455316 0.4786108993902439 -0.005700584349593492 0.45598323170731714 0.01843559451219508 0.4742759146341464 0.04892339939024389
0 0.40576171875 0.014322916666666732 0.38134765625 0.014322916666666729 0.38134765625 0.05208333333333339 0.40576171875 0.0520833333333334
0 0.35205078125 0.027343750000000056 0.32626953124999997 0.015885416666666707 0.317626953125 0.05045572916666671 0.34340820312500003 0.06191406250000006
0 0.28844852258663367 0.023160323844884537 0.2603602645420792 0.01941522277227727 0.25721786045792083 0.06131394389438949 0.2853061185024753 0.06505904496699676
0 0.045898437500000014 0.17643229166666666 0.014160156250000017 0.17643229166666666 0.014160156250000019 0.21614583333333334 0.045898437500000014 0.21614583333333334
0 0.12890625 0.17708333333333334 0.09863281250000003 0.17708333333333334 0.09863281250000003 0.216796875 0.12890625 0.216796875
0 0.2070275970230673 0.2225588372817955 0.20551526457294264 0.18222997194513713 0.17597485777743144 0.1841993323981712 0.1774871902275561 0.2245281977348296
0 0.2741379034323771 0.18829512465847 0.2423075691598361 0.18443690232240442 0.23959000384221316 0.22429452698087438 0.27142033811475413 0.22815274931693996
0 0.3742909188546756 0.19732514102116783 0.33904062445481514 0.1871628939869738 0.33303541248691565 0.22419503445568745 0.3682857068867761 0.23435728148988147
0 0.4771828573258197 0.18686496755464488 0.4420506211577869 0.18260651468579245 0.43957719646516397 0.21888341017759572 0.47470943263319676 0.22314186304644815
0 0.5722656249999999 0.19140625000000008 0.539453125 0.16953125000000005 0.5271484375 0.20234375000000013 0.5599609374999999 0.22421875000000013
0 0.6694871855945121 0.17969543953252043 0.6347060785060976 0.1745426829268294 0.6316811166158537 0.2108422256097562 0.6664622237042682 0.2159949822154473
0 0.7418442585059171 0.21146295611439844 0.7398171690088757 0.17227255917159764 0.7090334920488165 0.17510324211045367 0.7110605815458578 0.21429363905325446
0 0.8086838942307691 0.1729667467948719 0.7783143028846152 0.17071714743589753 0.7768494591346152 0.20587339743589758 0.8072190504807691 0.20812299679487192
0 0.8930497177924278 0.1717775547534867 0.8591568991234532 0.16736873281280706 0.8565224246832646 0.20337321682871745 0.8904152433522392 0.20778203876939708
0 0.9846280972633135 0.15982032790927034 0.9528389654215975 0.15689718934911256 0.9510014099482247 0.19242326183431965 0.9827905417899406 0.19534640039447745
0 0.9518021698271993 0.45854138614602036 0.9302827297464095 0.4373994801017355 0.9136653879600539 0.46746895571514074 0.9351848280408438 0.4886108617594256
0 0.902884971714666 0.5152928616085833 0.899908488625363 0.47296065767182965 0.8751777287028073 0.4760520026621491 0.8781542117921103 0.5183842065989028
0 0.8730924954379561 0.44521935827250614 0.847776003649635 0.44132451338199524 0.844151317290146 0.4832097779805354 0.8694678090784671 0.4871046228710463
0 0.8173146373820755 0.4474032036163523 0.7894927402712265 0.44579034001572343 0.788121867629717 0.48783043435534607 0.8159437647405661 0.4894432979559749
0 0.7767241037436549 0.47836360511844345 0.7497967560279188 0.4757990958121829 0.7476131226205585 0.5165602527495771 0.7745404703362945 0.5191247620558377
0 0.73388671875 0.45117187500000017 0.7060546875 0.45117187500000017 0.7060546875 0.4908854166666668 0.73388671875 0.4908854166666668
0 0.6651759711811184 0.4566376705159374 0.631993422052269 0.4528453791869261 0.6296988167291329 0.48853923976904395 0.6628813658579822 0.4923315310980552
0 0.5615467524300819 0.4517287687585267 0.5235967076654161 0.447980616189177 0.5213478161238063 0.48846066393815374 0.5592978608884721 0.4922088165075034
0 0.44922255874609984 0.4894523124674988 0.4449750450955538 0.4540563653796153 0.41319105889235563 0.46083694910296424 0.4174385725429017 0.49623289619084776
0 0.4003217388485478 0.4883001599239281 0.3701739172717843 0.47758093447441224 0.3622236449688797 0.517332295988935 0.39237146654564325 0.528051521438451
0 0.34104717548076924 0.48739383012820525 0.3096228966346154 0.48506610576923087 0.3080288461538462 0.5233233173076923 0.339453125 0.5256510416666668
0 0.31118328651685395 0.4683037804307117 0.28910639044943826 0.4499063670411985 0.2741562061095506 0.4818000936329589 0.2962331021769663 0.500197507022472
0 0.2441245719178082 0.5212810359589041 0.2411948844178082 0.4841716609589041 0.21193947988013695 0.4882776826484018 0.21486916738013695 0.5253870576484018
0 0.20336914062500006 0.4729817708333334 0.18432617187500006 0.4475911458333334 0.16479492187500006 0.47363281250000017 0.18383789062500006 0.49902343750000017
0 0.15162991751269037 0.48337695642978007 0.1234880631345178 0.4806967798223351 0.12144323048857872 0.518866989213198 0.1495850848667513 0.521547165820643
0 0.11708984375000003 0.4619791666666666 0.08896484375000005 0.44947916666666665 0.07905273437500006 0.4891276041666666 0.10717773437500004 0.5016276041666666
0 0.04691256009615394 0.46965144230769235 0.020094651442307793 0.4458133012820513 0.005596454326923156 0.47480969551282054 0.0324143629807693 0.4986478365384616
0 0.07709240522540992 0.616365693306011 0.05475954149590165 0.591551400273224 0.036669121413934413 0.6204960724043715 0.05900198514344268 0.6453103654371585
0 0.14997509625716338 0.6030362046322827 0.12103918561962758 0.5923192006924546 0.11302941439828088 0.6307661025549188 0.14196532503581666 0.6414831064947469
0 0.2167920405321782 0.6314459570957097 0.2140750696163366 0.5952196782178217 0.182505994740099 0.5994288882013201 0.1852229656559406 0.635655167079208
0 0.3242912459061136 0.6315843340611355 0.3207943845524018 0.5966157205240173 0.29041007096069865 0.6020173762736535 0.29390693231441045 0.6369859898107715
0 0.41878335782797027 0.6179577918729374 0.39479956296410895 0.5917936520214523 0.3763512337561882 0.6218575959158418 0.4003350286200495 0.6480217357673269
0 0.49864803500660504 0.6027914809004843 0.47069151461360637 0.5898884714883311 0.4618966469204095 0.6237649988991634 0.48985316731340817 0.6366680083113166
0 0.5812966336025283 0.5969708274812736 0.5493328651685395 0.5866836376404496 0.5422818644662923 0.6256320224719102 0.5742456329002811 0.6359192123127343
0 0.6427920909410112 0.6159512523408242 0.6260314255617978 0.580195166198502 0.6012772120786517 0.6008236774344571 0.6180378774578652 0.6365797635767793
0 0.70654296875 0.5859375000000001 0.67822265625 0.5859375000000001 0.67822265625 0.6243489583333335 0.70654296875 0.6243489583333335
0 0.7883310280885214 0.5898234841115436 0.7583577790612842 0.5873257133592737 0.7563837548638134 0.6294382295719846 0.7863570038910506 0.6319360003242543
0 0.8918788379475435 0.6127440457604775 0.8675534060158199 0.5789587236330838 0.845812490242506 0.6067870958229254 0.8701379221742296 0.6405724179503193
0 0.986364055129717 0.5789762676886795 0.9501299012382076 0.5768757370283021 0.9486770341981133 0.6214303262578619 0.9849111880896227 0.6235308569182392
0 0.96044921875 0.7285156250000003 0.93115234375 0.7285156250000003 0.93115234375 0.777994791666667 0.96044921875 0.777994791666667
0 0.8727338005514707 0.7518650428921569 0.847078929227941 0.7300972732843137 0.8323816636029411 0.7608915441176473 0.8580365349264707 0.7826593137254904
0 0.7919987858952703 0.7523314329954957 0.7676111169763513 0.7291050816441443 0.7508182010135135 0.7604518581081083 0.7752058699324325 0.7836782094594597
0 0.7096799879807691 0.7635396634615383 0.6959217247596152 0.7251832932692307 0.6718885216346153 0.7405088141025641 0.6856467848557691 0.7788651842948716
0 0.6423668342976318 0.7563786665769645 0.6174156098627556 0.7274497107104413 0.5978423119617868 0.7574621008252601 0.622793536396663 0.7863910566917833
0 0.5664634967672413 0.7815149066091954 0.5639985183189654 0.7420752514367815 0.5317113415948276 0.7456627155172414 0.5341763200431034 0.7851023706896553
0 0.48780953938065613 0.7568978011877832 0.45932683470022634 0.7389087245475116 0.44665030224830327 0.7745908158936654 0.47513300692873306 0.792579892533937
0 0.41728901291431597 0.7634386386342268 0.3921835055976728 0.7406154501645511 0.37522106950811 0.7737864362952518 0.4003265768247532 0.7966096247649274
0 0.3598842375268241 0.7618361051502148 0.33503847572424905 0.7414498390557941 0.31969848108905585 0.7746864940987127 0.34454424289163094 0.7950727601931332
0 0.29623712969653193 0.7490177926300579 0.2658197480130059 0.7427783297206165 0.26112886109104055 0.783432683044316 0.2915462427745666 0.7896721459537573
0 0.18930288461538458 0.7705328525641025 0.1705228365384615 0.7329727564102564 0.14438100961538458 0.7562099358974358 0.16316105769230765 0.7937700320512819
0 0.08952073317307702 0.7774038461538463 0.07470703125000006 0.7428385416666669 0.04857271634615387 0.7627504006410257 0.06338641826923083 0.7973157051282053
0 0.03992589860515028 0.7666839905221746 0.015924674758583723 0.7469906786480688 0.00011525952253221838 0.7812444116595137 0.024116483369098773 0.8009377235336196
0 0.97705078125 0.9016927083333336 0.94921875 0.9016927083333336 0.94921875 0.9427083333333336 0.97705078125 0.9427083333333336
0 0.9264453125000003 0.9046093750000003 0.8937011718750002 0.8983723958333335 0.8888476562500002 0.9436718750000003 0.9215917968750003 0.9499088541666669
0 0.8492603739754099 0.9141030566939893 0.8178054559426229 0.8957543545081967 0.8061395363729507 0.9313076331967213 0.8375944544057377 0.9496563353825138
0 0.7540056140699524 0.9069869501854798 0.7224031821343402 0.8886666997880234 0.7102000322933226 0.9260896926338104 0.7418024642289348 0.9444099430312667
0 0.6899077316810345 0.9087419181034484 0.6584977774784483 0.8907933728448277 0.6466780037715518 0.9275660021551726 0.6780879579741379 0.9455145474137933
0 0.62353515625 0.900390625 0.59033203125 0.900390625 0.59033203125 0.9459635416666666 0.62353515625 0.9459635416666666
0 0.5378974566677077 0.9450258139444099 0.5370980905488758 0.902392954273371 0.5026591656581824 0.9035409184363941 0.5034585317770144 0.946173778107433
0 0.4761943850194974 0.9134723877094163 0.44463296820840564 0.9117189756643557 0.44335599003466214 0.9525822772241478 0.4749174068457539 0.9543356892692084
0 0.3687998112416108 0.9155524678411632 0.33322901373741615 0.9071828684284116 0.32793493078859065 0.9471826062639822 0.3635057282927853 0.9555522056767338
0 0.27978515625 0.9257812500000001 0.259765625 0.8990885416666669 0.24145507812500006 0.9235026041666669 0.26147460937500006 0.9501953125000001
0 0.1928397362385322 0.9139848528287463 0.15852565940366978 0.9002592220948014 0.15013976490825692 0.9375298642966362 0.18445384174311935 0.9512554950305812
0 0.09410306490384629 0.9290264423076923 0.06397235576923088 0.9060697115384615 0.04930889423076934 0.9402844551282054 0.07943960336538475 0.9632411858974361