0 0.09363472936007958 0.08113844219717066 0.06377121497844829 0.055170168821839095 0.04567437209880637 0.092168158709107 0.07553788648043766 0.11813643208443857
0 0.209345703125 0.0474088541666667 0.180171875 0.020479166666666698 0.159869140625 0.0595807291666667 0.18904296874999998 0.0865104166666667
0 0.31020388719512193 0.019220020325203313 0.2770102896341463 -0.0012068089430894065 0.2634622713414634 0.0379319105691057 0.296655868902439 0.05835873983739842
0 0.9992929687499998 0.13251041666666666 0.9949023437499999 0.10031250000000007 0.9605703124999999 0.10863541666666672 0.9649609374999999 0.14083333333333334
0 0.8965420081967214 0.1323578381147543 0.8637038934426229 0.11320227117486344 0.8505587218237703 0.15326374658469952 0.8833968365778688 0.17241931352459036
0 0.8266506596940842 0.15545123413019998 0.8044271360919772 0.13049850587520262 0.7817366984906806 0.16642503207725556 0.8039602220927877 0.19137776033225293
0 0.7502910401705564 0.1840273881657691 0.7336123344928185 0.15384687312986242 0.7064132279510771 0.180568802363854 0.723091933628815 0.2107493173997607
0 0.706546599093866 0.1604103740706322 0.6836336837825278 0.13690994811028526 0.66457437848513 0.16994607729244138 0.6874872937964682 0.1934465032527883
0 0.6572265625 0.20572916666666688 0.638427734375 0.18066406250000014 0.6162109375 0.21028645833333345 0.635009765625 0.2353515625000002
0 0.5892750459558822 0.22665441176470605 0.5703182444852939 0.19716605392156875 0.5444623161764705 0.22671568627450991 0.5634191176470587 0.25620404411764724
0 0.5120789574795083 0.21752262636612027 0.4851354380122951 0.18758538251366128 0.4663246029713115 0.21768271857923505 0.49326812243852464 0.24761996243169404
0 0.47715594951923074 0.27521033653846155 0.4739708533653846 0.24123597756410253 0.44314152644230764 0.24637419871794866 0.4463266225961538 0.28034855769230765
0 0.38858826519691786 0.25154733875570784 0.35882651969178087 0.233509917237443 0.34844218214897266 0.2639706406963471 0.37820392765410965 0.282008062214612
0 0.36641184812898087 0.31414128848195333 0.3655142814490446 0.2806321324309979 0.33155229896496813 0.28224936969214437 0.3324498656449044 0.31575852574309987
0 0.28536839978448275 0.3256600215517242 0.28349609374999996 0.295703125 0.24745083512931032 0.29970815373563225 0.2493231411637931 0.3296650502873564
0 0.1827143480329949 0.34688425338409473 0.17263146414974617 0.3143949608714044 0.13659135072969542 0.3342791613790186 0.14667423461294415 0.3667684538917089
0 0.04598539169520552 0.36470819063926935 0.013237104023972643 0.34833404680365293 0.0013979559075342762 0.3904287956621004 0.03414624357876715 0.40680293949771684
0 0.02783203125000005 0.533203125 4.906360833498063e-17 0.533203125 5.085752454466913e-17 0.572265625 0.027832031250000052 0.572265625
0 0.09914438790137617 0.5270666093272172 0.08115682339449545 0.5044939793577982 0.06319524082568811 0.5299395546636086 0.08118280533256883 0.5525121846330275
0 0.171961514261745 0.5042942533557048 0.1429713716442953 0.48335692813199116 0.12984152160234896 0.5156765590044744 0.15883166421979866 0.536613884228188
0 0.3021423879977877 0.4512928650442478 0.26769263343473454 0.4482306646386431 0.2655709865873894 0.49066360158554573 0.3000207411504426 0.4937258019911505
0 0.40934838552843344 0.45459054229256085 0.40319247921137336 0.4201174669170243 0.3689761182269313 0.4309798037374821 0.3751320245439914 0.46545287911301864
0 0.4990234375 0.39062500000000017 0.46923828125 0.39062500000000017 0.46923828125 0.4244791666666668 0.4990234375 0.4244791666666668
0 0.9100900586321219 0.25598728102488555 0.8768926894032418 0.24592747216764912 0.8705325623158154 0.2832402177472169 0.9037299315446955 0.29330002660445337
0 0.9802190747008815 0.5333425167926112 0.9721605891845087 0.499317800167926 0.9415944289200251 0.5121877623845507 0.949652914436398 0.5462124790092359
0 0.9108420973557692 0.5372506009615386 0.8910990084134616 0.5078295272435899 0.8643374399038461 0.539755608974359 0.8840805288461538 0.5691766826923078
0 0.7939957643631236 0.5468773196258909 0.7595035072743469 0.5452914687252576 0.7584637349688244 0.58549599787213 0.792955992057601 0.5870818487727634
0 0.5033680387209096 0.529503022890221 0.49944147236424535 0.5018300790432535 0.46934778296897034 0.5094212799717913 0.47327434932563467 0.5370942238187589
0 0.7172122179719919 0.5790623919432921 0.6927677645228216 0.5601929892807748 0.6767993467971992 0.5969687391943294 0.7012438002463695 0.6158381418568467
0 0.6155771321860817 0.6292913593671204 0.6090484942322238 0.593021148512355 0.5744588277704237 0.6040898417801311 0.5809874657242814 0.6403600526348966
0 0.5100638724662161 0.6417546452702703 0.47955289273648644 0.6202174831081081 0.4644808382601351 0.658176731418919 0.4949918179898648 0.6797138935810811
0 0.37646484375 0.6822916666666666 0.34794921875000007 0.6632812500000002 0.3335937500000001 0.7015625000000001 0.362109375 0.7205729166666668
0 0.2881670673076923 0.6028585737179487 0.2868073918269231 0.5702263621794872 0.25381460336538464 0.5726702724358974 0.25517427884615385 0.6053024839743589
0 0.30842821074695115 0.7071948043699186 0.2837080792682927 0.6858676321138212 0.2692716272865854 0.7156154725609757 0.2939917587652438 0.7369426448170732
0 0.22754487076229182 0.7223356339214909 0.2017910357603093 0.7005879510309279 0.18444291794706585 0.7371103043219667 0.21019675294904838 0.7588579872125297
0 0.16475271813457337 0.7298689938913204 0.13466412233315106 0.7222274457512766 0.1288859494666303 0.7626746558169222 0.1589745452680526 0.7703162039569659
0 0.12531364051094895 0.6437281402068128 0.1170734489051095 0.6135141043187349 0.08633667883211679 0.6284167807177616 0.09457687043795623 0.6586308166058396
0 0.0814446570889262 0.7707415757829978 0.05712890625000003 0.748046875 0.03921324454697994 0.7821719449105146 0.06352899538590612 0.8048666456935124
0 0.10585937500000009 0.9260416666666668 0.07968750000000008 0.90859375 0.06679687500000003 0.94296875 0.09296875000000004 0.9604166666666668
0 0.17797851562500006 0.9098307291666669 0.15771484375000006 0.8828125000000001 0.13305664062500006 0.9156901041666669 0.15332031250000006 0.9427083333333335
0 0.28896484375000003 0.8934895833333334 0.280908203125 0.8612630208333333 0.24604492187499996 0.8767578124999998 0.2541015625 0.9089843750000001
0 0.39239257812499995 0.8706640625 0.388427734375 0.8336588541666666 0.35322265625 0.8403645833333333 0.3571875 0.8773697916666666
0 0.503150795990566 0.8206932979559749 0.4828622494103774 0.7911826847484278 0.45834131780660387 0.821152712264151 0.4786298643867925 0.8506633254716981
0 0.61490234375 0.7996354166666665 0.61037109375 0.7573437500000001 0.5753710937500001 0.7640104166666667 0.57990234375 0.8063020833333332
0 0.7650846887807378 0.7616066854508197 0.7620469390368853 0.7170530225409837 0.7260341956967213 0.7214182035519127 0.7290719454405739 0.7659718664617486
0 0.8918127852879212 0.7279999122191011 0.8853197419241572 0.6904845505617977 0.8519053941362359 0.7007658883426965 0.8583984375 0.73828125
0 1.002913382853691 0.6919737661101348 0.9872060014828647 0.6597534966315174 0.9587672657623023 0.6844004009226715 0.9744746471331285 0.716620670401289
0 0.9529666385135136 0.9258164414414415 0.949192356418919 0.8956221846846847 0.9145903716216216 0.9033115146396397 0.9183646537162162 0.9335057713963965
0 0.7710822610294119 0.8813189338235295 0.7634133731617648 0.8404181985294118 0.72998046875 0.8515625 0.7376493566176471 0.8924632352941178
0 0.6018949872324902 0.886787147373541 0.5730768938472763 0.8843856395914399 0.5712073656371596 0.92426890807393 0.6000254590223735 0.9266704158560312
0 0.8133223466606689 0.9630549013900649 0.8096571364309908 0.9298236619743157 0.7733754829064352 0.9369377116850129 0.7770406931361133 0.9701689511007622
0 0.6669921875 0.9641927083333334 0.63134765625 0.9641927083333334 0.63134765625 0.9993489583333334 0.6669921875 0.9993489583333334
0 0.45804740287162155 0.9716884853603602 0.4534667968749999 0.9330078125 0.42305215371621613 0.9394108952702701 0.42763275971283776 0.9780915681306305
0 0.33571089433701656 0.9673292184622468 0.31854551536602216 0.9418990273941071 0.29901426536602216 0.9653365273941071 0.31617964433701656 0.9907667184622468