0 0.11869636910860656 0.0898384135928962 0.11627097207991804 0.054265923838797823 0.07554751536885246 0.05920210040983607 0.07797291239754098 0.09477459016393443
0 0.22335518625311718 0.09350809174979217 0.22198410224438903 0.056945851517040735 0.1856248051745636 0.059369804655029085 0.18699588918329174 0.09593204488778052
0 0.3000098234097633 0.08502064842209074 0.2981641780695266 0.04933817184418147 0.2624370146079882 0.052623428254437866 0.26428265994822486 0.08830590483234714
0 0.37775463563278006 0.07717734266943295 0.37203627463692945 0.040144147648686034 0.33591237681535274 0.05006051175656984 0.34163073781120334 0.08709370677731676
0 0.4989375 0.06382291666666669 0.49361718749999994 0.024807291666666675 0.4543867187499999 0.03431770833333334 0.45970703124999995 0.07333333333333336
0 0.599609375 0.011718750000000095 0.56298828125 0.011718750000000092 0.56298828125 0.052083333333333426 0.599609375 0.052083333333333426
0 0.6768483603227903 0.03675169699595612 0.6756450051451474 -0.001755668688619284 0.6353503777621318 0.0004829217215482351 0.6365537329397747 0.03899028740612363
0 0.9741706813243367 0.19021853080207385 0.9725508205626715 0.15458159404544072 0.9320096280306497 0.1578576500076243 0.9336294887923149 0.19349458676425743
0 0.8740234375 0.16927083333333348 0.8359375 0.16927083333333348 0.8359375 0.20963541666666682 0.8740234375 0.20963541666666682
0 0.773701171875 0.21339843749999998 0.769931640625 0.17821614583333334 0.7317871093749999 0.1854817708333333 0.7355566406249999 0.22066406249999995
0 0.6929914558665231 0.22582455933799786 0.6912987650531486 0.19347535712683886 0.6532956093581809 0.1970105344007894 0.6549883001715554 0.2293597366119484
0 0.6007860527663934 0.23796106557377047 0.5984206903176229 0.20326908299180327 0.5646092149077869 0.207367443647541 0.5669745773565574 0.24205942622950816
0 0.525310018000297 0.2546956960114806 0.5243636106368765 0.21810127795922407 0.4851961475653207 0.2199020808590657 0.48614255492874114 0.25649649891132226
0 0.4501953125 0.22851562500000008 0.40966796875 0.22851562500000008 0.40966796875 0.26757812500000006 0.4501953125 0.26757812500000006
0 0.3830496957056892 0.270215057439825 0.377472391274617 0.23117392642231946 0.3379376367614879 0.2412144989970824 0.3435149411925601 0.2802556300145879
0 0.3028421336206896 0.28369252873563217 0.3011920797413793 0.24629130747126438 0.26071861530172413 0.2494656968390805 0.26236866918103446 0.2868669181034483
0 0.21849377320544555 0.2921565594059406 0.21629409034653466 0.26282745462046203 0.17931041150990099 0.2677586117986798 0.18151009436881188 0.2970877165841584
0 0.14404296875 0.2630208333333333 0.10400390625000003 0.2630208333333333 0.10400390625000003 0.2975260416666667 0.14404296875 0.2975260416666667
0 0.06577676309121622 0.2952896255630631 0.06518369932432432 0.26128730292792796 0.024178895692567568 0.2625587697072072 0.02477195945945946 0.29656109234234235
0 0.294336045886515 0.37890191453940075 0.2538536825402331 0.3771026983906771 0.2530413256104329 0.409596975582686 0.2935236889567148 0.41139619173140957
0 0.15548727101293103 0.41044585129310346 0.15418743265086207 0.3809828484195403 0.11305563038793104 0.3842088721264368 0.11435546875000001 0.41367187499999997
0 0.4305543870192307 0.39385216346153856 0.4290609975961538 0.3580108173076923 0.3943915264423077 0.3605789262820512 0.3958849158653846 0.39642027243589745
0 0.56787109375 0.3411458333333335 0.5341796875 0.3411458333333335 0.5341796875 0.37695312500000017 0.56787109375 0.37695312500000017
0 0.706287478885135 0.35188837274774776 0.7056046769425675 0.31274106137387386 0.6645544763513512 0.3140139358108108 0.6652372782939188 0.3531612471846847
0 0.8170056573275861 0.337805316091954 0.8153556034482758 0.30040409482758623 0.7813224003232758 0.3030733656609196 0.7829724542025861 0.34047458692528726
0 0.91796875 0.2884114583333335 0.8828125 0.2884114583333335 0.8828125 0.3274739583333335 0.91796875 0.3274739583333335
0 0.99951171875 0.4381510416666668 0.97021484375 0.4381510416666668 0.97021484375 0.4837239583333335 0.99951171875 0.4837239583333335
0 0.9347857306985295 0.4545994178921571 0.9012551700367648 0.45116038602941194 0.8988309972426473 0.49317938112745124 0.932361557904412 0.4966184129901963
0 0.8505859375 0.4641927083333335 0.814120844149361 0.4622479033546327 0.8128502208965654 0.5046020117811503 0.8493153142472044 0.506546816759851
0 0.7747979525862068 0.5120016163793104 0.7720837823275861 0.4685748922413793 0.7383014547413792 0.47232848419540235 0.7410156249999998 0.5157552083333333
0 0.7096102517144638 0.5225494207190358 0.7079055291458852 0.4770901522236077 0.6723498870012468 0.4794605283665836 0.6740546095698253 0.5249197968620117
0 0.62548828125 0.49023437500000017 0.58740234375 0.49023437500000017 0.58740234375 0.5332031250000001 0.62548828125 0.5332031250000001
0 0.5552247856498194 0.5200379813477737 0.5229030347472923 0.4944499285499398 0.5060899424638988 0.5322056445547533 0.5384116933664259 0.5577936973525872
0 0.4070998714943221 0.5579731769041064 0.4048718572565382 0.5203444919993118 0.36324193210168615 0.524726589384033 0.36546994633947005 0.5623552742888277
0 0.4907814279033832 0.5497549169106485 0.48767320165094336 0.5093479756289309 0.44392517129554326 0.5153306122587292 0.4470333975479831 0.5557375535404467
0 0.34150633660916296 0.5634795083898945 0.340106670673077 0.5242888621794872 0.29953182444852944 0.526865042892157 0.3009314903846154 0.5660556891025642
0 0.26805510478486644 0.5703291141196835 0.2666206880563798 0.5311217235410485 0.23045484050445103 0.5334739737883284 0.23188925723293768 0.5726813643669634
0 0.20900121228448273 0.5770923132183908 0.2069537984913793 0.5443336925287355 0.1709489493534483 0.548334231321839 0.17299636314655173 0.5810928520114943
0 0.11772336137180514 0.5355233709398296 0.08155076876996808 0.5335941660010649 0.08029028554313103 0.5756102735623003 0.11646287814496808 0.5775394785010649
0 0.9497734837278106 0.6097178562623274 0.9478457840236685 0.5745908838757396 0.9103417390902366 0.5782498150887574 0.9122694387943787 0.6133767874753452
0 0.8544921875 0.5878906250000001 0.8115234375 0.5878906250000001 0.8115234375 0.6263020833333335 0.8544921875 0.6263020833333335
0 0.7663454149590164 0.6336129610655737 0.763948034067623 0.59845137465847 0.7235327548668034 0.6033501963797815 0.7259301357581968 0.6385117827868853
0 0.6930109315151737 0.6402574702907091 0.6905571527880081 0.6067224943527795 0.6484300189672951 0.6122024467197015 0.6508837976944607 0.6457374226576311
0 0.5937059312951263 0.653265079723225 0.5908234854467509 0.6177149142599279 0.5513904557761733 0.6233989545728039 0.5542729016245487 0.6589491200361011
0 0.5201810250486382 0.6649035343709467 0.5186477839250972 0.6321943904020751 0.48007166524805445 0.6354090669584954 0.4816049063715953 0.668118210927367
0 0.43835001528117357 0.677043538610432 0.43383729370415647 0.6369304579258354 0.39647004889975546 0.6444039068867154 0.40098277047677255 0.6845169875713122
0 0.3278762975778547 0.6905240772779702 0.3272707612456747 0.6598435697808535 0.2932302930363322 0.6610379721741638 0.29383582936851216 0.6917184796712803
0 0.2656562000798722 0.69570146099574 0.2645595172723642 0.6591453674121405 0.22460391498602233 0.661276332867412 0.22570059779353033 0.6978324264510117
0 0.17794098020696456 0.6995455540954886 0.17730063239159005 0.6662474676960141 0.13992786783426414 0.6675251690484013 0.14056821564963864 0.7008232554478758
0 0.10971476682166309 0.6730773614150255 0.0662983366384027 0.6620509664478483 0.061054388334245174 0.698758604576951 0.10447081851750556 0.7097849995441283
0 0.14065429687500006 0.9261588541666667 0.1120117187500001 0.9207031249999998 0.10904296875000011 0.9484114583333333 0.13768554687500006 0.9538671875000001
0 0.03857421875000008 0.9147135416666666 8.455325068331824e-17 0.9147135416666666 8.619767387553269e-17 0.9505208333333334 0.03857421875000008 0.9505208333333334
0 0.2258384967672414 0.9187544899425286 0.1934594082783976 0.9128673829445569 0.1900216309584179 0.9464812056288032 0.2224007194472617 0.9523683126267749
0 0.29376643719059414 0.9177495874587461 0.26055364325495056 0.9133212149339937 0.25807356126237635 0.9463889748349835 0.29128635519801993 0.950817347359736
0 0.35369904029187826 0.9151960395516073 0.3205256583121828 0.9120366698392554 0.31894432106598997 0.9415549651015228 0.3521177030456854 0.9447143348138748
0 0.4241661658653847 0.929987980769231 0.41935847355769235 0.8979366987179489 0.38499098557692313 0.9071013621794873 0.3897986778846154 0.9391526442307695
0 0.49676171874999997 0.9160312500000002 0.49262109374999996 0.8856666666666668 0.4613828124999999 0.8932395833333335 0.4655234374999999 0.9236041666666669
0 0.5697357287906136 0.9030427384175693 0.5672551895306858 0.8724494208784597 0.5315528401398917 0.8775957054753308 0.5340333793998194 0.9081890230144404
0 0.6405160715524417 0.8973355704310028 0.6397313531839622 0.865946835691824 0.6039963191939511 0.8675350594247133 0.6047810375624306 0.898923794163892
0 0.713193359375 0.8836848958333334 0.709814453125 0.8521484375 0.6761816406249999 0.8585546875 0.6795605468749999 0.8900911458333334
0 0.8082619345649174 0.8718023423112339 0.8069872777106355 0.8395110353360957 0.7710311636740331 0.8420342714088398 0.772305820528315 0.8743255783839778
0 0.8855539992687543 0.8603199737611837 0.8837292455264969 0.8295019105586144 0.8469135785874052 0.8333772439206241 0.8487383323296627 0.8641953071231933
0 0.9387432574452999 0.8404694675175582 0.9210290151438412 0.8124219172069154 0.8965049508711507 0.839957708670989 0.9142191931726095 0.8680052589816318
0 0.9389990515535028 0.9638434450975687 0.9321752976547504 0.9325047234884836 0.8995776039167467 0.9451231855806141 0.906401357815499 0.9764619071896993
0 0.7971275592672414 0.960802801724138 0.762860317887931 0.9569953304597703 0.7606445312499999 0.9924479166666668 0.7949117726293105 0.9962553879310345
0 0.73193359375 0.9674479166666666 0.69775390625 0.9674479166666666 0.69775390625 0.9993489583333334 0.73193359375 0.9993489583333334
0 0.99951171875 0.8164062500000003 0.9716796875 0.8164062500000003 0.9716796875 0.852213541666667 0.99951171875 0.852213541666667