0 0.9833526107072043 0.05699476068517292 0.9735198591374753 0.016571226454064798 0.9349988898298084 0.0332289429114343 0.9448316413995373 0.07365247714254242
0 0.9045630782736326 0.0679378622919144 0.9037725967969679 0.024724874900911614 0.8583299271700358 0.026202685295283388 0.8591204086467005 0.06941567268628618
0 0.8211102534339737 0.07139436262985853 0.8206534572726357 0.03424160817436863 0.7745512850114187 0.03524930592871216 0.7750080811727567 0.07240206038420205
0 0.7186400197184506 0.07966732394834929 0.7174216565994409 0.039055219981363146 0.6721620407348241 0.041469066160809365 0.6733804038538338 0.0820811701277955
0 0.588427734375 0.08313802083333333 0.584638671875 0.04777343749999998 0.540205078125 0.056236979166666666 0.543994140625 0.09160156250000001
0 0.5133202873416703 0.08586426130671247 0.5102939499248605 0.04712714237154714 0.4657033262666381 0.05332028454630026 0.4687296636834479 0.09205740348146559
0 0.4255524951694411 0.05286984740388432 0.3779912306777646 0.05132313961553712 0.37718129923454224 0.09559939184502585 0.42474256372621877 0.09714609963337305
0 0.32483342886953837 0.09579222056196757 0.3217117296990932 0.05500201806815061 0.278564453125 0.06087239583333334 0.2816861522954452 0.1016625983271503
0 0.21184755481381676 0.10219248887391803 0.20919777376286136 0.0624457731095868 0.16731946273272907 0.06740912849093582 0.1699692437836845 0.10715584425526704
0 0.07619207974137933 0.07454651580459772 0.03497440732758622 0.06996677442528736 0.03218615301724139 0.1145788433908046 0.07340382543103449 0.11915858477011494
0 0.09127987132352942 0.34976256127450983 0.05440027573529416 0.33746936274509803 0.04859834558823534 0.3684129901960784 0.0854779411764706 0.38070618872549017
0 0.19854466261061948 0.33770049778761063 0.15119650511615043 0.3334917726769912 0.14948103913163718 0.3678010923672566 0.19682919662610623 0.3720098174778761
0 0.3040864967744173 0.3620275793100259 0.3031820113068812 0.32584816060858307 0.2543430476553829 0.32801878121531636 0.255247533122919 0.36419819991675917
0 0.3824631496029006 0.32916271005985276 0.3344362374827349 0.325792400437385 0.33315888294198903 0.35815204880294665 0.3811857950621548 0.3615223584254144
0 0.45963826132203595 0.3486987777515352 0.4590881664796883 0.3149596274208786 0.42008655748110535 0.31609010884112737 0.420636652323453 0.349829259171784
0 0.5390377141497461 0.31296266920473775 0.4940315672588832 0.3086763695008461 0.49213544971446693 0.3440705636632826 0.5371415966053299 0.3483568633671743
0 0.6388852194631742 0.3392815849757953 0.6371930514133817 0.3024299252247579 0.5896591756353735 0.3063102416147994 0.5913513436851661 0.34316190136583674
0 0.7388290246563891 0.32417521823922746 0.7297707907689448 0.28574634720158504 0.6841386225390044 0.30486839865032195 0.6931968564264487 0.3432972696879644
0 0.808765188150195 0.32471909541612487 0.8083868812987646 0.2934457290312093 0.7611225262109883 0.2944621667750325 0.7615008330624188 0.325735533159948
0 0.88687861770168 0.3207321244677404 0.8864721008487225 0.2882107762311395 0.8347856118526104 0.2893593648754975 0.8351921287055678 0.3218807131120985
0 0.9933044292851654 0.3135813997245709 0.9927968194537857 0.27906393119075074 0.9465236326623753 0.28027368770817324 0.9470312424937549 0.3147911562419934
0 0.9876608455882354 0.48078278186274526 0.9856014476102942 0.44508655024509797 0.9385167738970589 0.4499157475490196 0.9405761718750001 0.4856119791666668
0 0.835813406422652 0.4569197456261512 0.7911181370856354 0.45378323549723776 0.7895898977037293 0.4924986331721917 0.834285167040746 0.4956351433011052
0 0.7322618140243903 0.5003321900406504 0.7313652820121951 0.4620801575203252 0.6825085746951219 0.4641158536585366 0.6834051067073171 0.5023678861788617
0 0.6462101487692549 0.5055213862579794 0.6456907655079102 0.47158834651679155 0.5982475947777893 0.47287931714890363 0.598766978039134 0.5068123568900915
0 0.553541042380137 0.5066370576484017 0.550972549229452 0.47410281107305935 0.5022474315068494 0.480941424086758 0.5048159246575343 0.5134756706621004
0 0.47021484375 0.48697916666666674 0.4248046875 0.4869791666666667 0.4248046875 0.5182291666666666 0.47021484375 0.5182291666666667
0 0.3919002856910745 0.5284393504477182 0.39070623916811087 0.4902298617128828 0.3431203964471403 0.49287351964182563 0.34431444297010394 0.531083008376661
0 0.28477606755440626 0.5348337027583737 0.2843205832717625 0.4977876477700162 0.23448926463426925 0.49887685692056255 0.23494474891691297 0.53592291190892
0 0.19921875000000006 0.5045572916666666 0.15283203125000006 0.5045572916666666 0.15283203125000006 0.537109375 0.19921875000000006 0.537109375
0 0.12011943075229708 0.5425230905436447 0.11847617366960184 0.5113012059724349 0.06673331618491576 0.5161426429300663 0.06837657326761103 0.5473645275012761
0 0.1493907708625621 0.5942369111536802 0.09547600518697394 0.5910654543492337 0.09430741841814166 0.6263827433628318 0.14822218409372984 0.6295542001672781
0 0.2595451323755116 0.6181014452592087 0.25772790011084584 0.585391264495225 0.21155834328103681 0.5899512207253296 0.21337557554570258 0.6226614014893133
0 0.40869140625 0.5787760416666666 0.359375 0.5787760416666666 0.35937500000000006 0.6158854166666666 0.40869140625000006 0.6158854166666666
0 0.5841565666103804 0.5635773547665601 0.5329783385731427 0.5610023495822966 0.5319507434789372 0.5973107095775568 0.5831289715161749 0.5998857147618203
0 0.77685546875 0.5494791666666669 0.716796875 0.5494791666666669 0.716796875 0.5898437500000001 0.77685546875 0.5898437500000001
0 0.89404296875 0.5436197916666669 0.83935546875 0.5436197916666669 0.83935546875 0.5813802083333335 0.89404296875 0.5813802083333335
0 0.9651358888101983 0.6719587317044383 0.9645117740793201 0.6370083067752598 0.9137825336402267 0.6386187588526914 0.9144066483711049 0.6735691837818698
0 0.8086309287753808 0.6810325454737732 0.8068760905774113 0.6482755657783418 0.7580876229378173 0.6529220865059222 0.7598424611357868 0.6856790662013537
0 0.5442287432366815 0.6975351461339252 0.5433741155660377 0.663350039308176 0.4935271573251942 0.6655654596744358 0.4943817849958379 0.699750566500185
0 0.3707242398648649 0.7125387105855857 0.3662109375 0.6764322916666669 0.3151393581081081 0.6877815315315318 0.31965266047297297 0.7238879504504506
0 0.19003494320090006 0.7231024636732043 0.18969044385578993 0.6950831836042451 0.1409474597830468 0.6961486040211358 0.14129195912815692 0.7241678840900949
0 0.18195645960365864 0.7697275152439024 0.13479182545731716 0.7677623221544715 0.13392244664634154 0.8048558180894309 0.18108708079268301 0.8068210111788617
0 0.05164174242042717 0.7739778488450174 0.009089270875302258 0.7674936627048079 0.0058865235948832445 0.8048590476430296 0.048438995140008156 0.8113432337832392
0 0.06228772112051387 0.7231665689573137 0.06157083184645187 0.6897117361677542 0.017354694509584014 0.6913961604472539 0.018071583783646004 0.7248509932368136
0 0.2727489301353504 0.8011163083864119 0.2717872959792994 0.765215299893843 0.22882103403662424 0.7672613123673037 0.22978266819267518 0.8031623208598727
0 0.3731831971763959 0.7935603056260575 0.37143083756345174 0.7608495928510998 0.3284026015228426 0.7649475200930625 0.3301549611357868 0.7976582328680203
0 0.4648437500000001 0.7473958333333334 0.4223632812500001 0.7473958333333334 0.4223632812500001 0.7864583333333334 0.4648437500000001 0.7864583333333334
0 0.572339222485707 0.7456558872574499 0.5255758876364346 0.7436445610273736 0.5247404292814449 0.7781768397002774 0.5715037641307174 0.7801881659303537
0 0.8439271690266452 0.7573650747427685 0.8397126506078916 0.7189661291496797 0.7896696522823238 0.7287306166278392 0.7938841707010774 0.7671295622209281
0 0.7236328125 0.734375 0.673828125 0.734375 0.673828125 0.7688802083333334 0.7236328125 0.7688802083333334
0 0.9583308785860655 0.7535169057377047 0.9569899462090163 0.7186526639344262 0.9035322745901639 0.7223078893442624 0.9048732069672131 0.7571721311475409
0 0.8020776406001588 0.9083252600026497 0.7999133669515102 0.8722540325251722 0.7568103202007153 0.8768516908452569 0.7589745938493639 0.9129229183227344
0 0.7080078125 0.8795572916666666 0.6630859375 0.8795572916666666 0.6630859375 0.9147135416666666 0.7080078125 0.9147135416666666
0 0.592962829980902 0.9207208369270576 0.5918948200314195 0.8886805384425828 0.5528010353776491 0.8909972071628062 0.5538690453271317 0.9230375056472812
0 0.4863281250000001 0.896484375 0.4418945312500001 0.896484375 0.4418945312500001 0.9329427083333334 0.4863281250000001 0.9329427083333334
0 0.3689895072992701 0.9405280565693431 0.3659486199817518 0.9053889142335766 0.32224709169708027 0.9121122262773721 0.32528797901459855 0.9472513686131387
0 0.2583007812500001 0.9134114583333334 0.2099609375000001 0.9134114583333334 0.2099609375000001 0.9498697916666666 0.2583007812500001 0.9498697916666666
0 0.13751820830298617 0.9481053881403255 0.13622584554806993 0.9162271068523914 0.08273717737163146 0.9200821460002427 0.0840295401265477 0.9519604272881769