0 0.9750687365879828 0.060760908440629514 0.9725715866416309 0.02302619814020031 0.9407934884656654 0.026764797925608003 0.9432906384120172 0.06449950822603721
0 0.8994065311696657 0.06720457101542421 0.8913800158660026 0.025925349453727486 0.8607086730800128 0.03652778893530425 0.8687351883836759 0.07780701049700096
0 0.8342104442579825 0.05666897224238032 0.8130208805787371 0.03265413340590236 0.7939375170083454 0.06258882135945824 0.8151270806875905 0.0866036601959362
0 0.781494140625 0.058919270833333336 0.76220703125 0.033203125 0.74072265625 0.061848958333333336 0.760009765625 0.08756510416666667
0 0.7067235539160681 0.05640685779473379 0.6846711246072711 0.03474131321065251 0.6667896866584381 0.06709820092758845 0.6888421159672351 0.08876374551166973
0 0.6418974355250928 0.06424982574349454 0.6264321706552043 0.03744336663568785 0.6002864341310408 0.06425950666047098 0.6157516990009293 0.09106596576827768
0 0.5392951827617328 0.06927600406137191 0.5260005358754513 0.041701921630565596 0.4979411101083031 0.06575285800240678 0.5112357569945848 0.0933269404332131
0 0.4847322223871733 0.0604061510292954 0.4674231739904987 0.03567893903404599 0.4462507886728028 0.06202679631828981 0.4635598370694774 0.08675400831353923
0 0.43351229871724895 0.0713860080058224 0.41630262349890834 0.03757050582241628 0.3911917474072053 0.06028986990538573 0.4084014226255459 0.09410537208879184
0 0.34800037718507215 0.08537967073621901 0.34714087212125416 0.05099946818349982 0.3126902183337958 0.0525306083518313 0.3135497233976138 0.0869108109045505
0 0.26321034888698625 0.07518193493150688 0.2546219499143835 0.04464540525114156 0.21957272046232876 0.06217001997716896 0.2281611194349315 0.09270654965753428
0 0.2081182761270492 0.07440659153005467 0.193560290727459 0.04305093066939889 0.16498383068647537 0.066637850068306 0.17954181608606556 0.09799351092896176
0 0.13433769311797755 0.07239729634831461 0.10914457514044947 0.0514030313670412 0.09452356917134833 0.08259451076779026 0.11971668714887641 0.10358877574906368
0 0.07770003223231829 0.06707647757039949 0.04536794726178783 0.05727887606417814 0.03964095499754421 0.090877230681074 0.07197303996807468 0.10067483218729538
0 0.11596275034530387 0.254129258747698 0.09559521754143646 0.22968821938305709 0.07425381992403314 0.2613051047421731 0.09462135272790055 0.28574614410681404
0 0.1995447984197731 0.2450892254186927 0.1781482665619935 0.22106504929767704 0.15988955505470018 0.24997467585089153 0.18128608691247977 0.2739988519719072
0 0.2792465013188746 0.23265237275302855 0.25498184257766704 0.20733272884915985 0.23385924219665885 0.24331938135013678 0.25812390093786636 0.2686390252540055
0 0.3696884527439024 0.24017085873983746 0.3518721417682926 0.2104770071138212 0.32311118521341464 0.24115536077235777 0.3409274961890244 0.27084921239837406
0 0.4318359375 0.24335937500000004 0.42060546875 0.2134114583333333 0.38798828125000007 0.23515624999999993 0.39921875000000007 0.26510416666666664
0 0.5434472656249999 0.25641927083333327 0.5396191406249999 0.22069010416666665 0.505302734375 0.22722656249999998 0.509130859375 0.2629557291666666
0 0.618997713414634 0.23999618902439032 0.6025152439024389 0.212525406504065 0.5736947408536585 0.24326727642276422 0.5901772103658536 0.2707380589430895
0 0.6885981721698113 0.23390084512578624 0.670052697523585 0.20692560927672962 0.6414633696933962 0.2418681210691824 0.6600088443396227 0.268843356918239
0 0.7659926321959896 0.2335108748382925 0.7440913547056921 0.2109459222725314 0.7231192644324062 0.24713305843035802 0.7450205419227036 0.2696980109961191
0 0.847899199695122 0.24549352134146338 0.8353372713414634 0.209203506097561 0.8034441692073171 0.22883003048780495 0.8160060975609756 0.26512004573170733
0 0.9254018930288462 0.22674779647435903 0.9029559795673078 0.20347055288461532 0.8820274939903847 0.23934795673076917 0.9044734074519232 0.2626252003205129
0 0.99951171875 0.20117187500000014 0.966796875 0.20117187500000014 0.966796875 0.24479166666666682 0.99951171875 0.24479166666666682
0 0.9811081220518869 0.3579967570754717 0.9603939416273586 0.3278670400943398 0.9361604510613207 0.3574857507861638 0.9568746314858491 0.38761546776729566
0 0.9089373519812847 0.37089338320240306 0.8988851663585953 0.33312153419593343 0.866331428344501 0.34852330271873067 0.8763836139671906 0.3862951517252003
0 0.8350172502281021 0.37847190541362524 0.8318737169251824 0.3421466316909975 0.7975685732208029 0.3474243461070559 0.8007121065237226 0.38374961982968364
0 0.7548189603365384 0.36689202724358966 0.7366774338942308 0.3357922676282051 0.709600360576923 0.3638721955128205 0.7277418870192307 0.3949719551282051
0 0.6728254378980891 0.3630871815286625 0.6482328572850319 0.3402766719745223 0.6327272840366243 0.36999568736730365 0.6573198646496815 0.3928061969214438
0 0.6106813401442307 0.36501101762820526 0.5902283653846154 0.3406109775641027 0.5719538762019232 0.36784354967948735 0.5924068509615384 0.3922435897435898
0 0.5440021106941839 0.36415215564415265 0.5204926968515479 0.33782161214040024 0.5028417419090057 0.3658390009380863 0.5263511557516417 0.3921695444418387
0 0.4684053308823529 0.35688572303921573 0.43867761948529405 0.3331035539215687 0.42329676011029405 0.3672832414215687 0.4530244715073529 0.39106541053921573
0 0.36145608836206894 0.36357758620689656 0.3356647359913793 0.3330100574712644 0.3136011584051724 0.36610542385057476 0.339392510775862 0.39667295258620694
0 0.23549897989649682 0.36865462446921454 0.20824542197452234 0.3433759620488323 0.1906896894904459 0.3770244493099788 0.21794324741242038 0.402303111730361
0 0.14980649177251737 0.3742587447074673 0.12392645785219403 0.3499010657236336 0.10559053839491919 0.3845355802540416 0.13147057231524253 0.4088932592378754
0 0.07811180320945947 0.5448163006756757 0.07382284628378379 0.5105046452702703 0.03399493243243243 0.5193552927927928 0.038283889358108114 0.5536669481981982
0 0.13444552013558778 0.5239515246866898 0.11742699836592482 0.4998849282447422 0.09168145155844859 0.532250758516998 0.10869997332811154 0.5563173549589456
0 0.2157404449349442 0.53358552122057 0.21068591717007432 0.4989259022614621 0.16730911651951674 0.5101717394671622 0.1723636442843866 0.5448313584262702
0 0.28732406560992163 0.523217999220949 0.2767853777141134 0.4926351402291918 0.24311517547496983 0.5132619307901086 0.25365386337077805 0.5438447897818658
0 0.370660184797503 0.5221726870178643 0.3582872211860536 0.49271324984774667 0.32615641176918386 0.5167042542123427 0.3385293753806333 0.5461636913824603
0 0.4196610124143836 0.5257651969178082 0.4111127461472603 0.4953713613013699 0.3771337221746575 0.5123608732876712 0.3856819884417808 0.5427547089041096
0 0.4943568879757786 0.518769824106113 0.48309769679930803 0.4906218461649367 0.4485547550821799 0.5151857158304499 0.45981394625865046 0.5433336937716263
0 0.601694985868174 0.5214477122440274 0.5846093083404438 0.4925919013083051 0.5541650557273892 0.5246384830062574 0.5712507332551194 0.5534942939419797
0 0.6836941002155172 0.5242618534482758 0.66982421875 0.4938802083333334 0.6437385506465516 0.5150511853448277 0.6576084321120689 0.5454328304597702
0 0.7432595638477935 0.5257230023403544 0.7391838601742728 0.49764593258943507 0.7028830632522568 0.5070138801822134 0.7069587669257774 0.5350909499331328
0 0.808308151533019 0.5211895636792453 0.7952489313089623 0.4898474351415094 0.7591391509433962 0.5165954205974842 0.7721983711674529 0.5479375491352201
0 0.8787914999493516 0.5152398618989734 0.8599503330125606 0.48540801424905444 0.832539315741491 0.5161852967990274 0.8513804826782819 0.5460171444489464
0 0.9386268028846154 0.5146233974358975 0.9241286057692308 0.48562700320512836 0.8940429687500002 0.5123697916666666 0.9085411658653848 0.5413661858974358
0 0.99951171875 0.6093750000000001 0.96630859375 0.6093750000000001 0.96630859375 0.6490885416666669 0.99951171875 0.6490885416666669
0 0.9388437973264214 0.6343421142047223 0.9085184827877448 0.609793050054365 0.8943305677714355 0.6409508242078288 0.9246558823101121 0.6654998883581861
0 0.8773282423551503 0.6410329488555081 0.848450492891631 0.6173383851931334 0.8344181699302576 0.6477417516094424 0.8632959193937769 0.6714363152718171
0 0.8091631514576677 0.6420269235889244 0.784299807807508 0.6114258852502662 0.7605815070886581 0.6456856529552716 0.7854448507388179 0.6762866912939298
0 0.7207603717672414 0.6425736350574713 0.6981512661637931 0.6157776580459771 0.6761146282327586 0.6488326149425289 0.6987237338362069 0.6756285919540231
0 0.6442382812499999 0.6485677083333333 0.6319486177884615 0.619891826923077 0.6017653245192307 0.6428886217948718 0.6140549879807692 0.6715645032051283
0 0.564244950457317 0.6590866361788618 0.5633698551829267 0.621749237804878 0.5232936356707317 0.6234190802845528 0.5241687309451221 0.6607564786585365
0 0.4760835489649682 0.6318587446921445 0.4402368630573249 0.6178012208067942 0.43271826482882175 0.6518855327760087 0.46856495073646504 0.665943056661359
0 0.3926651454207921 0.6440220193894391 0.3734553875309406 0.6127172287541255 0.3470253519492574 0.6415499948432345 0.3662351098391089 0.672854785478548
0 0.29472052190721654 0.6400209407216496 0.2747095481636598 0.6107985663659794 0.24904155927835053 0.6420465528350516 0.26905253302190724 0.6712689271907218
0 0.2114392510775862 0.6565553160919539 0.21012425915948277 0.6267488326149425 0.17108196390086206 0.6298109734195402 0.1723969558189655 0.6596174568965517
0 0.1313190328663794 0.6347633800287356 0.09219086745689661 0.6316945043103448 0.09085567079741386 0.6619589619252874 0.12998383620689663 0.6650278376436781
0 0.14293913294057378 0.8689666581284153 0.12807937371926234 0.8369610228825137 0.09412381531762298 0.8649878329918034 0.10898357453893442 0.8969934682377051
0 0.06298749433420629 0.6604725901490733 0.06042844417304593 0.6306170049355359 0.019721290164182115 0.6368199998321247 0.02228034032534247 0.6666755850456622
0 0.2060546875 0.8697916666666666 0.19741210937499998 0.8352213541666665 0.15756835937499997 0.8529296875 0.1662109375 0.8875000000000001
0 0.29990602889150947 0.8771005306603774 0.2976226585177794 0.8395517734034833 0.2550263204145501 0.8441567829281568 0.25730969078828014 0.8817055401850508
0 0.4001717403017242 0.8693875718390803 0.39013671875 0.8359374999999999 0.3534314385775862 0.8555136494252872 0.3634664601293104 0.8889637212643677
0 0.4762144495876455 0.859348890955153 0.4590115368289133 0.829665433645968 0.42896676402813716 0.8606206541073739 0.44616967678686936 0.8903041114165587
0 0.5451205549568966 0.8561736709770117 0.5266668911637931 0.8284931752873564 0.5002997036637931 0.8597431752873564 0.5187533674568966 0.8874236709770117
0 0.6127163406706204 0.8651084435827251 0.601876140510949 0.8341364431265207 0.567446966240876 0.8555590404501218 0.5782871664005474 0.8865310409063261
0 0.686042723051504 0.8604919192494682 0.6744984545920694 0.8325932704725009 0.6419184779512306 0.8565601498404739 0.6534627464106655 0.8844587986174414
0 0.7496711058937826 0.8662497301381696 0.7357867147020727 0.8345139788428325 0.7035449724740934 0.8595908894645943 0.7174293636658033 0.8913266407599312
0 0.808837890625 0.8597005208333335 0.7890625 0.8333333333333335 0.766845703125 0.862955729166667 0.78662109375 0.889322916666667
0 0.8671582031249999 0.8688671874999999 0.8638085937499999 0.8376041666666666 0.8284667968749999 0.8443359375 0.83181640625 0.8755989583333333
0 0.9629607823781587 0.8527480069193741 0.9499591042418771 0.823551256016847 0.9163286890794222 0.8501753346871238 0.9293303672157038 0.879372085589651
0 0.0443474264705882 0.8696001838235294 0.029569738051470562 0.8367608762254902 -0.004609949448529438 0.8641046262254902 0.010167738970588203 0.8969439338235294