0 0.9417487157534246 0.07035352454337906 0.920618846318493 0.040013199200913396 0.8955225278253423 0.07108483162100472 0.9166523972602738 0.10142515696347039
0 0.8810187621437825 0.09151014680483593 0.8792022546955959 0.053968992875647666 0.8414467292746114 0.05721678000863558 0.843263236722798 0.09475793393782385
0 0.8016095460766421 0.07797198144768862 0.7775561701642334 0.0475887697688564 0.7531135948905108 0.08198943126520675 0.7771669708029196 0.11237264294403897
0 0.7165106411637929 0.08396192528735631 0.690966796875 0.05514322916666662 0.6708159348060344 0.08689610272988506 0.6963597790948275 0.11571479885057474
0 0.6287459687976007 0.08645466409621734 0.5949731203589108 0.06253222978547864 0.5805905785891089 0.09862958952145225 0.6143634270277988 0.12255202383219095
0 0.5490589277761282 0.09328916765637378 0.5277067714519001 0.0627860871931909 0.5010368727731591 0.09597529443784651 0.5223890290973872 0.1264783749010294
0 0.45722311749755024 0.11973999162992001 0.45458960451371877 0.08023729687244814 0.4115378395241303 0.08533972827862162 0.4141713525079618 0.12484242303609346
0 0.357421875 0.09375000000000007 0.32177734375 0.09375000000000006 0.32177734375 0.13085937500000006 0.357421875 0.13085937500000008
0 0.26133718588917526 0.10624463058419246 0.2212477851159794 0.1038149699312715 0.22031854059278352 0.13107280927835055 0.2604079413659794 0.13350246993127152
0 0.13051528033088236 0.12346277573529414 0.09471794577205882 0.10401731004901964 0.08348920036764707 0.14076593137254903 0.1192865349264706 0.16021139705882353
0 0.1389632601351351 0.3024605855855856 0.12702808277027028 0.2717701295045046 0.0949171241554054 0.2939702984234234 0.10685230152027025 0.3246607545045045
0 0.210869140625 0.30858072916666673 0.20772575827205883 0.2680660232843137 0.16399586397058824 0.27409773284313727 0.16713924632352942 0.3146124387254902
0 0.31439647358425415 0.2999971224677717 0.31313395631906077 0.2680133517495396 0.27479443629143646 0.2707038443830571 0.27605695355662985 0.30268761510128916
0 0.4199262249443207 0.28151244664068303 0.40836896662722716 0.24950773130103934 0.37382442754732736 0.2716844724387528 0.3853816858644209 0.3036891877783965
0 0.49736456058951967 0.28484352256186324 0.4932792030567686 0.2439899472343523 0.4539395128275109 0.25098366994177584 0.45802487036026196 0.2918372452692868
0 0.5868021566465107 0.2557865781126092 0.5587017836786281 0.23205737427306383 0.5412727374107851 0.26875010325799636 0.5693731103786677 0.2924793070975417
0 0.7362477977703326 0.25947560459026503 0.7236120537777263 0.22409552141096747 0.6845486512245841 0.24889768176216895 0.6971843952171903 0.2842777649414665
0 0.829896885234716 0.26348708151382827 0.8261484204421397 0.22600243358806404 0.7830666621179039 0.23366141284570596 0.7868151269104803 0.2711460607714702
0 0.9224864318307523 0.22540157171828923 0.8810041309457964 0.22171425608407094 0.8794571868086283 0.25265313882743373 0.9209394876935841 0.25634045446165205
0 0.03849799384898191 0.3201313277714933 0.03747061474830317 0.2913647129524887 -0.0008771387160633488 0.2937994909502263 0.00015024038461538408 0.32256610576923084
0 0.07944335937500001 0.5137369791666667 0.07729779411764706 0.4765471813725491 0.035141888786764705 0.4808708639705883 0.037287454044117645 0.518060661764706
0 0.1410162753190899 0.5084895544302627 0.14011829304245282 0.47257026336477986 0.10023747485432852 0.47434274417314093 0.1011354571309656 0.5102620352386238
0 0.24470917563056377 0.4999153839020772 0.2435378801928783 0.46789997527200794 0.2023820011127596 0.47057678041543033 0.20355329655044507 0.5025921890454995
0 0.33154296875 0.466796875 0.29833984375 0.466796875 0.29833984375 0.4915364583333333 0.33154296875 0.4915364583333333
0 0.42862161775914637 0.48851149644308944 0.42565024771341464 0.45285505589430897 0.38915420160060976 0.45826187754065045 0.3921255716463415 0.49391831808943093
0 0.50048828125 0.4518229166666668 0.45947265625 0.4518229166666668 0.45947265625 0.4876302083333335 0.50048828125 0.4876302083333335
0 0.5738523725272853 0.4486520861755345 0.5435642799283766 0.4456606696225558 0.5417004178035472 0.47921018786948627 0.5719885104024558 0.4822016044224649
0 0.7568173730048422 0.46322828864777615 0.7535580781474176 0.4310699127211861 0.7161292537213056 0.4378138450502152 0.7193885485787302 0.46997222097680535
0 0.8730973868534482 0.4304956896551726 0.8382442079741379 0.41190732758620713 0.8280408135775862 0.4459186422413795 0.8628939924568965 0.464507004310345
0 0.981819362815367 0.4461457138761468 0.9808531034977065 0.40363030389908255 0.9419447032683486 0.4052023604740061 0.942910962586009 0.44771777045107036
0 0.9479695431472082 0.5528533470812182 0.9462320550444162 0.5204202358291031 0.9119829671637055 0.5236820537225042 0.9137204552664975 0.5561151649746193
0 0.7599462818072066 0.5426698319093612 0.7277567213038633 0.520277094167905 0.7116064380572065 0.5615500402426945 0.7437959985605498 0.5839427779841507
0 0.45745549436475413 0.5608350409836066 0.4218389792520492 0.5565178876366121 0.4194295914446722 0.5918555754781422 0.4550461065573771 0.5961727288251367
0 0.34826158497431503 0.5953954409246577 0.3379106913527397 0.5650328196347033 0.3062359535530822 0.5842296304223745 0.3165868471746575 0.6145922517123289
0 0.22667131470320098 0.6049912842720151 0.2247660681726094 0.5753541160183684 0.1842988692767423 0.5799789387493246 0.18620411580733387 0.6096161070029713
0 0.09536384503865979 0.6183029961340206 0.09416076030927834 0.5830125107388316 0.05604260631443299 0.5853227018900343 0.05724569104381444 0.6206131872852233
0 0.2207434418004588 0.6525229357798166 0.18845326834862386 0.6450353593272171 0.18298810206422023 0.6869349675076454 0.21527827551605516 0.6944225439602447
0 0.6930739182692306 0.6338040865384617 0.6688092123868777 0.6027991845776773 0.6462872949660633 0.6341340262066365 0.6705520008484162 0.6651389281674209
0 0.571057593533737 0.6458243223760093 0.5553244620458477 0.6064914936562862 0.5232398221237025 0.6293072376009229 0.5389729536115917 0.6686400663206459
0 0.9283468433887283 0.7042012885356455 0.9237462743858381 0.6643296905105973 0.8815141799132947 0.672992684248555 0.8861147489161849 0.7128642822736032
0 0.7926636402027026 0.6997846283783785 0.7724994721283783 0.6716188063063063 0.7482279349662162 0.7025098536036037 0.7683921030405405 0.7306756756756759
0 0.67138671875 0.6953125 0.63330078125 0.6953125 0.63330078125 0.728515625 0.67138671875 0.728515625
0 0.6100717905405406 0.7224204673423426 0.6019847972972974 0.687376829954955 0.5598500844594594 0.7046628659909909 0.5679370777027027 0.7397065033783785
0 0.5154908529804272 0.7177338189501782 0.4923984514012455 0.6880843156880191 0.4694474949955515 0.7198625630189799 0.4925398965747332 0.749512066281139
0 0.4199218750000001 0.7278645833333335 0.3994140625 0.7005208333333335 0.37548828125 0.7324218750000001 0.3959960937500001 0.7597656250000001
0 0.31669921875 0.7518229166666668 0.308740234375 0.7199869791666668 0.27387695312499993 0.7354817708333333 0.2818359375 0.7673177083333335
0 0.1646780763618677 0.7644343790531777 0.16311063655155644 0.7309956630998702 0.1250208991974708 0.7341698078793772 0.1265883390077821 0.7676085238326847
0 0.0507898921460177 0.767750967920354 0.04927319551991151 0.73741703539823 0.008568687776548671 0.7410352138643068 0.01008538440265487 0.7713691463864308
0 0.128662109375 0.9085286458333335 0.12364783653846155 0.8751001602564102 0.08411583533653845 0.8856420272435898 0.08913010817307691 0.9190705128205129
0 0.21990472416729756 0.8774563146606106 0.17913305497728998 0.8699060055513499 0.17573061068792586 0.9025694707292455 0.21650227987793344 0.9101197798385062
0 0.3118857479659763 0.8939718934911242 0.31080835105399407 0.8743393275394477 0.27684622318786983 0.8776527058678502 0.2779236200998521 0.8972852718195266
0 0.3988758042279412 0.8919339767156863 0.3962666590073529 0.8583049938725491 0.35368623621323536 0.864178155637255 0.35629538143382355 0.8978071384803923
0 0.47225413602941174 0.880016850490196 0.46579159007352944 0.8455499387254902 0.4268439797794118 0.8585324754901961 0.4333065257352941 0.8929993872549019
0 0.551221894054878 0.87182418699187 0.548560165777439 0.8398834476626016 0.5093309355945121 0.8456951854674797 0.5119926638719512 0.8776359247967481
0 0.66259765625 0.8352864583333334 0.62109375 0.8352864583333334 0.62109375 0.869140625 0.66259765625 0.869140625
0 0.750057444852941 0.8590303308823528 0.743508731617647 0.8241038602941178 0.7073184742647058 0.8361672794117648 0.7138671874999999 0.8710937499999999
0 0.8148407035311958 0.8548504296649337 0.813736358589688 0.8195113915366842 0.7724668611893413 0.8218041413922589 0.7735712061308491 0.8571431795205084
0 0.9047732080954323 0.8176148722131594 0.8588006920371125 0.8158635382680807 0.8580746425112153 0.8497458494766179 0.9040471585695351 0.8514971834216967
0 0.99951171875 0.8105468750000003 0.96044921875 0.8105468750000003 0.96044921875 0.8450520833333336 0.99951171875 0.8450520833333336