0 0.533203125 8.519108755787414e-17 0.50341796875 8.275933447362972e-17 0.50341796875 0.03450520833333342 0.533203125 0.03450520833333342
0 0.41186936651533845 0.04797369020333805 0.4071304902371297 0.01457589548072404 0.3722207912773272 0.02338194566878234 0.37695966755553595 0.05677974039139635
0 0.26904296875 0.03515625000000005 0.24072265625 0.03515625000000004 0.24072265625 0.0670572916666667 0.26904296875 0.0670572916666667
0 0.15136718749999997 0.05533854166666668 0.12905649038461536 0.03550681089743591 0.11283052884615383 0.06795873397435899 0.13514122596153844 0.08779046474358976
0 0.06081666464007781 0.09234405398832685 0.05915232855058365 0.056838217412451354 0.028692698200389107 0.059376519941634225 0.03035703428988326 0.09488235651750972
0 0.04363012947747415 0.20847469688577058 0.04263986336779912 0.1741454717503693 0.010385893648449041 0.17579952147956668 0.011376159758124074 0.21012874661496797
0 0.09370313999520156 0.1565411568298145 0.07017941758637238 0.13929042706333974 0.056086739743282155 0.17345449456174025 0.07961046215211134 0.19070522432821502
0 0.14372979525862065 0.17832255747126435 0.12452182112068964 0.14951059626436783 0.1028522359913793 0.17519306752873565 0.12206021012931031 0.20400502873563217
0 0.20662718606651378 0.15983610474006119 0.18163166571100917 0.15404004204892968 0.1774673881880734 0.18596616972477065 0.202462908543578 0.19176223241590215
0 0.22852882179054052 0.14333474099099097 0.2064044024493243 0.12226386542792793 0.19281170819256754 0.14763689470720723 0.21493612753378374 0.16870777027027026
0 0.2841796875 0.14388020833333337 0.2568359375 0.14388020833333337 0.2568359375 0.17838541666666674 0.2841796875 0.17838541666666674
0 0.32524429055783 0.14796704409757758 0.3221516760491299 0.11601002750767653 0.2886401891952405 0.1217754446008188 0.2917328037039406 0.15373246119071984
0 0.3956888606039326 0.1605512640449438 0.3901833523525281 0.12874166081460672 0.36340194873595505 0.13698209269662923 0.36890745698735955 0.16879169592696627
0 0.43732421874999994 0.11880208333333338 0.41537109375000003 0.0968489583333334 0.39685546875 0.12976562500000008 0.41880859374999996 0.15171875000000004
0 0.5293628589527027 0.12292370495495497 0.525219066722973 0.08977336711711714 0.4952887457770271 0.09642454954954956 0.4994325380067568 0.1295748873873874
0 0.620812186359489 0.10069286040145993 0.6125149692062043 0.07026973083941612 0.5839344776459854 0.08412693886861322 0.5922316947992701 0.11455006843065703
0 0.6892770161055451 0.08458505650046604 0.684247218662628 0.0539272435150668 0.6541621767241378 0.06270204741379315 0.6591919741670549 0.09335986039919238
0 0.8161291173986487 0.059631897522522515 0.812671558277027 0.03197142454954952 0.7851166596283783 0.03809473536036034 0.78857421875 0.06575520833333333
0 0.7520122890054743 0.07403436739659369 0.7499101847627736 0.049743385036496335 0.7250384922445254 0.05356979927007297 0.7271405964872262 0.07786078163017034
0 0.9128676470588237 0.04178921568627453 0.9110150505514707 0.009677542892156851 0.8781565946691177 0.013047640931372543 0.8800091911764707 0.04515931372549022
0 0.9550981365266393 0.21578829405737707 0.9527767994364754 0.18174201673497267 0.9207703637295083 0.18562158469945356 0.9230917008196722 0.21966786202185792
0 0.8418217224482248 0.21013159516765298 0.8117753790680473 0.20736871301775162 0.809978272928994 0.24211276503944787 0.8400246163091716 0.24487564718934926
0 0.7521645457474225 0.2503087414089349 0.7349981878221649 0.23145940721649513 0.7205933875644329 0.25478146477663255 0.7377597454896906 0.27363079896907233
0 0.6906640624999999 0.27692708333333327 0.6876074218749999 0.24839843749999999 0.662041015625 0.25326822916666664 0.66509765625 0.28179687499999995
0 0.63720703125 0.2747395833333333 0.619384765625 0.25097656250000006 0.59716796875 0.2805989583333334 0.614990234375 0.3043619791666667
0 0.5303422132184294 0.31870334142831447 0.5290963450317052 0.28298845340888645 0.49627082771181863 0.2850241444054686 0.49751669589854286 0.3207390324248966
0 0.4760236196567358 0.30508217292746126 0.45489343830958556 0.2886475874352332 0.43982249838082904 0.3230954501295338 0.46095267972797926 0.3395300356217618
0 0.39729450741876654 0.3394267034151193 0.3926124471568302 0.3057158695291777 0.3653885009118037 0.31243783156498667 0.37007056117374004 0.3461486654509283
0 0.22687654266572632 0.344568163787024 0.20583155192172076 0.32543635401974624 0.1907079182827927 0.3550114598025389 0.21175290902679827 0.37414326956981664
0 0.171497911509901 0.3693211117986799 0.16894531250000003 0.3352864583333334 0.1429358756188119 0.33875438325082513 0.1454884746287129 0.37278903671617164
0 0.11493173731435645 0.3678372524752476 0.10539429919554456 0.33445621905940603 0.07680519028465348 0.3489776712046206 0.08634262840346536 0.3823587046204622
0 0.05458984374999999 0.4971354166666666 0.05097656249999999 0.4634114583333333 0.02206054687499999 0.46891927083333335 0.025673828124999992 0.5026432291666666
0 0.14170308632425743 0.4850776093234323 0.13924717667079206 0.4523321472772277 0.10956354424504951 0.4562899649339934 0.11201945389851486 0.489035426980198
0 0.2880859375 0.4453125 0.2578125 0.4453125 0.2578125 0.4778645833333333 0.2880859375 0.4778645833333333
0 0.406590605945122 0.46049606199186993 0.40578458460365857 0.4261058180894309 0.3738638528963415 0.42743584857723577 0.3746698742378049 0.4618260924796748
0 0.5094904767335766 0.434537522810219 0.5068131272810219 0.40359926246958633 0.47912437271897806 0.40785907086374684 0.48180172217153283 0.4387973312043795
0 0.5754027614703758 0.40528096399325636 0.5524563651553469 0.3828444875963391 0.5366225049674856 0.4116333243015415 0.5595689012825146 0.4340698006984587
0 0.6427686737804879 0.40137512703252026 0.6359775152439024 0.36628747459349587 0.6056745426829269 0.37671430386178856 0.6124657012195122 0.411801956300813
0 0.7316165865384615 0.3817147435897435 0.7304777644230769 0.3543830128205128 0.7028936298076922 0.3564262820512821 0.7040324519230768 0.38375801282051275
0 0.837158203125 0.3544921875000002 0.813232421875 0.32259114583333354 0.794677734375 0.3473307291666668 0.818603515625 0.3792317708333335
0 0.9246018869808306 0.33423397563897783 0.9029053514376997 0.30289453541001077 0.8833553813897763 0.32695603700745474 0.9050519169329073 0.3582954772364218
0 0.9137684319301125 0.4173409161976236 0.8881927547490619 0.4064906289086931 0.8798818964000938 0.4413170829424642 0.9054575735811444 0.4521673702313947
0 0.732421875 0.46679687500000017 0.70458984375 0.46679687500000017 0.70458984375 0.5013020833333335 0.732421875 0.5013020833333335
0 0.6618711251675603 0.4887664767649688 0.6447387368046246 0.47871547559204647 0.6345221389075066 0.5096748631590706 0.6516545272704424 0.519725864331993
0 0.06542968750000001 0.06901041666666669 0.06323242187500001 0.06803385416666669 0.062255859375000014 0.07194010416666669 0.06445312500000001 0.07291666666666669
0 0.5646905214088396 0.5252359576427257 0.5453400164019335 0.49656854281767965 0.5239473627417125 0.5222397272099449 0.5432978677486185 0.5509071420349909
0 0.4658203125 0.5305989583333334 0.443359375 0.5305989583333334 0.443359375 0.5611979166666667 0.4658203125 0.5611979166666669
0 0.3987340328467153 0.5728710462287104 0.39547288435218975 0.5351866636253041 0.36463346829379556 0.5399311891727493 0.36789461678832114 0.5776155717761556
0 0.34611201870102837 0.5519577160871695 0.3244908675624388 0.5413873755305257 0.31322787861165524 0.5823436989879204 0.3348490297502448 0.5929140395445642
0 0.2567983774038462 0.5948016826923077 0.25133338341346156 0.558368389423077 0.22269381009615385 0.566005608974359 0.2281588040865385 0.6024389022435898
0 0.1734518764505968 0.6044524687776304 0.16820641474635278 0.5666851445070734 0.14098246850132623 0.5734071065428824 0.1462279302055703 0.6111744308134394
0 0.09445807871490802 0.6170583000564698 0.09195947785575992 0.58152264339303 0.06120863080832526 0.5853664992739592 0.06370723166747336 0.6209021559373992
0 0.049541766826923093 0.7456430288461539 0.04501577524038463 0.7154697516025642 0.02060171274038461 0.7219801682692308 0.025127704326923073 0.7521534455128206
0 0.17057220592248912 0.7255788300582243 0.16741650177401746 0.6940217885735079 0.13706417167030566 0.6994177583697233 0.1402198758187773 0.7309747998544397
0 0.26637825935509557 0.7104133492569001 0.26550930533439493 0.6779723991507431 0.23525701632165608 0.679412984341826 0.2361259703423567 0.711853934447983
0 0.34963373107185275 0.6812803097783057 0.33107092488123513 0.6581799287410927 0.3146711698337292 0.6816081502375297 0.3332339760243468 0.7047085312747426
0 0.46238356370192313 0.6724008413461539 0.4578387920673077 0.6421023637820513 0.4298565204326924 0.6495643028846154 0.4344012920673078 0.6798627804487181
0 0.5387861681373979 0.6569967607448466 0.5356684610195449 0.6268589252722677 0.5073151026473162 0.6320733360073902 0.5104328097651691 0.6622111714799691
0 0.6231043198529411 0.6370251225490197 0.6174460018382353 0.6068474264705883 0.5887235753676471 0.616421568627451 0.5943818933823529 0.6465992647058824
0 0.7156875289709517 0.6161960496497735 0.7116406491424596 0.5859793469303668 0.6827252250077254 0.5928639717243512 0.6867721048362174 0.6230806744437578
0 0.7990027299639272 0.5886184520075283 0.7886648908014429 0.5560385952530322 0.7535098660994353 0.5758696348285236 0.7638477052619197 0.6084494915830198
0 0.9185138920979669 0.54365589379236 0.8944617534080407 0.5283846946241529 0.8831617880660814 0.5600245975816391 0.9072139267560075 0.5752957967498462
0 0.9378512973699094 0.7069104685143289 0.929709594174208 0.6765147765837106 0.902365844174208 0.6895356099170439 0.9105075473699094 0.7199313018476623
0 0.15869140625 0.18294270833333334 0.154296875 0.18294270833333334 0.154296875 0.19140625 0.15869140625 0.19140625
0 0.85205078125 0.7285156249999999 0.8467313878676471 0.6965992647058824 0.819485294117647 0.7046721813725491 0.8248046874999999 0.7365885416666665
0 0.786376953125 0.7184244791666666 0.76197265625 0.7137760416666667 0.7571484374999999 0.7588020833333334 0.781552734375 0.7634505208333335
0 0.7416361695211622 0.7537820196676233 0.7312715768472022 0.7236304773433764 0.7051439764167862 0.7395973442730751 0.715508569090746 0.769748886597322
0 0.6885340073529411 0.7737438725490198 0.6818704044117647 0.7382046568627452 0.6577435661764706 0.74624693627451 0.6644071691176471 0.7817861519607844
0 0.6364182692307693 0.7831530448717948 0.6310659555288463 0.7474709535256411 0.6018629807692308 0.7552584134615387 0.607215294471154 0.7909405048076924
0 0.5565825826523032 0.7746708998885588 0.5367915931463596 0.7609032550148589 0.5235492315193164 0.7947448458395246 0.54334022102526 0.8085124907132245
0 0.49937798566879 0.788195826698514 0.47717518411624216 0.7720483346602972 0.4635717306926753 0.8053012208067942 0.48577453224522316 0.8214487128450108
0 0.4207834151270209 0.8065323686489609 0.39818151883660513 0.785259995669746 0.38197013026847576 0.8158815074095459 0.4045720265588915 0.8371538803887608
0 0.35945092577077753 0.8139137902144773 0.33433258629356577 0.8008894660411081 0.32376712257037543 0.8371139130920465 0.3488854620475872 0.8501382372654156
0 0.2990437765417282 0.8512259201132447 0.2980282669405465 0.8160215872722797 0.273068945024003 0.817301552498769 0.27408445462518466 0.8525058853397341
0 0.262970890410959 0.8213791381278539 0.23890063142123297 0.8180008561643836 0.23562312714041103 0.859515910388128 0.25969338613013704 0.8628941923515984
0 0.21054687500000008 0.8415364583333335 0.18886718750000003 0.8270833333333334 0.17548828125000002 0.8627604166666667 0.19716796875000006 0.8772135416666668
0 0.1460169417134832 0.846387816011236 0.11668385709269671 0.8426629798689139 0.11403067942415737 0.8798074672284645 0.14336376404494386 0.8835323033707866
0 0.06160252019873702 0.8903686462976722 0.054451702962481474 0.8600318459014366 0.021909897961552793 0.8736684118065875 0.02906071519780834 0.9040052122028231
0 0.4342589922399328 0.9726212947427294 0.4104439754614093 0.9554215604026847 0.39741636954697984 0.987489513422819 0.42123138632550333 1.0046892477628637
0 0.48783607995441464 0.9640290107165708 0.46144452525191954 0.9446752039347409 0.44897039197456823 0.9749155270313502 0.47536194667706333 0.9942693338131798
0 0.5742337740384618 0.95146233974359 0.5481520432692308 0.931590544871795 0.5360126201923077 0.9599158653846157 0.5620943509615386 0.9797876602564105
0 0.6278181511738578 0.9595065302453469 0.6260137412753806 0.92582421214044 0.5965185794733502 0.9286332751692048 0.5983229893718274 0.9623155932741118
0 0.7025438985123801 0.945473700412673 0.7015688960163737 0.91297361721246 0.6690818128494409 0.9147062616480298 0.6700568153454473 0.9472063448482428
0 0.7683603277439025 0.9267301829268293 0.7620302972560976 0.894025025406504 0.7293497522865854 0.9052699441056911 0.7356797827743903 0.9379751016260163
0 0.8238512391850196 0.9096322024241695 0.8030907777710552 0.8762245633672153 0.7750406034456679 0.9072133273838338 0.7958010648596323 0.9406209664407877
0 0.8758501838235294 0.8744561887254902 0.847414981617647 0.866030943627451 0.8414062499999999 0.9020833333333332 0.8698414522058824 0.9105085784313726
0 0.9292717889908257 0.8593069094036698 0.900649548451835 0.8526698681192663 0.8960086367545873 0.8882501911314987 0.9246308772935781 0.8948872324159023
0 0.99462890625 0.8411458333333336 0.96337890625 0.8411458333333336 0.96337890625 0.8763020833333336 0.99462890625 0.8763020833333336