0 0.9848964768412486 0.10521166074011594 0.9464677536614028 0.08733783600530391 0.9390552487644646 0.11567007694471247 0.9774839719443104 0.13354390167952448
0 0.9263716975435909 0.08043708765315749 0.8927599073692272 0.06598040370719456 0.8863584067212535 0.09243993971881885 0.9199701968956173 0.10689662366478177
0 0.8615390624999999 0.054442708333333444 0.82437109375 0.04543229166666679 0.82058203125 0.07321875000000012 0.8577499999999999 0.08222916666666678
0 0.7921243709889146 0.026717017940490157 0.7542703243509334 0.019755354190976387 0.7514466115446323 0.04705124465188656 0.7893006581826135 0.05401290840140033
0 0.7327594173759376 0.015346626154068158 0.6920418890652048 -0.008941022311983016 0.6828933073066935 0.01832533900750155 0.7236108356174263 0.04261298747355272
0 0.991735874424575 0.22809051139046285 0.9507575967156514 0.20842093809017959 0.9426407854550283 0.23848320201841375 0.9836190631639519 0.258152775318697
0 0.9030610183189657 0.19881016522988518 0.8778455010775863 0.19600844109195417 0.8767443426724139 0.21362697557471277 0.9019598599137932 0.2164286997126438
0 0.8549427999939732 0.18606105351976857 0.8272995833835586 0.159126637335262 0.8163134906882837 0.17917143804243008 0.8439567072986983 0.20610585422693664
0 0.7910531850961537 0.1468850160256411 0.7543381911057692 0.13709435096153855 0.7500375600961539 0.16576522435897445 0.7867525540865384 0.175555889423077
0 0.7101124730603449 0.11440373563218402 0.677532327586207 0.09702765804597709 0.6695177801724138 0.12374281609195414 0.7020979256465517 0.14111889367816108
0 0.6470410369939825 0.08480779312545599 0.6092564021471554 0.07521169538657922 0.6052988665891684 0.10291444429248735 0.6430835014359956 0.11251054203136408
0 0.5896825250589622 0.06874631485849063 0.5557285524764151 0.043595224056603876 0.5445579672759433 0.07040462853773592 0.5785119398584906 0.09555571933962266
0 0.5320975825471699 0.037711281446540935 0.49553176591981135 0.023781446540880585 0.4891196196933963 0.05370479559748437 0.5256854363207547 0.06763463050314472
0 0.45502895925615816 0.015224077625324147 0.4187370438769447 -0.003056294565687049 0.41077345944522475 0.025050474016854025 0.4470653748244382 0.043330846207865224
0 0.9664744251179246 0.38529382861635236 0.9178489829009434 0.36676985062893097 0.9117132222877359 0.39540340015723285 0.960338664504717 0.41392737814465425
0 0.8684438344594595 0.3506756756756759 0.819995777027027 0.33079954954954977 0.8132918074324323 0.35985008445945965 0.8617398648648649 0.3797262105855858
0 0.7886709120788825 0.3225561062037799 0.7507867867964255 0.3064352018282663 0.745502757164133 0.3285107034031773 0.7833868824465899 0.3446316077786909
0 0.7119312959558826 0.29977787990196075 0.6786764705882355 0.2617723651960785 0.6624080882352943 0.28707873774509823 0.6956629136029413 0.3250842524509805
0 0.6517587431926481 0.2548391585829363 0.6125390226131723 0.24070592594168375 0.6059311048119469 0.2733049870943954 0.6451508253914228 0.287438219735648
0 0.5984801017197987 0.24091075922818805 0.5633238517197986 0.21552013422818797 0.5513272074244966 0.24505033557046985 0.5864834574244967 0.2704409605704699
0 0.5393043301458991 0.21058630717665625 0.4972175670347004 0.19907539760778134 0.49235508675078865 0.23068151945320725 0.5344418498619874 0.24219242902208213
0 0.45738865453315763 0.18270534186551982 0.4137611854883463 0.167098767573067 0.407948958622364 0.19598377381613027 0.4515764276671754 0.21159034810858313
0 0.3774067735180412 0.15390651847079043 0.32657880960051544 0.1383757517182131 0.32109918653350517 0.17025719501718217 0.3719271504510309 0.18578796176975954
0 0.2907776026930073 0.12294371884263006 0.24252973107821343 0.1059150582727028 0.23593260534559418 0.139145024925896 0.28418047696038806 0.15617368549582325
0 0.19798018292682928 0.08257113821138215 0.15307021722560973 0.07591780995934962 0.15008693788109756 0.11171716209349597 0.1949969035823171 0.11837049034552849
0 0.13762160966981135 0.06544811320754719 0.10099130306603774 0.05149371069182392 0.09387897995283019 0.08468455188679247 0.1305092865566038 0.09863895440251574
0 0.08241630400587249 0.041144522511185694 0.046037712353187925 0.03258485388702461 0.041874213506711416 0.06404240072706935 0.07825280515939598 0.07260206935123044
0 1.0000956510994727 0.5559285255965595 0.9534908044880689 0.5392568731502037 0.9476666551054385 0.5682011306881245 0.9942715017168424 0.5848727831344804
0 0.9311723526313613 0.5299741648766249 0.8836122098066754 0.5094076166281121 0.876079834145737 0.5403740499008594 0.9236399769704229 0.5609405981493721
0 0.8472649515086207 0.4999847341954024 0.7999333243534483 0.4829938936781611 0.7946201508620689 0.5093067528735633 0.8419517780172414 0.5262975933908046
0 0.7762874529044258 0.4706536945186317 0.7329084795879436 0.45792919567913026 0.7283242992297788 0.48571210694073513 0.771703272546261 0.4984366057802367
0 0.7075606276747504 0.44489735645506423 0.6590069432061341 0.4324476937708037 0.6547649563124108 0.4618588029006183 0.7033186407810271 0.4743084655848788
0 0.6212796875 0.41516562500000004 0.5734296875 0.3965572916666667 0.56652265625 0.4281322916666667 0.6143726562499999 0.44674062500000006
0 0.5471129650611298 0.3863762120573357 0.5056000013174536 0.36712382307476116 0.49714194904089376 0.399546356801574 0.53865491278457 0.4187987457841485
0 0.4828177787162163 0.35555672860360366 0.4385557432432433 0.34572072072072074 0.4344251478040541 0.37876548423423434 0.4786871832770271 0.38860149211711725
0 0.40786824184181414 0.3257080798303835 0.3658025961006637 0.321968911320059 0.36408280904314155 0.35636465247050153 0.406148454784292 0.36010382098082605
0 0.34028000128073776 0.30024227288251376 0.29493388191598363 0.29474577356557385 0.29234839267418034 0.33266628244535523 0.33769451203893447 0.33816278176229514
0 0.2764095240245665 0.2851148542870906 0.2394243361632948 0.27752814908477846 0.23567049765173412 0.31006141618497113 0.2726556855130058 0.3176481213872833
0 0.22020423854638013 0.2693645126319759 0.1790843290441177 0.2539445465686275 0.17239509686085977 0.2856564621040724 0.2135150063631222 0.3010764281674208
0 0.15846875000000002 0.24609895833333337 0.11451171875000002 0.23544270833333333 0.11131640625000003 0.258875 0.15527343750000003 0.26953125000000006
0 0.09662690033783787 0.21526604729729734 0.054661106418918956 0.20594031531531531 0.0509660050675676 0.23550112612612614 0.09293179898648651 0.24482685810810814
0 0.9986213235294118 0.8178998161764707 0.9531249999999999 0.802734375 0.9483857996323528 0.8280101102941178 0.9938821231617647 0.8431755514705884
0 0.9271227123374788 0.7936735237657812 0.8790813853607264 0.7745693703481251 0.8734622866909271 0.799690046754287 0.9215036136676794 0.8187942001719429
0 0.825775268652422 0.7551001738891113 0.7796930904098279 0.7328761446657327 0.7725952246171939 0.7590408264111291 0.818677402859788 0.7812648556345078
0 0.7241572980182926 0.719539507113821 0.6762071265243903 0.7030405233739837 0.6716377667682928 0.7266488821138212 0.7195879382621951 0.7431478658536586
0 0.6244890242335538 0.6823088912227387 0.5818959557673399 0.6667192713919677 0.576863708605202 0.6911616147509236 0.6194567770714159 0.7067512345816948
0 0.5176350358643189 0.6463009567542607 0.4709998994458349 0.6292318872154691 0.4657305818734359 0.6548257154242642 0.51236571829192 0.6718947849630558
0 0.421215224847561 0.6058847815040652 0.3748975800304879 0.5926511686991871 0.369967130335366 0.6233295223577237 0.4162847751524391 0.6365631351626018
0 0.3367446088264795 0.5827645697509195 0.2971796248119359 0.5725542512955534 0.2936269746740221 0.597028063356737 0.33319195868856577 0.607238381812103
0 0.2829423602806697 0.5671316650253235 0.24647459288829493 0.547183484571375 0.23799383177405745 0.5747459581926468 0.2744615991664322 0.5946941386465955
0 0.20185702875399367 0.5357290834664538 0.16956120207667738 0.5232640275559106 0.16434798073083073 0.5472764410276891 0.19664380740814702 0.5597414969382323
0 0.12131633254716984 0.5039814268867924 0.08500589622641513 0.4854702240566037 0.07684736143867929 0.5139204992138364 0.11315779775943399 0.5324317020440251
0 0.9692121339376267 0.9416714207234619 0.9331078457783977 0.9252836587221097 0.9281034086587222 0.944884370774172 0.9642076968179513 0.961272132775524
0 0.9154719454388187 0.9207183260824885 0.8773506814795149 0.9028838166278433 0.8720677700654289 0.9229588800013704 0.9101890340247327 0.9407933894560155
0 0.8488913143382354 0.8879442401960785 0.8013269761029413 0.8720894607843137 0.7959271599264707 0.900888480392157 0.8434914981617647 0.9167432598039218
0 0.7770549450762272 0.8622703117253349 0.7315191477906545 0.8498514579201787 0.7275494720655677 0.8757278626466701 0.7730852693511404 0.8881467164518263
0 0.7113777420387335 0.843204710340931 0.674635493679674 0.8244995657217734 0.6689168552546163 0.844469414190229 0.7056591036136758 0.8631745588093866
0 0.6301930147058823 0.8041283700980393 0.5850068933823529 0.7907398897058825 0.5801700367647058 0.8197610294117648 0.6253561580882352 0.8331495098039216
0 0.565574787528439 0.7921486243583012 0.5248262901426323 0.7751035012688136 0.5190236562609382 0.7997646952660135 0.5597721536467449 0.8168098183555013
0 0.49975218487486883 0.765457511156808 0.4554387387338118 0.7469211676729671 0.44899622910833054 0.7743018335812627 0.49330967524938757 0.7928381770651036
0 0.42687709118373196 0.7410579900814277 0.38107001607978186 0.7178911934771312 0.37355495143581097 0.7443077843468471 0.41936202653976107 0.7674745809511436
0 0.2589152500427302 0.6828611055720146 0.21649219996296726 0.6665203751709208 0.21137993533500465 0.6901154426845943 0.2538029854147676 0.7064561730856882
0 0.16746264826642343 0.6564781021897811 0.12288649064781026 0.6348654197080293 0.11605768134124092 0.6599043871654502 0.16063383895985409 0.681517069647202
0 0.09641432556773696 0.6279875522056904 0.04436056186374321 0.6055329874706342 0.03707993282595934 0.6355380041111981 0.0891336965299531 0.6579925688462541
0 0.04881993236157722 0.7442957389541386 0.012468867973993353 0.7298863080257271 0.008712707109899381 0.7467321203859062 0.04506377149748325 0.7611415513143177
0 0.12922943902220638 0.7656361926934098 0.08722326065544417 0.7500783488538681 0.08059858524355304 0.7818767908309456 0.12260476361031525 0.7974346346704873
0 0.19117337740384627 0.7817808493589743 0.14676231971153852 0.7743790064102564 0.14343449519230775 0.8098758012820513 0.1878455528846155 0.8172776442307693
0 0.3181829306032742 0.8233713958501753 0.2737063112621262 0.807673765494476 0.26872915824575594 0.8327438695769335 0.31320577758690393 0.8484414999326328
0 0.3953642003676471 0.8523284313725491 0.34688074448529416 0.8361672794117648 0.34136603860294124 0.8655790441176472 0.38984949448529416 0.8817401960784315
0 0.47531701610150223 0.8811005893453195 0.42834022601843436 0.8688457745410408 0.42462577698281756 0.8941590568578368 0.47160256706588544 0.9064138716621154
0 0.5522074235563128 0.9036809540889529 0.5027504875807032 0.8911746024629367 0.4987433588145625 0.9193459319703493 0.5482002947901723 0.9318522835963656
0 0.6267156015959345 0.926646828934855 0.5802808209254637 0.9147404749167856 0.5760040065531384 0.9443930545649074 0.6224387872236092 0.9562994085829768
0 0.6963194422666833 0.9544989494480683 0.6499657982626693 0.937251081911691 0.6436036871236829 0.9676478351312928 0.6899573311276969 0.9848957026676701
0 0.4125976562500001 0.96875 0.3725585937500001 0.96875 0.3725585937500001 0.9993489583333334 0.4125976562500001 0.9993489583333334
0 0.3479667672476663 0.9587496353558924 0.30824562882876316 0.9514445984052896 0.3050732250948075 0.9821111678335278 0.3447943635137106 0.9894162047841307
0 0.29149567950941535 0.9505847115543444 0.255859375 0.9251302083333335 0.24415078744425175 0.954271581805418 0.27978709195366713 0.9797260850264289
0 0.2334372179602889 0.9207256881768955 0.19419139214801454 0.9093500864921783 0.18905738803023475 0.9408386450812275 0.22830321384250912 0.9522142467659448
0 0.15970034814323622 0.8928613367595047 0.12217263138262605 0.8823272408267019 0.11701265127652524 0.9150071148320071 0.15454036803713542 0.92554121076481
0 0.07907799030172422 0.8630073635057474 0.04331559806034489 0.8590337643678163 0.04123114224137938 0.8923850574712645 0.0769935344827587 0.8963586566091956