0 0.9058372570777352 0.0725552823096609 0.9048651931381959 0.039505108365323095 0.8624499535148753 0.041722898672424825 0.8634220174544146 0.07477307261676264
0 0.7802223557692306 0.04614783653846166 0.748311298076923 0.04378405448717961 0.7471274038461537 0.07219751602564116 0.7790384615384613 0.0745612980769232
0 0.6773491495429548 0.07269100834819658 0.6767325565732759 0.038983926005747134 0.6403831817590666 0.040166019495640116 0.6409997747287455 0.07387310183808958
0 0.5004198522862233 0.03715112826603333 0.46443085659144895 0.03549646179730808 0.46359231183194777 0.06792019249802067 0.49958130752672214 0.06957485896674592
0 0.3188375259336099 0.029734504668049836 0.2817873119813277 0.02670999740663905 0.2804172879927385 0.05654607538035966 0.3174675019450207 0.059570582641770446
0 0.15837100596910114 0.05020189606741574 0.15565199262640453 0.012135709269662917 0.11175605688202248 0.017709796348314606 0.11447507022471912 0.05577598314606743
0 0.232421875 0.1393229166666667 0.1923828125 0.1393229166666667 0.1923828125 0.171875 0.232421875 0.17187500000000003
0 0.33837890625 0.14388020833333337 0.2978515625 0.14388020833333337 0.2978515625 0.17643229166666674 0.33837890625 0.17643229166666674
0 0.49658203125 0.1555989583333334 0.46240234375 0.1555989583333334 0.46240234375 0.1868489583333334 0.49658203125 0.1868489583333334
0 0.6020457817832765 0.15793426478953365 0.5621283729735495 0.15167271046643924 0.5591320259172354 0.18563131043799777 0.5990494347269625 0.19189286476109224
0 0.7642393369932432 0.16668426238738754 0.7301916173986486 0.15911810247747762 0.7260082347972973 0.19258516328828842 0.7600559543918919 0.20015132319819837
0 0.8914213514819588 0.1686976481958765 0.8586632168170103 0.1667123067010311 0.8576081266108248 0.1976616194158077 0.8903662612757732 0.19964696091065307
0 0.9887527313401775 0.1712449130595636 0.9524324101692564 0.1696306765630782 0.9515718212402886 0.20405423372179074 0.9878921424112097 0.20566847021827614
0 0.9462650832265246 0.28877334333962956 0.9041595870716405 0.2861621497796368 0.902803572332029 0.3250345723151647 0.9449090684869131 0.32764576587515754
0 0.85009765625 0.2825520833333335 0.81298828125 0.2825520833333335 0.81298828125 0.32226562500000017 0.85009765625 0.32226562500000017
0 0.7626234706203242 0.3183967165419784 0.7612195098192021 0.2809577618453865 0.7253959826995011 0.2833459969866999 0.7267999435006233 0.32078495168329174
0 0.6832503695101351 0.32015660191441436 0.6826926731418919 0.2881820101351351 0.6492464632601352 0.2892191019144144 0.6498041596283785 0.3211936936936936
0 0.5986394407522626 0.28236649226998506 0.5657666236566743 0.280279329279789 0.5645558629100679 0.31418063018476633 0.5974286800056562 0.3162677931749624
0 0.5119693396226417 0.2794246265723272 0.4753537735849057 0.2773019850628932 0.47417176444575476 0.31355026533018876 0.5107873304834907 0.31567290683962274
0 0.4008331745426829 0.2714824695121952 0.3567478086890244 0.26964557926829275 0.35585413490853657 0.3077756605691057 0.3999395007621951 0.3096125508130082
0 0.26962719024560705 0.26242699181309903 0.23169959315095845 0.2604041866347178 0.23059979033546324 0.2970642804845581 0.26852738743011184 0.2990870856629393
0 0.15968757977365558 0.25865544162695714 0.11580808053948266 0.25095728386657595 0.11221826603982303 0.2873340707964602 0.15609776527399594 0.2950322285568414
0 0.06103515625000004 0.3834635416666667 0.023437500000000035 0.3834635416666667 0.023437500000000038 0.4186197916666667 0.06103515625000004 0.4186197916666667
0 0.2197415824844846 0.42914151038855913 0.21855474020169993 0.39511869828206514 0.1775143454027253 0.39766383904479224 0.17870118768550997 0.43168665115128624
0 0.3070603206628882 0.433814828219977 0.30599231071340566 0.40177452973550193 0.2711544422283145 0.4038389960160999 0.272222452177797 0.435879294500575
0 0.4077781703284983 0.43691561788964733 0.4047118307380546 0.4021637691979522 0.3666925527943685 0.4081275775028441 0.3697588923848122 0.44287942619453924
0 0.5966796875 0.4192708333333335 0.56298828125 0.4192708333333335 0.56298828125 0.4544270833333335 0.5966796875 0.4544270833333335
0 0.74267578125 0.42578125000000017 0.7021484375 0.42578125000000017 0.7021484375 0.4602864583333335 0.74267578125 0.4602864583333335
0 0.880859375 0.4225260416666668 0.83984375 0.4225260416666668 0.83984375 0.4602864583333335 0.880859375 0.4602864583333335
0 0.9927202413638181 0.6052888295394038 0.953973642172524 0.6032223442492014 0.952940919528754 0.637646432374867 0.9916875187200481 0.6397129176650693
0 0.9134474219153329 0.6018397893004647 0.8776327358673205 0.6007544957838583 0.8770479075245223 0.6350644252280159 0.9128625935725347 0.6361497187446222
0 0.8334810697115385 0.5991185897435899 0.7958608774038463 0.5928485576923078 0.7927734375000001 0.6257812500000001 0.8303936298076923 0.6320512820512821
0 0.7562640947164949 0.5981542633161513 0.7161525451030929 0.5957232603092785 0.71501590689433 0.6290646477663232 0.755127456507732 0.631495650773196
0 0.66162109375 0.5996093750000001 0.61865234375 0.5996093750000001 0.61865234375 0.6393229166666669 0.66162109375 0.6393229166666669
0 0.56884765625 0.5917968750000001 0.52783203125 0.5917968750000001 0.52783203125 0.6263020833333335 0.56884765625 0.6263020833333335
0 0.46392578125000006 0.5919010416666667 0.425986328125 0.5846744791666667 0.42249023437499994 0.6173046875 0.4604296875 0.6245312500000001
0 0.3514119596146166 0.6173778204872205 0.3502630166733226 0.5790797224440893 0.3102684142871405 0.5812127679046857 0.31141735722843444 0.6195108659478168
0 0.24913146432522124 0.6069782448377581 0.24748297497234512 0.5740084577802359 0.20593585799225664 0.5777015348451328 0.20758434734513276 0.6106713219026548
0 0.15198683375634522 0.5652561865482234 0.11156111199238583 0.5614061178087987 0.10961542274746197 0.5977256503807108 0.15004114451142136 0.6015757191201354
0 0.89501953125 0.82421875 0.85986328125 0.82421875 0.85986328125 0.857421875 0.89501953125 0.857421875
0 0.7679767916610603 0.8522370184113743 0.7663014456068353 0.8202192938195191 0.728027080950619 0.8237796998340509 0.7297024270048439 0.855797424425906
0 0.59375 0.80859375 0.5537109375 0.80859375 0.5537109375 0.8404947916666666 0.59375 0.8404947916666666
0 0.44678071120689655 0.7955190373563218 0.40693696120689654 0.7910919540229885 0.4048120959051724 0.8250897988505748 0.44465584590517243 0.8295168821839081
0 0.3227539062500001 0.7858072916666666 0.2875976562500001 0.7858072916666666 0.2875976562500001 0.8177083333333334 0.3227539062500001 0.8177083333333334
0 0.15749047833081004 0.7694716163575573 0.1256076717448903 0.7635673929157204 0.12307570614118096 0.78787426271133 0.1549585127271007 0.793778486153167
0 0.1244982729634116 0.8952098472293045 0.08530928297106077 0.8892721214728878 0.08270353932942384 0.9198461802014277 0.12189252932177466 0.9257839059578444
0 0.0330230212602459 0.5976188951502732 0.030913806352459015 0.5666837431693988 -0.0016649590163934497 0.5706326844262295 0.0004442558913934358 0.6015678364071039
0 0.29554986884124096 0.8998612378345499 0.260447793111314 0.8944609184914842 0.25739835196167893 0.9296989051094892 0.2925004276916059 0.9350992244525548
0 0.4127988967651758 0.9080055244941428 0.3750858002196486 0.905994159345048 0.37407725763777955 0.9396122454073482 0.41179035418330673 0.9416236105564431
0 0.5155335044503435 0.9495473206849886 0.5148841910329481 0.9149172717572353 0.47832256939022494 0.9161359924786593 0.47897188280762026 0.9507660414064126
0 0.61502979584854 0.9560532618613139 0.6143219662408759 0.9211336678832116 0.5762110800638687 0.9225070331508515 0.5769189096715328 0.9574266271289539
0 0.8013931584346954 0.9338237826720203 0.7647150946947332 0.9327606503897025 0.7642187407740908 0.9632036908557708 0.800896804514053 0.9642668231380886
0 0.9118981754770626 0.934616743767669 0.8761727032334233 0.9332935781290157 0.8755086106158443 0.965170023772809 0.9112340828594836 0.9664931894114623