0 0.9612287850215516 0.05738371048850574 0.9597201643318964 0.02318830818965516 0.9154684132543103 0.026659033764367807 0.9169770339439655 0.06085443606321839
0 0.875 0.03059895833333347 0.8310546875 0.03059895833333347 0.8310546875 0.0631510416666668 0.875 0.06315104166666681
0 0.7897640918302047 0.062313353242320825 0.7870610468216722 0.03167884314562001 0.7390694992534128 0.039206929038680303 0.7417725442619453 0.06984143913538111
0 0.6918913106334738 0.059720965784170056 0.6898587437591609 0.03153603846036401 0.6417012226891718 0.0377100796231831 0.6437337895634847 0.06589500694698915
0 0.591796875 0.038411458333333426 0.53857421875 0.038411458333333426 0.53857421875 0.07486979166666675 0.591796875 0.07486979166666675
0 0.494627493671649 0.07309057075699134 0.4909722117586789 0.04175958293153329 0.4444206922010607 0.05141471291385408 0.4480759741140308 0.08274570073931213
0 0.38414017586622123 0.08588611262171124 0.38203440607520195 0.04845020522581315 0.33243547040087007 0.05341009879324634 0.33454124019188936 0.09084600618914442
0 0.2693939728344112 0.05790149194463357 0.2241756057479578 0.049968445087361056 0.22048108832539146 0.08740622163603363 0.2656994554118448 0.09533926849330616
0 0.18227582273230086 0.07779083702064897 0.17298465154867254 0.04824967735988201 0.13474099488384955 0.06963322732300886 0.14403216606747787 0.09917438698377583
0 0.10161048139450866 0.07673259874759154 0.0833704953937861 0.04356898783718691 0.05235899114884392 0.07389134754335261 0.07059897714956648 0.10705495845375725
0 0.2014668712153979 0.18617043324682814 0.20072954963235295 0.14881280637254904 0.15103637272923875 0.15055642661476354 0.1517736943122837 0.18791405348904267
0 0.0966285824158031 0.18286309909326423 0.09482219478626942 0.14553108808290155 0.048235609617875645 0.14953853626943006 0.050041997247409334 0.18687054727979277
0 0.28873816719890516 0.16118270985401467 0.2469847741788322 0.14093864051094898 0.23845945483576647 0.17219814476885653 0.28021284785583944 0.1924422141119222
0 0.3997428063118812 0.1743051258250825 0.39717570389851486 0.1400770936468647 0.35211846379950495 0.146084725660066 0.3546855662128713 0.18031275783828385
0 0.49949496026716067 0.14109017485699435 0.46186454880070205 0.13306235374414985 0.45744335632800315 0.1699056243499741 0.49507376779446177 0.1779334454628186
0 0.59033203125 0.12890625000000008 0.54931640625 0.12890625000000008 0.54931640625 0.16536458333333343 0.59033203125 0.16536458333333345
0 0.7283480816497407 0.16232657645491216 0.7275103648984442 0.12435008372947277 0.6840908937445981 0.12605280808844713 0.6849286104958946 0.16402930081388653
0 0.8627178485576923 0.1498898237179487 0.8574969951923077 0.11508413461538462 0.8138333834134617 0.12672776442307687 0.8190542367788463 0.16153345352564097
0 0.9947787580818965 0.15248518318965515 0.9934216729525862 0.12172458692528737 0.9493416621767241 0.1251818426724138 0.9506987473060344 0.15594243893678159
0 0.9367592686385736 0.2840504288222582 0.9349169367909237 0.25539193341437055 0.8862787429092381 0.26095058414370603 0.8881210747568881 0.2896090795515937
0 0.8592687324108818 0.29199035530018763 0.8570737570356473 0.2583340662132583 0.8160288168386491 0.263092899859287 0.8182237922138836 0.2967491889462164
0 0.7427788130733946 0.27797090022935794 0.6987439076834864 0.2603569380733946 0.6915272004013763 0.2924311926605506 0.7355621057912844 0.3100451548165139
0 0.6449892837389379 0.29887421644542767 0.6436281457411503 0.2716514564896755 0.5969281491980087 0.2758025672935103 0.5982892871957963 0.3030253272492625
0 0.5690119073948792 0.30044461646544546 0.5685724136136552 0.2717310227588121 0.5245955925400708 0.2729276709512906 0.5250350863212948 0.3016412646579239
0 0.4892928824240332 0.30948218807550654 0.4880775746719614 0.2786943916896869 0.44215216030732046 0.2819172277854512 0.44336746805939226 0.31270502417127083
0 0.35793530378218885 0.3050675071530759 0.34251148403969955 0.27164923104434907 0.3094110447961374 0.29880856580829757 0.32483486453862664 0.33222684191702434
0 0.26459969963031427 0.3019593827017868 0.2264839778766174 0.27775892444547134 0.21417315301524956 0.31222923405730124 0.25228887476894646 0.33642969231361675
0 0.153701171875 0.32647135416666667 0.14984374999999997 0.29046875 0.10677734374999999 0.298671875 0.11063476562499999 0.33467447916666665
0 0.052881625075392055 0.4122303163952554 0.042603275312876956 0.38240294845697625 0.003255993667068774 0.4065075894652192 0.013534343429583873 0.43633495740349826
0 0.14792089304212708 0.4205063737338859 0.1466570269337017 0.388488432320442 0.10431953556629835 0.3914594843462247 0.10558340167472376 0.42347742575966857
0 0.03662109375000003 0.2994791666666667 2.7805701250171836e-17 0.2994791666666667 2.927073282141745e-17 0.3313802083333333 0.03662109375000003 0.3313802083333333
0 0.22090107685810817 0.39880701013513514 0.17956872888513514 0.3896220439189189 0.1760715793918919 0.41759923986486486 0.21740392736486494 0.4267842060810811
0 0.3082612798455056 0.4162438553370787 0.3063520452949438 0.3895145716292136 0.262525237008427 0.3950798806179776 0.2644344715589888 0.42180916432584276
0 0.40628237223756913 0.41358051335174956 0.40510483209599457 0.38374949643186 0.3633567852209945 0.38667918393186 0.3645343253625691 0.41651020085174956
0 0.49641538235921495 0.40305922923777016 0.49419895211177467 0.37793968643344705 0.4585594203284982 0.38353020122298065 0.4607758505759385 0.40864974402730375
0 0.5654018314549181 0.37865394467213115 0.5273408683401639 0.37605148565573776 0.5263335681352458 0.4022412909836066 0.5643945312499999 0.40484375
0 0.6420124333079268 0.3975085746951219 0.6395948456554879 0.36849752286585363 0.6004192073170732 0.3743013211382114 0.6028367949695121 0.4033123729674797
0 0.744613984781372 0.38306944557325545 0.7019500137150521 0.3630827203890335 0.6938152734882965 0.393953016634157 0.7364792445546164 0.41393974181837895
0 0.8425843965022936 0.4005363627675842 0.8418259926892202 0.36716659499235477 0.7960583608084864 0.36901579224006115 0.7968167646215597 0.4023855600152906
0 0.9229276063012295 0.3923913507513661 0.9206302830430327 0.35869727629781417 0.8806552574282787 0.3635427339480874 0.8829525806864754 0.39723680840163933
0 0.99951171875 0.3619791666666668 0.9658203125 0.3619791666666668 0.9658203125 0.3977864583333335 0.99951171875 0.3977864583333335
0 0.9885554719409462 0.5811054324086683 0.9833302975025526 0.5553279051792603 0.9400889875127636 0.5709103592296348 0.9453141619511571 0.5966878864590428
0 0.8601782654226962 0.593606701415334 0.8579627775728295 0.5634760666571466 0.8147392883068355 0.5691261959729627 0.8169547761567022 0.5992568307311501
0 0.7663939716703811 0.5933485276411518 0.7656296531567014 0.5643044241213238 0.7192486382762066 0.5664742961625165 0.7200129567898863 0.5955183996823444
0 0.7001953125 0.5631510416666669 0.658203125 0.5631510416666669 0.658203125 0.5924479166666669 0.7001953125 0.5924479166666669
0 0.6134497718473451 0.5919121036135694 0.611959001659292 0.5620966998525073 0.5721619192477875 0.5656342182890856 0.5736526894358406 0.5954496220501475
0 0.5175992945923656 0.5888895843151116 0.5109216688265786 0.5612887311498586 0.47144636177544763 0.578267357838517 0.47812398754123464 0.6058682110037701
0 0.4443359375 0.5748697916666666 0.39990234375 0.5748697916666666 0.39990234375 0.6028645833333334 0.4443359375 0.6028645833333334
0 0.37180456650995575 0.6053621635324484 0.3703008331028761 0.5752874953908554 0.327133313744469 0.5791246082227138 0.3286370471515487 0.6091992763643068
0 0.2788096606427531 0.6071226708545764 0.27766168404042246 0.5788059146637533 0.2349496995630007 0.5818842558873513 0.2360976761653314 0.6102010120781743
0 0.18246528945775026 0.6114633790814495 0.18090110754171151 0.5815701246860424 0.13821959726520452 0.5855404977350197 0.13978377918124327 0.615433752130427
0 0.05493620529390936 0.6122347881255902 0.0544136198654391 0.5829700041312559 0.013014562677053823 0.5842842599150141 0.013537148105524081 0.6135490439093484
0 0.06663193902248594 0.726880497865917 0.06604789243051218 0.695731346293983 0.025021287964553413 0.6970988997761817 0.025605334556527172 0.7282480513481158
0 0.18721039870689654 0.7290903376436781 0.18527074353448275 0.6980558548850575 0.1472858297413793 0.7022764008620689 0.1492254849137931 0.7333108836206895
0 0.3252875528054592 0.7210506481080302 0.32429914292677636 0.6894215319901792 0.28351708053509533 0.6916872021230503 0.28450549041377815 0.7233163182409014
0 0.4557024846311476 0.6907125170765028 0.41519915471311486 0.6858030225409837 0.4129258452868853 0.7191448941256833 0.45342917520491804 0.7240543886612024
0 0.5417810388513513 0.7098993524774776 0.5380859375 0.6803385416666666 0.49794130067567566 0.6892595720720721 0.501636402027027 0.7188203828828831
0 0.626356113079897 0.6815748496563575 0.5872412612757733 0.6792042525773198 0.5860955621778351 0.7128114261168387 0.6252104139819589 0.7151820231958764
0 0.7414771755246351 0.7162594092153286 0.7408427663093066 0.6849618879257909 0.6979713161496349 0.6865068050486619 0.6986057253649635 0.7178043263381996
0 0.8303928176975053 0.7193875064968815 0.8296015178339398 0.6866804454695079 0.7858277636109667 0.688563187586625 0.7866190634745323 0.7212702486139987
0 0.921875 0.6888020833333335 0.8759765625 0.6888020833333334 0.8759765625 0.716796875 0.921875 0.7167968750000001
0 0.8862715810758227 0.8359122149545409 0.8851050912114586 0.8058426984509338 0.8353577293488733 0.8092735509931811 0.8365242192132374 0.8393430674967882
0 0.8850366685695343 0.9161391579503043 0.8826093611888626 0.8829659570811236 0.8348314580878019 0.8891809688666273 0.8372587654684737 0.9223541697358081
0 0.7890625 0.8111979166666666 0.74462890625 0.8111979166666666 0.74462890625 0.837890625 0.7890625 0.837890625
0 0.7383166612107172 0.9128480266250335 0.7357009531124094 0.8823314321447757 0.6910828276087833 0.8891303846024713 0.6936985357070911 0.919646979082729
0 0.64892578125 0.798828125 0.6015625 0.798828125 0.6015625 0.8346354166666666 0.64892578125 0.8346354166666666
0 0.6128968261970832 0.8669539047711238 0.5643601070437532 0.8654830950998108 0.5638279636680433 0.8967021731414557 0.6123646828213734 0.8981729828127687
0 0.5273050742574257 0.8334686984323434 0.5247379718440595 0.7992406662541255 0.47639329362623767 0.805686623349835 0.478960396039604 0.8399146555280529
0 0.5234375 0.8684895833333334 0.4775390625000001 0.8684895833333334 0.4775390625000001 0.8984375 0.5234375 0.8984375
0 0.4055197386615044 0.8369572732300884 0.40401384471792035 0.8068393943584069 0.35899906664823006 0.8108407079646017 0.36050496059181414 0.8409585868362832
0 0.4367941536647315 0.8992000408200291 0.43473508084633533 0.8653397322508467 0.390316369398585 0.8701417551100631 0.3923754422169812 0.9040020636792455
0 0.27164534314779765 0.8423453092739162 0.26970061940812107 0.8095010861149347 0.22658938403303508 0.8140391108912595 0.2285341077727116 0.846883334050241
0 0.14958082932692307 0.8477524038461537 0.14821364182692304 0.8149399038461538 0.10461989182692308 0.8181690705128205 0.10598707932692308 0.8509815705128204
0 0.3105882879656161 0.9038637177650429 0.3093354058470631 0.8710103644340973 0.2613596044502149 0.8742629611389684 0.2626124865687679 0.907116314469914
0 0.18247357536764708 0.9022288602941178 0.1768152573529412 0.8720511642156864 0.13200827205882354 0.8869868259803922 0.1376665900735294 0.9171645220588235
0 0.045898437500000076 0.8157552083333334 0.0039062500000000755 0.8157552083333334 0.003906250000000077 0.8522135416666666 0.04589843750000008 0.8522135416666666
0 0.09189944036131059 0.9037849248204669 0.07475436910906641 0.8727605101735488 0.04612285401705568 0.9008897179832437 0.06326792526929986 0.9319141326301618