0 0.9522012246621623 0.06663499436936954 0.9166490709459459 0.05873451576576592 0.9133366765202703 0.08523367117117132 0.9488888302364866 0.09313414977477495
0 0.8815902333028364 0.05423361733760307 0.8467837767326167 0.051420974382433815 0.8455320255317933 0.0789595008005491 0.8803384821020129 0.08177214375571835
0 0.8512132420300476 0.040520127183339576 0.8058655299560278 0.03470631794308063 0.8035887329951447 0.06627790246732639 0.8489364450691644 0.07209171170758533
0 0.7785704077743903 0.03736344004065054 0.7374654630335367 0.0312738185975611 0.7350478753810976 0.060284870426829396 0.7761528201219513 0.06637449186991884
0 0.6716318005493446 0.016881906964790642 0.6282218280165767 0.01527413020431776 0.6276627704558597 0.04210889311873565 0.6710727429886276 0.043716669879208525
0 0.9345703125 0.16276041666666682 0.90087890625 0.16276041666666682 0.90087890625 0.18945312500000014 0.9345703125 0.18945312500000014
0 0.7818668804446921 0.1442669291936792 0.7443633983741896 0.13998081695705034 0.7428059632040114 0.16420758627093474 0.7803094452745138 0.16849369850756357
0 0.6501371576544944 0.11390010533707874 0.6124396506320225 0.10911312031835214 0.6104579968398878 0.1368562734082398 0.6481555038623596 0.14164325842696637
0 0.5524400516235813 0.09719567701765457 0.5181827809741488 0.09230178121059278 0.5159772028688525 0.11974897540983616 0.550234473518285 0.12464287121689795
0 0.42241049905673567 0.07941907723122794 0.38305705002794865 0.07317249802030937 0.3805992676600056 0.10069966054127079 0.41995271668879264 0.10694623975218936
0 0.2888871503798343 0.051968232044198946 0.2458577024343923 0.04894862166206266 0.2447003949412984 0.07826707815377539 0.28772984288674036 0.08128668853591166
0 0.14872803839083712 0.05501007494343892 0.1477150205033937 0.026645574095022623 0.10488988263574661 0.029364630467571647 0.10590290052319005 0.05772913131598795
0 0.039569265082807586 0.12284149907991591 0.0034102671529968563 0.11705605941114618 0.0011090299684542709 0.14262536146161933 0.037268027898265006 0.14841080113038907
0 0.13945970856741574 0.13285053838951313 0.10434295997191011 0.12839126872659176 0.1022581636235955 0.15757841760299626 0.13737491221910114 0.1620376872659176
0 0.23625143018096703 0.15216106530650272 0.19794113986514814 0.14608006684367433 0.195389194819033 0.174661851360164 0.2336994851348519 0.18074284982299238
0 0.36925789778930135 0.17428300127365362 0.3311975470796944 0.16751671670305682 0.3285919589246725 0.19357259825327514 0.36665230963427947 0.20033888282387194
0 0.4741490702931781 0.1924729815024733 0.43495654981193327 0.1871406657907393 0.433214557141385 0.20990270335256947 0.47240707762262985 0.21523501906430345
0 0.5845839926660098 0.20757806183040237 0.5431052555526077 0.1978996898372752 0.5401764563750758 0.2202143502375178 0.5816551934884779 0.22989272223064494
0 0.844279331443584 0.24852795446165202 0.7962506049502212 0.24425873432890868 0.7948419351493362 0.2724321303466078 0.8428706616426991 0.2767013504793511
0 0.7177774398053279 0.2265037995218581 0.6730476754610656 0.22108200990437174 0.6712426357581968 0.24755592554644823 0.7159724001024591 0.2529777151639346
0 0.9808090002828055 0.2752286010558071 0.9444556879242083 0.2693533182503773 0.9421225431278283 0.29501791101055824 0.9784758554864255 0.30089319381598817
0 0.9972656250000003 0.4102864583333335 0.9561691810344829 0.40572018678160937 0.9542160560344829 0.4369701867816094 0.9953125000000003 0.4415364583333336
0 0.9150707322422555 0.39646798866569877 0.8814308484087607 0.3922630031865119 0.8796285091965149 0.4178962719828978 0.9132683930300096 0.4221012574620846
0 0.8411042803068924 0.3806283773450246 0.8069106532932301 0.3793257629825994 0.806417592781403 0.40233525353452976 0.8406112197950654 0.403637867896955
0 0.7146762761595024 0.3587758059954753 0.6738024957579186 0.35216994249622946 0.671806949943439 0.37412094645550537 0.7126807303450228 0.38072680995475133
0 0.6061268115690307 0.34892735891877874 0.577447398496554 0.3311416763932119 0.5704043376917519 0.3513317840336447 0.5990837507642286 0.36911746655921157
0 0.5380742187499999 0.3272343750000001 0.5060195312499999 0.31946354166666674 0.5025820312499999 0.3446718750000001 0.53463671875 0.3524427083333334
0 0.44653151939655167 0.3112248563218391 0.4085870150862069 0.30700880028735633 0.4069470635775862 0.3332480244252874 0.444891567887931 0.33746408045977017
0 0.36834452738720647 0.3056837788421921 0.33185802785074175 0.2969965170477957 0.32834228213844263 0.32324741836629595 0.36482878167490734 0.33193468016069233
0 0.2733046823669514 0.2881565169185283 0.23600698864569647 0.28688138209045116 0.23553442735709595 0.3114545690976785 0.27283212107835086 0.3127297039257556
0 0.16107479888613863 0.2742110148514852 0.1214805074257426 0.26893177599009904 0.11972559560643567 0.2923306002475248 0.1593198870668317 0.2976098391089109
0 0.10060194672131151 0.32984332308743175 0.05393506659836069 0.3241867315573771 0.051881883965163966 0.3543000768442623 0.09854876408811479 0.35995666837431695
0 0.30014143318965514 0.37322647270114945 0.26461476293103453 0.3542789152298851 0.2573747306034483 0.3784123563218391 0.29290140086206895 0.3973599137931035
0 0.27713560603686055 0.3960736375794049 0.2445544641737713 0.3876656009695754 0.2408754584064694 0.4130098629220997 0.27345660026955865 0.42141789953192915
0 0.4737048539959017 0.3921725580601094 0.4394090996413935 0.38801549692622966 0.43760405993852464 0.41448941256830607 0.4718998142930328 0.41864647370218594
0 0.6499010262075013 0.41898308205162804 0.6150359530997033 0.41682090697517543 0.6140451611407178 0.4452236097994244 0.6489102342485159 0.44738578487587694
0 0.7527136265049575 0.44113587405571303 0.7106871348264873 0.439801699716714 0.7102113026735128 0.4664483002832862 0.7522377943519831 0.4677824746222852
0 0.8733899183199224 0.46218972553644105 0.8332489724958381 0.4604056834998151 0.8325829373612653 0.487047088882723 0.8727238831853497 0.488831130919349
0 1.0003118883148217 0.49002810906773514 0.966994961421158 0.48762688911143504 0.9658861042197743 0.5149787000789028 0.9992030311134379 0.5173799200352028
0 0.9501953125 0.5794270833333335 0.91357421875 0.5794270833333335 0.91357421875 0.6061197916666669 0.9501953125 0.6061197916666669
0 0.8664688974056605 0.5643548545597485 0.8282908313679245 0.5548103380503145 0.8239626326650943 0.585588639937107 0.8621406987028303 0.595133156446541
0 0.7935327352779994 0.5486649104889069 0.7526934286568355 0.5453977659592136 0.7513850528721603 0.5744727833964396 0.7922243594933241 0.5777399279261327
0 0.718524639423077 0.5373096955128206 0.6782572115384616 0.5343269230769231 0.6770823317307693 0.5625240384615385 0.7173497596153846 0.5655068108974359
0 0.6253301734228683 0.5502697860193857 0.6243771947387875 0.5216804254969608 0.5830850615296944 0.5241273667241663 0.5840380402137753 0.5527167272465913
0 0.5148494944852942 0.5119485294117648 0.4684340533088235 0.4964767156862746 0.46337890624999994 0.5234375 0.5097943474264707 0.5389093137254902
0 0.42041015625 0.490234375 0.38623046875 0.490234375 0.38623046875 0.509765625 0.42041015625 0.509765625
0 0.32024963582130966 0.47061352548094715 0.2825148706298557 0.4689364248057714 0.2818645515399556 0.4949491884017759 0.31959931673140957 0.49662628907695167
0 0.14851792279411766 0.4694929534313726 0.14677447150735295 0.4392731311274511 0.10644818474264706 0.4434091605392158 0.10819163602941176 0.4736289828431373
0 0.09228515625000006 0.5305989583333334 0.052734375000000056 0.5305989583333334 0.052734375000000056 0.5579427083333334 0.09228515625000006 0.5579427083333334
0 0.20051966449730704 0.5485779940903651 0.15539090552064636 0.539461073084979 0.1520027420893178 0.5692769112806703 0.1971315010659785 0.5783938322860563
0 0.28662109375 0.5592447916666666 0.25 0.5592447916666666 0.25 0.5852864583333334 0.28662109375 0.5852864583333334
0 0.3632591011597939 0.5742174076460481 0.3216414304123712 0.5716951245704468 0.3208712548324743 0.594286941580756 0.362488925579897 0.5968092246563574
0 0.462890625 0.5865885416666667 0.42529296875 0.5865885416666666 0.42529296875000006 0.6106770833333334 0.46289062500000006 0.6106770833333334
0 0.5546875000000001 0.595703125 0.5121960466935778 0.5911094543722787 0.5101561082637882 0.6246551085510403 0.5526475615702106 0.6292487791787617
0 0.6666407226291308 0.6160078146695362 0.6247334182345182 0.6150765412385448 0.6243777498871842 0.6435300090252708 0.6662850542817967 0.6444612824562622
0 0.7644310330976865 0.636195908311911 0.7261568123393317 0.6327164336975152 0.7248508796593832 0.6582546727720653 0.763125100417738 0.6617341473864612
0 0.8471114234340861 0.6508088469592136 0.815597189662236 0.6485375508315127 0.8147465205071013 0.6695207233248364 0.8462607542789513 0.6717920194525373
0 0.9359934737042682 0.6869998094512194 0.9334091558689024 0.6559879954268293 0.890482088414634 0.6623475609756098 0.8930664062499999 0.693359375
0 0.93396971096246 0.8712559904153355 0.9329354283146964 0.8367799021565494 0.8930578262280351 0.8389067076011713 0.8940921088757986 0.8733827958599574
0 0.8169268300097277 0.8183213764591443 0.7768003708657587 0.8149775048638134 0.7752348309824902 0.8483756890402075 0.8153612901264592 0.8517195606355384
0 0.741998788182409 0.8074710698295783 0.7020697370558926 0.8052527892114384 0.7010517087305027 0.8378296956239167 0.7409807598570192 0.8400479762420566
0 0.6708306990606937 0.8026703998073218 0.6299928874638729 0.7942934128131022 0.6268430500361273 0.8215920038535648 0.667680861632948 0.8299689908477843
0 0.587032833614865 0.7861592060810813 0.552510029560811 0.7784874718468471 0.548775337837838 0.8083650056306309 0.5832981418918921 0.816036739864865
0 0.5050477879992604 0.7689121825690338 0.47090797198594675 0.7655814688116372 0.46934084920488167 0.7941379283777121 0.5034806652181953 0.7974686421351086
0 0.4378114442567568 0.7588365709459458 0.39814585092905413 0.7576066300675675 0.39760451858108115 0.7886430180180181 0.4372701119087838 0.7898729588963964
0 0.3688701100593066 0.7796233462591241 0.3681975650091241 0.7464444571167883 0.33021855041058396 0.7478130702554745 0.33089109546076645 0.7809919593978103
0 0.2936271746134021 0.7358945446735397 0.2581225837628866 0.73374275128866 0.2568621134020619 0.770716548539519 0.2923667042525774 0.7728683419243988
0 0.22509765625000006 0.7265625 0.19238281250000006 0.7265625 0.19238281250000006 0.76171875 0.22509765625000006 0.76171875
0 0.13938324254587164 0.7102362863149848 0.10057832210435788 0.7086684107415903 0.09964789994266063 0.7496069858562692 0.1384528203841744 0.7511748614296638
0 0.05195139145710065 0.7055673693293886 0.017246440458579954 0.7023761094674555 0.015495562130177581 0.736226423816568 0.050200513128698276 0.739417683678501
0 0.16916807432432435 0.8376414695945945 0.16857421875000003 0.80359375 0.12867029138513514 0.804831081081081 0.12926414695945945 0.8388788006756757
0 0.29907023534953225 0.8337251764986141 0.2667756586213619 0.8173922871188498 0.2539062500000001 0.8626302083333335 0.28620082672817054 0.8789630977130978
0 0.39150491910652563 0.8416207505041776 0.35418368828327573 0.8401571728248344 0.3535514970019447 0.868816510911841 0.39087272782519455 0.8702800885911842
0 0.4893937052353344 0.8530226807639836 0.44829614490961806 0.8489636624602092 0.44654952357605737 0.880402846464302 0.4876470839017737 0.8844618647680763
0 0.6374026870057119 0.8883720983450498 0.5967088642355008 0.8768627343292327 0.5921886155810633 0.905275725871412 0.6328824383512743 0.9167850898872292
0 0.75341796875 0.9010416666666666 0.71435546875 0.9010416666666666 0.71435546875 0.9309895833333334 0.75341796875 0.9309895833333334
0 0.845541911000594 0.9449382670229612 0.8447584573559977 0.914644726098575 0.809324432155582 0.916273876682502 0.8101078858001782 0.9465674176068885
0 0.9384765625 0.9283854166666669 0.8994140625 0.9283854166666666 0.8994140625 0.9615885416666669 0.9384765625 0.961588541666667
0 0.43885008995465297 0.9965548189405888 0.43592502341285483 0.9640540795872767 0.4027118863367507 0.9693681815194534 0.40563695287854884 1.0018689208727654
0 0.328265739889706 0.9539407169117649 0.28965705422794125 0.9499808517156864 0.28774126838235303 0.9831878063725491 0.32634995404411776 0.9871476715686276
0 0.1911207389572979 0.9392845543380027 0.15406806900982836 0.9371822751920469 0.1530941542165613 0.9676982720477482 0.19014682416403084 0.9698005511937039
0 0.08578964799394403 0.9265495875914711 0.05195075936790319 0.9202831267347968 0.048893919142695 0.9496287928967955 0.08273280776873584 0.9558952537534697