0 0.21405750667958928 0.05826959346186086 0.2036370199863789 0.02536279337803854 0.16273067503143337 0.04839155053785973 0.17315116172464376 0.08129835062168204
0 0.30904244087837834 0.04460515202702703 0.3056772592905405 0.017683699324324332 0.26933329814189194 0.025760135135135132 0.27269847972972977 0.05268158783783783
0 0.0791015625 0.07552083333333333 0.054443359375 0.04264322916666668 0.027099609375000007 0.07910156250000001 0.0517578125 0.11197916666666667
0 0.06277037887026612 0.23342542540941655 0.05916599363485159 0.19618011131013305 0.015398101650460594 0.20371007122142612 0.019002486885875122 0.2409553853207096
0 0.1571070177801724 0.21057156968390803 0.15081526131465514 0.17608342313218386 0.10591089709051722 0.19064700071839077 0.11220265355603447 0.22513514727011494
0 0.24600758272058826 0.2029335171568627 0.24397690716911768 0.16773514093137262 0.1973776424632353 0.1725145526960785 0.19940831801470588 0.2077129289215686
0 0.35541970865174666 0.17171010735080058 0.3527288311954148 0.14480133278748178 0.31115029680676853 0.15219307223435222 0.31384117426310043 0.17910184679767102
0 0.4545392446567358 0.15260011873920556 0.4529018579987047 0.11876079447322972 0.41299738908678757 0.12219343696027635 0.41463477574481866 0.15603276122625218
0 0.517578125 0.11588541666666674 0.484375 0.11588541666666674 0.484375 0.13932291666666674 0.517578125 0.13932291666666674
0 0.5849609375 0.09440104166666675 0.5478515625 0.09440104166666674 0.5478515625 0.12630208333333343 0.5849609375 0.12630208333333345
0 0.6421313900960659 0.11517183211344927 0.6407822506861849 0.0854907650960659 0.605327135035453 0.08835582494663008 0.606676274445334 0.11803689196401344
0 0.7039112990621059 0.10440311055065156 0.701899678830391 0.07936961433375368 0.664866655501261 0.08466004623791508 0.666878275732976 0.10969354245481296
0 0.7678484331837014 0.06973843232044208 0.7297803004143646 0.0557363604972377 0.7225505006906077 0.09068039249539606 0.7606186334599446 0.10468246431860044
0 0.8345906118328651 0.05422299274344581 0.7958984374999999 0.04231770833333345 0.7895946716994381 0.07873946629213495 0.8282868460323033 0.09064475070224731
0 0.9143021158591862 0.07001557044050499 0.9111088115682918 0.03276035371340317 0.8634472892324738 0.04002306187886114 0.8666405935233682 0.07727827860596297
0 0.9313579763899843 0.29003290122239767 0.8876899213820979 0.28304601242113586 0.8842704123126973 0.3210405576366984 0.9279384673205837 0.3280274464379602
0 0.8630859375 0.2963541666666667 0.85107421875 0.26432291666666674 0.81435546875 0.2888020833333334 0.8263671874999999 0.32083333333333336
0 0.7973332331730769 0.33690905448717956 0.7943213553450227 0.3037783983785822 0.7550661941459277 0.3101226668552036 0.7580780719739819 0.343253322963801
0 0.7396660476434427 0.3100239071038254 0.7149798283811475 0.2825947745901641 0.6955286244877049 0.31371670081967223 0.72021484375 0.3411458333333335
0 0.7036645420929715 0.3467213912366549 0.6918901871107651 0.3167503058274022 0.6603256714301602 0.33879536439798347 0.6721000264123665 0.3687664498072361
0 0.6419998335294846 0.3557655578956062 0.6291007882185332 0.3236612673439048 0.5975972110381566 0.3461638224727453 0.610496256349108 0.3782681130244467
0 0.5946797895500725 0.3216467102080311 0.5669880771498549 0.3098315795839382 0.5588297407928157 0.3438246477382681 0.5865214531930333 0.355639778362361
0 0.4937725360576923 0.36486378205128217 0.48079176682692304 0.33457532051282063 0.44924128605769226 0.3586137820512822 0.4622220552884615 0.38890224358974373
0 0.542583003678027 0.3893411083474457 0.5385663632514818 0.35292356848010153 0.501413162838696 0.3602085097375105 0.5054298032652413 0.39662604960485465
0 0.399070945945946 0.39402097409909914 0.39141680743243246 0.3608530405405406 0.3514437288851352 0.37725225225225234 0.3590978673986487 0.4104201858108108
0 0.31971336570945946 0.4220298423423423 0.3190867820945946 0.38610571509009 0.2750971283783784 0.3874697353603603 0.27572371199324325 0.4233938626126126
0 0.2323008624891681 0.4486015579867129 0.23109750731152512 0.41009419230213756 0.18554264379332758 0.41262501805314855 0.18674599897097055 0.4511323837377239
0 0.1181640625 0.4602864583333333 0.10986328125 0.4270833333333333 0.069287109375 0.44511718749999996 0.077587890625 0.47832031249999996
0 0.09532406073393813 0.6377276515714853 0.08907342169839381 0.6006868276571485 0.04566547999702559 0.613709210167559 0.05191611903256991 0.6507500340818957
0 0.19440481344458438 0.6172612956549118 0.1846933052581864 0.5762571499790093 0.1399423901920655 0.5950996405331654 0.1496538983784635 0.6361037862090679
0 0.274586905420354 0.5959047750737462 0.27285631568030977 0.5612929802728613 0.23273515279314158 0.5648593058628318 0.23446574253318583 0.5994711006637168
0 0.3474718520220588 0.5770503982843137 0.34485581341911764 0.5433325674019608 0.3052573529411765 0.5487944240196079 0.30787339154411764 0.5825122549019607
0 0.4273813100961539 0.5585837339743589 0.4261853966346154 0.5298818108974358 0.3872701322115385 0.532764423076923 0.38846604567307697 0.5614663461538462
0 0.5131407202743903 0.5361915650406505 0.5075028582317073 0.5011115345528455 0.46938833841463423 0.5120013973577237 0.47502620045731714 0.5470814278455286
0 0.578369140625 0.5100911458333335 0.55908203125 0.484375 0.53515625 0.5162760416666666 0.554443359375 0.5419921875000001
0 0.6185690487132351 0.5325635723039216 0.6064453125 0.5071614583333335 0.5807272518382354 0.5289828431372551 0.5928509880514705 0.5543849571078431
0 0.687603400735294 0.49169730392156846 0.6700942095588236 0.4644607843137254 0.6466911764705883 0.49120710784313726 0.6642003676470587 0.5184436274509804
0 0.7650943607006673 0.5071906279790276 0.761305409914204 0.4748582479345409 0.7239186129647281 0.4826471639656817 0.7277075637511915 0.5149795440101684
0 0.8182378377456332 0.4769747316229984 0.8148092078329694 0.4426884324963609 0.777420510371179 0.4493353120451236 0.7808491402838428 0.4836216111717612
0 0.9158392228143064 0.4651052956406551 0.8896540823699424 0.4395020472061657 0.8714451431539019 0.47260920941714835 0.897630283598266 0.49821245785163776
0 0.9708467371323529 0.43478094362745107 0.9417796415441176 0.425091911764706 0.9361787683823529 0.4549632352941178 0.9652458639705882 0.4646522671568629
0 0.9214837445077116 0.6147594041427545 0.918572971776363 0.5860397798601148 0.8827382420193688 0.592496487924438 0.8856490147507174 0.6212161122070778
0 0.8173828125 0.6093750000000001 0.7830296240482233 0.6061032677664975 0.7814309367068527 0.6359454314720813 0.8157841251586294 0.6392171637055839
0 0.7357769956683169 0.6521568172442245 0.7333500928217822 0.6197981126237625 0.6975750309405941 0.6245681208745875 0.7000019337871288 0.6569268254950494
0 0.6044212185370931 0.6773134896227605 0.6010501927990158 0.6449516425372193 0.5663330632570023 0.6513807406005551 0.5697040889950795 0.6837425876860963
0 0.5300953584558824 0.6706648284313727 0.4945772058823529 0.660140931372549 0.48905101102941173 0.693298100490196 0.5245691636029413 0.7038219975490195
0 0.4484465192078026 0.7080841129246286 0.44412725169187905 0.6759981256634822 0.4061383484275478 0.6850894871284504 0.41045761594347135 0.7171754743895967
0 0.3731509456685657 0.720485820207775 0.36396392740449063 0.692646370922699 0.33059913287533516 0.7122203837131368 0.33978615113941024 0.7400598329982128
0 0.3094647160519698 0.736181872555183 0.3012015893493294 0.70906186696703 0.26737143427808047 0.7273865342972899 0.27563456098072087 0.7545065398854428
0 0.2271354092431585 0.761830102622577 0.2215900486388256 0.7260933342835424 0.18156379169042192 0.7371350603382744 0.18710915229475483 0.772871828677309
0 0.13399793327861165 0.7896610186053783 0.1316582141181989 0.7537853248123828 0.0900443758794559 0.7586101176516573 0.09238409503986866 0.7944858114446528
0 0.09216764457987553 0.9457015041493776 0.08523850816908712 0.9110558220954356 0.04840467777489624 0.9241522951244813 0.05533381418568464 0.9587979771784233
0 0.182880310744382 0.9167199204119849 0.18064979810393259 0.8817752223782772 0.13875329178370788 0.8865294358614233 0.1409838044241573 0.921474133895131
0 0.2666015625000001 0.8665364583333334 0.22900390625000006 0.8665364583333334 0.22900390625000006 0.8997395833333334 0.2666015625000001 0.8997395833333334
0 0.3592593933197806 0.8602885266956631 0.34687322711800306 0.833343182677761 0.3158211989409985 0.8587190336611195 0.32820736514277604 0.8856643776790216
0 0.4939951526068652 0.8462681482081176 0.4891439645401554 0.8216887953367876 0.45419770077720206 0.8339506422711573 0.45904888884391193 0.8585299951424873
0 0.7039080691680779 0.8090529521239063 0.7016940589278154 0.7889792592788596 0.6692219087372989 0.7953463475515098 0.6714359189775614 0.8154200403965565
0 0.7963949482092696 0.7903170353464418 0.7910068469101122 0.7605541900749063 0.7515175122893258 0.7732634012172284 0.7569056135884832 0.803026246488764
0 0.9089472741539302 0.7688347207059678 0.9060431734443232 0.739793713609898 0.8683666245906113 0.7464917667394468 0.8712707253002183 0.7755327738355167
0 0.9569257812499998 0.8836666666666669 0.95323046875 0.8565677083333334 0.9158906250000001 0.8656197916666667 0.9195859375 0.8927187500000002
0 0.8614005702893174 0.8951552454253218 0.8551731732195844 0.8655009736646884 0.8175197340968101 0.8795582576038576 0.8237471311665431 0.9092125293644907
0 0.7721838048986487 0.9164027308558559 0.768211570945946 0.8846248592342342 0.726245777027027 0.8939505912162162 0.7302180109797296 0.9257284628378378
0 0.6956147873836307 0.9228245409878459 0.6908812245442203 0.8952120910912852 0.6500856859726531 0.9076450171321437 0.6548192488120637 0.9352574670287045
0 0.5839968240970255 0.9342908994334279 0.5761414438739376 0.9051968986071767 0.5398661583746459 0.9226090356468367 0.5477215385977338 0.951703036473088
0 0.49903663429054057 0.9584389076576577 0.49565825591216217 0.9314118806306307 0.45456345016891897 0.9405440596846848 0.4579418285472973 0.9675710867117119
0 0.39647274134189925 0.9846431281200366 0.3909883025229748 0.9575865632800092 0.35315830550119126 0.9712189946392105 0.3586427443201157 0.998275559479238