0 0.890625 0.07747395833333348 0.841796875 0.07747395833333347 0.841796875 0.11328125000000015 0.890625 0.11328125000000015
0 0.7808827933829529 0.10265535787112562 0.7801941814080343 0.07052013237493203 0.7481054209573818 0.07174256134448069 0.7487940329323003 0.10387778684067428
0 0.7172475961538461 0.08163060897435909 0.681659405048077 0.07214042467948728 0.6774338942307693 0.10031049679487192 0.7130220853365384 0.10980068108974372
0 0.6865234375 0.09765625000000011 0.650390625 0.09765625000000011 0.650390625 0.12565104166666677 0.6865234375 0.12565104166666677
0 0.6203137710140998 0.12195634490238612 0.6198451904826464 0.09196719088937093 0.5788473596800433 0.09310601952277657 0.5793159402114967 0.12309517353579176
0 0.56591796875 0.07942708333333343 0.53515625 0.07942708333333343 0.53515625 0.10416666666666674 0.56591796875 0.10416666666666674
0 0.48685522033982503 0.10611565149708531 0.4844534044614467 0.06608538685744567 0.4473277275437202 0.07004545906200317 0.44972954342209853 0.11007572370164283
0 0.4009294833010648 0.10662209583736688 0.39841102976766696 0.07080409002904163 0.35630067158760886 0.07606788480154889 0.3588191251210067 0.11188589060987415
0 0.31527815193965514 0.11245061063218392 0.3135944234913792 0.07428609913793104 0.2741514008620689 0.07737966954022989 0.2758351293103448 0.11554418103448277
0 0.20947265625 0.07617187500000004 0.16943359375 0.07617187500000003 0.16943359375 0.11263020833333337 0.20947265625 0.11263020833333337
0 0.148197377178122 0.23019459402226528 0.10952058627783157 0.22535999515972896 0.1072261843538238 0.2579914891900614 0.14590297525411425 0.26282608805259766
0 0.11804502728926625 0.08665842303416212 0.07907728168587022 0.07756594906003639 0.07453380836870831 0.11218288861936528 0.11350155397210433 0.12127536259349103
0 0.23794167039424974 0.2569689736549852 0.23741048980441756 0.22509813826505431 0.2017835521038993 0.22615375123395856 0.20231473269373149 0.25802458662388944
0 0.3506118639380531 0.2570289454277286 0.3489115217090708 0.2230221008480826 0.3087903588219026 0.2265884264380531 0.3104907010508849 0.26059527101769914
0 0.440303810420998 0.22004666926541938 0.3988115782549377 0.21826205712924474 0.39799693022349275 0.25193417576230087 0.43948916238955305 0.2537187878984755
0 0.5179292144247405 0.2211437608131489 0.48256616295415233 0.2199029519896195 0.48192717344290664 0.25227842055940036 0.5172902249134949 0.25351922938292976
0 0.60205078125 0.21484375000000008 0.55908203125 0.21484375000000008 0.55908203125 0.2473958333333334 0.60205078125 0.2473958333333334
0 0.6916631760442643 0.2177580138196177 0.6488015800342893 0.21490057408561938 0.6476569805953866 0.24542322578969256 0.6905185766053615 0.24828066552369088
0 0.7587890625 0.21809895833333348 0.7197265625 0.21809895833333348 0.7197265625 0.24414062500000014 0.7587890625 0.24414062500000014
0 0.825097078402367 0.21619976577909283 0.7862781411797338 0.21241255239151888 0.7848124306582841 0.2391210552268246 0.8236313678809173 0.2429082686143986
0 0.9035796981052036 0.21182774792609363 0.861656002545249 0.20505220116892928 0.8589145574095024 0.23520809766214193 0.900838252969457 0.24198364441930634
0 0.9645041684470168 0.22964007794696503 0.9628372144965817 0.20000534105034182 0.924345235783095 0.2038545389216905 0.9260121897335302 0.23348927581831366
0 0.9730244855182927 0.4929249237804878 0.9721727324695122 0.4565834603658536 0.9323556592987805 0.4582425050813008 0.933207412347561 0.494583968495935
0 0.8665638536509901 0.498846173679868 0.8640499303836634 0.4653271967821782 0.8246006729579208 0.47058709777227725 0.8271145962252475 0.5041060746699669
0 0.7788327039030083 0.5020441627766252 0.7772669622017635 0.46794578794951586 0.7373476400414938 0.4712045081258644 0.7389133817427386 0.5053028829529738
0 0.6769631044708029 0.506872528892944 0.67627416457573 0.4728848274026764 0.6363038891423358 0.47432519768856446 0.6369928290374087 0.508312899178832
0 0.5830078125 0.47851562500000017 0.541015625 0.47851562500000017 0.541015625 0.5104166666666669 0.5830078125 0.5104166666666669
0 0.4755859375 0.47656250000000006 0.43359375 0.4765625 0.43359375 0.5084635416666667 0.4755859375 0.5084635416666669
0 0.38985638786764704 0.5083226102941177 0.38751953125 0.478203125 0.34770450367647066 0.4836948529411765 0.3500413602941177 0.5138143382352942
0 0.3212890625 0.4811197916666667 0.28125 0.4811197916666667 0.28125 0.51171875 0.3212890625 0.51171875
0 0.2517641561356359 0.5111421641506557 0.25058388251944197 0.4851761445943885 0.21312382061985363 0.48820322030344615 0.2143040942360476 0.5141692398597134
0 0.18084881756756754 0.5066863738738738 0.1775100295608108 0.47997606981981983 0.14330394847972974 0.4875774211711712 0.1466427364864865 0.5142877252252253
0 0.07146563555743243 0.5153318552927929 0.07092219172297297 0.48417440878378376 0.034695418074324316 0.4852977195945945 0.03523886190878378 0.5164551661036036
0 0.08642578125000006 0.6236979166666666 0.052734375000000056 0.6236979166666666 0.052734375000000056 0.6575520833333334 0.08642578125000006 0.6575520833333334
0 0.15243389423076922 0.6525540865384615 0.15106971153846155 0.6198137019230768 0.11832031249999998 0.6222395833333333 0.11968449519230767 0.6549799679487179
0 0.2184403582317073 0.6427686737804877 0.2158798589939024 0.6120426829268292 0.1800805068597561 0.6173462906504065 0.18264100609756098 0.648072281504065
0 0.2900390625000001 0.6126302083333334 0.2514648437500001 0.6126302083333334 0.2514648437500001 0.642578125 0.2900390625000001 0.642578125
0 0.3867187500000001 0.6067708333333334 0.3413085937500001 0.6067708333333334 0.3413085937500001 0.640625 0.3867187500000001 0.640625
0 0.4614257812500001 0.6080729166666667 0.4194335937500001 0.6080729166666666 0.4194335937500001 0.6412760416666666 0.4614257812500001 0.6412760416666667
0 0.55615234375 0.6080729166666669 0.51513671875 0.6080729166666669 0.51513671875 0.6406250000000001 0.55615234375 0.6406250000000001
0 0.6335709470177664 0.6391576776649747 0.6318161088197969 0.6064006979695431 0.5889960739213197 0.6104787965313029 0.5907509121192892 0.6432357762267343
0 0.7294605928308825 0.6394263174019608 0.7273782169117649 0.6033318014705883 0.680368221507353 0.6081533394607844 0.6824505974264706 0.6442478553921568
0 0.82958984375 0.6067708333333335 0.78955078125 0.6067708333333335 0.78955078125 0.6412760416666669 0.82958984375 0.6412760416666669
0 0.9130859375 0.5983072916666669 0.87841796875 0.5983072916666669 0.87841796875 0.6445312500000001 0.9130859375 0.6445312500000001
0 0.9932690154810644 0.5942930900290005 0.9546758052392528 0.5876533979443878 0.9504756868922722 0.6310546208631868 0.9890688971340839 0.6376943129477995
0 0.9921875 0.752604166666667 0.96044921875 0.752604166666667 0.96044921875 0.7903645833333336 0.9921875 0.7903645833333336
0 0.9368797508445946 0.7671734234234237 0.9130463471283783 0.7444749436936938 0.8938120249155405 0.7803790118243245 0.9176454286317568 0.8030774915540543
0 0.8422878994030899 0.7856061271067416 0.8351941055126404 0.744619762406367 0.802635621488764 0.7546377574906367 0.8097294153792134 0.7956241221910113
0 0.7747457252358488 0.7840998427672955 0.7664910082547168 0.7455778301886792 0.7366966391509433 0.7569280660377359 0.7449513561320753 0.7954500786163522
0 0.6943359375 0.7473958333333334 0.662109375 0.7473958333333334 0.662109375 0.7877604166666666 0.6943359375 0.7877604166666666
0 0.523509987113402 0.7807721219931273 0.5222998550257731 0.7452749140893471 0.4864187338917526 0.7474495274914089 0.4876288659793815 0.7829467353951891
0 0.40981326219512204 0.7438008130081303 0.3712461890243903 0.7421938516260164 0.3703110708841464 0.7820922256097562 0.4088781440548781 0.78369918699187
0 0.2832031250000001 0.7376302083333334 0.24707031250000006 0.7376302083333334 0.24707031250000006 0.7825520833333334 0.2832031250000001 0.7825520833333334
0 0.17006567158830282 0.7449750334480124 0.13069900372706428 0.7433844610091743 0.12979053182339456 0.7833572247706422 0.1691571996846331 0.7849477972094802
0 0.04380379528550864 0.7871806022072937 0.04260267964251439 0.7463426703454895 0.001860342190499041 0.748472988643634 0.003061457833493285 0.7893109205054382
0 0.034623497037639506 0.863301821948575 0.0005146012430298219 0.8573698400712516 -0.0031801812267657215 0.8951387275402727 0.030928714567843962 0.901070709417596
0 0.12255859375000008 0.857421875 0.08398437500000008 0.857421875 0.08398437500000008 0.8938802083333334 0.12255859375000008 0.8938802083333334
0 0.20898437500000006 0.857421875 0.17138671875000006 0.857421875 0.17138671875000006 0.892578125 0.20898437500000006 0.892578125
0 0.3117351700774337 0.8551403484513275 0.27790116841814166 0.8521328816371682 0.27595668556415937 0.8910225387168141 0.3097906872234514 0.8940300055309734
0 0.4013521634615385 0.8571314102564104 0.36232872596153853 0.8542407852564103 0.360848858173077 0.8897576121794873 0.39987229567307697 0.8926482371794874
0 0.4721679687500001 0.8587239583333334 0.4355468750000001 0.8587239583333334 0.4355468750000001 0.890625 0.4721679687500001 0.890625
0 0.5533656169458764 0.8655981529209624 0.515956225837629 0.8633309170962201 0.5150461098582476 0.8900276524914091 0.552455500966495 0.8922948883161514
0 0.6498242675476265 0.8942734358734126 0.6492057576319488 0.8612862403706018 0.6085817335844785 0.8626403745055174 0.6092002435001562 0.8956275700083283
0 0.73583984375 0.8671875 0.69775390625 0.8671875 0.69775390625 0.9010416666666666 0.73583984375 0.9010416666666666
0 0.796875 0.8671875 0.76025390625 0.8671875 0.76025390625 0.9016927083333334 0.796875 0.9016927083333334
0 0.8583984375 0.8704427083333334 0.82421875 0.8704427083333334 0.82421875 0.9049479166666666 0.8583984375 0.9049479166666666
0 0.94482421875 0.867838541666667 0.90185546875 0.8678385416666669 0.90185546875 0.9042968750000001 0.94482421875 0.9042968750000003