0 0.74609375 0.001302083333333449 0.7071945451092313 -0.00002780401335949571 0.7067646522872865 0.022326622727770598 0.7456638571780552 0.02365651007446354
0 0.6689453125 1.0847213347916496e-16 0.62841796875 1.0516335469240618e-16 0.62841796875 0.03255208333333344 0.6689453125 0.03255208333333345
0 0.6028240997779188 0.04177902918781726 0.6011931908312182 0.01133539551607445 0.5593794614530457 0.015317655456852783 0.5610103703997463 0.04576128912859559
0 0.505859375 0.02799479166666675 0.46533203125 0.027994791666666744 0.46533203125 0.059895833333333405 0.505859375 0.059895833333333405
0 0.4333323250829646 0.0637819183259587 0.43183075221238937 0.03375046091445428 0.39307072732300885 0.03719579646017699 0.3945723001935841 0.06722725387168142
0 0.36110208918539327 0.06910112359550562 0.35903265449438204 0.040129037921348316 0.32071300035112366 0.044995025749063666 0.3227824350421349 0.07396711142322097
0 0.30310882026627217 0.07624969181459568 0.3014839127218935 0.044834812623274156 0.2584504437869823 0.04879191321499013 0.26007535133136095 0.08020679240631164
0 0.2280934568719413 0.05225326264274066 0.18966221770493477 0.05078921543637851 0.18909388381933118 0.07731146343121266 0.2275251229863377 0.07877551063757482
0 0.15383498733108109 0.06857052364864864 0.15035103462837837 0.04069890202702702 0.10988967483108109 0.049690315315315314 0.11337362753378379 0.07756193693693693
0 0.07315204731229817 0.07857245974614281 0.07176446658032831 0.05205425020182993 0.03291378288145856 0.05566826729009688 0.03430136361342842 0.08218647683440976
0 0.034667968750000014 0.1953125 1.8208249528338332e-17 0.1953125 1.9673281099583946e-17 0.22721354166666666 0.03466796875000002 0.22721354166666666
0 0.1259765625 0.18684895833333334 0.08789062500000003 0.18684895833333334 0.08789062500000003 0.21809895833333334 0.1259765625 0.21809895833333334
0 0.2001953125 0.18033854166666666 0.1572265625 0.18033854166666666 0.1572265625 0.21028645833333334 0.2001953125 0.21028645833333334
0 0.2984667799501733 0.18083387492778746 0.25425236270580587 0.17837751841421148 0.2532901863084922 0.2091671631282496 0.2975046035528596 0.2116235196418256
0 0.3776894516374715 0.20272237560294495 0.37563573251856436 0.17479179558580857 0.33695459765327496 0.1798481530845392 0.3390083167721821 0.20777873310167558
0 0.44287109375 0.1712239583333334 0.40625 0.1712239583333334 0.40625 0.2141927083333334 0.44287109375 0.2141927083333334
0 0.532992233098249 0.19146451442931256 0.5315596881079766 0.16090355463683526 0.490338870987354 0.16433862273022046 0.4917714159776264 0.1948995825226978
0 0.6288803998161765 0.17154181985294117 0.6267038143382353 0.14348805147058827 0.5862724034926471 0.14906479779411766 0.5884489889705882 0.1771185661764706
0 0.7033581493008186 0.16435293741473395 0.7016781420532061 0.13411280695770805 0.6594654619287177 0.1382819605502501 0.6611454691763302 0.168522091007276
0 0.8087086397058822 0.14514399509803924 0.8033949908088235 0.11680453431372555 0.7626091452205884 0.1303998161764706 0.7679227941176472 0.1587392769607843
0 0.913550204918033 0.1253522028688524 0.9080942622950822 0.09443519467213109 0.8647396900614756 0.1080366290983606 0.8701956326844263 0.13895363729508192
0 0.9877264167862266 0.21059843525824964 0.980349657012195 0.18411775914634151 0.9386671112804879 0.20476054369918698 0.9460438710545194 0.23124121981109513
0 0.8726372430788591 0.2383380522930648 0.8700732749580538 0.21526233920581647 0.8283635696308724 0.22350129334451893 0.8309275377516778 0.24657700643176725
0 0.75732421875 0.24023437500000014 0.7158203125 0.24023437500000014 0.7158203125 0.2649739583333335 0.75732421875 0.2649739583333335
0 0.6192673725883702 0.28325582669994603 0.6183514170433081 0.2569984344081669 0.5726540365286023 0.2598323804865983 0.5735699920736643 0.28608977277837744
0 0.52294921875 0.27408854166666674 0.4853515625 0.27408854166666674 0.4853515625 0.3001302083333334 0.52294921875 0.3001302083333334
0 0.44384765625 0.28385416666666674 0.40234375 0.28385416666666674 0.40234375 0.30924479166666674 0.44384765625 0.30924479166666674
0 0.32856177257131325 0.3123836674739863 0.3271694614504844 0.28577505494259065 0.2848156620021529 0.2897149432633656 0.28620797312298174 0.31632355579476135
0 0.21093750000000003 0.2955729166666667 0.16601562500000003 0.2955729166666667 0.16601562500000006 0.3216145833333333 0.21093750000000006 0.3216145833333333
0 0.0794085910396791 0.3274536309265684 0.07388292430073719 0.29706246386238794 0.02930238033933217 0.3114723366579936 0.034828047078274076 0.34186350372217406
0 0.06711347912757976 0.48545355495622267 0.06555610928705442 0.4615738840681676 0.023457654197936207 0.46645486436835526 0.025015024038461536 0.49033453525641035
0 0.13678834664875567 0.4817664144984917 0.13580515589649322 0.45423707343514336 0.09657584488122173 0.45672782334087486 0.09755903563348417 0.48425716440422323
0 0.21142578125000006 0.453125 0.17431640625000006 0.453125 0.17431640625000006 0.4791666666666667 0.21142578125000006 0.4791666666666667
0 0.32035609306496615 0.471454845888136 0.3192462214154046 0.4467910314534343 0.2800416547304703 0.4499273967882291 0.2811515263800319 0.47459121122293074
0 0.4424789221578055 0.4623264870852188 0.44161503994626705 0.4381377851621419 0.403035297652715 0.44058729260935153 0.40389917986425344 0.4647759945324284
0 0.5811512426821336 0.44226282433506797 0.5762862166630529 0.41550518123012425 0.5325721284150043 0.4296349875325238 0.537437154434085 0.4563926306374675
0 0.6833298141891891 0.4288780968468469 0.6799646326013513 0.40195664414414417 0.6430664062500001 0.41015624999999994 0.6464315878378379 0.4370777027027027
0 0.7463056991804395 0.4216491573586391 0.7436798350662913 0.39564059851374256 0.7008671647974937 0.4033249239466037 0.7034930289116419 0.42933348279150024
0 0.8703943201013513 0.40586289414414417 0.8669235641891891 0.3780968468468469 0.822265625 0.3880208333333333 0.8257363809121622 0.4157868806306307
0 0.9841373198097028 0.3853328671185887 0.9815933441889906 0.35423983175432855 0.9378577964206959 0.36060136597517145 0.9404017720414081 0.3916944013394316
0 0.9906145591226032 0.48521216165504555 0.9844351485328298 0.4552513830379625 0.9420247584979663 0.47080185938407904 0.9482041690877396 0.5007626380011622
0 0.89501953125 0.4778645833333335 0.8583984375 0.4778645833333335 0.8583984375 0.5091145833333335 0.89501953125 0.5091145833333335
0 0.8276649719196734 0.5113540071193555 0.8245737427671888 0.48002955170751077 0.7847234779186522 0.4870208262423417 0.7878147070711368 0.5183452816541866
0 0.7494196496021356 0.5220378391082461 0.7472729433168817 0.4969929324469515 0.7143739612711522 0.5020061106634436 0.7165206675564061 0.5270510173247381
0 0.6700717268318965 0.5372508081896551 0.6687095905172413 0.5063757183908045 0.6298962823275862 0.5094198994252873 0.6312584186422414 0.5402949892241379
0 0.5914850281657831 0.5158549355967919 0.5513392288183117 0.5143255718121262 0.5505757417414356 0.5499549687330071 0.5907215410889071 0.5514843325176727
0 0.5141210937499999 0.5524479166666668 0.5098789062499999 0.5213385416666668 0.4726679687499999 0.5303593750000001 0.4769101562499999 0.5614687500000001
0 0.44614722244537275 0.5609334832904885 0.44031295187982006 0.5309286632390745 0.40325315813785345 0.5437394561375322 0.4090874287034062 0.5737442761889461
0 0.3804874785958904 0.5753674372146119 0.37790025684931505 0.5425959617579909 0.34234134203767125 0.5475866866438356 0.3449285637842466 0.5803581621004567
0 0.3107694872772045 0.5734003674171357 0.3087302488860225 0.5421320454190119 0.27375355446763605 0.5461873143370858 0.275792792858818 0.5774556363352096
0 0.23730468750000006 0.5494791666666666 0.20117187500000006 0.5494791666666666 0.20117187500000006 0.5807291666666666 0.23730468750000006 0.5807291666666666
0 0.15185546875000006 0.5559895833333334 0.11425781250000006 0.5559895833333334 0.11425781250000006 0.5885416666666666 0.15185546875000006 0.5885416666666666
0 0.09373989762931034 0.7303071120689655 0.09194504310344828 0.7015894396551725 0.05525323275862069 0.7056663074712645 0.057048087284482754 0.7343839798850574
0 0.23590897647411727 0.719170264469775 0.23549920187692835 0.6896664934721747 0.1944795594789167 0.6906793241486687 0.19488933407610562 0.720183095146269
0 0.3639783135775862 0.7117636494252874 0.3627289870689655 0.6834455818965517 0.3187920932112069 0.6868916127873562 0.3200414197198276 0.715209680316092
0 0.46266402645023075 0.6958498132278622 0.4615791537059163 0.6693307017001758 0.42044620601928145 0.6723221888046583 0.4215310787635959 0.6988413003323446
0 0.5400390625 0.6588541666666669 0.5048828125 0.6588541666666669 0.5048828125 0.6881510416666666 0.5400390625 0.6881510416666666
0 0.6223078547297298 0.677681587837838 0.618480785472973 0.6470650337837839 0.5778610641891893 0.6560916385135136 0.581688133445946 0.6867081925675677
0 0.7048906964013709 0.666461387725311 0.7026157074090823 0.6355215374301854 0.66259747030893 0.6407526795347804 0.6648724593012186 0.6716925298299062
0 0.7806707974137931 0.6535380747126437 0.7794467268318965 0.6257924748563218 0.7470450565732758 0.6283337823275862 0.7482691271551724 0.656079382183908
0 0.8450540865384615 0.6491366185897435 0.8438521634615385 0.6202904647435896 0.8052614182692308 0.6231490384615384 0.8064633413461538 0.6519951923076922
0 0.950299703663793 0.6364358836206897 0.9485082165948275 0.6077720905172415 0.9027242726293103 0.6128591954022989 0.9045157596982758 0.6415229885057472
0 0.96435546875 0.701822916666667 0.92138671875 0.701822916666667 0.92138671875 0.729166666666667 0.96435546875 0.729166666666667
0 0.8935293879533678 0.7277363989637307 0.8881785338406735 0.7006254047927462 0.8487858747571243 0.7144473904360966 0.8541367288698186 0.7415583846070813
0 0.8194829614122929 0.7465631474447513 0.8184281660048344 0.7198416637891345 0.7818826074758288 0.7224062643876613 0.7829374028832874 0.7491277480432781
0 0.7057212271341463 0.7596703506097562 0.7035299161585366 0.733374618902439 0.666819502667683 0.7388131986788619 0.6690108136432927 0.765108930386179
0 0.6069860304200346 0.7683742602482679 0.603614296153291 0.742299515252117 0.5669221591729214 0.7507344892705928 0.5702938934396651 0.7768092342667435
0 0.4721598347164381 0.7827555936632371 0.4706076697237874 0.7594731187734771 0.4312054542044341 0.7641430109831783 0.4327576191970848 0.7874254858729381
0 0.3575221501190896 0.7971203466831335 0.35593015338302747 0.774620126146789 0.315924688216743 0.7796522601299695 0.31751668495280516 0.802152480666314
0 0.2670995301228585 0.8066259486774873 0.26604481620547793 0.7845941468477609 0.228227235262624 0.7878126643748122 0.22928194918000452 0.8098444662045386
0 0.1225737931663424 0.821938837548638 0.12137493920233461 0.7963632863164719 0.07927255593385213 0.7998718182555121 0.08047140989785992 0.8254473694876782
0 0.20401298666571588 0.9913147402072638 0.2025374191118796 0.9680991440269061 0.15623495882059324 0.9733310604440005 0.15771052637442953 0.9965466566243583
0 0.3164771667158428 0.9789806289340924 0.316176414754582 0.9549204720332315 0.27320332568210215 0.9558754295681754 0.27350407764336293 0.9799355864690363
0 0.4184570312500001 0.9440104166666666 0.3764648437500001 0.9440104166666666 0.3764648437500001 0.96875 0.4184570312500001 0.96875
0 0.5061669245941827 0.9612939206355747 0.5051621982119314 0.9367339424027685 0.4635955267386289 0.9397569730553724 0.46460025312088005 0.9643169512881785
0 0.598876953125 0.9501953125 0.5971279456967213 0.9245432035519126 0.553102587090164 0.9298796106557378 0.5548515945184427 0.9555317196038251
0 0.7017851942362235 0.9383599658968125 0.7002028306067665 0.9137454205497028 0.6571596909187601 0.9186646365140464 0.6587420545482172 0.943279181861156
0 0.77099609375 0.9069010416666666 0.72802734375 0.9069010416666666 0.72802734375 0.9329427083333334 0.77099609375 0.9329427083333334
0 0.8588860295739238 0.9170475513114561 0.8570045788858505 0.8904563815866854 0.8158667974263409 0.8956309452922842 0.8177482481144143 0.9222221150170548
0 0.94140625 0.8841145833333336 0.89892578125 0.8841145833333335 0.89892578125 0.9108072916666669 0.94140625 0.910807291666667