0 0.9483947308394161 0.05830672141119222 0.9476469833485401 0.02141784519464721 0.9142834739963503 0.022620133819951333 0.9150312214872263 0.05950901003649634
0 0.8718151628812998 0.05831917274535814 0.8668190225049734 0.02234696203580903 0.8323388542357426 0.030860583830680837 0.837334994612069 0.06683279454022995
0 0.7897633272058825 0.06943933823529409 0.7877814797794118 0.035087316176470595 0.745700252757353 0.039403339460784316 0.7476821001838236 0.07375536151960782
0 0.7105754617580796 0.07147175069919205 0.7087874237686451 0.039684408664802155 0.6752601941229025 0.043037131629376425 0.677048232112337 0.07482447366376632
0 0.6184758457568807 0.07400492163608562 0.6145660120412844 0.044029529816513736 0.5765884819380733 0.05283591360856268 0.5804983156536697 0.08281130542813454
0 0.5434509906572166 0.08836447594501717 0.5421653511597939 0.050652384020618536 0.5075245650773196 0.05275182560137456 0.5088102045747422 0.09046391752577321
0 0.46044921875 0.056640625000000076 0.421875 0.056640625000000076 0.421875 0.09375000000000007 0.46044921875 0.09375000000000007
0 0.3659898536922304 0.09075468505804864 0.36061450833054254 0.051847423392498315 0.3200377804755526 0.06181363725161867 0.32541312583724047 0.100720898917169
0 0.27198721682197946 0.1001111289631534 0.2703190271529563 0.06748875321336761 0.2305536029884319 0.07110379177377892 0.23222179265745502 0.10372616752356471
0 0.189453125 0.06640625000000003 0.1494140625 0.06640625000000001 0.1494140625 0.1002604166666667 0.189453125 0.1002604166666667
0 0.09912109375 0.07356770833333336 0.0673828125 0.07356770833333336 0.0673828125 0.10026041666666667 0.09912109375 0.10026041666666667
0 0.03662109375000001 0.06705729166666667 0.0024414062500000074 0.06705729166666667 0.002441406250000009 0.10286458333333333 0.036621093750000014 0.10286458333333333
0 0.08903614294982698 0.22926353445790082 0.08824543144463669 0.18920081819492507 0.04691149437716263 0.19065113177623993 0.04770220588235294 0.23071384803921569
0 0.18209527359958505 0.22344290283540802 0.18057572614107884 0.19035053596127247 0.14329717485736512 0.19339368300484092 0.14481672231587134 0.22648604987897647
0 0.26704807011331444 0.2235721346789424 0.26648039128895185 0.19178212051463647 0.22667315864022664 0.19304584218602458 0.22724083746458923 0.22483585635033052
0 0.33351534774250785 0.21939796102786538 0.33044010005914826 0.18522854232386957 0.2936457203765773 0.19111564307308093 0.2967209680599369 0.22528506177707674
0 0.4228515625 0.18229166666666674 0.38671875 0.18229166666666674 0.38671875 0.21679687500000008 0.4228515625 0.21679687500000008
0 0.49859374999999995 0.20562499999999995 0.49543945312499993 0.17618489583333333 0.46119140625 0.18270833333333336 0.464345703125 0.21214843749999998
0 0.5629064306358381 0.19362656551059731 0.5593558074421965 0.1628544978323699 0.5236181358381503 0.17018530226396913 0.527168759031792 0.2009573699421965
0 0.68212890625 0.16341145833333345 0.6513671875 0.16341145833333345 0.6513671875 0.19401041666666674 0.68212890625 0.19401041666666677
0 0.74755859375 0.16276041666666677 0.71337890625 0.16276041666666677 0.71337890625 0.19075520833333348 0.74755859375 0.19075520833333348
0 0.8556410845588236 0.18267463235294112 0.8539206112132354 0.15285309436274513 0.8153119255514707 0.15681295955882357 0.8170323988970589 0.1866344975490196
0 0.937220501077586 0.17912176724137938 0.9350990032327585 0.145177801724138 0.8941641971982758 0.1497261135057472 0.8962856950431033 0.18367007902298857
0 0.9461239529639177 0.30106717139175276 0.9109958923969074 0.29893819802405514 0.9097505235180413 0.3354690184707905 0.9448785840850517 0.33759799183848815
0 0.8830295534899636 0.33492672217153285 0.8823808878877738 0.302925885796837 0.8496239877965328 0.30410631462895377 0.8502726533987226 0.3361071510036497
0 0.8254261101366323 0.3393811930699164 0.8244913797082718 0.30697720488675534 0.7907559776587888 0.3087072255046775 0.7916907080871493 0.34111121368783853
0 0.684903890779703 0.34624458539603964 0.6823948019801981 0.3127900680693069 0.6174195544554455 0.3214534344059406 0.6199286432549505 0.35490795173267325
0 0.7697005155230423 0.34969593274197935 0.7688685256933114 0.3108697406878739 0.7208469011266313 0.3126991359094617 0.7216788909563622 0.3515253279635672
0 0.5818166520450145 0.3561059263068731 0.5790060805905131 0.3161333545095192 0.5428401803000968 0.32065409204582124 0.5456507517545983 0.36062666384317515
0 0.5339195376536886 0.36011676058743164 0.5313980852971312 0.3231354593579235 0.49388847976434425 0.32768207821038253 0.4964099321209017 0.36466337943989074
0 0.41425459600869174 0.3596948621912169 0.4134656621683441 0.34233831770356815 0.38816795802836235 0.34438257662397076 0.38895689186871 0.36173912111161943
0 0.33740234375 0.3385416666666667 0.2998046875 0.3385416666666667 0.2998046875 0.3763020833333333 0.33740234375 0.3763020833333333
0 0.2056941105769231 0.3539763621794872 0.16148587740384618 0.3379006410256411 0.15363206129807697 0.3762970753205129 0.1978402944711539 0.392372796474359
0 0.2629132746073453 0.3812068842505117 0.2622762255697922 0.3421345432805858 0.2159432477414974 0.34347752814517407 0.21658029677905055 0.38254986911509997
0 0.1290938360267129 0.37789463957993474 0.1283681847726346 0.34403091438961386 0.09450910608686786 0.34532078405383354 0.09523475734094616 0.3791845092441544
0 0.05273437500000003 0.34375 0.014160156250000033 0.34375 0.014160156250000035 0.3802083333333333 0.052734375000000035 0.3802083333333333
0 0.11865234375000006 0.5052083333333334 0.08154296875000006 0.5052083333333334 0.08154296875000006 0.5397135416666666 0.11865234375000006 0.5397135416666666
0 0.2045290389150944 0.499260514937107 0.1678075250589623 0.4971317315251573 0.16660432635613212 0.5340298250786164 0.20332584021226424 0.5361586084905661
0 0.25973495318140793 0.530708953820698 0.25694276004061367 0.49627190508423585 0.22146216437274366 0.5013862251805054 0.2242543575135379 0.5358232739169676
0 0.3220657585816062 0.5220342184801383 0.31595591806994816 0.4910776932210709 0.2792791653173575 0.5039467292746115 0.28538900582901555 0.5349032545336788
0 0.4012095465504452 0.49259010262116726 0.36556646420623157 0.49027185336300705 0.36451629729228496 0.518976415677547 0.4001593796364986 0.5212946649357072
0 0.98291015625 0.45507812500000017 0.9453125 0.45507812500000017 0.9453125 0.4817708333333335 0.98291015625 0.4817708333333335
0 0.911399450725256 0.48414169155290104 0.9088063939846416 0.4547537151592718 0.8691722882892491 0.46097082977815695 0.8717653450298635 0.4903588061717861
0 0.7833749393596378 0.4808233276735662 0.7809572207511319 0.4556790541451057 0.7499046177635834 0.4609871914079345 0.7523223363720892 0.48613146493639503
0 0.7199972926980198 0.4834274443069307 0.7182278774752475 0.4598352413366337 0.6875290068069307 0.4639284240924093 0.689298422029703 0.4875206270627063
0 0.84521484375 0.46484375000000017 0.8134765625 0.46484375000000017 0.8134765625 0.4856770833333335 0.84521484375 0.4856770833333335
0 0.6598291827494062 0.47032889202296135 0.6257741751410332 0.46876314454671425 0.6251327985822446 0.49356303815320673 0.6591878061906176 0.4951287856294538
0 0.6062870420258621 0.471282327586207 0.574969692887931 0.46780262212643686 0.5734779094827586 0.4916711566091954 0.6047952586206897 0.4951508620689656
0 0.5458984375 0.47460937500000017 0.50244140625 0.47460937500000017 0.50244140625 0.5045572916666669 0.5458984375 0.5045572916666669
0 0.4658203125 0.48632812500000006 0.42919921875 0.486328125 0.42919921875 0.5149739583333334 0.4658203125 0.5149739583333334
0 0.9762729502871992 0.7560958584062728 0.9672362212800876 0.7134610343727205 0.9236806790207877 0.729873267687819 0.9327174080278993 0.7725080917213712
0 0.9619140625 0.8437500000000003 0.91845703125 0.8437500000000003 0.91845703125 0.8782552083333336 0.9619140625 0.8782552083333336
0 0.8896484375 0.705078125 0.8564453125 0.705078125 0.8564453125 0.7415364583333334 0.8896484375 0.7415364583333334
0 0.859057019262688 0.7670871062629093 0.8563123282587044 0.7246358854012983 0.8131424449966804 0.7295979409486574 0.8158871360006639 0.7720491618102686
0 0.8827616765853894 0.8797219344320225 0.8820908075125289 0.847520218934721 0.8425027557584811 0.8489864430737599 0.8431736248313416 0.8811881585710615
0 0.7606347656249999 0.7411848958333334 0.7580175781249999 0.7167578124999999 0.73265625 0.7215885416666666 0.7352734375 0.7460156250000001
0 0.720924768024744 0.7743218501137656 0.7170318499360068 0.7302021117747439 0.6712217363481228 0.7373880119453924 0.67511465443686 0.7815077502844141
0 0.766777789541726 0.8888520491559677 0.7615780469864479 0.8528005007727057 0.7186385520684737 0.8638106276747504 0.7238382946237518 0.8998621760580123
0 0.6740414175315884 0.897650139139591 0.6712026878384476 0.8626391395908545 0.634339392486462 0.8679527677496992 0.6371781221796028 0.9029637672984357
0 0.6579453209734273 0.7157182077006509 0.6156459717326463 0.7145432257772958 0.6150022030911063 0.7557444188358641 0.6573015523318873 0.7569194007592192
0 0.58544921875 0.7298177083333334 0.5576171875 0.7298177083333334 0.5576171875 0.748046875 0.58544921875 0.748046875
0 0.5864227025535941 0.8713490765552755 0.5490276245271123 0.8660069225514925 0.546205075662043 0.9011319750945778 0.5836001536885248 0.9064741290983608
0 0.5717721737132354 0.7565770526960783 0.5347225413602942 0.7514667585784313 0.5320823759191178 0.7854955575980394 0.569132008272059 0.7906058517156865
0 0.514136402027027 0.7628202421171172 0.5099081503378379 0.7271150056306307 0.47600823479729726 0.734251829954955 0.4802364864864865 0.7699570664414415
0 0.5 0.876953125 0.4555664062500001 0.876953125 0.4555664062500001 0.9088541666666666 0.5 0.9088541666666666
0 0.471483331125599 0.7966772637916207 0.4696011175935312 0.7531772177171644 0.42664388620761157 0.7564816201314658 0.42852609973967937 0.7999816662059221
0 0.4144643930288462 0.771279046474359 0.4067119891826923 0.7333784054487179 0.3700232872596153 0.7467197516025642 0.3777756911057692 0.7846203926282053
0 0.3978370962847487 0.9194386761392486 0.3954802932216299 0.8873861544808328 0.35124212353627193 0.8931689217599645 0.35359892659939074 0.9252214434183803
0 0.36330956453402363 0.8036073101577911 0.36101782082100586 0.7593002650394479 0.31858762481508873 0.7632018922583828 0.3208793685281065 0.8075089373767259
0 0.3085063070827364 0.9330369135028654 0.30725048688216333 0.9001065171322828 0.26351755573961316 0.9030714616165235 0.26477337594018624 0.9360018579871062
0 0.2802734375000001 0.775390625 0.24414062500000006 0.775390625 0.24414062500000006 0.814453125 0.2802734375000001 0.814453125
0 0.2070312500000001 0.9108072916666666 0.1635742187500001 0.9108072916666666 0.1635742187500001 0.943359375 0.2070312500000001 0.943359375
0 0.20139648437499996 0.8211067708333335 0.19729492187499997 0.7828255208333333 0.160380859375 0.7898567708333334 0.164482421875 0.8281380208333334
0 0.11744441373736629 0.7717626740239795 0.08072607015457794 0.7705685815497425 0.08023111205038651 0.7976262912455411 0.11694945563317485 0.7988203837197779
0 0.13358450712761835 0.9236114478277736 0.12853274704228085 0.8941428473299715 0.09038885218677267 0.9057676533811739 0.09544061227211018 0.9352362538789759
0 0.07177734375000008 0.8971354166666666 0.030273437500000083 0.8971354166666666 0.030273437500000083 0.9322916666666666 0.07177734375000008 0.9322916666666666