0 0.11475346403301886 0.12066873034591193 0.09449992629716981 0.09591440644654088 0.07958247346698114 0.11761251965408807 0.09983601120283019 0.1423668435534591
0 0.2744140625 0.00846354166666671 0.244140625 0.008463541666666708 0.244140625 0.04036458333333338 0.2744140625 0.04036458333333338
0 0.3916015625 0.013020833333333396 0.3603515625 0.013020833333333393 0.3603515625 0.04361979166666672 0.3916015625 0.04361979166666672
0 0.5004763719512195 0.037903328252032555 0.4952029344512195 0.005090828252032535 0.4660918445121951 0.013408282520325202 0.47136528201219513 0.04622078252032522
0 0.61083984375 0.009114583333333431 0.57763671875 0.00911458333333343 0.57763671875 0.04036458333333343 0.61083984375 0.04036458333333343
0 0.7342469911317567 0.009978533220720823 0.7039577174831081 0.0036018440315316314 0.7007311021959459 0.03084881756756765 0.7310203758445946 0.03722550675675684
0 0.809384765625 0.025611979166666705 0.8071289062499999 0.004557291666666685 0.8013867187499999 0.005651041666666671 0.803642578125 0.026705729166666692
0 0.79638671875 1.2944102073019064e-16 0.7763671875 1.2780656373914109e-16 0.7763671875 0.03450520833333346 0.79638671875 0.03450520833333346
0 0.9853515625 0.10742187500000015 0.95556640625 0.10742187500000015 0.95556640625 0.13997395833333348 0.9853515625 0.13997395833333348
0 0.9142551731418918 0.1288851351351353 0.8925269214527025 0.10123099662162167 0.8757216005067566 0.12470509572072082 0.8974498521959459 0.15235923423423445
0 0.8220069867131828 0.14624931957640538 0.8211927980255345 0.11476735698733176 0.7915439197966152 0.11613052380245448 0.7923581084842636 0.1476124863915281
0 0.7444852941176471 0.12576593137254913 0.7147288602941175 0.11584712009803931 0.7092428768382352 0.14510569852941183 0.7389993106617647 0.15502450980392166
0 0.64501953125 0.1250000000000001 0.61328125 0.1250000000000001 0.61328125 0.15690104166666677 0.64501953125 0.15690104166666677
0 0.4443359375 0.13085937500000008 0.42236328125 0.10156250000000004 0.40380859375 0.12630208333333337 0.42578125 0.1555989583333334
0 0.3410081129807692 0.11062700320512826 0.3088566706730769 0.10526842948717953 0.30578425480769234 0.13804086538461544 0.3379356971153846 0.14339943910256417
0 0.2761980754573171 0.11789253048780492 0.24646532012195124 0.10328696646341468 0.2386373380335366 0.13161680640243908 0.2683700933689025 0.1462223704268293
0 0.1900664940308989 0.10241543773408242 0.1576687587780899 0.0983014396067416 0.15503094276685392 0.13523086376404497 0.18742867801966293 0.1393448618913858
0 0.9913657134433963 0.23978478773584924 0.9592017983490566 0.23174380896226432 0.9544977152122641 0.26519506682389954 0.9866616303066038 0.2732360455974845
0 0.9039669552364865 0.2786106418918919 0.8991237331081081 0.23986486486486483 0.8697476773648648 0.24639287725225223 0.8745908994932432 0.28513865427927926
0 0.8054202701497859 0.28737220637184974 0.8001961483594864 0.2511516286257727 0.7704771643188302 0.25877188094388964 0.7757012861091297 0.2949924586899667
0 0.7396667790291878 0.27296491645516086 0.7097899151332487 0.2701195008460238 0.708456436389594 0.2950111040609138 0.738333300285533 0.29785651967005083
0 0.67412109375 0.286328125 0.6669921875 0.2578125 0.6413574218750001 0.2692057291666667 0.6484863281250001 0.2977213541666666
0 0.5967172475961539 0.26146834935897445 0.5605656550480769 0.2518279246794872 0.5557579627403846 0.28387920673076933 0.5919095552884616 0.2935196314102565
0 0.497328125 0.25852604166666676 0.4620078125 0.24996354166666676 0.45717968750000004 0.2853697916666667 0.49250000000000005 0.29393229166666673
0 0.42623197115384615 0.25936498397435903 0.40078500600961536 0.25257912660256415 0.39612755408653844 0.28362880608974367 0.4215745192307692 0.2904146634615385
0 0.37151799436475413 0.2548454576502733 0.338410924692623 0.2508324795081968 0.33626168673155743 0.2823546362704919 0.36936875640368855 0.28636761441256836
0 0.3002003636853448 0.2520990481321839 0.26605266702586206 0.2494207974137931 0.2646989493534483 0.28010506465517243 0.29884664601293104 0.28278331537356327
0 0.2221486854284203 0.2596297234955337 0.19489171037552888 0.2348506552656324 0.18151390602961917 0.2610116948754114 0.2087708810825106 0.28579076310531276
0 0.16509106878698224 0.24508829511834318 0.13568151349852073 0.24238396819526628 0.13404389330621305 0.2740446252465483 0.16345344859467456 0.2767489521696252
0 0.12066858803353658 0.2541904852642276 0.09613066882621954 0.2330205157520325 0.08343654725609757 0.25917809959349597 0.10797446646341462 0.28034806910569104
0 0.07280249541190864 0.2633575057775965 0.055605118270799364 0.23907885569603046 0.04139637285889071 0.25697134991843396 0.058593749999999986 0.28125
0 0.07023855836459758 0.4000939702705775 0.04009435219133701 0.3971167647226012 0.038350395421214226 0.4285079865848112 0.06849460159447479 0.4314851921327876
0 0.1326622596153847 0.4006911057692308 0.1029146634615385 0.3957331730769231 0.09984975961538464 0.42842548076923076 0.12959735576923082 0.43338341346153847
0 0.1927262931034483 0.40171964798850573 0.16158405172413795 0.3992771192528735 0.1601006869612069 0.43290005387931035 0.19124292834051726 0.4353425826149426
0 0.24941406250000003 0.4065104166666667 0.21803710937500004 0.4005338541666667 0.21461914062500004 0.4324348958333335 0.24599609375000003 0.43841145833333345
0 0.30123694412674923 0.4266775710889846 0.27744624175861143 0.3990941480534625 0.2608373208759419 0.42456116007355577 0.28462802324407965 0.45214458310907785
0 0.36572265625 0.4108072916666667 0.32958984375 0.4108072916666667 0.32958984375 0.4453125 0.36572265625 0.4453125
0 0.4255302554755566 0.415028033236528 0.3909223174310262 0.41070204098096164 0.38867471109632146 0.4426679977412069 0.4232826491408519 0.44699398999677326
0 0.5126953125 0.41406250000000017 0.47705078125 0.41406250000000017 0.47705078125 0.4498697916666668 0.5126953125 0.4498697916666668
0 0.5910284890669263 0.42877179975212476 0.5538713925283286 0.41093639341359783 0.5458603985924222 0.4406067413243628 0.5830174951310199 0.45844214766288965
0 0.6942136718749998 0.4400567708333336 0.6571347656249998 0.41294531250000027 0.6454804687499999 0.4412812500000003 0.6825593749999999 0.46839270833333363
0 0.76806640625 0.42187500000000017 0.734375 0.42187500000000017 0.734375 0.4557291666666668 0.76806640625 0.4557291666666668
0 0.8649605942991214 0.41602706502928655 0.8280664998502395 0.41405937999201287 0.8271304974540734 0.4452594598642174 0.8640245919029553 0.44722714490149107
0 0.9324924125276957 0.5523150926267848 0.9314516594350074 0.516235652080256 0.9000790481905465 0.5178445039389463 0.9011198012832348 0.5539239444854751
0 0.8583984375 0.5488281250000001 0.83349609375 0.5156250000000001 0.8171386718750001 0.5374348958333335 0.8420410156250001 0.5706380208333335
0 0.7896106647995284 0.5456896128144656 0.7611291273584905 0.5245921776729561 0.7499585421580188 0.5514015821540882 0.7784400795990567 0.5724990172955976
0 0.7154983925608408 0.5337821487831859 0.6811782701880531 0.5307314712389382 0.6796140417588495 0.5620160398230089 0.7139341641316372 0.5650667173672567
0 0.624166699714467 0.547325771996616 0.5916293226522843 0.5216172271573606 0.5793989927030457 0.5491354695431474 0.6119363697652285 0.5748440143824028
0 0.5157955431392932 0.5400762842169092 0.483534465956341 0.5207196379071379 0.47449872498700624 0.5474922037422038 0.5067598021699585 0.5668488500519752
0 0.4519186580882353 0.5337775735294119 0.4228272589083711 0.5154040582579187 0.412258510675905 0.5451531273567122 0.44134990985576916 0.5635266426282053
0 0.3923847462871288 0.5234117161716172 0.356803063118812 0.5186674917491749 0.3545308632425743 0.54896349009901 0.3901125464108912 0.5537077145214523
0 0.31813147175623524 0.5471773245744261 0.31729872606146087 0.5149778243764845 0.28289055541122327 0.5165598092339667 0.28372330110599764 0.5487593094319082
0 0.2666015625 0.5312500000000001 0.24908203124999997 0.5001041666666667 0.22556640624999996 0.5236197916666666 0.24308593750000002 0.554765625
0 0.1812905365566038 0.5113993710691824 0.15033534787735853 0.4996069182389937 0.14366524174528303 0.5307340801886794 0.1746204304245283 0.5425265330188681
0 0.09078691709844564 0.5026432966321245 0.056184221178756516 0.4996667206390329 0.05470875161917103 0.5301597582037997 0.08931144753886014 0.5331363341968912
0 0.13290760790424055 0.6268208537200995 0.10067103404589944 0.6007245796442996 0.08786787191286122 0.6288413278580306 0.12010444577120233 0.6549376019338305
0 0.23181870404411772 0.6321997549019609 0.2020909926470588 0.6084175857843137 0.19119083180147056 0.6326401654411765 0.2209185431985295 0.6564223345588236
0 0.2934637661637931 0.6433369252873564 0.26846713362068964 0.615135596264368 0.25244645743534483 0.6403802981321841 0.27744308997844824 0.6685816271551724
0 0.396187118902439 0.6624472815040651 0.39541968368902436 0.6297033790650407 0.3629654153963414 0.6310556402439024 0.3637328506097561 0.6637995426829267
0 0.48203236516109305 0.6373177508156608 0.4449532588193312 0.6359052134312128 0.4442929241435563 0.6667208316340404 0.4813720304853182 0.6681333690184884
0 0.5439453125 0.6386718750000001 0.51416015625 0.6386718750000001 0.51416015625 0.6653645833333335 0.5439453125 0.6653645833333335
0 0.6199838683873721 0.6440890749431173 0.5840327031783277 0.6384496764789535 0.5808797061646758 0.6741836426336748 0.6168308713737202 0.6798230410978384
0 0.7197265625 0.6425781250000001 0.6845703125 0.6425781250000001 0.6845703125 0.6764322916666666 0.7197265625 0.6764322916666666
0 0.85400390625 0.6380208333333335 0.81640625 0.6380208333333335 0.81640625 0.673828125 0.85400390625 0.673828125
0 0.962890625 0.6321614583333335 0.92724609375 0.6321614583333335 0.92724609375 0.6712239583333336 0.962890625 0.6712239583333336
0 0.9603313577586207 0.7637392241379312 0.9340651939655172 0.7341056034482758 0.9179889547413793 0.7594378591954024 0.9442551185344827 0.7890714798850574
0 0.8924626661575299 0.7549296840598857 0.8569593946086527 0.7385435587296346 0.8489946695426025 0.7692224997247911 0.8844979410914797 0.7856086250550419
0 0.8278141883595286 0.7457036366240998 0.7949544910363459 0.7357461525867716 0.7889780820235757 0.7708077521283564 0.8218377793467584 0.7807652361656845
0 0.7500274072193501 0.7795959502708025 0.7488719765509602 0.739541020433284 0.715136574501477 0.7412710410512062 0.716292005169867 0.7813259708887248
0 0.65478515625 0.7447916666666666 0.6162109375 0.7447916666666666 0.6162109375 0.7838541666666666 0.65478515625 0.7838541666666666
0 0.56884765625 0.7454427083333334 0.5328871783088236 0.7334558823529412 0.526166130514706 0.7693014705882355 0.5621266084558822 0.7812882965686275
0 0.5096194516321656 0.7489467223991507 0.4752033986863057 0.7239168657112526 0.4635219695461783 0.7524714702760084 0.4979380224920382 0.7775013269639065
0 0.4510236971640174 0.7531103233381504 0.42134579344291917 0.7240919285886321 0.40684694499638735 0.75045347121869 0.4365248487174856 0.7794718659682083
0 0.3706054687500001 0.7239583333333334 0.3334960937500001 0.7239583333333334 0.3334960937500001 0.7578125 0.3706054687500001 0.7578125
0 0.31386718750000003 0.7334635416666667 0.2903515625 0.7099479166666667 0.27599609375 0.73546875 0.29951171875000004 0.7589843750000002
0 0.24146163223573827 0.7168558619966444 0.20889917156040275 0.7091941065436242 0.20465210780201348 0.7412830327181209 0.237214568477349 0.7489447881711411
0 0.2904779669943821 0.7503657537453184 0.2632219978932585 0.7276524461610488 0.2515361657303371 0.7525822214419478 0.2787921348314607 0.7752955290262173
0 0.20119259781167118 0.7335927138594166 0.1721793662964192 0.7254486488726791 0.16720589149535817 0.7569473226127323 0.19621912301061015 0.7650913875994698
0 0.16037399704391897 0.7227706221846847 0.13316881334459463 0.6968609234234234 0.11984005489864868 0.7217412725225225 0.14704523859797303 0.7476509712837838
0 0.10902367568597568 0.7236169334349593 0.07665420160060984 0.7188214557926829 0.07402224657012205 0.7504049161585366 0.10639172065548788 0.7552003938008128
0 0.060100276295731773 0.701973767784553 0.03158941501524396 0.69774993648374 0.029350466844512264 0.7246173145325203 0.057861328125000076 0.7288411458333334
0 0.03369140625000007 0.7122395833333334 6.571713048158892e-17 0.7122395833333334 6.73914522772982e-17 0.7486979166666666 0.03369140625000007 0.7486979166666666
0 0.9928710937500003 0.9569010416666669 0.962109375 0.9432291666666669 0.954638671875 0.9731119791666668 0.9854003906250002 0.9867838541666668
0 0.9287109374999999 0.97265625 0.90625 0.9427083333333336 0.888916015625 0.9658203125000003 0.9113769531249999 0.9957682291666669
0 0.87158203125 0.9479166666666666 0.83837890625 0.9479166666666666 0.83837890625 0.9798177083333334 0.87158203125 0.9798177083333334
0 0.79833984375 0.9440104166666666 0.76171875 0.9440104166666666 0.76171875 0.974609375 0.79833984375 0.974609375
0 0.7278632409793814 0.9721313896048112 0.7255904679445876 0.9408176277920962 0.6883260510631443 0.9456259396477663 0.690598824097938 0.9769397014604811
0 0.6602153413614649 0.9587314225053077 0.6299387937898089 0.9367121151804669 0.6176229100318471 0.9668176088110404 0.6478994576035031 0.988836916135881
0 0.5947408188868615 0.9564324817518249 0.5677427862682483 0.9396337059002434 0.5557674213047447 0.9738490343673968 0.5827654539233578 0.9906478102189782
0 0.5510555653089888 0.9712883309925093 0.537010621488764 0.94132578417603 0.5095352001404494 0.964221968632959 0.5235801439606742 0.9941845154494383
0 0.4914212740384615 0.9626001602564102 0.4742788461538462 0.9332131410256409 0.4523399939903846 0.9559645432692307 0.4694824218749999 0.9853515625
0 0.4301555416126943 0.9502880775043181 0.400342555861399 0.9271001996977549 0.3882114232512954 0.9548285028065632 0.4180244090025907 0.9780163806131262
0 0.3600514976211073 0.9626612961361016 0.3594294036548443 0.9311418685121109 0.3293695258434256 0.9321966010668974 0.32999161980968855 0.9637160286908881
0 0.31271740989963503 0.9560713199513383 0.31030095232664234 0.9281478102189781 0.2779603387317518 0.9331232892335765 0.2803767963047445 0.9610467989659367
0 0.25790640024038464 0.950495793269231 0.25347430889423084 0.9209485176282053 0.22258112980769235 0.9291866987179489 0.2270132211538462 0.9587339743589746
0 0.20200364747634075 0.934372124737119 0.17936095228706628 0.9106512059674028 0.16485730481072558 0.9352634562302841 0.18750000000000006 0.9589843750000001
0 0.1357421875000001 0.9147135416666666 0.10449218750000008 0.9147135416666666 0.10449218750000008 0.9427083333333334 0.1357421875000001 0.9427083333333334
0 0.03537061737804885 0.9062817581300814 0.0005895102896342347 0.9011290015243903 -0.0017744855182925956 0.9294969512195123 0.03300662157012202 0.9346497078252033