0 0.9775390625 0.007812500000000158 0.94091796875 0.007812500000000154 0.94091796875 0.03320312500000016 0.9775390625 0.03320312500000016
0 0.8605725042420815 0.03483220211161387 0.859656700721154 0.009189703525641024 0.8251831607041855 0.011378499717194577 0.8260989642251131 0.03702099830316743
0 0.7671135355029585 0.009633105276134238 0.733950281989645 0.006583610700197362 0.7325622919748521 0.03341808431952675 0.7657255454881656 0.03646757889546363
0 0.6652055058166058 0.006762754714112029 0.626751753535584 0.005377033911192319 0.62622996977646 0.031118366027980637 0.6646837220574817 0.03250408683090034
0 0.55126953125 0.00976562500000009 0.51416015625 0.009765625000000087 0.51416015625 0.033854166666666755 0.55126953125 0.03385416666666676
0 0.455078125 0.016927083333333405 0.419921875 0.0169270833333334 0.419921875 0.040364583333333405 0.455078125 0.040364583333333405
0 0.3572944033462389 0.042372441924778764 0.35617092436393805 0.019902862278761063 0.3156932729535398 0.023500875737463126 0.3168167519358407 0.045970455383480824
0 0.2610806399828767 0.02752925228310506 0.23449673587328765 0.026216466894977208 0.23389273865582189 0.04796036672374434 0.26047664276541094 0.04927315211187219
0 0.1455078125 0.02994791666666669 0.1083984375 0.029947916666666685 0.1083984375 0.055338541666666685 0.1455078125 0.055338541666666685
0 0.13739798964968153 0.15491557192144376 0.13675731488853504 0.13099704750530786 0.10302174562101911 0.1326035031847134 0.10366242038216561 0.15652202760084927
0 0.23547154751149801 0.14751526226456418 0.23512121694316687 0.12929807271134472 0.2033537414791393 0.13038414024857645 0.20370407204747043 0.14860132980179588
0 0.33563237388120426 0.14457309889476538 0.33480678524206675 0.12530936398155681 0.30510466461554114 0.1275723826959588 0.30593025325467865 0.14683611760916734
0 0.43328780717010773 0.1419691614302813 0.4299653907652603 0.1127318970676242 0.3946868512960054 0.11985887473818074 0.3980092677008528 0.14909613910083783
0 0.56396484375 0.11783854166666674 0.537109375 0.11783854166666674 0.537109375 0.13541666666666674 0.56396484375 0.13541666666666674
0 0.6735138445269339 0.114081563651013 0.6390441557320443 0.11166263812154707 0.6379623834599448 0.13906753568139976 0.6724320722548344 0.1414864612108657
0 0.7452460502782193 0.11829499536301018 0.7134961248012719 0.11490833664546911 0.7119994534976153 0.13985285837307906 0.7437493789745627 0.14323951709062013
0 0.931640625 0.11588541666666681 0.8876953125 0.11588541666666681 0.8876953125 0.14322916666666682 0.931640625 0.14322916666666682
0 0.98583984375 0.20312500000000014 0.9453125 0.20312500000000014 0.9453125 0.23046875000000014 0.98583984375 0.23046875000000014
0 0.90966796875 0.20572916666666682 0.87646484375 0.20572916666666682 0.87646484375 0.22721354166666682 0.90966796875 0.22721354166666682
0 0.8463615900485024 0.22385994582482416 0.8441678145209327 0.2016296871454504 0.8135885780079987 0.20699446548105285 0.8157823535355684 0.2292247241604266
0 0.7569535294933432 0.22523306521203157 0.7557374491494083 0.20307337894477318 0.7201405903291421 0.2065462432199211 0.721356670673077 0.2287059294871795
0 0.665935284794329 0.22388449314430245 0.6651740028454471 0.19850842818157613 0.6264664037539935 0.20057283346645363 0.6272276857028753 0.22594889842917995
0 0.5858864351501729 0.22359651847450301 0.5853167033545809 0.19776867707433018 0.5536345512370355 0.19901111441227315 0.5542042830326276 0.22483895581244598
0 0.5031122247825821 0.2242549863220644 0.5015696292411809 0.20111605320104523 0.46480499372244 0.2054733433365997 0.46634758926384123 0.22861227645761883
0 0.390625 0.20768229166666674 0.3603515625 0.20768229166666674 0.3603515625 0.22721354166666674 0.390625 0.22721354166666674
0 0.05810546875000002 0.21940104166666666 0.02587890625000002 0.21940104166666666 0.02587890625000002 0.23763020833333334 0.05810546875000003 0.23763020833333334
0 0.18017578125 0.216796875 0.150390625 0.216796875 0.150390625 0.23697916666666666 0.18017578125 0.23697916666666666
0 0.29506545608108115 0.2282840653153153 0.2947046558277028 0.2075981841216216 0.2576153399493244 0.20874824042792792 0.25797614020270276 0.2294341216216216
0 0.08334287056669239 0.37649533779876637 0.05404147792983812 0.37541010103443845 0.05360552597340019 0.39633579494345933 0.08290691861025445 0.39742103170778725
0 0.1500614519817073 0.3830907012195122 0.1494069169207317 0.3551638719512195 0.1199709413109756 0.35639037093495934 0.12062547637195122 0.38431720020325205
0 0.22108649956882392 0.37003848075448964 0.18806784350361366 0.3689096378120893 0.18756448392329172 0.39508433598883047 0.22058313998850199 0.3962131789312308
0 0.2792261932237815 0.351408634908912 0.25055391432791735 0.34993826163220093 0.24985719396233386 0.3740912343057608 0.278529472858198 0.37556160758247187
0 0.34326171875 0.3587239583333333 0.302734375 0.3587239583333333 0.302734375 0.3938802083333333 0.34326171875 0.3938802083333333
0 0.39829137865938663 0.37437437074039653 0.39504585124302977 0.34119786826208176 0.3636715119656134 0.34665427509293684 0.3669170393819703 0.37983077757125155
0 0.47802734375 0.3587239583333334 0.44580078125 0.3587239583333333 0.44580078125 0.38867187500000006 0.47802734375 0.38867187500000017
0 0.5166015625 0.34179687500000017 0.486328125 0.34179687500000017 0.486328125 0.3723958333333335 0.5166015625 0.3723958333333335
0 0.6188817015481652 0.3766282014525993 0.6181264334862386 0.34339640672782873 0.5873633708428899 0.3446393587538226 0.5881186389048165 0.37787115347859324
0 0.6598872265048006 0.4038573978335796 0.6336714999538405 0.40251300160019704 0.6329942531388479 0.4259908911866077 0.659209979689808 0.4273352874199903
0 0.7929794111626638 0.4071199508733625 0.7647699747543669 0.40210493995633195 0.7623904032478167 0.4259006550218342 0.7905998396561136 0.4309156659388647
0 0.7275390625 0.34960937500000017 0.7001953125 0.34960937500000017 0.7001953125 0.37109375000000017 0.7275390625 0.37109375000000017
0 0.829222790948276 0.348320761494253 0.790227640086207 0.3439879669540231 0.7882543103448277 0.3755612428160921 0.8272494612068967 0.379894037356322
0 0.9501977395645053 0.34985884781217064 0.9205804920498193 0.34817843660566367 0.9199066506862856 0.36929213266305183 0.9495238982009716 0.37097254386955886
0 0.9339372306034484 0.40531160201149447 0.9036705280172415 0.40194863505747147 0.9020777209051726 0.4274335488505749 0.9323444234913795 0.4307965158045979
0 0.9438037658005619 0.5038696746254683 0.9185492011938203 0.500662745786517 0.9170547313904495 0.5215853230337081 0.942309295997191 0.5247922518726593
0 0.859578047648515 0.5005479063531354 0.8334235767326733 0.4970606435643566 0.8315913134282179 0.521490820957096 0.8577457843440596 0.5249780837458747
0 0.774758194191788 0.5046560984060987 0.7493939627728692 0.5035651637214139 0.748916340469075 0.5233068856115732 0.7742805718879938 0.5243978202962579
0 0.6945772790605095 0.5278902932590234 0.6936890425955413 0.4947294652335457 0.6502002886146497 0.4968003582802549 0.6510885250796179 0.5299611863057325
0 0.5835966222426471 0.5219247855392157 0.5818215762867647 0.49115732230392156 0.5357077205882352 0.49588694852941173 0.5374827665441176 0.526654411764706
0 0.48666487068965514 0.5121901939655171 0.4781452047413793 0.48379130747126436 0.4434603987068965 0.5022898706896552 0.4519800646551724 0.530688757183908
0 0.386343018847487 0.517273478119584 0.38553401213171573 0.49138526321490467 0.3513526321490467 0.49328422876949735 0.352161638864818 0.5191724436741767
0 0.2815032882753955 0.517850250659173 0.28109814900343466 0.4913811515577297 0.23940234537624894 0.4925157312482653 0.2398074846482098 0.5189848303497085
0 0.14355468750000006 0.5006510416666666 0.11230468750000006 0.5006510416666666 0.11230468750000006 0.5201822916666666 0.14355468750000006 0.5201822916666666
0 0.14858722061635105 0.5840967543699928 0.14777567086216314 0.5640785271000243 0.12173530817552804 0.5659553099963582 0.12254685792971595 0.5859735372663267
0 0.2691907275948206 0.5608129205750408 0.2309407021054242 0.5593557767468734 0.23037555439437202 0.5857293365959763 0.2686255798837684 0.5871864804241437
0 0.38597637132952695 0.5786369120445894 0.38554265331871945 0.558396738206906 0.3583187831362154 0.5594338380233823 0.3587525011470229 0.5796740118610658
0 0.47607421875 0.5592447916666667 0.44140625 0.5592447916666666 0.44140625 0.5839843750000001 0.47607421875 0.5839843750000001
0 0.614836970319424 0.5671621122599705 0.582639257524003 0.565510947501231 0.5818934926606352 0.5913641294313147 0.6140912054560561 0.5930152941900543
0 0.7599946120689656 0.5722835847701151 0.7332317483836207 0.5701845366379311 0.7322316136853448 0.5928542564655174 0.7589944773706897 0.5949533045977012
0 0.8762596030581153 0.5896916338436385 0.8759036976999108 0.5702354742617916 0.8480882134363852 0.5711400428557273 0.8484441187945897 0.5905962024375743
0 0.9875707165948275 0.704126257183908 0.9861866918103448 0.681981860632184 0.9609711745689654 0.684783584770115 0.9623551993534482 0.7069279813218391
0 0.8532645769817074 0.7093407012195122 0.8527600990853659 0.6878163109756098 0.8235985137195122 0.6890313770325204 0.8241029916158538 0.7105557672764228
0 0.6954683486729453 0.7061313855593606 0.6948690336044521 0.6845560430936074 0.6565101937071918 0.6864503067922375 0.657109508775685 0.7080256492579907
0 0.56494140625 0.6842447916666666 0.52978515625 0.6842447916666666 0.52978515625 0.7141927083333334 0.56494140625 0.7141927083333334
0 0.42868407575514145 0.7008635925449872 0.4274594814428021 0.676915970437018 0.39449836319087406 0.6799124357326479 0.3957229575032134 0.703860057840617
0 0.33351070565773056 0.6989573592061512 0.3328008104738154 0.6800268209684123 0.30696208697007477 0.6817494025353282 0.30767198215398994 0.7006799407730672
0 0.24919734589041095 0.7040257562785389 0.24735659246575342 0.6807095462328768 0.2141360766267123 0.6853720747716895 0.21597683005136983 0.7086882848173516
0 0.1755998188123441 0.7087035016625104 0.17470362180486282 0.6848049147963424 0.14421344100685785 0.6868375935162093 0.14510963801433915 0.7107361803823773
0 0.0977882179054054 0.7113422015765766 0.09738809121621622 0.6884016047297297 0.06120671452702702 0.6895235078828829 0.06160684121621621 0.7124641047297299
0 0.1915510506465517 0.7861709770114942 0.1901636584051724 0.7639727011494254 0.16236193426724135 0.7670617816091955 0.16374932650862067 0.7892600574712643
0 0.284543948432508 0.7632485939164003 0.25919388353634193 0.7618965904552715 0.2584466416234026 0.7868046542199147 0.2837967065195687 0.7881566576810436
0 0.3958129239660168 0.7778781667105726 0.3915665750131717 0.7536133155514576 0.3626864627239199 0.7625982393747804 0.36693281167676495 0.7868630905338954
0 0.50390625 0.759765625 0.4760742187500001 0.759765625 0.4760742187500001 0.7786458333333334 0.50390625 0.7786458333333334
0 0.61669921875 0.7584635416666666 0.58935546875 0.7584635416666666 0.58935546875 0.7825520833333334 0.61669921875 0.7825520833333334
0 0.6989477837125415 0.7840832235016649 0.6984437864178689 0.7639233317147615 0.6690656215316316 0.7652290279319275 0.6695696188263043 0.785388919718831
0 0.88720703125 0.7643229166666666 0.8486328125 0.7643229166666666 0.8486328125 0.79296875 0.88720703125 0.79296875
0 0.981775348754729 0.7868762150588483 0.9798523949795084 0.7629461236338798 0.9493018748029636 0.7673104836591005 0.9512248285781842 0.791240575084069
0 0.990086577813313 0.8791513081815555 0.9862650253415003 0.8581327695865856 0.9569452820088898 0.8676098583405607 0.9607668344807025 0.8886283969355305
0 0.9005396262886599 0.8806727878006871 0.8999234858247424 0.8625993341924397 0.8720380960051547 0.8642893578178693 0.8726542364690723 0.8823628114261167
0 0.9387099004424779 0.9373905328171093 0.9090889449668142 0.9347575589970503 0.9077796598451329 0.9609432614306787 0.9374006153207965 0.9635762352507377
0 0.8669879955782988 0.9559848221383147 0.8660207484598568 0.9398640368309484 0.8445565567865659 0.9421535506094328 0.8455238039050079 0.9582743359167991
0 0.8302574495298672 0.9566999677359882 0.8083172013274336 0.9547497234513275 0.8073363177544247 0.9743673949115044 0.8292765659568584 0.9763176391961652
0 0.7967300091911765 0.8813673406862746 0.7955243566176471 0.8567184436274511 0.7567541360294118 0.8600897671568628 0.7579597886029412 0.8847386642156864
0 0.7631317408738937 0.9599004424778762 0.762146536227876 0.9401963495575223 0.7328172531803098 0.9428033969395281 0.7338024578263275 0.962507489859882
0 0.6694716075922817 0.8750166037472035 0.6662102820889261 0.8456646742170021 0.6298094064597315 0.8528549706375838 0.6330707319630873 0.8822069001677851
0 0.64990234375 0.9524739583333334 0.62451171875 0.9524739583333334 0.62451171875 0.9752604166666666 0.64990234375 0.9752604166666666
0 0.5725992267606583 0.9600840838055406 0.5716959196235832 0.9341892792093902 0.5404680543375606 0.9361258910100737 0.5413713614746357 0.962020695606224
0 0.4916992187500001 0.8502604166666666 0.4624023437500001 0.8502604166666666 0.4624023437500001 0.8736979166666666 0.4916992187500001 0.8736979166666666
0 0.5794666931692477 0.8725369883849557 0.5783691406249999 0.8505859374999999 0.5527991910951328 0.8528588219026547 0.5538967436393806 0.8748098727876106
0 0.4877929687500001 0.9505208333333334 0.4667968750000001 0.9505208333333334 0.4667968750000001 0.9733072916666666 0.4877929687500001 0.9733072916666666
0 0.4498293006984096 0.9330961757408919 0.42404120042312415 0.9321137719208809 0.4236094737714112 0.9522610156674823 0.44939757404669667 0.9532434194874932
0 0.3839768629807693 0.8743990384615383 0.3821514423076923 0.8549278846153845 0.35510817307692305 0.8594350961538461 0.35693359375 0.8789062499999999
0 0.3519898238455414 0.961265923566879 0.3513976662022293 0.9391587048832272 0.32631804836783446 0.9403529723991507 0.32691020601114656 0.9624601910828026
0 0.30458474544200753 0.8804147184472552 0.303409243810549 0.8579495761571584 0.27095457144779334 0.8609686154467169 0.2721300730792519 0.8834337577368138
0 0.21009869483936494 0.9450942039020186 0.18480183137924677 0.9437969288527818 0.1841700228489661 0.9656996245691777 0.20946688630908428 0.9669968996184147
0 0.14920711220854924 0.8821162564766839 0.14794820676813472 0.8560988773747841 0.11941588406735752 0.8585532707253886 0.12067478950777204 0.8845706498272885
0 0.22752119855182928 0.8812960492886179 0.22558593750000003 0.8580729166666665 0.1992723418445122 0.8619712271341462 0.2012076028963415 0.8851943597560976
0 0.08544921875000008 0.8548177083333334 0.05322265625000008 0.8548177083333334 0.05322265625000008 0.880859375 0.08544921875000008 0.880859375
0 0.11844894669842314 0.9718452283180029 0.11806364723636664 0.9518096562910645 0.08964933578350853 0.9527810857424442 0.09003463524556504 0.9728166577693828