0 0.084187986898017 0.05697518295561851 0.08384743493271954 0.03790427289896128 0.049059678204674224 0.039008646128423044 0.04940023016997167 0.05807955618508027
0 0.16554754849137931 0.05956806752873564 0.1641163793103448 0.03666936063218391 0.12249461206896549 0.041294001436781615 0.12392578124999998 0.06419270833333335
0 0.24764512723119425 0.05389756206615668 0.2445568987728432 0.025662330446947167 0.20423603179451766 0.03350249902606602 0.2073242602528687 0.06173773064527554
0 0.31796925774480067 0.057828747833622206 0.3171500961330156 0.03161557625649914 0.27781002897530327 0.0338011355430387 0.27862919058708835 0.06001430712016176
0 0.4255895460450347 0.04994978108160122 0.4222544610637991 0.024158457226712855 0.3859056996968822 0.0325144943225558 0.3892407846781178 0.05830581817744416
0 0.5399711058311856 0.033488375214776656 0.5341066970038659 0.013158424613402072 0.4944502053801546 0.033495086984536106 0.5003146142074741 0.053825037585910694
0 0.6595987423649345 0.021834315496673546 0.6581268415562629 -0.0030244537164487253 0.6139812430101514 0.00162245139366828 0.6154531438188231 0.02648122060679055
0 0.06835937500000003 0.158203125 0.026367187500000014 0.158203125 0.026367187500000014 0.185546875 0.06835937500000003 0.185546875
0 0.15531364889705884 0.18168658088235293 0.15373391544117648 0.1543045343137255 0.11176470588235296 0.15860906862745097 0.1133444393382353 0.18599111519607844
0 0.26318359375 0.14192708333333337 0.224609375 0.14192708333333337 0.224609375 0.17382812500000003 0.26318359375 0.17382812500000008
0 0.3517775229357798 0.15785669915902142 0.34538059059633025 0.12942588876146785 0.3070348337155963 0.1447641915137614 0.31343176605504586 0.17319500191131498
0 0.42276368893782756 0.15512385337798493 0.41935794854761205 0.12409377426713264 0.38519532387521843 0.13075965225198993 0.38860106426543395 0.16178973136284222
0 0.4987259747078159 0.14435101275261752 0.4920619521548575 0.11843536949111273 0.4551359055423666 0.13531584794253715 0.461799928095325 0.16123149120404193
0 0.5910116117294522 0.1124857305936074 0.5532922196061645 0.1071917808219179 0.5507290774828768 0.13965824771689508 0.5884484696061645 0.1449521974885846
0 0.6650307361449451 0.10414684201177432 0.6306443766176919 0.09121521962545688 0.6239681267128502 0.122775673721072 0.6583544862401034 0.13570729610738944
0 0.751810358502538 0.10123268295262262 0.7464556234137055 0.0733231546108291 0.7095046299968274 0.08592659422588833 0.7148593650856598 0.11383612256768187
0 0.9637459264246556 0.221624078382628 0.9614987370920447 0.19525705687999317 0.916919480654003 0.20201148967363583 0.9191666699866139 0.22837851117627064
0 0.8434692195874808 0.2352339163795303 0.8382368336045176 0.20810302609749873 0.7991369460662328 0.22150870182491067 0.8043693320491959 0.24863959210694228
0 0.7421289062499998 0.25335937500000005 0.7395312499999999 0.22911458333333337 0.6942089843749999 0.23774739583333337 0.6968066406249999 0.26199218750000003
0 0.6764010453975645 0.25805314290830944 0.6720358949677651 0.23710042084527216 0.6382899243373925 0.24959892848615087 0.642655074767192 0.27055165054918817
0 0.5886904942850194 0.2755274197470817 0.5877006322957198 0.25441036397535666 0.5434399319066147 0.25809875567444873 0.5444297938959143 0.2792158114461738
0 0.4937132517791021 0.28502531845444734 0.48991638762728534 0.26342538016855666 0.4475578479373988 0.27666242382164624 0.4513547120892155 0.2982623621075369
0 0.40313403179190743 0.29656265052986513 0.4007406069364161 0.2758196351156069 0.3561235549132947 0.28497185091522154 0.35851697976878605 0.30571486632947975
0 0.2509765625 0.29622395833333337 0.20751953125000003 0.2962239583333333 0.20751953125000006 0.3190104166666667 0.2509765625 0.3190104166666667
0 0.14964125392355984 0.29941569731659284 0.10274173167466769 0.29701059361152143 0.10200029426698674 0.3227137570777942 0.14889981651587889 0.3251188607828656
0 0.12720905172413796 0.3956447557471264 0.08328394396551728 0.39076418821839076 0.0813914331896552 0.42104436063218387 0.1253165409482759 0.4259249281609195
0 0.24882708112559895 0.40735434712495394 0.24795454610901216 0.3871890934082811 0.20364963687569113 0.3905971633493058 0.20452217189227792 0.41076241706597866
0 0.34976946721311475 0.39687926912568305 0.34824458888319676 0.37451438695355194 0.3054079149590164 0.37970671106557385 0.3069327932889344 0.40207159323770497
0 0.44019430371233864 0.3838754632950742 0.43798582933554525 0.3620851827773793 0.3992998733411048 0.3690556252989001 0.4015083477178982 0.390845905816595
0 0.5349173677884614 0.375126201923077 0.5339648437499999 0.352265625 0.4928049879807692 0.3553145032051282 0.4937575120192308 0.37817508012820517
0 0.6339159987001732 0.36473904173887933 0.6331273017764297 0.33950074017908727 0.5884254495233968 0.3419841764153668 0.5892141464471403 0.3672224779751589
0 0.7310645427178898 0.3471784212538227 0.727778275516055 0.3219837060397554 0.6837218678325688 0.33219968463302757 0.6870081350344036 0.3573943998470949
0 0.8420966120049506 0.33602774339933994 0.8402160040222774 0.3109529702970297 0.7991230275371287 0.3164320338283828 0.8010036355198019 0.3415068069306931
0 0.9242768158783785 0.32455306869369377 0.9208192567567568 0.29689259572072074 0.8774282094594594 0.3065350506756757 0.8808857685810811 0.3341955236486487
0 0.9553784257687699 0.47696914104100113 0.9109378120007987 0.47459897497337605 0.910084489816294 0.5030430477902025 0.9545251035842651 0.5054132138578277
0 0.8622647142163213 0.5157754479706391 0.8608125202396374 0.485763439119171 0.8192767365608808 0.48933640975820386 0.8207289305375648 0.519348418609672
0 0.7690805288461539 0.5204326923076922 0.7649864783653847 0.4931390224358975 0.7237642728365385 0.5041316105769232 0.7278583233173077 0.531425280448718
0 0.7039373100587885 0.532591265195297 0.7028175132024712 0.507706890610469 0.6637491748455561 0.5108323576790222 0.6648689717018733 0.5357167322638502
0 0.6201171875 0.5188802083333335 0.57275390625 0.5188802083333335 0.57275390625 0.5449218750000001 0.6201171875 0.5449218750000001
0 0.5226520247946488 0.5500859442772718 0.5205994645108166 0.5285829317799827 0.4761490334763338 0.5361260352282585 0.4782015937601659 0.5576290477255476
0 0.4164989448825148 0.5641477252681344 0.41425392609546996 0.5437928882655941 0.3716887006509314 0.5521390109017782 0.37393371943797626 0.5724938479043183
0 0.11253956147354022 0.6674493423053528 0.06528997490875918 0.6657466545012165 0.06472185789233581 0.6937737606447688 0.11197144445711685 0.6954764484489052
0 0.20166015625000006 0.6614583333333334 0.15576171875000006 0.6614583333333334 0.15576171875000006 0.6875 0.20166015625000006 0.6875
0 0.29079748946629214 0.6746424391385767 0.2893912394662921 0.6526111891385767 0.2437816011235955 0.6577867509363297 0.2451878511235955 0.6798180009363296
0 0.3814715977936204 0.6651324039111813 0.3803911269302299 0.6425625680981365 0.3332821129677638 0.6465718458821762 0.33436258383115425 0.6691416816952209
0 0.46107196762812935 0.6573358895252716 0.46068840044874815 0.633810435856558 0.4245408264938592 0.6348581916233664 0.4249243936732404 0.6583836452920799
0 0.5383933059651475 0.6479603021671134 0.5367554038203753 0.6244837047587132 0.49467315264745315 0.6297032087801608 0.49631105479222526 0.6531798061885611
0 0.63623046875 0.6158854166666669 0.59130859375 0.6158854166666669 0.59130859375 0.6412760416666669 0.63623046875 0.6412760416666669
0 0.73095703125 0.6041666666666669 0.68505859375 0.6041666666666669 0.68505859375 0.6308593750000001 0.73095703125 0.6308593750000001
0 0.8139047475961538 0.6184995993589743 0.8114032451923077 0.591816907051282 0.7689152644230769 0.5988982371794871 0.7714167668269231 0.6255809294871794
0 0.88623046875 0.5878906250000001 0.84130859375 0.5878906250000001 0.84130859375 0.6158854166666669 0.88623046875 0.6158854166666669
0 0.9713599191138256 0.5809254266285518 0.9319603933861748 0.5792308233714486 0.9312360926130459 0.6091685886607764 0.9706356183406967 0.6108631919178796
0 0.9718291716410686 0.7717905696093615 0.9714185313951987 0.747699675184994 0.929858411041559 0.748959072771468 0.9302690512874289 0.7730499671958354
0 0.8928045951809453 0.7799863829394388 0.8920299806129985 0.7531330779172821 0.8497060215103396 0.7553035373584441 0.8504806360782865 0.7821568423806008
0 0.8016628161478598 0.7876869528210118 0.8004411630593384 0.7616250202658885 0.7565148498297666 0.7652855463683528 0.757736502918288 0.791347478923476
0 0.716766582810192 0.7984290374199902 0.7158679145125554 0.7672752031019203 0.6700747784342689 0.7696235690546529 0.6709734467319055 0.8007774033727227
0 0.6268907763181493 0.8026400346724055 0.6242970010984578 0.777048119171449 0.5826690980317433 0.7845486422465328 0.5852628732514348 0.8101405577474892
0 0.5519959984756098 0.8127540650406505 0.5498404153963414 0.7868870680894308 0.506859756097561 0.7932545731707318 0.5090153391768293 0.8191215701219514
0 0.47175404505076135 0.8210494659475466 0.4704478307423857 0.7966667988578681 0.42339437262055835 0.8011480805837564 0.424700586928934 0.8255307476734348
0 0.3745025577509382 0.8106873436522828 0.3324883838531896 0.8058161350844278 0.33072397543386495 0.8328703975140713 0.3727381493316136 0.8377416060819263
0 0.28748828436379037 0.8411024997508968 0.28640293381327225 0.8169835986282715 0.2436467000049821 0.8204040973329348 0.2447320505555002 0.84452299845556
0 0.17737157887911156 0.8530757265729069 0.17673664814209958 0.8289483585664513 0.13420574517752842 0.8309381084127471 0.1348406759145404 0.8550654764192026
0 0.05159361172566371 0.8658566095132744 0.05013524958517698 0.8366893667035399 0.004148230088495568 0.8407771017699116 0.005606592228982292 0.869944344579646
0 0.06738281250000008 0.9401041666666666 0.024902343750000087 0.9401041666666666 0.02490234375000009 0.9661458333333334 0.06738281250000008 0.9661458333333334
0 0.13429045434960088 0.9570298326378812 0.13263532973512338 0.9298122278664732 0.08409989001269957 0.9350593024310596 0.08575501462717708 0.9622769072024676
0 0.22485947027439024 0.950266768292683 0.22223942454268292 0.9188262195121951 0.17486423399390244 0.9258447662601625 0.17748427972560976 0.9572853150406505
0 0.3538891156357812 0.9369859690734352 0.3530829341732381 0.9128005251971415 0.31629579110707245 0.9149805040455069 0.3171019725696156 0.9391659479218006
0 0.4774340730149775 0.92420400338531 0.4750032859304473 0.8977354329093149 0.43014612773132954 0.905059050574477 0.4325769148158597 0.931527621050472
0 0.5702286137560777 0.9142767000945433 0.5686616820299837 0.8899022065775256 0.5262833012560778 0.8947454500945434 0.5278502329821717 0.9191199436115611
0 0.67041015625 0.8821614583333334 0.62939453125 0.8821614583333334 0.62939453125 0.9075520833333334 0.67041015625 0.9075520833333334
0 0.7553335336538461 0.8962339743589745 0.7511268028846154 0.8681891025641025 0.7074631911057692 0.8798327323717948 0.711669921875 0.9078776041666666
0 0.8284013287875868 0.8928210734708301 0.8279552121482266 0.8714074747815471 0.7888279593533153 0.8728566322924699 0.7892740759926754 0.8942702309817528
0 0.9055701232698963 0.888078954008074 0.9050544712370243 0.8619525843425606 0.8619742106401383 0.8634641724336793 0.8624898626730103 0.8895905420991927