0 0.7992658943965516 0.03499910201149444 0.7698006465517241 0.019284303160919707 0.7612136314655172 0.04790768678160932 0.7906788793103448 0.06362248563218405
0 0.6787695312499998 0.04937500000000002 0.6757519531249998 0.02121093750000001 0.649775390625 0.02615885416666665 0.65279296875 0.054322916666666665
0 0.5395324080672748 0.04903524087799318 0.5354234962941846 0.02255558722919045 0.5089115503848347 0.029869227480045613 0.5130204621579247 0.05634888112884834
0 0.44782284007352946 0.05132506127450981 0.44635799632352946 0.02593443627450981 0.416748046875 0.028971354166666668 0.418212890625 0.054361979166666664
0 0.35635851822375264 0.025722913418225978 0.32507806409173595 0.02437751754158009 0.32441873213357586 0.0516299051455302 0.35569918626559255 0.05297530102217609
0 0.25509079689703806 0.03913320551245897 0.22997013839915373 0.016296243241655 0.21786296720733428 0.03997248912787973 0.24298362570521864 0.0628094513986837
0 0.1834191727311644 0.05165792665525115 0.18259979666095894 0.02216038812785388 0.148683647260274 0.023835259703196346 0.14950302333047946 0.05333279823059362
0 0.08101259428879312 0.18263963721264367 0.054847454202586216 0.16768812859195403 0.04575532058189657 0.1959747665229885 0.07192046066810348 0.21092627514367815
0 0.1390847636010363 0.1999392810880829 0.13768013277202074 0.170910243955095 0.10601066628886012 0.17363449913644213 0.10741529711787566 0.20266353626943004
0 0.21501163848458907 0.17169038955479454 0.18252220676369865 0.170085973173516 0.18165801583904112 0.2011968464611872 0.21414744755993154 0.20280126284246577
0 0.3013091886104061 0.17243681260575303 0.27066892052664976 0.16951869183587145 0.268990918464467 0.20084139699661593 0.29963118654822335 0.20375951776649748
0 0.35859054815573776 0.18663550204918025 0.3344854636270493 0.1667392418032787 0.32120741547131154 0.19533811475409835 0.3453125 0.21523437499999995
0 0.4387014100609756 0.17595337906504072 0.4144940929878049 0.1749447408536586 0.4138214557926829 0.20364392784552854 0.4380287728658537 0.20465256605691065
0 0.5018057193396227 0.2103233097484277 0.5006900427476416 0.17610922759433964 0.4718086674528302 0.1777835102201258 0.47292434404481126 0.21199759237421387
0 0.5803054283405173 0.20318112428160914 0.5693696120689655 0.16915858477011492 0.5468581627155173 0.18202227011494254 0.5577939789870691 0.21604480962643677
0 0.5938579490681234 0.033479273778920425 0.5760400767191516 0.01950447193658959 0.5658100196818765 0.04269260122107973 0.5836278920308483 0.05666740306341056
0 0.6898243241615266 0.18660952358005667 0.6554134842424827 0.18533504802749948 0.6548740031081343 0.2112301424762273 0.6892848430271782 0.21250461802878448
0 0.7466568387021231 0.207352163127949 0.7261758593099499 0.17890635841659744 0.7097304167100331 0.19995652494449093 0.7302113961022063 0.22840232965584248
0 0.884765625 0.17708333333333348 0.8544921875 0.17708333333333348 0.8544921875 0.21158854166666682 0.884765625 0.21158854166666682
0 0.8214754873057715 0.18840827899556065 0.7925016041204218 0.17804363785608593 0.7845880336951998 0.21737168481779515 0.8135619168805495 0.22773632595726986
0 0.9611661747030544 0.18630544164781312 0.9350442325367648 0.18464690563725505 0.9341019160067874 0.21103176847662156 0.960223858173077 0.21269030448717965
0 0.958984375 0.3307291666666668 0.9287109375 0.3307291666666668 0.9287109375 0.3606770833333335 0.958984375 0.3606770833333335
0 0.8466796875 0.3352864583333335 0.818359375 0.3352864583333335 0.818359375 0.36328125000000017 0.8466796875 0.36328125000000017
0 0.746288598574822 0.372117478226445 0.7455457383833136 0.3433935508214568 0.7180326556932898 0.3446585201405384 0.7187755158847982 0.3733824475455266
0 0.6578470763854063 0.3441411474005351 0.6310200131644935 0.3372180343112672 0.6270736036233702 0.3644044111501172 0.6539006668442829 0.3713275242393849
0 0.5716024737941362 0.35958599332702823 0.5691013408338588 0.32846078315468685 0.5410852035387769 0.3324630884825557 0.5435863364990543 0.36358829865489706
0 0.486328125 0.32812500000000006 0.4580078125 0.32812500000000006 0.4580078125 0.3580729166666668 0.486328125 0.3580729166666668
0 0.41455078125 0.3255208333333334 0.38525390625 0.3255208333333334 0.38525390625 0.35546875 0.41455078125 0.35546875
0 0.3484634841976671 0.3485872477931904 0.3462911560135561 0.3215538303909205 0.31899912811317777 0.325452691519546 0.32117145629728877 0.35248610892181587
0 0.2944502914507772 0.34832685664939556 0.29297482189119173 0.31783381908462877 0.2606465552137306 0.3206147452504318 0.2621220247733161 0.35110778281519867
0 0.2088102109872611 0.32941878980891715 0.18226263933121017 0.31011146496815284 0.17039460589171973 0.3391222133757961 0.19694217754777066 0.3584295382165605
0 0.11546338129588092 0.3524838354744426 0.11476680388458402 0.3199768896139206 0.08206470483278955 0.32122268386351277 0.08276128224408645 0.3537296297240348
0 0.10092480776813884 0.4603624474237645 0.07899374014195584 0.4373870432439538 0.06574391265772875 0.45987159897476343 0.08767498028391174 0.48284700315457413
0 0.20544018879246675 0.47218696147218125 0.204515555760709 0.44013301637124574 0.1742868353028065 0.44168320716395865 0.17521146833456425 0.47373715226489416
0 0.28652900141208254 0.4487173583824493 0.25797462088654227 0.4400645157989522 0.25273207269155207 0.47082079854289466 0.28128645321709234 0.47947364112639174
0 0.39399503431780364 0.44809323869938994 0.3651953774958403 0.4400933340266224 0.3599794613144759 0.4734751975873545 0.38877911813643923 0.4814751022601221
0 0.46029435658578854 0.47746628574523403 0.4593347189124783 0.44675788019930684 0.4298449008882148 0.44839620342287706 0.43080453856152506 0.47910460896880425
0 0.5288607108160622 0.45693072646804844 0.503543960492228 0.45475294149395523 0.5022040965025908 0.4824434639464595 0.527520846826425 0.48462124892055275
0 0.6376953125 0.4602864583333335 0.609375 0.4602864583333335 0.609375 0.49023437500000017 0.6376953125 0.49023437500000017
0 0.72802734375 0.46484375000000017 0.69775390625 0.46484375000000017 0.69775390625 0.4947916666666668 0.72802734375 0.4947916666666668
0 0.8016085290605096 0.47164029325902357 0.7758073746019108 0.46152219347133777 0.7696805334394905 0.4892972067409768 0.7954816878980893 0.4994153065286626
0 0.9190324791981846 0.48702939832324743 0.9138069095121029 0.4579984556227936 0.8870290043494704 0.46656738527483604 0.8922545740355521 0.49559832797528985
0 0.9973977566469718 0.48856493876169377 0.9964752873430576 0.45658600289266366 0.9662465668851551 0.45813619368537667 0.9671690361890694 0.4901151295544068
0 0.9865278303416956 0.6435819456459054 0.9859222940095156 0.612901438148789 0.9514709261461937 0.6141102580738178 0.9520764624783736 0.6447907655709343
0 0.83251953125 0.6139322916666669 0.80615234375 0.6139322916666669 0.80615234375 0.6516927083333335 0.83251953125 0.6516927083333335
0 0.7629492187499999 0.6475520833333334 0.7595507812499999 0.6158333333333336 0.7353515624999999 0.6204427083333336 0.7387499999999999 0.6521614583333334
0 0.659255959169708 0.6464976809610705 0.6565315636405109 0.6150157770681265 0.6290652087135037 0.6192413701338199 0.6317896042427008 0.650723274026764
0 0.54736328125 0.6106770833333335 0.517578125 0.6106770833333335 0.517578125 0.6425781250000001 0.54736328125 0.6425781250000001
0 0.46484375000000006 0.5989583333333334 0.43115234375000006 0.5989583333333334 0.4311523437500001 0.6321614583333334 0.4648437500000001 0.6321614583333335
0 0.3821188038793104 0.5996408045977012 0.35561018318965526 0.5966954022988505 0.35370083512931044 0.6272449712643678 0.3802094558189656 0.6301903735632185
0 0.3001583614864865 0.594235641891892 0.27337943412162163 0.588597972972973 0.2694124788851352 0.622096706081081 0.29619140625000007 0.6277343750000001
0 0.2339789538357749 0.5977862575494731 0.20261751879336937 0.596624722918273 0.2019730026021589 0.6275615000963762 0.23333443764456444 0.6287230347275764
0 0.16242876838235293 0.631937806372549 0.159873046875 0.5989973958333333 0.12463924632352943 0.6038572303921569 0.12719496783088236 0.6367976409313726
0 0.07048927919708034 0.6075492320559611 0.04239279197080297 0.6032266955596107 0.03963631957116794 0.6350792655109488 0.06773280679744531 0.6394018020072992
0 0.08585472270654514 0.7473385528433476 0.05348670533798293 0.7370629917739627 0.04751416644313314 0.7705092095851217 0.07988218381169535 0.7807847706545066
0 0.17089843750000006 0.7350260416666666 0.13769531250000006 0.7350260416666666 0.13769531250000006 0.767578125 0.17089843750000006 0.767578125
0 0.25847524578651687 0.7644867743445692 0.25614685744382026 0.7318893375468165 0.22273525280898876 0.7361320809925095 0.2250636411516854 0.7687295177902622
0 0.361196617830424 0.7359287328553616 0.33141267923940154 0.7339431369492936 0.33031678615960103 0.7631669524106403 0.3601007247506235 0.7651525483167084
0 0.4824218750000001 0.740234375 0.4492187500000001 0.740234375 0.4492187500000001 0.7721354166666666 0.4824218750000001 0.7721354166666666
0 0.5974037094200888 0.7789608768035516 0.5967008228704217 0.7508454148168702 0.5668674346212541 0.7521713431834999 0.5675703211709212 0.7802868051701813
0 0.6817315463362069 0.7551005747126438 0.6522208378232759 0.7527860093390806 0.650836813038793 0.7841572377873565 0.6803475215517241 0.7864718031609197
0 0.78466796875 0.75390625 0.75390625 0.75390625 0.75390625 0.7845052083333334 0.78466796875 0.7845052083333334
0 0.8725287424945415 0.747043304221252 0.8431998840065502 0.741829284934498 0.8396134688864629 0.7776934361353715 0.8689423273744542 0.7829074554221253
0 0.9431250000000001 0.7719010416666666 0.940126953125 0.7439192708333332 0.9144921874999998 0.7488020833333332 0.9174902343749999 0.7767838541666666
0 0.8951820766595113 0.945938600836636 0.8876469358900265 0.9169143549097315 0.8559002693609643 0.9315666625385294 0.8634354101304491 0.9605909084654338
0 0.7903083958724203 0.9275108466228894 0.7610417521693247 0.9241176125703566 0.7587918107997187 0.9586167135709821 0.7880584545028143 0.9620099476235149
0 0.6845703125 0.9264322916666666 0.64697265625 0.9264322916666666 0.64697265625 0.9602864583333334 0.6845703125 0.9602864583333334
0 0.5899681613869864 0.921275684931507 0.5593656357020549 0.9169805936073061 0.5564520012842467 0.9538866295662102 0.5870545269691781 0.9581817208904111
0 0.4853515625000001 0.9147135416666666 0.4531250000000001 0.9147135416666666 0.4531250000000001 0.94921875 0.4853515625000001 0.94921875
0 0.3667802019817074 0.9395229928861791 0.3614567454268294 0.9063992632113823 0.33454649390243907 0.9140879065040651 0.33986995045731716 0.947211636178862
0 0.2966763569579781 0.9329347784713763 0.2841368662454324 0.9030788482034103 0.25942543392204626 0.921530051004872 0.271964924634592 0.9513859812728379
0 0.22879687500000004 0.933484375 0.21615820312500003 0.9091432291666668 0.19094531250000002 0.9324166666666667 0.20358398437500003 0.9567578124999999
0 0.1489257812500001 0.9147135416666666 0.11718750000000008 0.9147135416666666 0.11718750000000008 0.9537760416666666 0.1489257812500001 0.9537760416666666
0 0.07009325006778741 0.9469055043383948 0.062234146217461955 0.9269957745842371 0.03812512710140992 0.9439143844902386 0.04598423095173537 0.9638241142443963