0 0.0785330158390411 0.09403538812785389 0.07637387628424658 0.06668628710045661 0.03501979880136986 0.07249036815068494 0.037178938356164384 0.09983946917808222
0 0.16808097111858192 0.07430629839038307 0.1266546645782396 0.06602103708231462 0.12334891694682151 0.09540546047269764 0.16477522348716384 0.1036907217807661
0 0.26595782305743243 0.09330060529279278 0.26548511402027025 0.06619862049549549 0.2229368137668919 0.06751794763513513 0.22340952280405404 0.09461993243243244
0 0.3469631033268055 0.08798864197236021 0.3450719230631449 0.05583857749012864 0.2994160402536301 0.06061304889504521 0.30130722051729075 0.09276311337727677
0 0.4140625 0.05273437500000006 0.3681640625 0.052734375000000056 0.3681640625 0.08528645833333341 0.4140625 0.08528645833333341
0 0.5021571400580309 0.07968312266542156 0.499377011489461 0.04780431507915333 0.45463987043089643 0.05474030594094628 0.4574199989994663 0.08661911352721452
0 0.5831763312274366 0.07662266847172085 0.5807014327617327 0.046098920728038534 0.544529487251805 0.05131289485559568 0.5470043857175089 0.08183664259927799
0 0.663362574658703 0.06823938779863481 0.660542875426621 0.03628279650170648 0.6170558473762797 0.04310429109783844 0.6198755466083616 0.07506088239476677
0 0.73681640625 0.040364583333333454 0.69482421875 0.04036458333333345 0.69482421875 0.06770833333333344 0.73681640625 0.06770833333333345
0 0.8206772859922179 0.0657248095006485 0.8192238418044747 0.03471800016212711 0.7706465071741245 0.03876611138132296 0.7720999513618677 0.06977292071984435
0 0.9072105094178082 0.05578624429223744 0.904984482020548 0.02758989726027396 0.8554205907534247 0.034546232876712324 0.8576466181506849 0.06274257990867581
0 0.99951171875 0.027994791666666834 0.9560546875 0.027994791666666827 0.9560546875 0.057291666666666824 0.99951171875 0.05729166666666683
0 0.9499139157333815 0.20195049072736035 0.9464663114161849 0.17502634272639692 0.9033606733200866 0.18483900830924857 0.9068082776372832 0.211763156310212
0 0.8773568789741759 0.2109954567328489 0.876266134951661 0.18093939922354876 0.8258313580732547 0.18419325579634918 0.8269221020957697 0.2142493133056493
0 0.7527398194910021 0.22244674047282995 0.750779975024259 0.1947476053428605 0.701761637427223 0.20091343397141848 0.7037214818939661 0.2286125691013879
0 0.6760831274014625 0.22824094157990418 0.6708323488627912 0.19401364443893576 0.626649310935176 0.2060635638737399 0.6319000894738472 0.2402908610147083
0 0.599818445700967 0.2370672910911603 0.5986139286947515 0.206552860267035 0.5563533213915748 0.2095185169198895 0.5575578383977903 0.24003294774401476
0 0.513671875 0.21289062500000008 0.47265625 0.21289062500000008 0.47265625 0.2395833333333334 0.513671875 0.2395833333333334
0 0.41357421875 0.21289062500000008 0.36767578125 0.21289062500000008 0.36767578125 0.2415364583333334 0.41357421875 0.2415364583333334
0 0.32867368509515926 0.24268581488760166 0.32685550915390976 0.2129889411805268 0.28456716099503515 0.21759175458557437 0.28638533693628465 0.24728862829264928
0 0.2646484375 0.22265625000000008 0.22216796875 0.22265625000000003 0.22216796875 0.25130208333333337 0.2646484375 0.2513020833333334
0 0.2005092919016922 0.25268653051974216 0.19781331839242547 0.22123350624496374 0.15735404285858182 0.2273987291834542 0.16005001636784855 0.25885175345823264
0 0.13774849164603964 0.22715552805280534 0.09331973236386142 0.22123169348184824 0.09063176825495053 0.25707121493399343 0.13506052753712874 0.2629950495049505
0 0.06357927865932642 0.2537504047927461 0.0623547806023316 0.2284441116148532 0.02618351279145078 0.23155561852331608 0.027408010848445602 0.256861911701209
0 0.947627838086248 0.44955327570217274 0.9462677923787757 0.41570324920508733 0.8953710316474561 0.41933873211446726 0.8967310773549284 0.45318875861155267
0 0.8575269347924186 0.5244077166064982 0.8551803643953068 0.49546668170878466 0.818095315320397 0.5008122743682311 0.8204418857175089 0.5297533092659447
0 0.8338589960770326 0.4483494561340942 0.8298712497771039 0.420701081787922 0.7870041960146219 0.43169263403471225 0.7909919423145506 0.4593410083808845
0 0.7558632812499998 0.45673437500000014 0.7515820312499999 0.4253385416666668 0.7038437499999999 0.4369114583333334 0.7081249999999999 0.4683072916666668
0 0.6730891047297298 0.4563274211711712 0.6698294974662162 0.4302505630630631 0.6262009079391891 0.43994580518018017 0.6294605152027026 0.4660226632882883
0 0.6138585581392444 0.47623268400972946 0.6095458301054579 0.44805619418899106 0.5693952887594962 0.45898151156204187 0.5737080167932826 0.48715800138278026
0 0.629431179775281 0.5342655664794007 0.6275605688202247 0.5049593281835206 0.5812289325842697 0.5102168188202247 0.5830995435393259 0.5395230571161048
0 0.5345996159159411 0.4645350175820495 0.5303506206044876 0.4337803848515293 0.4918369055592766 0.4432398938100022 0.49608590087073 0.4739945265405224
0 0.48965661234445707 0.4870778539781298 0.48852539062500006 0.4554036458333334 0.44911048854638014 0.4579061792986426 0.45024171026583715 0.489580387443439
0 0.42958984375 0.4839843749999999 0.42197265624999997 0.4535156249999999 0.38432617187499996 0.4702473958333333 0.3919433593749999 0.5007161458333332
0 0.3981182391826923 0.4666215945512821 0.3939115084134615 0.4385767227564103 0.3571026141826923 0.44839242788461536 0.361309344951923 0.47643729967948717
0 0.3365721278869887 0.4926608596321109 0.3327998281029619 0.4660751278208745 0.3014320621033145 0.4739877174424072 0.3052043618873413 0.5005734492536437
0 0.30165539253048784 0.4750571646341464 0.296824980945122 0.44500127032520326 0.2611113757621951 0.45520515752032525 0.26594178734756097 0.4852610518292683
0 0.22688860462248922 0.49306131560856054 0.22373789454806312 0.4619743095408895 0.1888233332586083 0.46826522148493543 0.19197404333303442 0.4993522275526064
0 0.18366660688665712 0.46458221245815395 0.17511292817431853 0.43969878347680535 0.14468116705523676 0.45829597082735535 0.15323484576757535 0.48317939980870395
0 0.11303710937500006 0.4847005208333335 0.09423828125000003 0.45963541666666674 0.07177734375000003 0.4895833333333334 0.09057617187500006 0.5146484375000001
0 0.07065156569747613 0.478433911721237 0.06896622932298772 0.44809785698044563 0.026681605985675302 0.4522741160754888 0.028366942360163707 0.48261017081628016
0 0.6986677076638818 0.7290244082047986 0.6971855418541131 0.7000398323693231 0.6567242227667095 0.7037181341045416 0.6582063885764782 0.7327027099400171
0 0.4479222790948275 0.7403241738505747 0.44580751616379305 0.7064879669540232 0.41053003771551716 0.7104076867816094 0.4126448006465516 0.7442438936781609
0 0.04793384193715469 0.7527354540745855 0.04657151027279006 0.7182230519106813 0.010333488000690609 0.7207660710174953 0.011695819665055247 0.7552784731813996
0 0.09851263965349741 0.8047296659110538 0.09168176206282383 0.7701198861183075 0.04993371518782384 0.7847683236183075 0.05676459277849742 0.8193781034110538
0 0.22502352303832115 0.8094938032238441 0.22430713959854015 0.7741522201946472 0.1831895814324818 0.7756339340024332 0.1839059648722628 0.8109755170316301
0 0.17282787360767332 0.822796127268977 0.15888188428217823 0.7813157487623763 0.12149065980816832 0.803664526608911 0.13543664913366343 0.8451449051155117
0 0.33511425447952214 0.7986125924345847 0.33234454991467577 0.7672226073663252 0.2805850709257679 0.7753417413253697 0.2833547754906143 0.806731726393629
0 0.4060929864832914 0.7734383209857084 0.3628188297998109 0.7672562986023541 0.3600997251339849 0.8010940455548551 0.4033738818174654 0.8072760679382095
0 0.48730468749999994 0.7916666666666666 0.48396484374999993 0.7604947916666668 0.4454101562499999 0.7678385416666668 0.4487499999999999 0.7990104166666666
0 0.6263588467526691 0.7809279544780546 0.6179312166370108 0.744970065984579 0.5772283696619218 0.7619295855575327 0.5856559997775801 0.7978874740510083
0 0.7390934405940595 0.7894750412541255 0.7365650139232673 0.7557626856435644 0.6927647354579208 0.7616027227722771 0.6952931621287128 0.7953150783828383
0 0.8650593307783018 0.7755503144654091 0.8586103331367922 0.7454549921383649 0.8200453272405661 0.7601464229559749 0.8264943248820755 0.7902417452830192
0 0.9640043075770548 0.7502720105593609 0.9314787564212329 0.7486658105022833 0.9306894798801371 0.7770797659817353 0.963215031035959 0.7786859660388129
0 0.9071848799542684 0.7739376905487808 0.8678484660823171 0.7681100736788621 0.8650259622713415 0.8019801194105693 0.9043623761432928 0.8078077362804881
0 0.8041417738970588 0.8004748774509803 0.7981387867647058 0.7684589460784315 0.7524126838235293 0.783700980392157 0.7584156709558822 0.815716911764706
0 0.681640625 0.7760416666666666 0.63720703125 0.7760416666666666 0.63720703125 0.810546875 0.681640625 0.810546875
0 0.5722251597030387 0.8114748791436464 0.5709005956491713 0.7779192564456722 0.5287425004316298 0.7808777192679558 0.5300670644854972 0.81443334196593
0 0.45474747300598994 0.8174998029634302 0.4518898270018916 0.7819379860235394 0.411805199795082 0.7876643613387978 0.41466284579918034 0.8232261782786886
0 0.28909989254182156 0.8207549179058241 0.2842817001626394 0.7877158844485749 0.24478646317379182 0.7979553903345725 0.24960465555297395 0.8309944237918216
0 0.941192416487069 0.9463249820402299 0.9395962419181034 0.9101450251436782 0.886413995150862 0.9143161817528737 0.8880101697198275 0.9504961386494254
0 0.83251953125 0.9147135416666666 0.7783203125 0.9147135416666666 0.7783203125 0.94921875 0.83251953125 0.94921875
0 0.7381322696186102 0.9475079456203407 0.7372773874301118 0.9190118726703939 0.694884278903754 0.9212728384584663 0.6957391610922524 0.9497689114084132
0 0.671085409252669 0.9516241288552788 0.6671548320729537 0.9193060498220641 0.6306234013567615 0.927204737544484 0.6345539785364768 0.9595228165776987
0 0.6135619322803688 0.9247446673897325 0.5671241611306943 0.9234547293022416 0.5665509337716921 0.9601412802783805 0.6129887049213666 0.9614312183658714
0 0.5187220714371402 0.9630478246960972 0.5176150506837813 0.9254091190818938 0.47144295075575815 0.9278233465291108 0.4725499715091171 0.9654620521433142
0 0.4363991044207317 0.9673513719512195 0.4355516387195122 0.9311928353658536 0.38721322408536585 0.9332069359756098 0.38806068978658537 0.9693654725609756
0 0.3582637263565151 0.96483230639409 0.3562814947936569 0.9311343698255 0.30968356688240356 0.9360073557508598 0.31166579844526177 0.9697052923194498
0 0.2837310107057097 0.9654280894254713 0.28057047091782283 0.9291872331910351 0.23571008704642477 0.9361423314656704 0.23887062683431165 0.9723831877001067
0 0.2060546875000001 0.935546875 0.1552734375000001 0.935546875 0.1552734375000001 0.970703125 0.2060546875000001 0.970703125
0 0.11418736299322452 0.9362443640394579 0.06343258021123965 0.9321839814168991 0.061710848756974995 0.9704446804005581 0.11246563153895986 0.9745050630231168