0 0.9609222576358988 0.11450904870828847 0.9596505714309742 0.09020571234750631 0.9276931154971744 0.09317849894599932 0.9289648017020989 0.11748183530678147
0 0.9212890625 0.07708333333333346 0.896875 0.06080729166666673 0.88623046875 0.08919270833333341 0.91064453125 0.10546875000000015
0 0.87890625 0.09375000000000015 0.84521484375 0.09375000000000015 0.84521484375 0.11914062500000015 0.87890625 0.11914062500000015
0 0.8176843979779412 0.09047564338235309 0.7764993106617648 0.08625153186274521 0.7747099034926471 0.11726792279411778 0.8158949908088236 0.12149203431372563
0 0.7198415230904492 0.11952784376028301 0.7194183138727789 0.09413529070006581 0.6803750944749506 0.09529212683037182 0.680798303692621 0.12068467989058902
0 0.6250589304956897 0.15556528376436776 0.6152343750000001 0.12500000000000003 0.5845315867456897 0.1425444504310345 0.5943561422413793 0.17310973419540224
0 0.6076539906235879 0.11990316453908723 0.6065287152620876 0.08464453654541344 0.5655664856812019 0.08696863467766229 0.5666917610427022 0.12222726267133606
0 0.5221743724385245 0.10269808743169406 0.4866851306352459 0.09156420765027333 0.4821000896516393 0.11754610655737714 0.5175893314549179 0.12867998633879787
0 0.43739135268434676 0.11683881791720573 0.4340735036990621 0.08233318847024579 0.39405370714747734 0.08917417933376455 0.397371556132762 0.12367980878072449
0 0.34453798491379306 0.11677442528735636 0.3421874999999999 0.07916666666666668 0.3004849137931034 0.08380028735632185 0.3028353987068965 0.12140804597701153
0 0.29150390625 0.06510416666666671 0.25927734375 0.0651041666666667 0.25927734375 0.09765625000000004 0.29150390625 0.09765625000000004
0 0.232594802691017 0.11496279953966614 0.23201299932240574 0.08083033524780586 0.19491169092023744 0.08195461732059885 0.1954934942888487 0.11608708161245912
0 0.18215985810155239 0.07362919092281162 0.1560061752102199 0.04668297218628723 0.1378690218709573 0.07797845245795605 0.1640227047622898 0.10492467119448042
0 0.13916015625 0.08919270833333337 0.10498046875 0.08919270833333336 0.10498046875 0.11458333333333336 0.13916015625 0.11458333333333337
0 0.07303103885135137 0.08815456081081081 0.06959987331081081 0.06070523648648649 0.03776921452702703 0.06777871621621623 0.04120038006756757 0.09522804054054056
0 0.051851998730964466 0.3767581429780034 0.050379719225888325 0.34927559221658205 0.012278910215736037 0.35290424069373943 0.013751189720812181 0.3803867914551608
0 0.1462987005624093 0.3795421731373973 0.14454577796171988 0.3507163348149492 0.10214609885250363 0.35530008390783746 0.10389902145319303 0.3841259222302855
0 0.21217698317307696 0.35762219551282054 0.17235311792986432 0.35118601527149323 0.16976721578054305 0.37963093891402716 0.20959108102375568 0.38606711915535447
0 0.2956775232263514 0.3851207066441442 0.29517683699324326 0.356414695945946 0.2545125105574324 0.3576756052927928 0.2550131967905405 0.386381615990991
0 0.3875512035472973 0.38887317004504496 0.3870154138513513 0.3581545608108108 0.34443306587837835 0.3594749436936937 0.34496885557432433 0.39019355292792784
0 0.47190443993350045 0.3622587581919816 0.43163874265131075 0.360767436070419 0.4309968617482653 0.3915777194166026 0.471262559030455 0.3930690415381652
0 0.5502417127071824 0.39127963858195214 0.5491113820787293 0.36264459599447524 0.5129246158494476 0.36518401818600377 0.5140549464779006 0.39381906077348067
0 0.623046875 0.3626302083333335 0.583984375 0.3626302083333335 0.583984375 0.4016927083333335 0.623046875 0.4016927083333335
0 0.6754003501037343 0.3867673755186721 0.6703108791493775 0.361320020746888 0.6363641889263485 0.37338995504840944 0.6414536598807054 0.39883730982019355
0 0.7662173411885245 0.3962602459016393 0.764920594262295 0.3625448258196721 0.7265599385245901 0.36516777663934424 0.7278566854508196 0.3988831967213114
0 0.8880999410377358 0.3757424331761008 0.8524911556603773 0.3575889347484278 0.8435565300707547 0.38874557783018876 0.8791653154481133 0.40689907625786176
0 0.9644578852012556 0.36689227135647484 0.9207275030003693 0.36464968765386524 0.9197091084287297 0.39995403280403763 0.963439490629616 0.40219661650664723
0 0.8450633081896552 0.38784123563218403 0.8093413254310345 0.38387212643678176 0.8068561422413794 0.42363505747126456 0.8425781250000002 0.42760416666666684
0 0.7112379807692308 0.4055488782051282 0.6955378605769231 0.3741486378205128 0.6599308894230771 0.4057992788461539 0.6756310096153847 0.43719951923076933
0 0.99951171875 0.5468750000000001 0.96826171875 0.5468750000000001 0.96826171875 0.5904947916666669 0.99951171875 0.5904947916666669
0 0.9732072356197978 0.5369367444510504 0.9526657485508323 0.5081786625544987 0.9247814636593341 0.5435872782897345 0.9453229507282996 0.5723453601862863
0 0.8947231509279476 0.5449559907205241 0.8576862718340612 0.5383716566593888 0.8531829967248908 0.5834044077510919 0.8902198758187773 0.5899887418122273
0 0.8098407070279424 0.5465067562799888 0.7705226966024555 0.5387973424710698 0.7664605769739627 0.575627227102738 0.8057785873994496 0.583336640911657
0 0.7099609375 0.5358072916666669 0.6650390625 0.5358072916666669 0.6650390625 0.5755208333333335 0.7099609375 0.5755208333333335
0 0.6189324145047169 0.5692659198113207 0.6128021816037735 0.5256731525157232 0.5703788325471697 0.5362789897798742 0.5765090654481131 0.5798717570754717
0 0.5384985858679527 0.5303876112759645 0.5015367094770031 0.5279835867952523 0.49995160654673604 0.5713097335558854 0.5369134829376856 0.5737137580365976
0 0.4814453125 0.5325520833333335 0.4501953125 0.5325520833333334 0.4501953125 0.5683593750000001 0.4814453125 0.5683593750000001
0 0.41064453125 0.5319010416666666 0.373046875 0.5319010416666666 0.373046875 0.5677083333333334 0.41064453125 0.5677083333333334
0 0.32662793464467005 0.5605964467005076 0.32461780218908626 0.5230739741962774 0.2844696819479695 0.5268976046954315 0.2864798144035533 0.5644200771996616
0 0.21484375000000006 0.51953125 0.17578125000000006 0.51953125 0.17578125000000006 0.5533854166666666 0.21484375000000006 0.5533854166666666
0 0.11914062500000006 0.5169270833333334 0.07812500000000006 0.5169270833333334 0.07812500000000006 0.556640625 0.11914062500000006 0.556640625
0 0.046017746040723985 0.5560750141402715 0.04429992399604073 0.5079759968891403 0.001544382777149321 0.5106906344268477 0.003262204821832579 0.5587896516779788
0 0.09405158547794126 0.6614391850490197 0.051522288602941245 0.657077205882353 0.048802274816176536 0.7042241115196078 0.09133157169117655 0.7085860906862745
0 0.19726562500000006 0.662109375 0.15429687500000006 0.662109375 0.15429687500000006 0.705078125 0.19726562500000006 0.705078125
0 0.2734375000000001 0.6673177083333334 0.23046875000000006 0.6673177083333334 0.23046875000000006 0.7109375 0.2734375000000001 0.7109375
0 0.34983891752577323 0.6781625859106529 0.31245167525773204 0.6758966924398626 0.3113120167525774 0.709326675257732 0.3486992590206186 0.7115925687285224
0 0.4389648437500001 0.681640625 0.3999023437500001 0.681640625 0.3999023437500001 0.7135416666666666 0.4389648437500001 0.7135416666666666
0 0.5377704991703539 0.7209047750737465 0.5356963841261061 0.6794224741887906 0.49019548534292035 0.6834669985250738 0.49226960038716816 0.7249492994100296
0 0.6428682215073529 0.7192210477941177 0.640719784007353 0.6819814644607844 0.5983398437500002 0.6863281250000001 0.6004882812500001 0.7235677083333333
0 0.74169921875 0.6946614583333334 0.7021484375 0.6946614583333334 0.7021484375 0.7272135416666666 0.74169921875 0.7272135416666666
0 0.84130859375 0.7005208333333334 0.802734375 0.7005208333333334 0.802734375 0.7330729166666666 0.84130859375 0.7330729166666666
0 0.9331098497400082 0.7081288871329527 0.8949713403599103 0.7066759915375206 0.8942914903650082 0.7384023246329529 0.9324299997451061 0.7398552202283851
0 0.9397324309499226 0.8638223842712098 0.8933474767681983 0.8624167795990364 0.8928425581601703 0.8920386712700054 0.9392275123418947 0.8934442759421789
0 0.92529296875 0.9140625000000003 0.89013671875 0.9140625000000001 0.89013671875 0.9361979166666669 0.92529296875 0.936197916666667
0 0.8480325137867647 0.8854281556372549 0.8464211856617647 0.8574984681372549 0.8086713005514705 0.8613702512254903 0.8102826286764705 0.8892999387254902
0 0.7507748391997779 0.8591086063466603 0.7101156643324286 0.8579038900542942 0.7096743795502223 0.8843809769866734 0.7503335544175717 0.8855856932790394
0 0.7301561937679942 0.9130384526951376 0.6965416379258638 0.9000263665627001 0.6919404540547025 0.9211577295265516 0.7255550098968331 0.9341698156589892
0 0.6466655441810345 0.853028915229885 0.6039416082974138 0.8391725035919539 0.5986408943965518 0.8682282686781608 0.6413648302801724 0.8820846803160919
0 0.5971284394275251 0.8860119908121306 0.5585975146973787 0.884584919525829 0.5578490928585198 0.9205091677910563 0.5963800175886662 0.9219362390773581
0 0.5430610552226027 0.8724636130136987 0.5420584064640411 0.8363682577054794 0.4980649347174658 0.8385407748287671 0.4990675834760275 0.8746361301369864
0 0.4975585937500001 0.884765625 0.4565429687500001 0.884765625 0.4565429687500001 0.91796875 0.4975585937500001 0.91796875
0 0.4639946591537611 0.8366432752581122 0.41450757051991155 0.8322444229351033 0.4126516696626107 0.8693624400811211 0.46213875829646023 0.8737612924041299
0 0.3680371262998267 0.8315359167388793 0.32341651321490467 0.8290569937897169 0.32224362272530327 0.8665894894569613 0.3668642358102253 0.8690684124061238
0 0.32523104039634154 0.8784775152439025 0.2832150342987806 0.8722529217479676 0.2803151200457318 0.907051892784553 0.3223311261432928 0.913276486280488
0 0.2978515625000001 0.830078125 0.2568359375000001 0.830078125 0.2568359375000001 0.86328125 0.2978515625000001 0.86328125
0 0.2167415978773585 0.8589819182389937 0.215758586379717 0.8288362323113208 0.18062628979952833 0.8308728871855345 0.18160930129716982 0.8610185731132075
0 0.13330078125000006 0.8723958333333334 0.08789062500000008 0.8723958333333334 0.08789062500000008 0.9088541666666666 0.13330078125000008 0.9088541666666666
0 0.06933593750000008 0.826171875 0.023437500000000076 0.826171875 0.023437500000000076 0.86328125 0.06933593750000008 0.86328125
0 0.14435866912327727 0.8297764324910669 0.10202670367534465 0.8258155468351199 0.10022791443338447 0.8599925424323634 0.14255987988131708 0.8639534280883104