0 0.09375 0.07942708333333336 0.046386718750000014 0.07942708333333334 0.046386718750000014 0.111328125 0.09375 0.111328125
0 0.216796875 0.06835937500000004 0.17333984375 0.06835937500000004 0.17333984375 0.1100260416666667 0.216796875 0.1100260416666667
0 0.3236129851268951 0.09304831699077125 0.3222220112166282 0.05904673251757856 0.27521166364535266 0.062465666886398596 0.2766026375556196 0.09646725135959128
0 0.44814334829255653 0.05360395248910856 0.4003070397174848 0.052464992761130654 0.399791363663532 0.09096880478960796 0.4476276722386037 0.09210776451758586
0 0.5672547980438427 0.08035218735297577 0.5647220759637439 0.04455638195424608 0.5202695298716478 0.050147897185956275 0.5228022519517466 0.08594370258468598
0 0.6640625 0.039713541666666775 0.6240234375 0.03971354166666677 0.6240234375 0.07747395833333344 0.6640625 0.07747395833333344
0 0.7868500808189655 0.07332525143678163 0.7847117456896551 0.0391118893678161 0.7482219827586207 0.04316630747126437 0.7503603178879311 0.07737966954022989
0 0.85888671875 0.040364583333333474 0.82177734375 0.040364583333333474 0.82177734375 0.07552083333333347 0.85888671875 0.07552083333333348
0 0.9462360364819006 0.06557256315987936 0.944880558894231 0.02761919070512821 0.9053728612839367 0.030127615950226255 0.9067283388716063 0.06808098840497741
0 0.9900201212241653 0.22624681206942235 0.987998683426073 0.19255618210121883 0.9467781200317965 0.19695304219660834 0.9487995578298888 0.23064367216481185
0 0.916422824684633 0.2314584527905199 0.9156232081422018 0.19627532492354746 0.8792131056479358 0.197746440175841 0.880012722190367 0.23292956804281348
0 0.8525390625 0.19791666666666682 0.8134765625 0.19791666666666682 0.8134765625 0.23567708333333348 0.8525390625 0.23567708333333348
0 0.78271484375 0.20182291666666682 0.744140625 0.20182291666666682 0.744140625 0.23828125000000014 0.78271484375 0.23828125000000014
0 0.7099609375 0.20182291666666682 0.669921875 0.20182291666666677 0.669921875 0.23958333333333345 0.7099609375 0.23958333333333348
0 0.63232421875 0.20572916666666674 0.58837890625 0.20572916666666674 0.58837890625 0.24479166666666674 0.63232421875 0.24479166666666674
0 0.5425552731638253 0.24011030914292386 0.539734143288767 0.20550444934220768 0.4970992764041336 0.21168341555737194 0.49992040627919193 0.24628927535808812
0 0.4670700112467866 0.24926494215938308 0.46515253454370176 0.21176761996572405 0.42677890022493575 0.21525613217652095 0.4286963769280206 0.25275345437018
0 0.3887650516055046 0.2573549789755352 0.38789331278669725 0.21899847094801225 0.3532423666857798 0.22039850917431192 0.35411410550458716 0.25875501720183486
0 0.3278486592060811 0.26084916948198195 0.32721151815878374 0.22431974943693692 0.292505542652027 0.2253959037162162 0.29314268369932434 0.26192532376126126
0 0.27109374999999997 0.26328124999999997 0.268915005387931 0.22842133620689656 0.2294753502155172 0.23280352011494254 0.23165409482758617 0.267663433908046
0 0.06479997306034482 0.28159123563218397 0.06263806573275861 0.24700071839080462 0.014591190732758618 0.25233926005747126 0.016753098060344827 0.2869297772988506
0 0.10641604460311571 0.4285619899851633 0.10507146003338277 0.39181001174579627 0.0667551465133531 0.3943021296983185 0.06809973108308605 0.43105410793768556
0 0.14221932057584272 0.40220330056179776 0.1394849455758427 0.3639220505617977 0.10828541959269664 0.3678838951310861 0.11101979459269663 0.40616514513108615
0 0.2045229219543147 0.4180216264805415 0.20262680440989847 0.38262743231810487 0.16400549254441624 0.3863056524957698 0.16590161008883247 0.4216998466582065
0 0.28719986381880735 0.38952838302752296 0.2824514406536697 0.35312380542813454 0.2404968821674312 0.36285239870030583 0.24524530533256883 0.39925697629969426
0 0.32182858078014875 0.4089469541242496 0.31324408403484727 0.37356842208300706 0.26932859607478465 0.39251235806577917 0.27791309282008614 0.4278908901070217
0 0.39110531935591464 0.40626177395246565 0.38979594968314557 0.3725091334988635 0.3448428061536466 0.3756093502940014 0.34615217582641566 0.40936199074760354
0 0.46201593024327314 0.401659832288979 0.46059914071138963 0.36891625199655986 0.41504950124401035 0.3724200704171275 0.4164662907758939 0.40516365070954663
0 0.58935546875 0.35742187500000017 0.5478515625 0.35742187500000017 0.5478515625 0.3951822916666668 0.58935546875 0.3951822916666668
0 0.7136883121905941 0.35850479579207933 0.6661654935024753 0.3521684199669968 0.6633131574876239 0.39019956683168333 0.7108359761757427 0.3965359426567658
0 0.7709698849547841 0.3659575858129133 0.7672345618801051 0.32984946275768184 0.7332138364206534 0.33610614789965004 0.7369491594953325 0.37221427095488147
0 0.829019462112832 0.3512513827433629 0.786305655420354 0.34745459992625377 0.7841991323285398 0.389585061762537 0.8269129390210177 0.39338184457964614
0 0.8849936162451361 0.3616346465629054 0.8833539792071984 0.3266557230869001 0.84921609010214 0.3295005471789883 0.8508557271400777 0.3644794706549936
0 0.9602645806406942 0.37706275387740035 0.9592245487906204 0.34100831640817325 0.9168068281480798 0.3431835841334318 0.9178468599981536 0.3792380216026588
0 0.08284955988509132 0.5521991934295817 0.08049591190335886 0.5200326710125712 0.040598413560695344 0.5252225894961697 0.04295206154242781 0.5573891119131801
0 0.15342250715845418 0.5476369805399913 0.15224686624505604 0.5188990915458142 0.10678553219759394 0.5222053703856295 0.1079611731109921 0.5509432593798067
0 0.2683873856482029 0.5432059822554584 0.26761056932046584 0.5095439413868527 0.21504615175721212 0.5117004303125247 0.21582296808494916 0.5453624711811303
0 0.3548600706335616 0.5340771261415526 0.35397380672089035 0.5021716252853882 0.3097455586472602 0.5043557363013699 0.3106318225599315 0.5362612371575343
0 0.42146404835972856 0.5288579374057316 0.4202952665441177 0.49613204656862747 0.3774701286764707 0.49885110294117646 0.37863891049208154 0.5315769937782806
0 0.4850350215517241 0.5286323635057469 0.48343884698275863 0.4924524066091953 0.444854525862069 0.49547862787356317 0.44645070043103446 0.5316585847701149
0 0.5468539558459522 0.5204245838186762 0.5433356007935352 0.4883684600077654 0.5069343331391961 0.4954711463793438 0.5104526881916132 0.5275272701902544
0 0.616996200770548 0.522410102739726 0.6159286708047945 0.48397902397260273 0.5802787885273973 0.48573951198630144 0.5813463184931508 0.5241705907534248
0 0.6965322531614786 0.5201620257782101 0.6948888162694552 0.4851020387483787 0.6554615302772373 0.48838764591439693 0.6571049671692607 0.5234476329442282
0 0.8207459181882022 0.5105337078651685 0.8200158174427398 0.47743580740420627 0.7757067206406655 0.4791734190435033 0.7764368213861279 0.5122713195044656
0 0.9331258086966749 0.5040078680468424 0.9313765732826222 0.4672739243517357 0.8758433726082182 0.47197514768925136 0.8775926080222709 0.508709091384358
0 0.11091102139261746 0.8209284116331097 0.11006055998322149 0.78634298098434 0.05904598364093959 0.7885731263982102 0.059896445050335576 0.8231585570469799
0 0.21430888969292725 0.8134733671029447 0.2135220846180468 0.7804275539579661 0.17015526188491065 0.7822631866662472 0.17094206695979108 0.8153089998112257
0 0.3228953394396552 0.8026849856321839 0.321105536099138 0.762116109913793 0.2798592403017241 0.7653511135057469 0.28164904364224136 0.8059199892241379
0 0.4273662860576923 0.7909955929487179 0.42389573317307694 0.7539763621794872 0.3777418870192307 0.7616686698717948 0.3812124399038461 0.7986879006410256
0 0.5120415754378982 0.7893958996815287 0.5110133857484077 0.7510101512738854 0.4670195561305733 0.7531050955414013 0.4680477458200637 0.7914908439490446
0 0.5982647235576922 0.7890424679487179 0.5947866586538461 0.751943108974359 0.5500751201923076 0.759395032051282 0.5535531850961538 0.7964943910256409
0 0.6714939024390243 0.7851403709349594 0.6686952172256097 0.7515561483739838 0.6244283536585367 0.7581142022357724 0.6272270388719512 0.7916984247967479
0 0.7695383781934305 0.7769920924574208 0.7668268134124087 0.7456584549878347 0.7211792883211678 0.7526811511557178 0.7238908531021897 0.7840147886253042
0 0.8514024130461564 0.772274436733465 0.8507659150172471 0.7391765392301798 0.8066617988255586 0.7406843722623743 0.8072982968544679 0.7737822697656594
0 0.9463680224790891 0.7638279797862455 0.9425888345144051 0.7251962805916977 0.8988568047165426 0.732801850991326 0.9026359926812266 0.7714335501858738
0 0.09520888910060976 0.9517514608739838 0.09236852134146342 0.9176670477642276 0.05088843368902439 0.9238122459349593 0.05372880144817073 0.9578966590447154
0 0.18641168653350515 0.9446386383161512 0.18525793331185564 0.9107952104810996 0.14279860663659794 0.9133685030068728 0.14395235985824742 0.9472119308419243
0 0.29559929071864594 0.9385549620791713 0.2947858499236959 0.906017330281169 0.25516515937153156 0.9077782498612653 0.25597860016648166 0.9403158816592675
0 0.3471679687500001 0.8815104166666666 0.3090820312500001 0.8815104166666666 0.3090820312500001 0.9186197916666666 0.3471679687500001 0.9186197916666666
0 0.40530631429239394 0.935121506130507 0.4039522775093516 0.8990138585827099 0.3732916244544887 0.9010579021197008 0.3746456612375311 0.937165549667498
0 0.4631634880514706 0.9103285845588237 0.4610437729779412 0.873586856617647 0.4256089154411765 0.877221200980392 0.42772863051470594 0.9139629289215687
0 0.5436338454533188 0.8754651803381904 0.5056527843362115 0.873109765695269 0.5043868895035079 0.9093987508994424 0.5423679506206152 0.9117541655423639
0 0.6142517242051122 0.906087645469659 0.6128514163809227 0.8687461034912718 0.5767600042861596 0.8711521976309227 0.5781603121103491 0.9084937396093099
0 0.7117277238175675 0.8962176238738739 0.7111320206925675 0.8620639780405405 0.6753705658783784 0.8631728603603602 0.6759662690033784 0.8973265061936937
0 0.8704636688364304 0.8881029872515128 0.8696141354256699 0.8495908059636991 0.8241571345613656 0.8513734334485737 0.8250066679721262 0.8898856147363873
0 0.9506542968750001 0.870065104166667 0.9174316406250002 0.863736979166667 0.9137011718750002 0.8985546875000003 0.9469238281250002 0.9048828125000004
0 0.9873046875 0.8417968750000003 0.9482421875 0.8417968750000003 0.9482421875 0.8769531250000003 0.9873046875 0.8769531250000003