0 0.3618066362827923 0.02975714901067143 0.3513896801356158 -0.00010479194456795386 0.3121422020898177 0.024234729324144055 0.3225591582369942 0.05409667027938344
0 0.28754232269333846 0.046298733409903016 0.2812399053646631 0.013619532446401203 0.24227087421037521 0.026980343127871332 0.24857329153905056 0.05965954409137315
0 0.22659273129690427 0.05760436210131337 0.2188718412875234 0.02525015634771734 0.1806796361984052 0.041452910021888695 0.18840052620778608 0.07380711577548472
0 0.4560546875 7.091948748968559e-17 0.41064453125 6.721206065632935e-17 0.41064453125 0.031901041666666734 0.4560546875 0.03190104166666674
0 0.16885099368499257 0.06236746997275882 0.15695811664190193 0.0319745619737494 0.12138105962109955 0.05672381903169887 0.13327393666419018 0.08711672703070827
0 0.09456440649867376 0.0719053934571176 0.08256434433023874 0.04295286251105216 0.04909700348143236 0.06761300839964633 0.06109706564986738 0.09656553934571177
0 0.035934532544889514 0.09784149113720077 0.03453847979972377 0.062474821593001856 -0.0011613540227900518 0.06498007308931861 0.00023469872237569028 0.10034674263351752
0 0.09458323398227109 0.26358245904398564 0.09043459661131058 0.2270744501795332 0.04663655745062836 0.23592253889886294 0.05078519482158887 0.2724305477633154
0 0.16720703125000005 0.21869791666666674 0.12366210937500005 0.2104036458333334 0.11965820312500006 0.24777343750000005 0.16320312500000006 0.2560677083333334
0 0.244140625 0.20117187500000003 0.19775390625 0.201171875 0.19775390625 0.23502604166666666 0.244140625 0.2350260416666667
0 0.34033203125 0.18554687500000008 0.29541015625 0.18554687500000008 0.29541015625 0.21744791666666674 0.34033203125 0.21744791666666674
0 0.43202738242574257 0.16606719265676576 0.3894357209158416 0.1603883044554456 0.38672358446782185 0.19655012376237632 0.4293152459777228 0.20222901196369647
0 0.50193359375 0.18210937500000002 0.4979296875 0.14473958333333328 0.45329101562499996 0.1532421875 0.457294921875 0.19061197916666672
0 0.5566503662718205 0.17734310058187863 0.5552597997194514 0.14026132585203657 0.5145899898690772 0.14297264650872818 0.5159805564214464 0.18005442123857027
0 0.6176973627417128 0.16005193945672194 0.616421357044199 0.127726461786372 0.5726743244993094 0.13079642898250457 0.5739503301968233 0.16312190665285453
0 0.6980045780254777 0.11889679538216573 0.6550383160828026 0.116850782908705 0.6541152468152867 0.1513120355626328 0.6970815087579617 0.1533580480360935
0 0.7876313308189655 0.10753412356321851 0.74443359375 0.1027343750000001 0.7422043372844827 0.138402478448276 0.7854020743534482 0.1432022270114944
0 0.8795412686204663 0.11436069732297072 0.8654797806023315 0.08222015328151988 0.8309307197215026 0.10909164507772025 0.8449922077396373 0.1412321891191711
0 0.9902531550480768 0.10534354967948723 0.9831317608173076 0.0705278445512821 0.9395845853365383 0.08636318108974365 0.9467059795673075 0.12117888621794877
0 0.9886718750000001 0.35846354166666666 0.9756835937500001 0.32382812500000013 0.9317382812500001 0.35312500000000013 0.9447265625000001 0.38776041666666666
0 0.9149643841911764 0.3872472426470588 0.90849609375 0.3484375 0.8641371783088235 0.3615808823529411 0.87060546875 0.400390625
0 0.8211832763916751 0.3996618762537612 0.8161936982823471 0.3652892270561685 0.7714515617163993 0.3768355848796389 0.7764411398257273 0.4112082340772316
0 0.742583869485294 0.4056985294117647 0.7368393841911763 0.37123161764705875 0.6908260569852941 0.3848651960784313 0.6965705422794117 0.4193321078431372
0 0.6709955560693392 0.4191749469488415 0.6686808408250171 0.38008197837806845 0.6288003941199242 0.38427992013649925 0.6311151093642463 0.42337288870727235
0 0.5995847454287515 0.4217641669293822 0.591703282629256 0.386297584331652 0.550988754137768 0.4023823363282893 0.5588702169372637 0.43784891892601935
0 0.5251916273584906 0.440217177672956 0.5213918779481133 0.40330532625786164 0.48036409198113206 0.410813679245283 0.4841638413915094 0.44772553066037735
0 0.466708984375 0.4483984374999999 0.4628125 0.4120312499999999 0.42131835937499995 0.41993489583333327 0.42521484374999996 0.4563020833333333
0 0.39213016055045874 0.4513510607798165 0.38488657540137616 0.4191573490061162 0.3413444309059633 0.4365742068042813 0.34858801605504586 0.4687679185779816
0 0.29700038486714503 0.47851461485001295 0.2914182960385958 0.44595243001680895 0.2483556020897983 0.4590762986488233 0.25393769091834756 0.4916384834820275
0 0.2136846855430125 0.4895047963359702 0.2063701229812129 0.45504507937815863 0.16087306103740934 0.4722137819984618 0.16818762359920897 0.5066734989562734
0 0.14641822569988255 0.5034560778843643 0.13866231585258418 0.47149232821064985 0.09221174199784651 0.4915298306577916 0.09996765184514486 0.5234935803315061
0 0.058886718750000025 0.5196614583333333 0.04648437500000001 0.4865885416666667 0.006054687499999989 0.5135416666666667 0.018457031250000006 0.5466145833333333
0 0.038085937500000056 0.6158854166666666 5.692694105411524e-17 0.6158854166666666 5.872085726380376e-17 0.6549479166666666 0.038085937500000056 0.6549479166666666
0 0.1039319312283737 0.6369782655709343 0.1032432688148789 0.6020860366205306 0.06333463992214533 0.6034863393886968 0.06402330233564013 0.6383785683391004
0 0.16898562089587238 0.6158683161350845 0.16239977867026262 0.5882705010944341 0.12378433542448403 0.6046528103502189 0.1303701776500938 0.6322506253908694
0 0.26526804133557463 0.5745705353504483 0.22405662629889977 0.5663282523431133 0.22012053025672376 0.6013157727180115 0.26133194529339865 0.6095580557253464
0 0.35262435180131 0.5809310180131004 0.3490464656113537 0.5451521561135372 0.30829950191048033 0.5523960607714701 0.31187738810043664 0.5881749226710334
0 0.42138671875 0.5729166666666666 0.41901020563209074 0.535948684832523 0.37470679383610206 0.5410119318949217 0.3770833069540113 0.5779799137290652
0 0.51962890625 0.531640625 0.476510799632353 0.5188648897058824 0.4701459099264706 0.5570542279411765 0.5132640165441177 0.5698299632352941
0 0.6189393221736804 0.5138956995958156 0.5765793564996435 0.5030341699358062 0.5710452701497862 0.5414038352948171 0.6134052358238231 0.5522653649548265
0 0.7345154348727876 0.49588921921091456 0.6884635992809734 0.49179572271386435 0.6863700394081859 0.5336669201696166 0.732421875 0.5377604166666669
0 0.8310253095824689 0.508040769795989 0.8163383768801867 0.47421631872406644 0.7824433512707469 0.5003808998962657 0.7971302839730291 0.5342053509681882
0 0.9005558894230767 0.5108774038461538 0.8971754807692306 0.4748197115384614 0.855889423076923 0.481700721153846 0.8592698317307691 0.5177584134615384
0 0.9931798885843662 0.4662712007467431 0.9541546264299334 0.45814093779790294 0.949853655266921 0.49484255838894214 0.9888789174213538 0.5029728213377823
0 0.9384765625 0.6347656250000001 0.89794921875 0.6347656250000001 0.89794921875 0.6705729166666669 0.9384765625 0.670572916666667
0 0.8314534108231706 0.6836788617886179 0.8305373475609755 0.6445934959349594 0.7877782012195123 0.6463751270325204 0.7886942644817073 0.6854604928861789
0 0.71142578125 0.6894531249999999 0.7061673677884617 0.6543970352564102 0.6654146634615383 0.665264423076923 0.6706730769230769 0.7003205128205128
0 0.6267730574802036 0.7078487344457014 0.6254595588235294 0.6710707720588237 0.5843279394089367 0.6736823034502263 0.5856414380656109 0.7104602658371041
0 0.5414904364224138 0.7159303160919541 0.539422817887931 0.68284841954023 0.5002660290948275 0.6871991738505748 0.5023336476293102 0.7202810704022989
0 0.4512225232982172 0.6999499848055106 0.4157687145461913 0.6958981209481362 0.41349310233488656 0.7312965331239872 0.4489469110869125 0.7353483969813617
0 0.38594938328783146 0.7380547565652625 0.3818511724843993 0.7039029998699947 0.34408745490444614 0.7119592596203849 0.3481856657078783 0.7461110163156527
0 0.3291460983972241 0.7446492378552544 0.32123419943820225 0.7121225421348315 0.28451628852032385 0.7280005576668871 0.2924281874793456 0.76052725338731
0 0.2565151687956204 0.7569618689172751 0.24874543795620438 0.7284728558394161 0.20997162979014597 0.7472722779805353 0.21774136062956204 0.7757612910583944
0 0.1672003073770492 0.791869450136612 0.16400646772540986 0.7521238900273225 0.12311152762452712 0.7579660243274486 0.12630536727616645 0.7977115844367382
0 0.059716796875000006 0.8052734374999999 0.05170898437499999 0.7732421875000001 0.014208984374999983 0.7899088541666667 0.022216796875 0.8219401041666665
0 0.17979014458497058 0.9389811517681731 0.14317384731090385 0.927885304109365 0.136564303474951 0.9666612946136216 0.17318060074901773 0.9777571422724297
0 0.24535578329318647 0.9484740622849278 0.2432164863644184 0.9123437141546226 0.20812475804370267 0.9160375802936453 0.21026405497247075 0.9521679284239505
0 0.3041992187500001 0.9016927083333334 0.2670898437500001 0.9016927083333334 0.2670898437500001 0.935546875 0.3041992187500001 0.935546875
0 0.3704764887971698 0.9205237814465409 0.3654131043632075 0.8845174921383648 0.32758881191037736 0.8939735652515725 0.3326521963443396 0.9299798545597485
0 0.43603443072065373 0.905655065936107 0.4281134640833952 0.8720509650507676 0.3894899093378529 0.8882360737060426 0.3974108759751114 0.9218401745913819
0 0.5095401906311394 0.9003701600360184 0.503199249447446 0.8631699717583499 0.46455692073919447 0.874879768336608 0.47089786192288796 0.9120799566142765
0 0.5995915545164234 0.8654624771897813 0.5603864906478102 0.8464539613746961 0.5499223026916058 0.8848226505474454 0.589127366560219 0.9038311663625306
0 0.6667843319954129 0.8818699827981652 0.6619498996559633 0.844806001529052 0.6229420513188074 0.8538512996941896 0.6277764836582569 0.8909152809633029
0 0.7451022618722708 0.8764783478893742 0.7410723423853712 0.8361791530203785 0.6987262042849345 0.8437073553493448 0.702756123771834 0.8840065502183405
0 0.8234474384679203 0.869339394358407 0.8214727081028761 0.8298447870575222 0.7808006084070797 0.8334600848082596 0.7827753387721239 0.8729546921091446
0 0.8823476733078601 0.8612371497452694 0.8786844978165937 0.8246053948326056 0.8442062977620087 0.8307348526200874 0.8478694732532751 0.8673666075327512
0 0.9410149561215755 0.8322675870433794 0.904447372645548 0.8101054152397262 0.8925580586472603 0.8449807363013702 0.9291256421232877 0.8671429081050231
0 0.9991732108160623 0.822496356865285 0.9709146292098445 0.7978606703367874 0.951827133257772 0.8367841914939551 0.9800857148639898 0.8614198780224527