0 0.9759950380067567 0.1067884290540541 0.9721415751689189 0.07596072635135138 0.9393607474662162 0.08324535472972976 0.9432142103040541 0.11407305743243246
0 0.8888671874999999 0.11341145833333328 0.87939453125 0.07552083333333333 0.8474609375000001 0.08971354166666667 0.85693359375 0.12760416666666663
0 0.7783203125 0.08203125000000012 0.7421875 0.08203125000000012 0.7421875 0.11458333333333344 0.7783203125 0.11458333333333344
0 0.7141108205561331 0.10577329132016633 0.713270286512474 0.0710312175155925 0.6777414809641372 0.07255933818433818 0.6785820150077962 0.10730141198891201
0 0.6403088258044555 0.0818198226072608 0.6081750850866335 0.06261344884488455 0.597710879486386 0.09373775268151818 0.629844620204208 0.11294412644389444
0 0.5432059272363872 0.10580411804955343 0.5423568158491789 0.06731106849611064 0.5089671564390665 0.06862046690435034 0.5098162678262748 0.10711351645779314
0 0.46723818382571264 0.10560560792755345 0.46622450731146087 0.06641011604315122 0.43042050178147273 0.06805627721694378 0.4314341782957245 0.107251769101346
0 0.3889738629578026 0.07420755374203829 0.35337442774681527 0.06568803078556268 0.3489571929737261 0.0985017748142251 0.3845566281847135 0.10702129777070073
0 0.31732421874999994 0.06890625000000006 0.28375976562499994 0.06251302083333339 0.27984374999999995 0.09906250000000005 0.31340820312499995 0.10545572916666672
0 0.24951171875 0.06445312500000004 0.21533203125 0.06445312500000004 0.21533203125 0.1041666666666667 0.24951171875 0.1041666666666667
0 0.1581078506097561 0.10172129065040651 0.1548923399390244 0.06313516260162601 0.11989686547256098 0.06831967733739837 0.12311237614329268 0.10690580538617887
0 0.0680859375 0.0872916666666667 0.040742187500000006 0.05994791666666669 0.02333984375000001 0.09088541666666668 0.050683593750000006 0.11822916666666668
0 0.9808143872893259 0.3528206928838952 0.966577422752809 0.3224485018726592 0.9385753160112359 0.3457835908239701 0.9528122805477528 0.3761557818352061
0 0.8966045673076922 0.35119190705128217 0.8841947115384614 0.32223557692307697 0.8541691706730767 0.3451121794871796 0.8665790264423076 0.3740685096153848
0 0.9519101251657824 0.32085647380636617 0.9373640065484085 0.2926458195181258 0.9108180847977453 0.31697958112290037 0.9253642034151193 0.34519023541114074
0 0.8770702314574689 0.32646524896265566 0.8728523729253113 0.2991495937067773 0.8430935554979253 0.3073186808437068 0.8473114140300829 0.3346343360995851
0 0.796638456686291 0.3213550427530137 0.7912340990328006 0.29757586907765626 0.763127332579899 0.3089321383515559 0.7685316902333893 0.33271131202691334
0 0.7424778293918919 0.32124507319819817 0.7322086960758836 0.2908180115211365 0.7035209037162161 0.30803068693693697 0.7137900370322244 0.33845774861399863
0 0.811911990218833 0.365091042219275 0.8061251450596818 0.3284410228779841 0.778071638759947 0.33631569131299727 0.7838584839190982 0.37296571065428824
0 0.6807412586359255 0.33061117582476446 0.6544418531089331 0.32152002329691526 0.6470699359334833 0.35943274019922883 0.6733693414604757 0.36852389272707803
0 0.594181777087882 0.3101445937954877 0.5715993023335152 0.2871193254184862 0.5551757812499999 0.3157552083333334 0.5777582560043667 0.3387804767103349
0 0.6552433894230769 0.31452323717948727 0.6367134915865384 0.2869100560897437 0.6144050480769231 0.3135236378205129 0.6329349459134616 0.34113681891025643
0 0.5666446461397059 0.3582988664215687 0.5647460937500001 0.325390625 0.5325597426470589 0.32869178921568626 0.5344582950367647 0.36160003063725493
0 0.5064713156434911 0.3397605399408285 0.4908700073964497 0.31567430966469434 0.46777112610946747 0.3422730214497041 0.4833724343565089 0.36635925172583833
0 0.4486163956273176 0.3537055456839721 0.44418323644159446 0.32060462376390614 0.41423692927224964 0.3277346968994644 0.41867008845797277 0.36083561881953036
0 0.3718141649590164 0.3250192110655738 0.3698770491803279 0.29660817964480873 0.33963162781762296 0.30027429132513656 0.3415687435963115 0.3286853227459016
0 0.20273437500000002 0.31927083333333334 0.191796875 0.29010416666666666 0.1607421875 0.3108072916666667 0.1716796875 0.3399739583333334
0 0.29967524963017755 0.3112264238165681 0.272826137204142 0.28030926405325446 0.251460798816568 0.31329434787968446 0.27830991124260357 0.34421150764299807
0 0.12109374999999999 0.3294270833333333 0.11509076286764705 0.2974111519607843 0.08533432904411764 0.3073299632352941 0.09133731617647056 0.3393458946078431
0 0.06193659855769232 0.3266726762820513 0.04803936298076923 0.2988782051282051 0.01998197115384616 0.323818108974359 0.033879206730769246 0.3516125801282051
0 0.9835111177884617 0.49273838141025644 0.9696890024038461 0.4650941506410255 0.9486177884615383 0.48382411858974356 0.9624399038461539 0.5114683493589746
0 0.9277688419117647 0.4849724264705882 0.9061753216911764 0.46029411764705874 0.8856675091911763 0.4921951593137255 0.9072610294117647 0.516873468137255
0 0.8499510802650094 0.5042629182301438 0.8477157964939025 0.46998856707317077 0.8182173795145403 0.47340867338961856 0.8204526632856473 0.5076830245465916
0 0.78955078125 0.4713541666666668 0.7568359375 0.4713541666666668 0.7568359375 0.5065104166666669 0.78955078125 0.5065104166666669
0 0.711551772992228 0.5022783085060449 0.7099396858808291 0.468961841537133 0.6765291045984456 0.47183587003454225 0.6781411917098445 0.5051523370034542
0 0.6333962311210708 0.48252611841028176 0.6057987475442044 0.45935786059266537 0.5895804234712672 0.4937025468647676 0.6171779070481336 0.5168708046823839
0 0.5400118068957838 0.5008992416369754 0.5391454266255938 0.46739920452296113 0.5016260577494063 0.4691242329770387 0.5024924380195962 0.502624270091053
0 0.44285745728196974 0.4661876199371225 0.40262628804813827 0.46141948136126093 0.39983583606381684 0.503276261126082 0.4400670052976483 0.5080443997019436
0 0.32644244025735303 0.46461167279411764 0.2917084099264707 0.4598207720588235 0.28909064797794126 0.4935608149509805 0.3238246783088236 0.4983517156862746
0 0.23894593343569365 0.4776030376926783 0.21485645095736994 0.4540488770472062 0.2000316112716763 0.48100313102119463 0.22412109375 0.5045572916666667
0 0.17105183559181417 0.5030679618362832 0.16929964048672566 0.4680240597345133 0.13705363315818583 0.4708903714970501 0.13880582826327434 0.50593427359882
0 0.06884765625000006 0.4739583333333333 0.03320312500000004 0.4739583333333333 0.03320312500000004 0.509765625 0.06884765625000006 0.509765625
0 0.09167505637886597 0.6328702212199313 0.08900662451675256 0.596105160008591 0.054036122744845365 0.6006174828178694 0.05670455460695876 0.6373825440292097
0 0.22183478860294126 0.5884574142156863 0.18662396599264713 0.5848460477941176 0.1845415900735295 0.6209405637254902 0.21975241268382362 0.6245519301470589
0 0.32179528379592653 0.6197386265308839 0.3208171612919329 0.5871345430644302 0.28365006614416927 0.5891167881389776 0.2846281886481629 0.6217208716054313
0 0.38574218750000006 0.5904947916666666 0.3505859375 0.5904947916666666 0.35058593750000006 0.623046875 0.3857421875000001 0.623046875
0 0.4912175872446497 0.610860742947471 0.4723798106152723 0.5823947693741894 0.44683149167071984 0.61245161519131 0.46566926830009725 0.6409175887645914
0 0.571344806196352 0.6275784603004292 0.5690425496244635 0.5927888054363377 0.5334168790236052 0.5969800608011445 0.5357191355954936 0.6317697156652361
0 0.6806640625 0.5937500000000001 0.6474609375 0.5937500000000001 0.6474609375 0.6276041666666669 0.6806640625 0.6276041666666669
0 0.8095757078729282 0.6257877244475138 0.8082875625863261 0.5931547105202578 0.776944492403315 0.5953542242173113 0.7782326376899171 0.6279872381445673
0 0.91357421875 0.5937500000000001 0.87939453125 0.5937500000000001 0.87939453125 0.6282552083333335 0.91357421875 0.6282552083333335
0 0.919921875 0.7454427083333335 0.88525390625 0.7454427083333334 0.88525390625 0.7799479166666666 0.919921875 0.7799479166666669
0 0.8251953125 0.7395833333333334 0.7890625 0.7395833333333334 0.7890625 0.7734375 0.8251953125 0.7734375
0 0.72900390625 0.7486979166666666 0.6962890625 0.7486979166666666 0.6962890625 0.779296875 0.72900390625 0.779296875
0 0.6572265625 0.7506510416666666 0.6220703125 0.7506510416666666 0.6220703125 0.7838541666666666 0.6572265625 0.7838541666666666
0 0.5790930388871571 0.7881841619908562 0.577779184850374 0.7531480543433083 0.5423209554239401 0.7555119363050705 0.5436348094607231 0.7905480439526184
0 0.4914226700774336 0.7542288901179942 0.4584636857024337 0.7512992026179942 0.45661642699115046 0.7882443768436579 0.48957541136615046 0.7911740643436579
0 0.4191176470588235 0.7665441176470589 0.3909696691176471 0.7440257352941178 0.37808766084558826 0.7726524203431374 0.40623563878676466 0.7951708026960785
0 0.33345131686681223 0.7540284979985444 0.29897311681222716 0.7478990402110625 0.29528861899563325 0.7847440183770015 0.3297668190502183 0.7908734761644833
0 0.24842141544117646 0.7804350490196077 0.24567612591911764 0.7450513174019607 0.21114200367647057 0.7498146446078432 0.2138872931985294 0.7851983762254902
0 0.17550345322757113 0.7643314642596645 0.150074364059081 0.7412757567469002 0.13253737435038299 0.7756620110776806 0.1579664635188731 0.7987177185904449
0 0.09082031250000008 0.7610677083333334 0.05615234375000007 0.7610677083333334 0.05615234375000007 0.7975260416666666 0.09082031250000008 0.7975260416666666
0 0.06876555586283185 0.9592954922566371 0.06707601631637168 0.9255047013274337 0.03654763550884956 0.9282183351769913 0.038237175055309734 0.9620091261061946
0 0.1269531250000001 0.921875 0.09375000000000008 0.921875 0.09375000000000008 0.95703125 0.1269531250000001 0.95703125
0 0.19418469994469026 0.9546575405604719 0.19230935425884954 0.9171506268436577 0.15876702502765486 0.9201321672197639 0.16064237071349557 0.9576390809365781
0 0.26600001452137545 0.9416526293370507 0.2610191827369889 0.9074983542441138 0.22472590903810408 0.9169077214993803 0.22970674082249068 0.9510619965923172
0 0.3599254826831211 0.9247611464968154 0.3316331608280255 0.9041849124203822 0.316648835589172 0.9408132630042463 0.34494115744426757 0.9613894970806794
0 0.4304837740384616 0.9383814102564104 0.41627103365384616 0.9052183493589744 0.38703425480769227 0.9274939903846154 0.4012469951923077 0.9606570512820515
0 0.4904033954326924 0.9161909054487181 0.45659930889423084 0.9071764823717948 0.45085261418269235 0.945487780448718 0.4846567007211539 0.9545022035256411
0 0.5727990369223275 0.9341193682720862 0.5612417786052339 0.9021146529324425 0.5292370632655903 0.9226608899406088 0.5407943215826838 0.9546656052802525
0 0.6363658338490099 0.9458152846534652 0.6335425046410892 0.9081708952145213 0.5973323406559405 0.9129989170792078 0.6001556698638614 0.9506433065181517
0 0.7104801117640598 0.925494059387815 0.6960779602372584 0.8959511844610429 0.6673989455184535 0.9208063305506737 0.6818010970452548 0.9503492054774458
0 0.8143314302884616 0.9143790064102566 0.7972573617788461 0.8889352964743592 0.7739926382211538 0.9166897035256412 0.7910667067307693 0.9421334134615386
0 0.8359960937500001 0.9454166666666667 0.8211718750000001 0.9190625000000002 0.796328125 0.9439062500000001 0.81115234375 0.9702604166666667
0 0.9068885216346153 0.9462640224358974 0.8938176081730769 0.9201221955128204 0.8669996995192306 0.9439603365384613 0.8800706129807692 0.9701021634615383
0 0.9604150283780087 0.9587450423960612 0.955226639428337 0.9224263197483588 0.9238142351613786 0.9304040732129831 0.9290026241110504 0.9667227958606855
0 0.9986275337837835 0.9226140202702702 0.9835092905405405 0.8948972409909911 0.9607764991554055 0.9169411599099099 0.9758947423986486 0.9446579391891889
0 0.8877068240422397 0.920510242714473 0.8833420309430255 0.8949034565324165 0.8577422795923378 0.902660956941716 0.862107072691552 0.9282677431237724