0 0.91259765625 0.11848958333333348 0.87939453125 0.11848958333333348 0.87939453125 0.15364583333333348 0.91259765625 0.15364583333333348
0 0.7594684583569005 0.11183629100678745 0.7341584770927603 0.11022930806938173 0.7332349406108598 0.1360883295625944 0.758544921875 0.1376953125000001
0 0.662201229888614 0.095129434818482 0.6300036741955446 0.09083642739273941 0.627774984529703 0.12055228960396051 0.6599725402227724 0.1248452970297031
0 0.44475251945864314 0.06540306497831481 0.41486026806459114 0.06020441256195794 0.41193602608039037 0.09009666395600997 0.44182827747444237 0.09529531637236686
0 0.22715743774945574 0.05315060700895021 0.19187681422351235 0.04933648554668605 0.19026739953737304 0.07580241594097731 0.22554802306331642 0.07961653740324146
0 0.1259765625 0.15950520833333334 0.08886718750000003 0.15950520833333334 0.08886718750000003 0.19466145833333334 0.1259765625 0.19466145833333334
0 0.2806622706422019 0.19145761659021407 0.27646573967889915 0.1592842125382263 0.24514406536697247 0.16654720948012236 0.24934059633027522 0.19872061353211012
0 0.384765625 0.17187500000000008 0.35205078125 0.17187500000000008 0.35205078125 0.2024739583333334 0.384765625 0.2024739583333334
0 0.51123046875 0.1848958333333334 0.4765625 0.1848958333333334 0.4765625 0.2180989583333334 0.51123046875 0.2180989583333334
0 0.615127277969075 0.20104126061157324 0.5803380002598753 0.19954494759182273 0.5795746166839917 0.23109813539501053 0.6143638943931914 0.23259444841476104
0 0.7316019092085798 0.24684264053254443 0.7300752357618342 0.21732695389546353 0.700514862241124 0.2200451491617357 0.7020415356878696 0.2495608357988166
0 0.8220456003745839 0.22885306834998162 0.7928950471698113 0.2275574882075473 0.7922897084836292 0.2517710356548281 0.8214402616884018 0.2530666157972625
0 0.9846267436202423 0.2653591767589389 0.9840032980103807 0.2337712658592849 0.9497188581314879 0.2349742286620531 0.9503423037413495 0.2665621395617071
0 0.95068359375 0.3723958333333335 0.9140625 0.3723958333333335 0.9140625 0.40429687500000017 0.95068359375 0.40429687500000017
0 0.76611328125 0.36328125000000017 0.73046875 0.36328125000000017 0.73046875 0.39648437500000017 0.76611328125 0.39648437500000017
0 0.615234375 0.3489583333333335 0.5810546875 0.3489583333333335 0.5810546875 0.3815104166666668 0.615234375 0.3815104166666668
0 0.46110409007352937 0.3339613970588236 0.4276022518382353 0.32403492647058835 0.42273092830882353 0.3532628676470589 0.4562327665441176 0.3631893382352942
0 0.28984366559528957 0.31029028468020753 0.25579396134939497 0.3089550021607606 0.2550917141583838 0.34079020815326994 0.28914141840427837 0.34212549067271686
0 0.17773437500000003 0.3020833333333333 0.14599609375000003 0.3020833333333333 0.14599609375000006 0.3313802083333333 0.17773437500000006 0.3313802083333333
0 0.06884765625000003 0.2942708333333333 0.03906250000000003 0.2942708333333333 0.03906250000000003 0.326171875 0.06884765625000003 0.326171875
0 0.03515625000000004 0.3971354166666667 0.003906250000000037 0.3971354166666667 0.003906250000000039 0.4296875 0.03515625000000004 0.4296875
0 0.13769531250000006 0.4069010416666667 0.10937500000000003 0.4069010416666667 0.10937500000000003 0.4368489583333333 0.13769531250000006 0.4368489583333333
0 0.235946208200637 0.4087894771762208 0.20114823845541405 0.4071324309978768 0.20031909335191087 0.4380871815286625 0.23511706309713382 0.43974422770700644
0 0.41357421875 0.4225260416666667 0.380859375 0.4225260416666667 0.380859375 0.4563802083333333 0.41357421875 0.4563802083333333
0 0.5891983334808782 0.4423933250708216 0.5516568364907932 0.4412015315155808 0.5510772618626063 0.4736577106940511 0.5886187588526913 0.4748495042492919
0 0.849609375 0.4752604166666668 0.81640625 0.4752604166666668 0.81640625 0.5026041666666669 0.849609375 0.5026041666666669
0 0.9481950943845178 0.605696779822335 0.9118292948921319 0.6022333703468697 0.9101066782994923 0.6343888800761422 0.9464724777918782 0.6378522895516076
0 0.79833984375 0.5957031250000001 0.76318359375 0.5957031250000001 0.76318359375 0.6289062500000001 0.79833984375 0.6289062500000001
0 0.6581595461460445 0.5963845398073023 0.6316140815162271 0.5708222405341448 0.616549664046653 0.5986334727856661 0.6430951286764705 0.6241957720588237
0 0.47712682505122955 0.5844486424180328 0.47493356173155743 0.5522807803961749 0.4428390753073771 0.5561710211748634 0.4450323386270492 0.5883388831967213
0 0.35009765625 0.5494791666666666 0.31884765625 0.5494791666666666 0.31884765625 0.5813802083333334 0.35009765625 0.5813802083333334
0 0.23046875000000006 0.5345052083333334 0.20068359375000006 0.5345052083333334 0.20068359375000006 0.5657552083333334 0.23046875000000006 0.5657552083333334
0 0.05685452259948097 0.5590145617070359 0.05623783520761246 0.5277690671856979 0.02015570934256056 0.5290351066897347 0.020772396734429065 0.5602806012110727
0 0.04516534674657534 0.6878014412100457 0.04447773972602739 0.6630475884703196 0.015220997431506851 0.6644923658675799 0.015908604452054796 0.689246218607306
0 0.13715953307392997 0.6637737110894942 0.10894941634241248 0.6614228680285344 0.10753207076848253 0.6916595736057068 0.13574218750000003 0.6940104166666665
0 0.17221399781050956 0.7086194599256901 0.1713742784633758 0.6772699376326964 0.14420469247611464 0.6785637274416136 0.1450444118232484 0.7099132497346073
0 0.2437276176671215 0.6649862153251479 0.21232440526944074 0.6618846634834016 0.21037660939631658 0.6969449891996363 0.24177982179399735 0.7000465410413826
0 0.352659528968978 0.7001767791970804 0.35014684078467145 0.6711412712895376 0.3162494297445255 0.6763562576034062 0.3187621179288321 0.705391765510949
0 0.4650531269070382 0.7115911903308924 0.4637499841080146 0.6811845250203418 0.42791554363303497 0.6839147681041498 0.42921868643205857 0.7143214334147004
0 0.59912109375 0.6998697916666666 0.56396484375 0.6998697916666666 0.56396484375 0.7278645833333334 0.59912109375 0.7278645833333334
0 0.706807552984429 0.7438743512110727 0.7062260083261246 0.7144094218569782 0.6671648599697232 0.7157799884659748 0.6677464046280276 0.7452449178200693
0 0.8374855238970589 0.7506155024509805 0.8360572150735295 0.7214145220588236 0.7960926011029412 0.7248897058823531 0.7975209099264706 0.7540906862745099
0 0.95654296875 0.727213541666667 0.912109375 0.727213541666667 0.912109375 0.7578125000000003 0.95654296875 0.7578125000000003
0 0.9125854590551975 0.915344123522697 0.8719196181255037 0.909147423952458 0.8694046352487914 0.938488890847435 0.9100704761784852 0.9446855904176741
0 0.81982421875 0.9075520833333334 0.78076171875 0.9075520833333334 0.78076171875 0.939453125 0.81982421875 0.939453125
0 0.6683886718750001 0.9010286458333333 0.6338671875000002 0.894453125 0.6297753906250001 0.9326432291666666 0.664296875 0.9392187499999999
0 0.5266185798267327 0.9219716893564357 0.5235728650990099 0.8813621596534653 0.4898766243811882 0.8858549917491748 0.4929223391089109 0.9264645214521452
0 0.40068491342905405 0.9020076717342341 0.39604096283783785 0.862792088963964 0.36331952069256757 0.8696808136261261 0.36796347128378376 0.9088963963963962
0 0.28698048857868025 0.8643850465313028 0.25162099460659904 0.8610174756768189 0.24971248413705588 0.8966430044416245 0.2850719781091371 0.9000105752961084
0 0.05071746028800483 0.8566332021971496 0.01590567473277918 0.8550326603325415 0.015023057081354003 0.8891605428543152 0.049834842636579654 0.8907610847189232