0 0.11803329646641118 0.09687781785392242 0.09204519837691615 0.0663851160955816 0.07150040154418395 0.09751359614517585 0.09748849963367899 0.12800629790351667
0 0.21701680097724618 0.11443063861338003 0.21311966707992996 0.07675834427265658 0.17286979470536754 0.08416061965188644 0.17676692860268375 0.12183291399260988
0 0.3034724391005622 0.1266030020299813 0.3027377298368208 0.08741850796377267 0.2615525330847908 0.08879134785550698 0.26228724234853223 0.1279758419217156
0 0.3896838487107172 0.1289938599583669 0.3865802528203063 0.09278524123690574 0.3466855893684529 0.09886442804861673 0.3497891852588638 0.1350730467700779
0 0.4984871285860656 0.12440232240437159 0.4769547259221312 0.08995047814207646 0.44885854252049184 0.12116845969945352 0.4703909451844262 0.15562030396174864
0 0.6515212034228768 0.1559701761987291 0.6502865373158577 0.11646086077411905 0.6130993081130849 0.11852681795205085 0.6143339742201039 0.15803613337666092
0 0.76806640625 0.14062500000000008 0.745361328125 0.11035156250000007 0.71875 0.14583333333333348 0.741455078125 0.17610677083333348
0 0.894382001768868 0.141686320754717 0.8754947302476415 0.10488035573899368 0.8371950545400942 0.1398204107704403 0.8560823260613206 0.1766263757861636
0 0.99951171875 0.2532552083333335 0.95947265625 0.2532552083333335 0.95947265625 0.28515625000000017 0.99951171875 0.28515625000000017
0 0.8847320949570816 0.28182839324034337 0.882574436695279 0.24922377950643781 0.8325417449034335 0.2551099785407726 0.834699403165236 0.28771459227467816
0 0.7568856670673078 0.2507778445512822 0.7096911057692309 0.24967387820512835 0.7092052283653848 0.2866005608974361 0.7563997896634617 0.2877045272435899
0 0.6752819519288881 0.27786626208702664 0.6721752083753022 0.24162092062852528 0.6286036808773167 0.2482603914853612 0.6317104244309025 0.28450573294386255
0 0.5895132211538462 0.25402644230769245 0.5614332932692307 0.23263221153846156 0.5486929086538461 0.2623597756410257 0.5767728365384616 0.2837540064102566
0 0.5048799612226277 0.255348996350365 0.48161781478102184 0.22260967913625307 0.45814681227189774 0.2522572612530414 0.48140895871350364 0.2849965784671533
0 0.42327618581573195 0.2604740417880554 0.42190273921158045 0.2265956922189852 0.38334879142388933 0.22937435512260254 0.38472223802804084 0.2632527046916727
0 0.29248046875 0.2161458333333334 0.2509765625 0.2161458333333334 0.2509765625 0.25390625000000006 0.29248046875 0.25390625000000006
0 0.18499761382918556 0.24249328337104073 0.18196099052601813 0.2090904270361991 0.14251626131221723 0.2154653327677225 0.14555288461538463 0.24886818910256414
0 0.0504785388212589 0.24806079275534443 0.04945790342933491 0.20859622426761673 0.007683760763064132 0.21051687450514645 0.008704396154988124 0.24998144299287414
0 0.07642224017351275 0.43133815805004727 0.07578125 0.3954427083333334 0.038321087110481586 0.3966319198536355 0.03896207728399433 0.4325273695703494
0 0.22331815118999188 0.4379704027664768 0.221619297955655 0.39833049396528347 0.18219724178702196 0.40133407919717934 0.18389609502135884 0.4409739879983727
0 0.31017521151435734 0.43330591480553027 0.2980398423256609 0.40397877259951387 0.2703778415565178 0.4243278306365847 0.28251321074521424 0.4536549728426011
0 0.3875599000815661 0.45592033713974994 0.38677450805464925 0.41926870921696574 0.3483432688876427 0.42073275642332786 0.3491286609145596 0.45738438434611206
0 0.5150854207198443 0.43013081630998706 0.47675249270428016 0.42693640564202334 0.474810767266537 0.4683598816472114 0.5131436952821011 0.47155429231517504
0 0.6146765455581569 0.43926092492196495 0.5748247096784131 0.43689933464760977 0.5736556262321342 0.4719718380359785 0.6135074621118779 0.4743334283103337
0 0.7082968749999998 0.4721718750000001 0.7038593749999998 0.43963020833333344 0.665359375 0.4489635416666667 0.669796875 0.4815052083333334
0 0.8244394460740071 0.4783078557460891 0.8216218693592057 0.4435577429302046 0.7815627115297833 0.4493320359506619 0.7843802882445847 0.48408214876654637
0 0.9413308368272231 0.48358379647685923 0.9365379107351793 0.4436427457098284 0.9000882105596723 0.4514186817472699 0.904881136651716 0.4913597325143007
0 0.9520273375397456 0.6268879173290937 0.9494920011923688 0.5846323115394805 0.9088730561903814 0.5889649990063591 0.9114083925377582 0.6312206047959724
0 0.838362148668639 0.6001317492603552 0.8177982849482248 0.5683840298323473 0.7909873104659763 0.5992572731755424 0.8115511741863904 0.6310049926035504
0 0.69865234375 0.6107552083333335 0.6932148437499999 0.5708802083333334 0.6500312500000001 0.5813489583333334 0.65546875 0.6212239583333335
0 0.6060023356958762 0.6120060137457045 0.6045546069587628 0.5695393041237113 0.5667686855670104 0.5718293599656358 0.5682164143041238 0.6142960695876288
0 0.5358610293323249 0.6133302047320657 0.5348169430639585 0.5659982938994527 0.49578820494814174 0.5675288326490925 0.49683229121650824 0.6148607434817056
0 0.43106302400914637 0.5622697535569107 0.3944597942073171 0.5568470528455285 0.39076195693597565 0.6012211001016261 0.42736518673780494 0.6066438008130083
0 0.3525390625 0.5494791666666666 0.310546875 0.5494791666666666 0.310546875 0.59375 0.3525390625 0.59375
0 0.2689238757621951 0.5632780741869919 0.24763004954268297 0.5277883638211383 0.21988138338414637 0.5573869410569107 0.2411752096036585 0.5928766514227642
0 0.15240658383472502 0.5444441459970532 0.12052248971635562 0.5176772521692863 0.10221673931728886 0.5564423706614278 0.13410083343565826 0.5832092644891945
0 0.12890625000000006 0.6907552083333334 0.08691406250000006 0.6907552083333334 0.08691406250000006 0.7311197916666666 0.12890625000000006 0.7311197916666666
0 0.23253242924528306 0.7071663718553459 0.19396742334905664 0.6924749410377359 0.18713148584905662 0.7243759827044026 0.22569649174528303 0.7390674135220127
0 0.3579101562500001 0.7083333333333334 0.3144531250000001 0.7083333333333334 0.3144531250000001 0.7486979166666666 0.3579101562500001 0.7486979166666666
0 0.44665034423248223 0.7613653936559778 0.4456384074376485 0.7222371709224068 0.41225609133758906 0.7237719900534442 0.4132680281324228 0.7629002127870151
0 0.523585630266854 0.7391371137640451 0.496022428019663 0.7161677785580526 0.48175803195224726 0.7465984901685395 0.5093212341994382 0.769567825374532
0 0.5981445312500001 0.7311197916666669 0.5618005701013515 0.723043355855856 0.5567066089527029 0.7637950450450454 0.5930505701013514 0.7718714808558561
0 0.704613415948276 0.7339978448275862 0.6658203125000002 0.7296875000000002 0.6635472790948277 0.7660560344827587 0.7023403825431035 0.7703663793103449
0 0.806294951747997 0.7701192264505948 0.8049392866897305 0.7366794883466862 0.7650431878186452 0.7395548828599176 0.7663988528769118 0.7729946209638262
0 0.9204654333726416 0.7432316234276731 0.879283977004717 0.7414013364779876 0.8783366788637625 0.7792932621161675 0.9195181352316871 0.7811235490658529
0 0.9599609375 0.8925781250000003 0.91796875 0.8925781250000003 0.91796875 0.9329427083333336 0.9599609375 0.9329427083333336
0 0.81298828125 0.8880208333333334 0.76953125 0.8880208333333334 0.76953125 0.9296875 0.81298828125 0.9296875
0 0.67138671875 0.8880208333333334 0.6298828125 0.8880208333333334 0.6298828125 0.9296875 0.67138671875 0.9296875
0 0.5421297152366865 0.9017474112426035 0.5164868597448226 0.871968611316568 0.49128981370192315 0.9105418669871795 0.5169326691937871 0.940320666913215
0 0.4162421472293815 0.8901081937285223 0.37895658827319606 0.8680130476804124 0.3661303962628868 0.9064916237113403 0.40341595521907225 0.9285867697594504
0 0.3017037990873894 0.865012559918879 0.25856868777654873 0.8611783278023598 0.25646648575774345 0.9032223681784659 0.29960159706858414 0.9070566002949851
0 0.1821291441458587 0.8869425307044256 0.1807131879948234 0.8466664446305318 0.13575277386571255 0.8494764705136012 0.13716873001674787 0.889752556587495