0 0.1025390625 0.03971354166666668 0.0634765625 0.03971354166666668 0.0634765625 0.07161458333333336 0.1025390625 0.07161458333333336
0 0.199410699874462 0.048757136238641835 0.16234475878766141 0.04207858829507416 0.15918704324336444 0.07323471499880445 0.19625298433016503 0.07991326294237212
0 0.28515625 0.04492187500000005 0.24365234375 0.044921875000000035 0.24365234375 0.0807291666666667 0.28515625 0.08072916666666671
0 0.4054391679972627 0.08239478786496351 0.4047484460538321 0.04831917198905109 0.36543752851277367 0.04973578163017031 0.3661282504562043 0.08381139750608273
0 0.5463529590008432 0.054476707419898775 0.5141778595330945 0.033718578731028605 0.5015982359295953 0.06838243043844854 0.5337733353973441 0.0891405591273187
0 0.6713371470494924 0.045196171742808953 0.6358150578997461 0.01712933587140449 0.6192462127220812 0.05440923752115068 0.6547683018718276 0.08247607339255514
0 0.787251543544194 0.017586023252455358 0.7473428022097054 0.015368870956094871 0.7461191372400346 0.05452614998555761 0.7860278785745233 0.056743302281918095
0 0.89404296875 1.4339370236110122e-16 0.85400390625 1.4012478837900217e-16 0.85400390625 0.03710937500000014 0.89404296875 0.037109375000000146
0 0.10068359375 0.238671875 0.07364032451923078 0.2106270032051282 0.057023737980769235 0.23911258012820513 0.08406700721153845 0.26715745192307694
0 0.19793393887277888 0.2594998740333992 0.19743433026900298 0.22952335780684438 0.15559301348099702 0.230763100526489 0.15609262208477293 0.2607396167530438
0 0.2732977874087591 0.2645918871654501 0.272721829379562 0.23617795772506087 0.23848796760948907 0.2374116104014599 0.23906392563868614 0.26582553984184915
0 0.3625411034424438 0.27065417490632804 0.3620589206260408 0.23915156423466558 0.31856021674646123 0.24033520243547046 0.31904239956286423 0.2718378131071329
0 0.4726202783935879 0.2721389694179172 0.47090829638472026 0.24132329325829918 0.4312136287090723 0.24524375426330144 0.43292561071793995 0.27605943042291947
0 0.5992970758354755 0.269500455227078 0.597408971320694 0.23257752249357325 0.557323214572622 0.2362216821979434 0.5592113190874035 0.2731446149314482
0 0.72607421875 0.2623697916666667 0.7233966764856558 0.22309917178961744 0.6811763575819672 0.22821678620218577 0.6838538998463115 0.267487406079235
0 0.8457782653317696 0.2489611260053619 0.8429988584953084 0.2091229613494191 0.804710539544236 0.21387190013404825 0.8074899463806972 0.25371006478999103
0 0.934110940320397 0.2324528993682311 0.9310127340929601 0.1942416892298436 0.894071172721119 0.19956659897713602 0.8971693789485559 0.23777780911552351
0 0.9983175172453002 0.4032897147260967 0.993098326637356 0.3635244529512837 0.9570798116282596 0.37192877312007283 0.9622990022362038 0.4116940348948858
0 0.875 0.3854166666666668 0.8359375 0.3854166666666668 0.8359375 0.42382812500000017 0.875 0.42382812500000017
0 0.7676074724740933 0.401737235535406 0.7302754614637308 0.3985258797495683 0.7287605246113992 0.4298345746977548 0.7660925356217617 0.4330459304835925
0 0.6735478416409653 0.4326738819847606 0.6714409328510523 0.39802693743952594 0.6332759774129174 0.40215287856797294 0.6353828862028303 0.4367998231132076
0 0.55615234375 0.4029947916666668 0.521484375 0.4029947916666668 0.521484375 0.4322916666666668 0.55615234375 0.4322916666666668
0 0.4510330292512965 0.40212767394122745 0.41430009925993955 0.4006871668827429 0.41360038421024203 0.43240758246902916 0.450333314201599 0.4338480895275137
0 0.32454732425061183 0.39352070163811864 0.29191492276712894 0.392277562533986 0.2912629517995514 0.42270287435426873 0.3238953532830343 0.42394601345840144
0 0.2125522122524753 0.3879757116336635 0.17029896349009904 0.3823419451320133 0.16802192914603964 0.41270240305280526 0.2102751779084159 0.41833616955445546
0 0.0690943543513296 0.38840012674590385 0.026081930524778453 0.3778664719312383 0.021412962391720435 0.41175972208232614 0.0644253862182716 0.4222933768969917
0 0.0727682020575797 0.5934475642485361 0.06984550361906311 0.5554524845478204 0.03000022873292127 0.5609014110279765 0.03292292717143786 0.5988964907286923
0 0.21027485672577853 0.5979364907727798 0.2095892355103806 0.5631983491926184 0.1682296172145329 0.5646495638696656 0.1689152384299308 0.599387705449827
0 0.30859375 0.5690104166666666 0.26953125 0.5690104166666666 0.26953125 0.6022135416666666 0.30859375 0.6022135416666666
0 0.40048828125 0.58359375 0.36416015625 0.5674479166666666 0.355615234375 0.6016276041666666 0.391943359375 0.6177734375
0 0.516989096387749 0.6046276621727237 0.5140554018903868 0.5725526023348965 0.47592910820266704 0.5787519996824931 0.4788628027000293 0.6108270595203203
0 0.6423637576219513 0.6100577997967479 0.6391184737042683 0.5711143927845528 0.5978527534298781 0.5772278328252032 0.6010980373475611 0.6161712398373983
0 0.7846098004594965 0.581992692733152 0.7470503690861131 0.5684577625085093 0.7393721547396188 0.6063369532845474 0.7769315861130022 0.6198718835091901
0 0.9028215144230769 0.6039142628205126 0.9011868990384615 0.5646834935897435 0.8631911057692307 0.5674979967948718 0.8648257211538461 0.606728766025641
0 0.95458984375 0.6901041666666669 0.91806640625 0.6657552083333335 0.9037109375 0.7040364583333335 0.940234375 0.7283854166666668
0 0.8231710819808107 0.7224755088773315 0.8192182456061694 0.6834741899808705 0.7805711699695123 0.6904376270325204 0.7845240063441535 0.7294389459289814
0 0.7353767995084272 0.6887742860486893 0.694338132022472 0.6835630266853934 0.6915379213483147 0.7227659761235957 0.7325765888342699 0.7279772354868915
0 0.6365677950356718 0.6911949130499407 0.5968619946492272 0.6899036675089181 0.5962735605863556 0.7220713962792312 0.6359793609728003 0.7233626418202538
0 0.556704661885246 0.7183871243169399 0.5542472464139345 0.6823450307377049 0.512819383965164 0.6873665898224043 0.5152767994364754 0.7234086834016393
0 0.4680941339216068 0.7134472097633906 0.46363637748634945 0.6762992394695789 0.42493951711193445 0.6845545696827875 0.4293972735471919 0.7217025399765992
0 0.3568755801361387 0.7043046101485149 0.35449702196782185 0.6725905012376238 0.3113735689975248 0.6783402949669967 0.3137521271658416 0.7100544038778879
0 0.2739257812500001 0.6783854166666666 0.23486328125000006 0.6783854166666666 0.23486328125000006 0.7096354166666666 0.2739257812500001 0.7096354166666666
0 0.20189232016509442 0.6911040683962266 0.17399027122641517 0.665649567610063 0.15763008549528307 0.6975309551886794 0.18553213443396233 0.7229854559748429
0 0.1637787441037736 0.6785377358490567 0.15865455483490565 0.6420990566037735 0.12159677181603773 0.6513635023584905 0.1267209610849057 0.6878021816037737
0 0.07905694796954316 0.7029432370981388 0.07732441703680204 0.6706026596869713 0.041409720019035534 0.6740231070219966 0.04314225095177665 0.7063636844331641
0 1.0017610143442623 0.9698386270491803 0.9992475665983607 0.9329747267759564 0.9613857581967212 0.937564036885246 0.9638992059426229 0.97442793715847
0 0.9326171875000001 0.9720052083333336 0.91591796875 0.9274739583333332 0.88193359375 0.9501302083333334 0.8986328125000002 0.9946614583333334
0 0.8229664253938156 0.9732457579735513 0.8193177052946324 0.9379747970147804 0.7803235760647608 0.9451461311260211 0.7839722961639439 0.980417092084792
0 0.6968624569954129 0.9650050172018348 0.6957430728885592 0.9329160061386941 0.6562550066614948 0.935364878462853 0.6573743907683486 0.9674538895259938
0 0.5976368051714602 0.9307274382374633 0.5580665790929203 0.9272100848082597 0.5563619157909292 0.9613033508480826 0.5959321418694691 0.9648207042772862
0 0.5079931387629534 0.9558816386010363 0.5064377226360104 0.9237363719775474 0.4639137386658031 0.9273943490932642 0.4654691547927461 0.9595396157167531
0 0.4257812500000001 0.919921875 0.3813476562500001 0.919921875 0.3813476562500001 0.9544270833333334 0.4257812500000001 0.9544270833333334
0 0.3096247425498373 0.9521163886628696 0.30815076090825877 0.9177234836927042 0.2657807414564687 0.9209516756509358 0.2672547230980472 0.9553445806211013
0 0.21765380000732704 0.951556546746776 0.214419580707796 0.9161957490719029 0.1751432787771102 0.9225821396297379 0.17837749807664127 0.957942937304611
0 0.07495663068619891 0.9507828562708814 0.0742812439764842 0.9183642942045745 0.03862353628565922 0.9196849500449756 0.03929892299537394 0.9521035121112824
0 0.1479492187500001 0.919921875 0.10693359375000008 0.919921875 0.10693359375000008 0.955078125 0.1479492187500001 0.955078125