0 0.0693359375 0.12890625 0.06395387113764045 0.09780986657303371 0.016061161341292134 0.11254608497191011 0.021443227703651684 0.1436424683988764
0 0.1550759304775281 0.11604634831460675 0.15428505834053588 0.08019347810429273 0.10964593912057044 0.08194403179919334 0.11043681125756265 0.11779690200950736
0 0.24630020448825501 0.09414324664429528 0.2457441134002323 0.06151923614696265 0.2048938536557821 0.06275712280588538 0.20544994474380482 0.09538113330321801
0 0.9180461604420731 0.05375857469512208 0.8723323170731706 0.04698615345528468 0.8698730468749999 0.07649739583333347 0.9155868902439024 0.08326981707317087
0 0.7896450700431035 0.08679507902298854 0.7882105334051724 0.06384249281609194 0.7461846713362068 0.06851203304597701 0.7476192079741378 0.0914646192528736
0 0.6942781509275203 0.09127057895011481 0.691006941726675 0.07281760397098724 0.649302769841891 0.08596073692861612 0.6525739790427363 0.10441371190774369
0 0.5732823202054793 0.11277290239726034 0.5661386986301369 0.08737335901826489 0.5241866438356163 0.10834938641552516 0.5313302654109588 0.1337489297945206
0 0.3344791378595133 0.1635410905235988 0.3327615113384956 0.12918856010324484 0.28609392284292035 0.1333367901917404 0.28781154936393805 0.1676893206120944
0 0.2283937360698365 0.17023336893263993 0.22111921608005197 0.13937176897597822 0.17788673616270428 0.1574882367508668 0.18516125615248882 0.18834983670752847
0 0.10204045089915373 0.19598374324165493 0.09831394900387869 0.16972077750352607 0.05410349083215796 0.18087296515044662 0.057829992727433006 0.20713593088857551
0 0.08590411988275039 0.3383108522125066 0.084149723022655 0.30907090454425007 0.042851531448728136 0.31347604497880227 0.044605928308823525 0.3427159926470588
0 0.18122859926007553 0.32346275451301426 0.17779857721977327 0.2947159031276238 0.13420207218198993 0.30396364662048697 0.13763209422229217 0.33271049800587743
0 0.287449248065197 0.3089223244996873 0.2855254382621951 0.2794239075203252 0.24193099202626642 0.28447833606941836 0.2438548018292683 0.3139767530487805
0 0.3817403135839114 0.2949972624288509 0.37907613227054426 0.2644479833689079 0.3359859633471185 0.271128629713625 0.3386501446604856 0.30167790877356804
0 0.45720378048260574 0.28142586118690316 0.45562635892735337 0.25303227319236016 0.4198166247442019 0.256569037062301 0.42139404629945426 0.28496262505684405
0 0.5262545072115385 0.26747796474358976 0.5218787560096154 0.23830629006410262 0.47999924879807687 0.24947415865384617 0.484375 0.2786458333333333
0 0.5964236375762194 0.2540888592479675 0.5945002858231707 0.23100863821138207 0.5590224847560976 0.23626460873983735 0.5609458365091463 0.25934482977642276
0 0.6672065408616124 0.24432196653916569 0.6642659345576697 0.2163161922159016 0.6229564596410357 0.22402729420033993 0.6258970659449784 0.252033068523604
0 0.7553658339878816 0.236151630760024 0.7518702837466338 0.20539078863704371 0.7101840390765262 0.21381225220676245 0.7136795893177739 0.24457309432974272
0 0.8403708929336443 0.22722122723089613 0.8386946341869764 0.20442410827621224 0.801255771610815 0.20931807724041637 0.8029320303574828 0.23211519619510027
0 0.9602094969598417 0.227011748208899 0.9592506097992082 0.2001629077111614 0.9128296450791855 0.20311027055052797 0.913788532239819 0.2299591110482655
0 0.9363786757893567 0.28281149631880637 0.8945489109286986 0.2799266849491058 0.8933146725837534 0.31174260672991416 0.9351444374444116 0.31462741809961475
0 0.8113452042135342 0.3165134970670054 0.8093031397405661 0.28293288128930816 0.7659332762608854 0.28762151517900336 0.7679753407338534 0.3212021309567006
0 0.70751953125 0.2962239583333335 0.66748046875 0.2962239583333334 0.66748046875 0.3287760416666668 0.70751953125 0.3287760416666668
0 0.6422182233146068 0.3367582514044945 0.6400478405898876 0.30637289325842704 0.5981335586376405 0.31169534176029967 0.6003039413623596 0.3420806999063672
0 0.5593910530821918 0.3499429223744292 0.5568118578767124 0.31727311643835615 0.5161440496575342 0.32298087899543376 0.5187232448630137 0.3556506849315068
0 0.4613131009615385 0.36858974358974356 0.45828575721153847 0.33629807692307684 0.41609825721153837 0.3433293269230768 0.4191256009615384 0.3756209935897436
0 0.3817833700402331 0.3833139682759896 0.3809157359877914 0.3486086061783203 0.337702032463929 0.3505292152238253 0.3385696665163707 0.38523457732149463
0 0.2772476831767592 0.3937293686173608 0.2733320836075873 0.36436237184857184 0.2311959127423408 0.3743502049425562 0.23511151231151267 0.4037172017113451
0 0.1671769646974567 0.4133976296115149 0.16451038682574065 0.3835319574482952 0.1213740545521241 0.39037899431712325 0.12404063242384016 0.4202446664803429
0 0.053063304752951256 0.4264786529734704 0.05083480102817975 0.3961710023165778 0.008047529512566643 0.40176410970423965 0.010276033237338153 0.4320717603611322
0 0.08559730404713115 0.5217031676912568 0.08352410988729508 0.49129632001366114 0.03875032018442623 0.4967234460382513 0.04082351434426229 0.527130293715847
0 0.20966264895428016 0.5060063026913101 0.20818640564202334 0.4745131120298314 0.16638801070038908 0.47799631160830086 0.1678642540126459 0.5094895022697795
0 0.32843778385271105 0.48618547081703006 0.32580395821688096 0.4566866236957332 0.28609514742873116 0.4629896095351221 0.28872897306456125 0.49248845665641894
0 0.4057383452868852 0.479535519125683 0.40461834016393433 0.4504153859289617 0.36578317110655734 0.4530707821038251 0.3669031762295082 0.4821909153005464
0 0.4856354019121813 0.4670668820821529 0.4850525075247875 0.4344247963881019 0.44146904877832854 0.4358083982530689 0.4420519431657223 0.4684504839471199
0 0.5689633328716761 0.4443834147528875 0.5665254677427478 0.4159416549153909 0.5263416127367043 0.42206490901154986 0.5287794778656326 0.4505066688490465
0 0.6458016454646016 0.4349131176253687 0.6444491496128317 0.40786320058997055 0.6040687223451326 0.4114525719026549 0.6054212181969025 0.43850248893805305
0 0.711732219827586 0.42808010057471274 0.7097992995689654 0.3971533764367816 0.6686220366379311 0.4017286278735632 0.6705549568965518 0.43265535201149424
0 0.8091087863869862 0.4189586900684932 0.8060265946061643 0.37991759417808213 0.7722214790239726 0.3846621718036529 0.7753036708047946 0.42370326769406397
0 0.8983865786660141 0.41235546123591654 0.8958556072238253 0.379284101057983 0.8550555424953626 0.38483513027273974 0.8575865139375515 0.4179064904506733
0 0.9834644214527026 0.4054757882882883 0.9796373521959459 0.37485923423423423 0.9406012457770271 0.38353392454954954 0.9444283150337838 0.41415047860360366
0 0.99951171875 0.4869791666666668 0.95849609375 0.4869791666666668 0.95849609375 0.5182291666666669 0.99951171875 0.5182291666666669
0 0.91357421875 0.49218750000000017 0.86865234375 0.49218750000000017 0.86865234375 0.5227864583333335 0.91357421875 0.5227864583333335
0 0.8479127709812373 0.5250776495943205 0.8447780647819472 0.4944271889790399 0.7952724866886409 0.5034282031778229 0.7984071928879309 0.5340786637931035
0 0.7608676175458715 0.5257310779816513 0.7543497348050459 0.49676271024464835 0.7125098552178899 0.5134986620795107 0.7190277379587156 0.5424670298165136
0 0.68310546875 0.5136718750000001 0.6396484375 0.5136718750000001 0.6396484375 0.5390625000000001 0.68310546875 0.5390625000000001
0 0.6184420072115384 0.5478866185897435 0.6157001201923077 0.5186398237179487 0.5710486778846154 0.5260817307692307 0.5737905649038462 0.5553285256410255
0 0.5576171875 0.5319010416666669 0.51123046875 0.5319010416666669 0.51123046875 0.5625000000000001 0.5576171875 0.5625000000000001
0 0.3801153412046671 0.5914876108551328 0.37958816002155177 0.5626683728448276 0.3399656751634958 0.5639569089377726 0.34049285634661114 0.5927761469480778
0 0.2913151672456655 0.6022125456824748 0.2888252067663182 0.5729970093914669 0.24913224877294746 0.579011093935917 0.2516222092522947 0.6082266302269249
0 0.21393116918103455 0.5888200431034484 0.173400457974138 0.5843166307471265 0.1714608028017242 0.6153511135057472 0.21199151400862076 0.619854525862069
0 0.1460366453582369 0.6196817562968006 0.14314485034462218 0.5903782334921716 0.10261252074115046 0.5974891685103245 0.10550431575476515 0.6267926913149535
0 0.054474996179706595 0.6307065632640587 0.050897052643643026 0.5989026207212714 0.003358276665647919 0.6084103759168704 0.006936220201711488 0.6402143184596577
0 0.9184175568431459 0.7604475596807264 0.9142787510984183 0.7344322092852957 0.8635318266695957 0.7487848747803163 0.8676706324143233 0.774800225175747
0 0.8430673870157819 0.7719786809540891 0.8424416584469153 0.7473666905786706 0.7934381164813487 0.7495815399330463 0.7940638450502152 0.7741935303084649
0 0.7585133272058824 0.7790747549019609 0.7568617876838236 0.7504480698529411 0.7066406250000001 0.7555989583333332 0.7082921645220589 0.784225643382353
0 0.6942510271713052 0.7891052363243762 0.6934544070897313 0.7620201535508637 0.6484676778430902 0.7643724008317339 0.6492642979246641 0.7914574836052464
0 0.632647235576923 0.7925080128205128 0.6302659254807692 0.7671073717948719 0.579424579326923 0.7755809294871795 0.5818058894230769 0.8009815705128204
0 0.568882366959549 0.7951577696728561 0.5642207704741379 0.7714260057471267 0.5223891847645888 0.7860338610742708 0.5270507812499999 0.8097656250000002
0 0.4913003571324557 0.8086080086012739 0.4869228906978098 0.7847309189577509 0.4414519837051491 0.7995510664220254 0.44582945013979497 0.8234281560655484
0 0.41545543534738716 0.8285997500989707 0.4148244971051069 0.8042034713974663 0.3643894512692993 0.8065223240795724 0.36502038951157956 0.8309186027810768
0 0.3394625768544229 0.8415197755520296 0.3392146593613646 0.8180502528758429 0.2879002899085185 0.8190139030064127 0.2881482074015768 0.8424834256825995
0 0.8960949039881831 0.8816806299236829 0.8953433691838996 0.8556274233751845 0.8482000669313147 0.8580450286189069 0.8489516017355982 0.8840982351674053
0 0.8093550927782577 0.8900816083621258 0.8089015166121668 0.8628670383966767 0.760596377946076 0.8642983017645608 0.7610499541121669 0.8915128717300099
0 0.9753029830523056 0.8756465609944941 0.973643566113214 0.8476208526898371 0.9284380645646937 0.8523793265370498 0.9300974815037852 0.8804050348417068
0 0.6600471047794118 0.03026960784313726 0.655474494485294 0.0028339460784313486 0.6180951286764705 0.013909313725490128 0.6226677389705882 0.041344975490196036