0 0.9793567585495283 0.11694059551886792 0.9780992040094341 0.07837558962264152 0.9318211969339624 0.08105837264150943 0.9330787514740566 0.11962337853773582
0 0.8689774186643835 0.10600563641552513 0.8668717893835616 0.07933433219178082 0.828821971318493 0.08467465753424659 0.8309276005993149 0.1113459617579909
0 0.7033451060556996 0.11034312931778929 0.7014739515867876 0.07167260362694301 0.6619616256476684 0.07507151338514682 0.6638327801165803 0.11374203907599312
0 0.6181508657094597 0.10341005067567567 0.6130701013513515 0.0627639358108108 0.5741131756756759 0.07142103040540541 0.579193940033784 0.11206714527027029
0 0.5341796875 0.0644531250000001 0.4951171875 0.06445312500000008 0.4951171875 0.10026041666666674 0.5341796875 0.10026041666666674
0 0.44009998566513764 0.06073083906727836 0.397303701978211 0.05900169629204898 0.3963069810779817 0.10285741590214076 0.4391032647649083 0.10458655867737014
0 0.33031492446511185 0.10055908265869958 0.3295130439234773 0.06206881666024159 0.29091435464051657 0.0634983977447957 0.2917162351821511 0.10198866374325366
0 0.26323220093325794 0.07948600113122174 0.23890430571266966 0.04999764328808448 0.2143576781674208 0.08599936368778284 0.23868557338800905 0.11548772153092011
0 0.18511370975755165 0.09824932929252783 0.18258768879173287 0.056148979862215155 0.1452291273350556 0.06013389308426074 0.14775514830087438 0.1022342425145734
0 0.08152679539629337 0.09226821273659307 0.07780692404376971 0.05093630881966352 0.03656487209187696 0.057535037131966345 0.040284743444400625 0.09886694104889591
0 0.044292160560344844 0.20669001436781606 0.005256600215517264 0.2023527298850574 0.0028151939655172587 0.2414152298850574 0.04185075431034484 0.24575251436781606
0 0.11718750000000003 0.20638020833333334 0.08105468750000003 0.20638020833333334 0.08105468750000003 0.248046875 0.11718750000000003 0.248046875
0 0.2114835387563498 0.24292027621552978 0.209148080324746 0.20451495978471215 0.16634197262790273 0.2091426471032898 0.16867743105950653 0.24754796353410743
0 0.29748828125 0.2152291666666667 0.26307031249999996 0.2068854166666667 0.25866406249999996 0.23919791666666668 0.29308203125 0.24754166666666666
0 0.38525390624999994 0.21158854166666674 0.34528395432692305 0.20862780448717955 0.3439197716346154 0.24136818910256416 0.3838897235576923 0.24432892628205136
0 0.5087890625 0.2102864583333334 0.4697265625 0.2102864583333334 0.4697265625 0.24479166666666674 0.5087890625 0.24479166666666674
0 0.6026885828205959 0.21823152795768574 0.5658638277202073 0.20795485211571682 0.5605106966483161 0.24205627968480145 0.5973354517487047 0.2523329555267704
0 0.7285355097567875 0.2201463518099549 0.6827177159926472 0.2172372855392158 0.6813821231617648 0.2546338848039217 0.7271999169259051 0.2575429510746608
0 0.8361947129175165 0.2495023398988611 0.8332827041369198 0.21533477020652728 0.7925160751848546 0.22151153216896144 0.7954280839654512 0.2556791018612952
0 0.9520186750856164 0.22472353025114167 0.9124137146832192 0.22276772973744305 0.9115294574058219 0.25460099172374445 0.9511344178082192 0.25655679223744304
0 0.9697265625 0.3385416666666668 0.92724609375 0.3385416666666668 0.92724609375 0.37695312500000017 0.9697265625 0.37695312500000017
0 0.869140625 0.3372395833333335 0.8291015625 0.3372395833333335 0.8291015625 0.3704427083333335 0.869140625 0.3704427083333335
0 0.7693088644801981 0.365524443069307 0.7666547416460396 0.33013613861386143 0.726673692759901 0.3354669451320132 0.7293278155940595 0.3708552495874588
0 0.6740433560552408 0.36621960576015117 0.6735116412889519 0.33644357884796977 0.6362954807011332 0.3376250442634561 0.6368271954674221 0.3674010711756375
0 0.5836647149539045 0.3636563403832249 0.5830957243085683 0.32724093908170643 0.5427283164994577 0.32836225596529284 0.543297307144794 0.36477765726681133
0 0.4899878216911765 0.35997671568627454 0.4881769301470589 0.3229540441176471 0.4479586397058824 0.3264512867647059 0.44976953125 0.36347395833333335
0 0.37619400500259875 0.3291598990817742 0.3362613289371102 0.3269866922210673 0.33511056880197504 0.364578189968815 0.3750432448674636 0.3667513968295219
0 0.29606445312500007 0.36173177083333324 0.2935587086397059 0.3294355085784314 0.25692555147058826 0.3344883578431373 0.2594312959558823 0.3667846200980392
0 0.22070312500000006 0.3274739583333333 0.18066406250000006 0.3274739583333333 0.18066406250000006 0.359375 0.22070312500000006 0.359375
0 0.06152343750000003 0.3170572916666667 0.022460937500000028 0.3170572916666667 0.02246093750000003 0.3528645833333333 0.06152343750000003 0.3528645833333333
0 0.06828142386869436 0.533351106577646 0.06709100287462907 0.5008129327398615 0.028240043119436196 0.5033398244312562 0.029430464113501482 0.5358779982690406
0 0.17453381614963506 0.5328609717153284 0.17387053775091244 0.5001392373783454 0.1349024863138686 0.5015434914841849 0.13556576471259124 0.5342652258211679
0 0.24658203125000006 0.5045572916666666 0.20703125000000006 0.5045572916666666 0.20703125000000006 0.53515625 0.24658203125000006 0.53515625
0 0.32837969805743245 0.5114389780405406 0.2873975929054054 0.5101682150900901 0.2869008657094595 0.538647240990991 0.32788297086148654 0.5399180039414415
0 0.412109375 0.51171875 0.3720703125 0.51171875 0.3720703125 0.54296875 0.412109375 0.54296875
0 0.5090166918075633 0.5446042527103768 0.5084600965571761 0.5119506646876614 0.467443463232447 0.5131935929702288 0.4680000584828342 0.5458471809929444
0 0.58642578125 0.5169270833333335 0.54638671875 0.5169270833333335 0.54638671875 0.5468750000000001 0.58642578125 0.5468750000000001
0 0.662109375 0.5175781250000001 0.623046875 0.5175781250000001 0.623046875 0.5455729166666669 0.662109375 0.5455729166666669
0 0.763671875 0.5195312500000001 0.71875 0.5195312500000001 0.71875 0.5514322916666669 0.763671875 0.5514322916666669
0 0.86767578125 0.5227864583333335 0.8251953125 0.5227864583333335 0.8251953125 0.5566406250000001 0.86767578125 0.5566406250000001
0 0.99951171875 0.5286458333333335 0.96044921875 0.5286458333333335 0.96044921875 0.5605468750000001 0.99951171875 0.5605468750000001
0 0.9778985106740735 0.6504324016872594 0.9361639893259267 0.6470936399794076 0.9346827981765644 0.6800089988541255 0.9764173195247112 0.6833477605619772
0 0.8580363490934946 0.6430021236965282 0.814549114879577 0.6408140867549474 0.8135058975626556 0.6776744319528382 0.8569931317765731 0.6798624688944189
0 0.7296855171319797 0.670275486463621 0.7277125634517767 0.6334470177664974 0.6842332249365483 0.6375879071489 0.6862061786167513 0.6744163758460237
0 0.6431140434451219 0.6613789380081302 0.6401724466463414 0.6260797764227641 0.6021222370426829 0.6317168445121951 0.6050638338414633 0.6670160060975611
0 0.57177734375 0.6295572916666669 0.52880859375 0.6295572916666669 0.52880859375 0.6653645833333335 0.57177734375 0.6653645833333335
0 0.47243586359797296 0.6605415962837837 0.47186470650337836 0.6277952561936936 0.42729624155405405 0.629177224099099 0.42786739864864864 0.6619235641891892
0 0.3403320312500001 0.623046875 0.2968750000000001 0.623046875 0.2968750000000001 0.66015625 0.3403320312500001 0.66015625
0 0.2554537259615385 0.6532251602564102 0.2525390625 0.6221354166666665 0.21846454326923076 0.6278145032051281 0.22137920673076922 0.6589042467948717
0 0.16719703801331856 0.6481679788660747 0.1665478027885683 0.6221985698760637 0.13357662493063263 0.6236639555586386 0.1342258601553829 0.6496333645486496
0 0.08513039981617647 0.6448644301470589 0.083251953125 0.6123046875 0.04049862132352942 0.6166896446078431 0.042377068014705886 0.649249387254902
0 0.13300582963197977 0.7385786802030457 0.10083875317258889 0.735515149111675 0.09896494289340108 0.7704929409898478 0.13113201935279195 0.7735564720812184
0 0.0947865970799181 0.7601872011612021 0.059478259477459085 0.7559074026639343 0.057048860143442695 0.7915385928961748 0.09235719774590172 0.7958183913934426
0 0.2636718750000001 0.767578125 0.22656250000000006 0.767578125 0.22656250000000006 0.8014322916666666 0.2636718750000001 0.8014322916666666
0 0.31830602134146346 0.7796246189024391 0.31754954268292684 0.7473481961382115 0.2828239329268293 0.7487950965447155 0.28358041158536584 0.7810715193089431
0 0.4497070312500001 0.748046875 0.4169921875000001 0.748046875 0.4169921875000001 0.7799479166666666 0.4497070312500001 0.7799479166666666
0 0.4208984375000001 0.775390625 0.3867187500000001 0.775390625 0.3867187500000001 0.806640625 0.4208984375000001 0.806640625
0 0.5176012389053254 0.7567145894970415 0.48175677237426034 0.7534185465976332 0.4800833256286982 0.7857718503451677 0.5159277921597633 0.7890678932445762
0 0.587890625 0.7760416666666666 0.5478515625 0.7760416666666666 0.5478515625 0.8125 0.587890625 0.8125
0 0.7255384056969026 0.8148045722713865 0.7238726320519911 0.7814890993731564 0.6810616012168141 0.7852945243362831 0.6827273748617256 0.8186099972345132
0 0.8475170567024886 0.8239595116892912 0.8468875936792986 0.7845131622360483 0.8018302813914027 0.7857913838612368 0.8024597444145927 0.8252377333144797
0 0.9643123851102944 0.7948261335784318 0.9247118919683259 0.7923118165535449 0.9235088641826924 0.8259965945512824 0.9631093573246609 0.8285109115761693
0 0.973732534708096 0.949266955688907 0.9720217624847436 0.9093489371440194 0.93005500216131 0.9125464045972335 0.9317657743846623 0.952464423142121
0 0.8583495935679023 0.9123129704192298 0.8156973016651831 0.9040410107774902 0.8116140121702008 0.9414711644814936 0.85426630407292 0.9497431241232331
0 0.7385664836014852 0.9044000103135317 0.6942827583539606 0.8984955136138617 0.6917930074257428 0.9316921926567657 0.7360767326732675 0.9375966893564357
0 0.6267843705736544 0.9260966271246459 0.6261663420679886 0.8914870308073656 0.5871956887393768 0.8927241944050993 0.5878137172450426 0.9273337907223796
0 0.5130455280172415 0.922270114942529 0.5109038254310345 0.8880028735632185 0.4690396012931034 0.8926544540229887 0.4711813038793103 0.9269216954022991
0 0.3862304687500001 0.8828125 0.3466796875000001 0.8828125 0.3466796875000001 0.921875 0.3862304687500001 0.921875
0 0.2476862980769231 0.9264923878205128 0.24371243990384617 0.8841045673076923 0.20224609375 0.8910156250000001 0.2062199519230769 0.9334034455128206
0 0.11693741216427234 0.917000523761191 0.11622405186211744 0.8789546409795962 0.07179381294893816 0.8804356489433687 0.07250717325109307 0.9184815317249635