0 0.7975614944306931 0.038450134075907604 0.7950282332920793 0.004673318894389433 0.751953125 0.010416666666666666 0.7544863861386139 0.044193481848184835
0 0.7074188547036082 0.03550526202749149 0.6678932425902061 0.015235717353951942 0.657775249677835 0.05031142611683855 0.6973008617912371 0.0705809707903781
0 0.580078125 0.04687500000000009 0.53662109375 0.04687500000000009 0.53662109375 0.0820312500000001 0.580078125 0.0820312500000001
0 0.41290102377629884 0.10492477100329183 0.41054976820792183 0.07482869972806641 0.3675390876583297 0.08080240535995421 0.3698903432267067 0.11089847663517964
0 0.2664482455204778 0.13237699089874855 0.26318526023890787 0.09539649104095564 0.2170918435366894 0.10262683091581341 0.22035482881825935 0.13960733077360635
0 0.12046977063539194 0.1094136604315123 0.08515346644893113 0.10778992230799683 0.08412935161817103 0.1473890290973872 0.11944565580463185 0.14901276722090265
0 0.0398780529194249 0.26836627060060675 0.03881219777875465 0.25095730330299265 0.004700388847227966 0.2546701532547235 0.005766243987898221 0.27207912055233757
0 0.16854915978773582 0.26735701650943394 0.16121572818396224 0.23313433569182393 0.11994214327830185 0.2488576061320755 0.12727557488207544 0.2830802869496855
0 0.38134765625 0.21549479166666674 0.34033203125 0.21549479166666674 0.34033203125 0.25065104166666674 0.38134765625 0.25065104166666674
0 0.47331952221820806 0.22221971339113678 0.4713325279985549 0.20499909682080922 0.4380531972543353 0.21182562620423892 0.44004019147398843 0.22904624277456645
0 0.6176229940878378 0.196385838963964 0.6132838893581081 0.1775830518018018 0.5793496621621623 0.19150478603603602 0.583688766891892 0.21030757319819818
0 0.7269878584085052 0.17946936748281786 0.7182793371456185 0.149279827104811 0.679833480992268 0.16899565077319587 0.6885420022551547 0.19918519115120273
0 0.8111828569839858 0.1685989397983392 0.8040497803603204 0.13816447953736655 0.7664330098976869 0.15383813389679712 0.7735660865213524 0.18427259415776978
0 0.8740234375 0.13541666666666682 0.837890625 0.13541666666666682 0.837890625 0.16992187500000014 0.8740234375 0.16992187500000014
0 0.9729656559405941 0.16297957920792083 0.9691996055074258 0.11276557343234324 0.9193078975866337 0.11941780115511552 0.923073948019802 0.1696318069306931
0 0.98876953125 0.3268229166666668 0.94580078125 0.3268229166666668 0.94580078125 0.3600260416666668 0.98876953125 0.3600260416666668
0 0.8709839791423996 0.35343069003591543 0.8271438874126384 0.34487652579596206 0.8235828752912057 0.3773213029023492 0.8674229670209668 0.3858754671423026
0 0.7597176628581173 0.3904127231127785 0.7579257439461118 0.35815818269668026 0.713338937798431 0.36256181787175984 0.7151308567104365 0.3948163582878581
0 0.6480618990384617 0.4043970352564103 0.6427095853365385 0.36871494391025644 0.5995154747596155 0.3802333733974359 0.6048677884615387 0.4159154647435897
0 0.4025687699659934 0.44473713588898045 0.40039304024113764 0.4163076008175323 0.3583404717126958 0.4220290387125584 0.36051620143755153 0.45045857378400656
0 0.17497761519101698 0.4743377995396661 0.17441320542398034 0.4412257598735157 0.13491611746579762 0.442422641326794 0.13548052723283427 0.4755346809929444
0 0.04611052412388944 0.48407936410003294 0.04553282908131788 0.4494176615457388 0.0027262771470878593 0.4506860038252715 0.003303972189659424 0.48534770637956565
0 0.06858478702910963 0.5374580836187215 0.022189372859589093 0.5351669520547945 0.021307791095890465 0.5669038955479452 0.067703205265411 0.5691950271118722
0 0.28857421875 0.4322916666666667 0.24462890625000006 0.4322916666666667 0.24462890625000006 0.4635416666666667 0.28857421875 0.4635416666666667
0 0.21093750000000006 0.5227864583333334 0.16162109375000006 0.5227864583333334 0.16162109375000006 0.5540364583333334 0.21093750000000006 0.5540364583333334
0 0.36884940562434143 0.5279117821390938 0.36370624506059007 0.49852229320337194 0.3188656645152792 0.5124726960396909 0.32400882507903056 0.5418621849754127
0 0.5880777296091279 0.5078157360860069 0.5872569405219159 0.48209767802003317 0.5471969170102801 0.4843705871554451 0.548017706097492 0.510088645221419
0 0.4901905980603448 0.5146327227011495 0.4890793372844827 0.4894441451149425 0.4434536637931034 0.4930226293103448 0.4445649245689655 0.5182112068965518
0 0.75244140625 0.4583333333333335 0.712890625 0.4583333333333335 0.712890625 0.48828125000000017 0.75244140625 0.48828125000000017
0 0.8856647770579268 0.46391482469512196 0.8834615567835364 0.43747618140243905 0.8432676733993902 0.4434308307926829 0.8454708936737806 0.4698694740853659
0 0.99388285896043 0.4542900846294602 0.9923943382605216 0.421542629231473 0.9547278848353158 0.4245863830436109 0.9562164055352242 0.4573338384415981
0 0.9171573681459106 0.5808985827137546 0.914298472351301 0.5516743145910782 0.8773297731761152 0.558103653578067 0.8801886689707248 0.5873279217007435
0 0.8349014514593909 0.5998010522419628 0.8331193488261421 0.5665351364213197 0.7871068964149747 0.5709172747461928 0.7888889990482234 0.6041831905668359
0 0.73486328125 0.5833333333333335 0.69189453125 0.5833333333333335 0.69189453125 0.6158854166666669 0.73486328125 0.6158854166666669
0 0.54736328125 0.6061197916666669 0.4980468750000001 0.6061197916666669 0.4980468750000001 0.6386718750000001 0.54736328125 0.6386718750000001
0 0.36311676268236076 0.6558718086870026 0.3597550045590186 0.6237483421750664 0.315657638428382 0.63195250331565 0.3190193965517242 0.6640759698275862
0 0.17604618179500256 0.6813637413946966 0.17303208463475267 0.6459983347144314 0.1346209582961499 0.6518182023414923 0.13763505545639979 0.6871836090217576
0 0.08398437500000006 0.658203125 0.045898437500000056 0.658203125 0.04589843750000006 0.6920572916666666 0.08398437500000006 0.6920572916666666
0 0.10817955280172413 0.8311332614942529 0.10608499461206895 0.7976203304597701 0.06575633081896551 0.8021012931034482 0.06785088900862069 0.8356142241379311
0 0.27494339904641 0.8130649331798141 0.27434763595299955 0.776524796783971 0.22228536844591404 0.7780338480160603 0.2228811315393245 0.8145739844119034
0 0.40223171929044965 0.7944652450839099 0.4017137883719254 0.7592459426242634 0.3552300514027671 0.7604612037214963 0.35574798232129135 0.7956805061811428
0 0.5466346543069949 0.7746552515112265 0.5449871478303109 0.7406067843264248 0.49931033435880834 0.744535972582038 0.5009578408354922 0.7785844397668394
0 0.6438544245049507 0.7362378816006602 0.6035833075495051 0.7308683993399341 0.600808323019802 0.7678681930693071 0.6410794399752477 0.7732376753300332
0 0.80662036436722 0.7417606760027663 0.7995291428941909 0.7063045686376209 0.7561308674792531 0.7217350665629322 0.7632220889522822 0.7571911739280774
0 0.8991247406639005 0.7077617133471646 0.894186414030083 0.6757801694329185 0.850719252463693 0.6877123314315354 0.8556575790975104 0.7196938753457816
0 0.9440823549723758 0.8588102843001844 0.9427375582700277 0.8247421011740332 0.8975041004834253 0.8279163789134438 0.8988488971857734 0.861984562039595
0 0.8390043241903898 0.8719602299866258 0.8369713427230608 0.8373995450420327 0.7945602819306458 0.8418346886543114 0.7965932633979748 0.8763953735989046
0 0.7258164887236085 0.8900001999360204 0.7248196827015355 0.8561087951855405 0.6786762610964491 0.858521523112604 0.679673067118522 0.8924129278630839
0 0.5434644015330189 0.9090801886792453 0.5422031618514151 0.8704021717767296 0.5012437352594339 0.8727766312893083 0.5025049749410376 0.9114546481918239
0 0.4005841304452583 0.9181424280390645 0.3998643203064765 0.8835915413775378 0.35981546959329225 0.8850748321446927 0.36053527973207405 0.9196257188062195
0 0.2958984375000001 0.9016927083333334 0.2558593750000001 0.9016927083333334 0.2558593750000001 0.9388020833333334 0.2958984375000001 0.9388020833333334
0 0.13157417847938147 0.9578165270618557 0.13046170264175258 0.9251839024914091 0.08607542686855671 0.9278739798109967 0.08718790270618557 0.9605066043814433
0 0.9309285901999114 0.9908101117586307 0.9288610670551783 0.9588324204534276 0.8835184835128356 0.9640442116651912 0.8855860066575686 0.9960219029703943