0 0.933914150280899 0.06373039559925094 0.931179775280899 0.025449145599250916 0.8888276860955057 0.03082718867041197 0.8915620610955056 0.069108438670412
0 0.8584978032685995 0.06693904996353033 0.8535572945158643 0.032355488694383726 0.8144937260667395 0.04227639496717731 0.8194342348194747 0.07685995623632391
0 0.70934765625 0.07590625000000006 0.7039023437499999 0.03597395833333339 0.6682812499999999 0.04460937500000004 0.6737265625 0.08454166666666672
0 0.6291436711582568 0.0879204892966361 0.628272380303899 0.04958369170489298 0.5890239750573395 0.051169485856269105 0.5898952659116973 0.08950628344801224
0 0.54638671875 0.08984375000000001 0.5419531249999999 0.048463541666666686 0.5049707031249999 0.05550781250000003 0.5094042968749999 0.09688802083333337
0 0.4541015625 0.060546875000000076 0.41748046875 0.060546875000000076 0.41748046875 0.10286458333333341 0.4541015625 0.10286458333333341
0 0.37353515625 0.08593750000000007 0.33447265625 0.08593750000000006 0.33447265625 0.11523437500000006 0.37353515625 0.11523437500000007
0 0.29833984375 0.09309895833333337 0.255859375 0.09309895833333337 0.255859375 0.1236979166666667 0.29833984375 0.1236979166666667
0 0.2095236880195962 0.09503197990894696 0.16884266905433493 0.09316158823238324 0.16792003785629456 0.12883666122327794 0.20860105682155583 0.13070705289984166
0 0.1142578125 0.09765625000000001 0.0810546875 0.09765625 0.0810546875 0.13411458333333334 0.1142578125 0.13411458333333334
0 0.049316406250000014 0.10416666666666667 0.01220703125000001 0.10416666666666667 0.012207031250000012 0.14192708333333334 0.049316406250000014 0.14192708333333334
0 0.0605131539191989 0.2719321909530387 0.05919533408149172 0.2385474217311234 0.02518694967196133 0.24093397502302027 0.02650476950966851 0.2743187442449356
0 0.1665270618556701 0.2578406894329897 0.16541659954896906 0.22526712843642607 0.12362173807989692 0.22780015034364257 0.12473220038659795 0.2603737113402062
0 0.2787785456730769 0.24642427884615384 0.2756911057692307 0.21349158653846154 0.23434495192307692 0.22038261217948718 0.23743239182692305 0.2533153044871795
0 0.38720703125 0.20377604166666674 0.34619140625 0.20377604166666674 0.34619140625 0.23828125000000008 0.38720703125 0.23828125000000008
0 0.4920309032914201 0.1973634738658778 0.45673943694526625 0.19411828155818545 0.45491112703402364 0.22946560650887574 0.49020259338017746 0.2327107988165681
0 0.5627250037114014 0.18335714815914497 0.5275768724020189 0.18174114212193201 0.5264924472980997 0.2236722461401426 0.5616405786074823 0.2252882521773556
0 0.6482142534454511 0.21194041538164998 0.6474398551946801 0.17476929934464147 0.611443324739784 0.17610250417630427 0.6122177229905551 0.21327362021331278
0 0.7229957699158032 0.2026547657599309 0.7215041086463732 0.17182709952504316 0.6884072417422281 0.17467414183937824 0.6898989030116581 0.205501808074266
0 0.8076281886373482 0.19566453639514736 0.8067049393414211 0.1661205589254766 0.7659025671577123 0.16838735738012708 0.7668258164536395 0.19793133484979783
0 0.9091088404266283 0.18110551490794177 0.9069180154446621 0.1524787351435834 0.8652204873634584 0.158151868215856 0.8674113123454246 0.18677864798021435
0 0.9997400467081853 0.15053149095492305 0.958656131839413 0.1494979333481615 0.958297653469751 0.17483040480427062 0.9993815683385233 0.1758639624110322
0 0.98583984375 0.39062500000000017 0.95263671875 0.39062500000000017 0.95263671875 0.42968750000000017 0.98583984375 0.42968750000000017
0 0.92578125 0.3990885416666668 0.89208984375 0.3990885416666668 0.89208984375 0.4348958333333335 0.92578125 0.4348958333333335
0 0.8528560500192752 0.4396945675918787 0.8521083811198921 0.4038064604214855 0.8121815066017732 0.4052852335517862 0.8129291755011564 0.4411733407221794
0 0.7670254691619973 0.44590903784882446 0.7652472821048946 0.4024422431196441 0.7188653914489948 0.40581547153098224 0.7206435785060975 0.4492822662601626
0 0.680026765888905 0.44829508226557957 0.6767080459194816 0.41805785587749966 0.6430351243993885 0.4246281820277617 0.6463538443688118 0.4548654084158416
0 0.6211882865440462 0.4575077141819941 0.6191548054816067 0.4285870946272991 0.5832914221321392 0.43307001754598257 0.5853249031945787 0.4619906371006775
0 0.5507222630033557 0.4652894295302013 0.5470283661912753 0.4320443582214765 0.5107690593540268 0.43920669043624166 0.5144629561661074 0.47245176174496645
0 0.48318306359885865 0.4679555765473988 0.4769899343576495 0.43575130449311134 0.44473083985579887 0.4467800547501543 0.450923969097008 0.47898432680444175
0 0.42714950332537516 0.4803577265234198 0.4251417547748977 0.4442182526148249 0.39517740663369716 0.4471776944065484 0.39718515518417463 0.4833171683151433
0 0.37404886467656634 0.449927532546786 0.3426363691263223 0.44753419955248175 0.3412140364371441 0.480721962299973 0.37262653198738815 0.48311529529427727
0 0.3210617591594827 0.4837800826149425 0.3193123653017241 0.44412715517241375 0.28785526670258615 0.446594378591954 0.2896046605603448 0.48624730603448274
0 0.24650602729072402 0.49070041478129717 0.24302221790158374 0.45237851150075414 0.20713553450226246 0.4581783795248869 0.21061934389140274 0.4965002828054299
0 0.15992011398565575 0.5004429217896175 0.15748671234631148 0.46475303107923494 0.11812804175204919 0.4695237790300546 0.12056144339139345 0.5052136697404371
0 0.08017725902427492 0.5086121400798654 0.07735471015920556 0.4734870875367801 0.04149405442150063 0.4786100383564522 0.044316603286569986 0.5137350908995376
0 0.15136718750000006 0.609375 0.10791015625000006 0.609375 0.10791015625000006 0.640625 0.15136718750000006 0.640625
0 0.24780368433852146 0.6047974424448768 0.20837639834630353 0.6015118352788587 0.2069913515321012 0.6310595006485085 0.2464186375243191 0.6343451078145266
0 0.3149574848353553 0.6268165980647026 0.3138463699631716 0.5912609221548238 0.276476352632149 0.5933370342287696 0.27758746750433266 0.6288927101386482
0 0.3878273761334197 0.6189402525906736 0.3861940374028498 0.585184585492228 0.3523756274287565 0.5880936960276338 0.3540089661593264 0.6218493631260795
0 0.45750248402431415 0.6147797823150457 0.45631770183915205 0.5831855907107232 0.4203480556421446 0.5855835671238571 0.4215328378273067 0.6171777587281795
0 0.5310512306415929 0.6053996128318584 0.5294027412887167 0.5724298257743362 0.4896056588772124 0.5759673442109144 0.4912541482300885 0.6089371312684365
0 0.6081570459115282 0.5925686997319035 0.6063683394772119 0.5669305741733691 0.564781438505362 0.5720886394101877 0.5665701449396783 0.5977267649687221
0 0.6879441182324841 0.5888460390127389 0.687111863057325 0.5577751791401274 0.6442326831210191 0.5598170448513801 0.6450649382961783 0.5908879047239916
0 0.7811280487804878 0.5872446646341464 0.7803729992378048 0.5550292174796747 0.7379492187499999 0.556796875 0.7387042682926829 0.5890123221544715
0 0.8690724360972569 0.5782597542601828 0.8676794342269327 0.5411130377182044 0.8298102400249375 0.5436376506650041 0.8312032418952617 0.5807843672069825
0 0.9456858915441178 0.540402879901961 0.9090188419117649 0.5366421568627453 0.9068876378676471 0.5735830269607846 0.9435546875 0.5773437500000003
0 0.9743394487359549 0.717320634363296 0.9404669943820224 0.7130193703183522 0.9383580582865167 0.7425444756554307 0.9722305126404492 0.7468457397003746
0 0.9027778520976028 0.7148410744863015 0.8620170697773973 0.7128281963470321 0.8610692690496576 0.7469490225456624 0.901830051369863 0.7489619006849318
0 0.8226887320034983 0.749839517177969 0.8209842152179763 0.7172643074991029 0.7808000874596339 0.7210023658952278 0.782504604245156 0.753577575574094
0 0.7267510775862067 0.7549703663793105 0.7246800915948274 0.7218345905172415 0.6839877424568963 0.7263559626436783 0.6860587284482756 0.7594917385057472
0 0.6219555218857812 0.7592515940734352 0.6209091705427551 0.7278610537826515 0.5813280672437162 0.7302066006448169 0.5823744185867423 0.7615971409356006
0 0.534229266826923 0.7681169871794872 0.5330078125 0.7388020833333333 0.49452524038461537 0.7416526442307693 0.4957466947115384 0.7709675480769231
0 0.438161208941017 0.7783742578729994 0.4376951108350542 0.7510298356565134 0.3995401030911203 0.7521860480123901 0.40000620119708313 0.7795304702288761
0 0.3559269831730769 0.7867888621794871 0.35301983173076923 0.7557792467948716 0.31317608173076916 0.7624198717948717 0.3160832331730769 0.7934294871794871
0 0.27037954522562446 0.7937509442989525 0.26764737358984686 0.7618756085482139 0.23122300878827562 0.7674259879465485 0.2339551804240532 0.7993013236972871
0 0.2156709558823529 0.8020986519607843 0.21371495863970585 0.7681946997549022 0.1774959788602941 0.7719094669117649 0.17945197610294117 0.805813419117647
0 0.13252250555203046 0.8162013536379017 0.1306412595177665 0.7810847609983079 0.09028493813451777 0.784928220177665 0.09216618416878172 0.8200448128172587
0 0.09748916954357963 0.9385858478299856 0.09479731774569584 0.9120262434241989 0.05291021229375898 0.9195734696317551 0.05560206409164276 0.9461330740375419
0 0.23354467401649745 0.918094331641286 0.23197820828045684 0.8888536379018612 0.19127488499365483 0.8927301448815567 0.19284135072969544 0.9219708386209814
0 0.3638883607577434 0.9209963818215338 0.36250345685840707 0.8932983038348081 0.32850741496128316 0.8963201742256636 0.3298923188606195 0.9240182522123893
0 0.4608694608094262 0.9085073002049181 0.45893634733606553 0.8801549692622951 0.4221751728995901 0.8846108691939891 0.4241082863729508 0.9129632001366121
0 0.5426160515361164 0.903771644387117 0.5404302371599438 0.8702558239524704 0.5001016870895872 0.874931597873671 0.5022875014657598 0.9084474183083177
0 0.61083984375 0.8756510416666666 0.578125 0.8756510416666666 0.578125 0.904296875 0.61083984375 0.904296875
0 0.6640625 0.857421875 0.6298828125 0.857421875 0.6298828125 0.884765625 0.6640625 0.884765625
0 0.7274417811300384 0.9032679542546386 0.726434853346929 0.8690324096289189 0.6885412293066219 0.8710137755918108 0.6895481570897313 0.9052493202175306
0 0.853515625 0.8606770833333334 0.8203125 0.8606770833333334 0.8203125 0.8938802083333334 0.853515625 0.8938802083333334
0 0.81689453125 0.84375 0.77978515625 0.84375 0.77978515625 0.876953125 0.81689453125 0.876953125
0 0.9877523270288346 0.868872002576298 0.9871116393244649 0.8338477414040825 0.9519762907810642 0.8349903543648435 0.9526169784854339 0.870014615537059