0 0.94140625 0.003906250000000153 0.900390625 0.003906250000000149 0.900390625 0.04361979166666682 0.94140625 0.04361979166666682
0 0.8597353178879309 0.022880747126436878 0.8381953798491378 -0.01106097341954008 0.8115790005387931 0.018967762212643846 0.8331189385775861 0.052909482758620806
0 0.759765625 0.003906250000000121 0.716796875 0.003906250000000118 0.716796875 0.03776041666666679 0.759765625 0.03776041666666679
0 0.6605815416285453 0.03149183249466301 0.659254738963861 0.002302173871607203 0.6177110733074109 0.005659237763037506 0.6190378759720953 0.034848896386093314
0 0.5482249540441176 0.04032628676470587 0.5473107137902331 0.0037566766093229675 0.5052675846281908 0.005625260127635964 0.5061818248820753 0.04219487028301886
0 0.44990234374999993 0.042447916666666696 0.4412109374999999 0.007682291666666674 0.4037109375 0.02434895833333332 0.41240234375 0.05911458333333334
0 0.36196289062500003 0.05006510416666663 0.353564453125 0.016471354166666657 0.31767578124999996 0.03242187500000001 0.32607421875 0.06601562499999998
0 0.2503678831335616 0.04644691780821917 0.2410972281678082 0.013484589041095896 0.20476375214041093 0.031651327054794544 0.21403440710616434 0.06461365582191782
0 0.18085827773876406 0.049268492509363306 0.17868350596910113 0.0188216877340824 0.14167727352528092 0.02352089185393259 0.14385204529494386 0.053967696629213496
0 0.12445619263131054 0.26132766020737713 0.1212565934153493 0.22378569607343193 0.0765677787162162 0.23055672860360363 0.07976737793217745 0.2680986927375488
0 0.2243006443577246 0.2666324114634749 0.22367522982477792 0.22910753948667326 0.17684505722482727 0.2304951001563014 0.17747047175777395 0.268019972133103
0 0.30700408606758084 0.2425822059663729 0.2673055291993144 0.22317402260855376 0.25726826487512244 0.25967316560561543 0.2969668217433889 0.27908134896343456
0 0.38039931809971095 0.22957309730250489 0.34429472994942195 0.222167027938343 0.3396490019869942 0.26243000361271684 0.3757535901372832 0.26983607297687867
0 0.43915005387931033 0.23531788793103456 0.4029667295258621 0.21464170258620696 0.392510775862069 0.24717133620689666 0.42869410021551724 0.26784752155172425
0 0.4973328354779412 0.22231081495098048 0.4621656709558824 0.2174601715686275 0.459665096507353 0.2496897977941177 0.4948322610294118 0.2545404411764707
0 0.5507968857216378 0.24546117337602935 0.5493941381232845 0.21460072621225987 0.5119930452310156 0.21762303674900885 0.5133957928293689 0.24848348391277833
0 0.6055580697408537 0.21637607977642284 0.5700802686737806 0.21112010924796756 0.5672637195121952 0.24491869918699197 0.6027415205792683 0.2501746697154473
0 0.6859450494856608 0.24759715295095594 0.6845958833385286 0.2116193890274314 0.6473598718048629 0.2141017897963425 0.6487090379519951 0.250079553719867
0 0.787109375 0.21028645833333348 0.7431640625 0.21028645833333348 0.7431640625 0.24869791666666682 0.787109375 0.24869791666666682
0 0.9039058993491921 0.23080420593955733 0.8744582445017953 0.20187317661579907 0.8553495287253141 0.23645085278276498 0.8847971835727109 0.26538188210652325
0 0.9689546767979452 0.25801940639269405 0.968070419520548 0.2261861444063927 0.9341000909674657 0.2278636914954338 0.934984348244863 0.25969695348173516
0 0.9824634374014818 0.5270346488808323 0.9717178633354352 0.5006420108238756 0.9405660737507882 0.5231899728089534 0.9513116478168349 0.5495826108659102
0 0.8980246303111775 0.5674957576692524 0.893799172470028 0.5377163405030561 0.8551309475273272 0.5474704873354491 0.8593564053684767 0.5772499045016456
0 0.88037109375 0.5299479166666666 0.8724609375000001 0.4983072916666667 0.8373046875000001 0.5139322916666668 0.84521484375 0.5455729166666666
0 0.8192810744382024 0.5630340004681649 0.8171545821629215 0.5332631086142322 0.7777288886938202 0.5382695458801497 0.7798553809691011 0.5680404377340825
0 0.7470703125 0.5319010416666669 0.70458984375 0.5319010416666669 0.70458984375 0.5638020833333335 0.7470703125 0.5638020833333335
0 0.6237210821973196 0.5196612176524955 0.6123128104782808 0.48771805683918673 0.5797694518253232 0.5083805067775725 0.591177723544362 0.5403236675908812
0 0.657361260775862 0.5499281609195402 0.6482017780172413 0.5193965517241379 0.6098969558189655 0.539825790229885 0.6190564385775862 0.5703573994252872
0 0.5398485137195121 0.5244061229674796 0.5343037184897381 0.4915480771614118 0.49179042655041644 0.5043020647432083 0.49733522178019035 0.5371601105492761
0 0.49901473761135845 0.5428426016146993 0.46855153379036746 0.5232859769394952 0.4582312908894766 0.5518651111265777 0.4886944947104676 0.5714217358017817
0 0.4165329391891892 0.5251020551801803 0.403931323902027 0.4933646537162162 0.36944942989864865 0.5177048141891891 0.38205104518581084 0.5494422156531532
0 0.35502798605285246 0.5652461723993288 0.35090872745385915 0.5341228852069352 0.31129895920721484 0.5434428306767338 0.3154182178062081 0.5745661178691276
0 0.3251973260309279 0.5247986469072167 0.3127440399484536 0.4950491301546393 0.2812282538659794 0.518502738402062 0.29368153994845364 0.5482522551546393
0 0.22802734375 0.5286458333333334 0.22186804679197664 0.5048298850956429 0.19029736898910732 0.5193451392578817 0.19645666594713068 0.5431610874955721
0 0.24404296875 0.5602864583333333 0.23349609375 0.5321614583333334 0.19990234375 0.5545572916666667 0.21044921875 0.5826822916666666
0 0.1504269376128159 0.5578529256919375 0.1374319579196751 0.5286712169073405 0.10397076658393505 0.5551613267148015 0.11696574627707583 0.5843430354993984
0 0.07749908242449666 0.5712257060961968 0.0732421875 0.5390624999999999 0.03689145081795302 0.5476156145134228 0.041148345742449674 0.5797788206096197
0 0.060331636209845343 0.5340977747620465 0.05549007054952411 0.5054070152934761 0.022318316385336108 0.5153585415427325 0.027159882045657342 0.5440493010113029
0 0.11231609730751951 0.7364197935390454 0.07600716418888559 0.7173098287397645 0.06458857989439792 0.7558792690233672 0.10089751301303185 0.7749892338226482
0 0.197634769892571 0.758454532350085 0.19627768231063364 0.7249797053289634 0.15677633375819372 0.7278266493687789 0.1581334213401311 0.7613014763899005
0 0.27373424551104975 0.7366842196132598 0.24991367403314912 0.708099533839779 0.22721264243784528 0.7417306917587476 0.2510332139157459 0.7703153775322283
0 0.3359375000000001 0.7194010416666666 0.2993164062500001 0.7194010416666666 0.2993164062500001 0.755859375 0.3359375000000001 0.755859375
0 0.4086914062500001 0.716796875 0.3710937500000001 0.716796875 0.3710937500000001 0.755859375 0.4086914062500001 0.755859375
0 0.4949978465930995 0.7212231551978926 0.45356659900250584 0.7196886645463891 0.4528004830859677 0.756462228540221 0.49423173067656134 0.7579967191917246
0 0.619074560928014 0.7279024148959238 0.5803495805778405 0.7153852495302112 0.5742242553393322 0.7490745383420067 0.6129492356895058 0.7615917037077192
0 0.7373960287961895 0.7353613356428021 0.6973028381206698 0.7261445102001539 0.6934433864390879 0.7559909365377214 0.7335365771146075 0.7652077619803697
0 0.8433073391879562 0.7611608500608272 0.8406406820255474 0.7303461450729927 0.805371806569343 0.7357721259124088 0.8080384637317518 0.7665868309002434
0 0.9127276108365812 0.745984276401262 0.8779628558254453 0.7236661620731254 0.8661652630846324 0.7563364188938383 0.9009300180957682 0.7786545332219749
0 0.9958903877440348 0.7434952322848881 0.9538399454311279 0.7260950492588578 0.9456085403674077 0.7614596043474332 0.9876589826803146 0.7788597873734636
0 0.9333920338114753 0.9244428790983606 0.9243148053278687 0.8935130635245901 0.8874567751024589 0.9127433401639345 0.8965340035860654 0.9436731557377049
0 0.9580078125000001 0.9759114583333336 0.9367675781249999 0.9475911458333334 0.9133300781249999 0.9788411458333335 0.9345703125000001 1.0071614583333337
0 0.8429833321549773 0.9153822586726998 0.8143050940328054 0.880620757918552 0.7901119732748869 0.9161040016968327 0.8187902113970588 0.9508655024509806
0 0.85732421875 0.9690104166666669 0.82763671875 0.9492187500000001 0.814453125 0.9843750000000001 0.844140625 1.0041666666666667
0 0.741067325367647 0.9271982230392158 0.7369580375253549 0.88701851969236 0.6919410813894522 0.8952034208079785 0.6960503692317442 0.9353831241548344
0 0.7680513822115387 0.9558894230769233 0.7294095552884616 0.9494491185897438 0.725751201923077 0.9884715544871797 0.764393028846154 0.9949118589743592
0 0.6524493243243245 0.9175112612612613 0.6481207770270272 0.8828828828828831 0.6073426942567568 0.8919446790540543 0.6116712415540541 0.9265730574324325
0 0.682821881823144 0.9792604848981078 0.6791714997270741 0.9427566639374089 0.6443734647925764 0.9489429812590974 0.6480238468886462 0.9854468022197963
0 0.5830440774204245 0.912889934239611 0.5794849345159152 0.8788803464854111 0.5415360266080902 0.8859406084217506 0.5450951695125995 0.9199501961759505
0 0.5712890625 0.9381510416666666 0.53271484375 0.9381510416666666 0.53271484375 0.96875 0.5712890625 0.96875
0 0.5235106831688154 0.9074293244695139 0.521343517072925 0.882145720017459 0.48538736716861397 0.8876247523838302 0.4875545332645044 0.9129083568358851
0 0.44957142053873833 0.9130933795512277 0.44593101714648603 0.8800870554614731 0.40747049640135474 0.8876283340389498 0.41111089979360704 0.9206346581287045
0 0.4370433709187321 0.9665461401731807 0.4332683843243565 0.934332921234509 0.39765410882387986 0.9417525619637749 0.40142909541825544 0.9739657809024466
0 0.3783466045673078 0.9053836137820511 0.36062575120192314 0.8750050080128204 0.3317232572115385 0.9049779647435897 0.34944411057692315 0.9353565705128205
0 0.3080726264941248 0.9111644676863858 0.3061768765194489 0.8816750236358724 0.2716232621302674 0.885624008137493 0.2735190121049432 0.9151134521880064
0 0.3183202572749764 0.9663096675699027 0.31020678089655984 0.9327739652057807 0.27739391272973607 0.9468870267829091 0.28550738910815265 0.9804227291470311
0 0.23459091341277905 0.8909234491210277 0.1959047762423936 0.8826038497295471 0.19127699908088241 0.9208601409313726 0.22996313625126785 0.9291797403228532
0 0.22558593749999997 0.9654947916666669 0.21137640449438197 0.9351811212546818 0.18175035112359553 0.9598694990636704 0.19595988412921353 0.9901831694756554
0 0.17212248501712327 0.913857377283105 0.16245050299657535 0.8794681078767126 0.12584947559931509 0.8977686215753428 0.135521457619863 0.9321578909817352
0 0.1058927169085789 0.887474725592143 0.0669588455914212 0.8853117327411898 0.06579187879116125 0.9226546703495089 0.10472575010831894 0.9248176632004621
0 0.04873574746621624 0.9191828547297298 0.044143264358108114 0.8824429898648649 0.0024941934121621573 0.891698338963964 0.007086676520270285 0.9284382038288289