0 0.8758914460410689 0.027675809271879515 0.8730192033940102 -0.0006636515124342305 0.8286696752824606 0.007327254453610728 0.8315419179295194 0.03566671523792447
0 0.7804100172375444 0.03790684311981024 0.7769152441058718 0.00917204181494663 0.7297625667259786 0.0193672153024911 0.7332573398576513 0.04810201660735471
0 0.6722021732233502 0.027746933164128684 0.636842679251269 0.02437936230964476 0.6354596288071065 0.05019630393401025 0.6708191227791876 0.05356387478849417
0 0.6023424678610503 0.05917071252735229 0.597316483178337 0.02398881974835887 0.560160096416849 0.033425362417943104 0.5651860810995624 0.06860725519693651
0 0.5327103572454058 0.05770243108728945 0.5265391701761102 0.025703683320571713 0.4872691693386294 0.039167683607708004 0.49344035640792494 0.07116643137442574
0 0.4441272474315069 0.06050763413242008 0.44170323202054795 0.029803438926940623 0.4028400577910959 0.035257919520547944 0.4052640732020548 0.06596211472602741
0 0.35436897021812075 0.06659937779642058 0.3500432571308724 0.027667960011185683 0.3031308986996644 0.036934598713646516 0.30745661178691275 0.07586601649888142
0 0.19355805495689654 0.06698096264367816 0.19150727370689655 0.03416846264367816 0.14612742456896552 0.03921066810344828 0.1481782058189655 0.07202316810344828
0 0.0811707352453581 0.06382591456675508 0.07797216926392574 0.03326183963306808 0.035824042606100795 0.04110335156940761 0.03902260858753316 0.07166742650309461
0 0.08394864710365856 0.22873793191056913 0.080834365472561 0.1913665523373984 0.041926686356707314 0.19713065294715448 0.04504096798780488 0.23450203252032523
0 0.17854385983090187 0.19664566755084 0.14317196307194963 0.18791186588196288 0.1381143018484748 0.22432702669098148 0.17348619860742706 0.2330608283598586
0 0.2861328125 0.19921875000000008 0.2421875 0.19921875000000008 0.2421875 0.23111979166666674 0.2861328125 0.23111979166666674
0 0.3751190929878048 0.22603849085365854 0.37245141006097554 0.1940262957317073 0.3287740567835366 0.20049701473577233 0.3314417397103659 0.23250920985772358
0 0.47187303376677847 0.22618673098434003 0.47128190339442433 0.1915070824728962 0.4269821647521941 0.19284949879538804 0.4275732951245482 0.22752914730683185
0 0.576990952947731 0.19298795414640743 0.5324798039910859 0.18790096569421944 0.5302196236831442 0.22305932603997844 0.5747307726397893 0.22814631449216646
0 0.6733393361811332 0.2174269371534997 0.6725343319581601 0.18415342927061676 0.6285874967515592 0.18604361573111575 0.6293925009745323 0.21931712361399866
0 0.761329032492256 0.1765092604543109 0.7181828173399586 0.17520179938908975 0.7175881578310531 0.21008849057821385 0.7607343729833506 0.21139595164343497
0 0.8394952182112069 0.202386404454023 0.8380101697198276 0.16872530531609198 0.8016870959051723 0.17157417385057472 0.8031721443965516 0.20523527298850577
0 0.9444680065004418 0.1660010465772934 0.8958879065078079 0.15968168397662555 0.8934525426303771 0.1929649903015126 0.942032642623011 0.19928435290218047
0 0.970291115419708 0.3702991940389295 0.9693708656478103 0.3249002052919708 0.9290972855839416 0.3263515054744525 0.9300175353558393 0.3717504942214112
0 0.9042848680840165 0.3670113985655737 0.902255699282787 0.337250256147541 0.8588466956967213 0.3425119535519126 0.8608758644979508 0.37227309596994534
0 0.825368155420354 0.3706443584070796 0.8234495990044248 0.3322732300884956 0.7689716710453539 0.3371157125737463 0.7708902274612831 0.37548684089233036
0 0.7226843369745575 0.3755617394911505 0.7208738073838494 0.3393511476769911 0.6783868570243362 0.3431277654867257 0.6801973866150443 0.37933835730088505
0 0.6433692561185941 0.3796804848335524 0.6427263417789094 0.34624893916995186 0.5909024412779238 0.34802069645203676 0.5915453556176085 0.3814522421156373
0 0.5467295634388413 0.3823509030758227 0.5444147331008584 0.34737124463519314 0.4947382980150215 0.35321553111587983 0.4970531283530043 0.3881951895565094
0 0.4284710638580539 0.38307420829396954 0.4280113829269013 0.3548804445166116 0.37711619294697685 0.3563556674145804 0.37757587387812946 0.38454943119193835
0 0.29694410285789347 0.3819674533901604 0.294725057289234 0.35474716108127047 0.24648806960824382 0.36173802886112405 0.2487071151769033 0.388958321170014
0 0.17863281250000002 0.3879427083333333 0.17505859375 0.35458333333333325 0.12556640624999998 0.3640104166666666 0.129140625 0.3973697916666666
0 0.06311470303705444 0.3672021575984991 0.01728680522983117 0.3618887781425892 0.01534100902908071 0.3917243198874296 0.06116890683630398 0.39703769934333955
0 0.10801791487068965 0.6384428879310345 0.10564722521551724 0.600511853448276 0.06511651400862069 0.6050152658045977 0.0674872036637931 0.6429463002873563
0 0.20241911955394187 0.6302872147302904 0.19696455199688795 0.59496239626556 0.1509210483661826 0.607601789419087 0.1563756159232365 0.6429266078838174
0 0.29295765916205585 0.6252244709765096 0.2891594737368957 0.5906187815472724 0.24079545764778687 0.6000556627353912 0.244593643072947 0.6346613521646284
0 0.3861453555045872 0.6248387327981652 0.3849421756948192 0.5903475782514841 0.33697862208243384 0.5933220621964382 0.3381818018922018 0.6278132167431193
0 0.5098085124227391 0.6169312344122749 0.5067752597389394 0.5774989495228801 0.45855454771877036 0.5840932349273475 0.46158780040256997 0.6235255198167425
0 0.5952148437500001 0.5846354166666669 0.5548162864867703 0.5838547682171358 0.5544214164544834 0.6201828111875264 0.5948199737177132 0.6209634596370573
0 0.67578125 0.5872395833333335 0.630859375 0.5872395833333335 0.630859375 0.6184895833333335 0.67578125 0.6184895833333335
0 0.75732421875 0.5800781250000001 0.71142578125 0.5800781250000001 0.71142578125 0.6171875000000001 0.75732421875 0.6171875000000001
0 0.8297801665145985 0.6096211602798054 0.8269852018704379 0.577323791058394 0.7841732721259123 0.5839102417883212 0.7869682367700729 0.6162076110097324
0 0.91552734375 0.5833333333333335 0.86865234375 0.5833333333333335 0.86865234375 0.6139322916666669 0.91552734375 0.6139322916666669
0 1.0006567362947518 0.6113524927108761 0.9990842243439788 0.5746605471928398 0.9540582568399105 0.5780910970979116 0.9556307687906835 0.614783042615948
0 0.9461253446691177 0.7686465992647061 0.9438332950367647 0.7289177389705882 0.8992503446691177 0.7334903492647058 0.9015423943014707 0.7732192095588237
0 0.8456046594440609 0.7728961642495397 0.844111489986188 0.7350692046500923 0.7993649646063536 0.7382093116942912 0.8008581340642266 0.7760362712937385
0 0.7392117086909873 0.7458310979971389 0.6988562064109443 0.733019827432046 0.6922602182805795 0.7699573609620889 0.7326157205606224 0.7827686315271819
0 0.5750952908737026 0.7826926542675894 0.5744495431444638 0.7499747693194926 0.530842817365917 0.7515048298731258 0.5314885650951557 0.7842227148212225
0 0.5003611438679246 0.7536532036163522 0.4635338664504718 0.7469135711477989 0.4597818396226416 0.7833618317610065 0.4966091170400944 0.79010146422956
0 0.4365201233738688 0.7902717878016592 0.4351303998161765 0.7513595281862746 0.39993769442873306 0.7535939856711917 0.40132741798642535 0.7925062452865763
0 0.3408203125000001 0.7578125 0.2993164062500001 0.7578125 0.2993164062500001 0.7916666666666666 0.3408203125000001 0.7916666666666666
0 0.25466826646806195 0.7695788218807967 0.21519486828574885 0.7551476870614565 0.207735613129083 0.791420143509557 0.2472090113113961 0.8058512783288974
0 0.16330172184844197 0.7880462848205857 0.15226905541784702 0.7567870632672333 0.11784315244334279 0.7783876298394712 0.12887581887393773 0.8096468513928236
0 0.06005859375000007 0.7688802083333334 0.02441406250000007 0.7688802083333334 0.024414062500000073 0.8072916666666666 0.06005859375000007 0.8072916666666666
0 0.07328825176886795 0.9471550707547172 0.0663601857311321 0.9148240959119498 0.02702130011792453 0.9298103380503147 0.03394936615566038 0.962141312893082
0 0.17146880507727763 0.9442907458875633 0.16278460124050975 0.9069808331073753 0.12494227477630153 0.9226397268167029 0.13362647861306942 0.959949639596891
0 0.29458852621408504 0.9194713102488029 0.2539767015732356 0.9181175827607747 0.25329109492114316 0.9546832708723717 0.2939029195619926 0.9560369983603999
0 0.3966947361680327 0.9498053278688524 0.39500608350409827 0.9059003586065574 0.35338627049180327 0.9087461577868853 0.3550749231557377 0.9526511270491803
0 0.4911692549542683 0.9441612677845529 0.4881085651676829 0.9074329903455286 0.4467892530487805 0.9135543699186993 0.44984994283536583 0.9502826473577236
0 0.55517578125 0.908203125 0.5166015625 0.908203125 0.5166015625 0.947265625 0.55517578125 0.947265625
0 0.7101494725946372 0.9344937072818086 0.7048211997239748 0.8998599336225026 0.6671918128943218 0.9101517317297582 0.6725200857649842 0.9447855053890643
0 0.7843089384191176 0.9111711090686275 0.7487649356617648 0.8827359068627453 0.7318761488970589 0.9202665441176473 0.7674201516544117 0.9487017463235295
0 0.8646761012158702 0.9249880012798636 0.8610664862414675 0.8840790315699657 0.8114034502986347 0.8918693117178611 0.8150130652730374 0.9327782814277588
0 0.9663672230328988 0.9165553302506572 0.9615501463955427 0.8798537939660399 0.9183302972445421 0.8899384254346069 0.923147373881898 0.9266399617192239