0 0.09888910492081449 0.05405118778280544 0.09785399285916291 0.025068050056561087 0.05832309636595023 0.027577948246606337 0.05935820842760182 0.05656108597285069
0 0.21826171875 0.018880208333333367 0.17041015625 0.018880208333333363 0.17041015625 0.050781250000000035 0.21826171875 0.050781250000000035
0 0.31298828125 0.013020833333333382 0.26708984375 0.013020833333333377 0.26708984375 0.04687500000000005 0.31298828125 0.046875000000000056
0 0.40544864430147065 0.03819316789215687 0.4038315716911765 0.010163909313725494 0.3580911075367647 0.014855238970588236 0.35970818014705885 0.04288449754901961
0 0.4970703125 7.941069088221118e-17 0.44921875 7.550394002555622e-17 0.44921875 0.031250000000000076 0.4970703125 0.031250000000000076
0 0.6201171875 9.810728426763139e-17 0.5771484375 9.459918145757387e-17 0.5771484375 0.027994791666666765 0.6201171875 0.02799479166666677
0 1.0002916929557601 0.08507537237727648 0.9619146424064726 0.08331091028305637 0.9610221663450118 0.11781998465954095 0.9993992168942994 0.11958444675376105
0 0.8808194502759117 0.11355141354766478 0.8798252684141075 0.07974923024632118 0.8351444412787907 0.08208548264555342 0.836138623140595 0.11588766594689703
0 0.7719074104645743 0.11190431103687591 0.7700765833786514 0.07935627395380156 0.7250054017440958 0.08386339211725712 0.7268362288300187 0.11641142920033147
0 0.6515138101983003 0.08488808722851758 0.6111720963172804 0.08360739789896139 0.6105446618271954 0.11874372934372059 0.6508863757082153 0.12002441867327679
0 0.5265648659148868 0.11697352997821697 0.5261542551601849 0.08631459362713845 0.4797823233782275 0.0874186872409946 0.48019293413292946 0.11807762359207312
0 0.39028773810865647 0.12923969604749025 0.3887443026516006 0.09699904427787798 0.34528771169127603 0.10069747755109708 0.3468311471483319 0.13293812932070936
0 0.2812289967894597 0.13955736572757438 0.2802944407105404 0.10653638427242564 0.23845396235113756 0.10864156557352767 0.23938851843005687 0.1416625470286764
0 0.19227508859536085 0.14397551546391754 0.19110824742268043 0.10974817439862544 0.1501328930412371 0.112231529209622 0.1512997342139175 0.14645887027491408
0 0.11638960174116424 0.14735874696812198 0.11552927251169438 0.11179847215003465 0.07652311265592515 0.11347615644490644 0.077383441885395 0.14903643126299376
0 0.11546391752577319 0.28342595575601376 0.11415411565721649 0.24500510094501715 0.06810667686855669 0.24779585481099656 0.0694164787371134 0.28621670962199314
0 0.20952306941783141 0.2694992556169222 0.208045677412083 0.2386381781635107 0.1639579312020965 0.24239032677712657 0.16543532320784493 0.27325140423053806
0 0.31578895498853216 0.26580776949541285 0.31501845613532115 0.23190581995412843 0.26953169796444953 0.23374366876911312 0.27030219681766054 0.2676456183103975
0 0.42898371104815863 0.26202011036355055 0.42827660233711046 0.22242202254485366 0.38671487694759205 0.22374144239848917 0.3874219856586402 0.2633395302171861
0 0.5458984375 0.21549479166666674 0.50439453125 0.21549479166666674 0.50439453125 0.2532552083333334 0.5458984375 0.2532552083333334
0 0.6686187606052036 0.2510204562594268 0.6680323812217195 0.2142740148944193 0.6248130832861991 0.2155000942684766 0.6253994626696833 0.25224653563348415
0 0.7889104123975409 0.23084229849726778 0.7870573450307375 0.20366397711748632 0.7470382940573771 0.2085147711748634 0.7488913614241804 0.2356930925546448
0 0.8623046875 0.20572916666666682 0.82470703125 0.20572916666666682 0.82470703125 0.23763020833333348 0.8623046875 0.23763020833333348
0 0.953125 0.20963541666666682 0.91015625 0.20963541666666682 0.91015625 0.24283854166666682 0.953125 0.24283854166666682
0 0.8866246774655964 0.34137877484709483 0.885659182322585 0.31370124741410327 0.8483919657312465 0.31601239262907 0.8493574608742579 0.3436899200620615
0 0.75927734375 0.3079427083333335 0.71923828125 0.3079427083333335 0.71923828125 0.33789062500000017 0.75927734375 0.33789062500000017
0 0.6316845679059883 0.3108561919870217 0.5918760492391573 0.30849716865861687 0.5905558368500493 0.34810354033185487 0.6303643555168803 0.3504625636602597
0 0.431640625 0.3411458333333333 0.3955078125 0.3411458333333333 0.3955078125 0.3756510416666667 0.431640625 0.3756510416666667
0 0.29938400996887043 0.3750065625308825 0.2981406516361548 0.3429555477319894 0.25344778966239256 0.3460378140750075 0.2546911479951082 0.3780888288739006
0 0.16650604470802918 0.37502471107055957 0.1639997718978102 0.34606333637469583 0.12102104242700729 0.35267544860097316 0.12352731523722627 0.38163682329683696
0 0.08795668658088239 0.36278722426470594 0.04878791360294121 0.3587699142156863 0.046915211397058856 0.3912300857843138 0.08608398437500003 0.3952473958333334
0 0.4989523622411242 0.31940797583826436 0.4679675943047337 0.316558801775148 0.466223650147929 0.35027505547337284 0.4972084180843195 0.3531242295364892
0 0.5460773647231543 0.35789289709172256 0.5432564754614093 0.33250489373601794 0.5161106596057047 0.3378670302013423 0.5189315488674496 0.36325503355704697
0 0.13524872150218614 0.5771974384499272 0.13454085093301063 0.5394443414272331 0.09623471414350407 0.54072121265355 0.09694258471267958 0.578474309676244
0 0.22021484375000006 0.5325520833333334 0.18212890625000006 0.5325520833333334 0.18212890625000006 0.5690104166666666 0.22021484375000006 0.5690104166666666
0 0.3301809067793668 0.5629100423493474 0.32979906840113854 0.5323629720910857 0.2834008239898639 0.5333940441891141 0.28378266236809213 0.5639411144473757
0 0.43712439903846156 0.5519831730769231 0.43537893113057324 0.5258011544585988 0.39227333797770697 0.5309099654989384 0.3940188058855953 0.5570919841172628
0 0.5036311091420018 0.55160027394939 0.5029263778665838 0.5295186939862931 0.460947870184704 0.5319004532873927 0.461652601460122 0.5539820332504896
0 0.5796863934135977 0.5522817811614731 0.5792495684313032 0.5278195821529745 0.5364329740616148 0.5291788391170916 0.5368697990439094 0.5536410381255902
0 0.67822265625 0.5175781250000001 0.63623046875 0.5175781250000001 0.63623046875 0.5475260416666669 0.67822265625 0.5475260416666669
0 0.781087712037373 0.5120003326076441 0.7393173417089987 0.5074846168964685 0.737145588602141 0.5431978902092406 0.7789159589305154 0.5477136059204162
0 0.8756191607603094 0.5163431593642612 0.8320523920747422 0.5137027491408935 0.8310597213273195 0.5428210910652922 0.8746264900128867 0.5454615012886599
0 0.9936557112068964 0.5155486709770117 0.9488314924568966 0.5120330459770116 0.9474693561422414 0.5429081357758622 0.9922935748922412 0.5464237607758623
0 0.91064453125 0.5911458333333335 0.86181640625 0.5911458333333335 0.86181640625 0.6263020833333335 0.91064453125 0.6263020833333335
0 0.8048747808176403 0.6318757205995388 0.804379743946964 0.5982132133935435 0.7615327827752691 0.5993333953849603 0.7620278196459455 0.6329959025909557
0 0.721608214098694 0.6355511104608181 0.7205560871272796 0.6039873013183835 0.6794155641633811 0.6064252582347626 0.6804676911347955 0.6379890673771973
0 0.6394377969212736 0.6403563569430734 0.6388808285260366 0.6069382532288582 0.5919096665227048 0.6083299913622903 0.5924666349179418 0.6417480950765054
0 0.5330305694994344 0.639577146964555 0.5325135658229637 0.6071782499057314 0.48261718749999993 0.6085937499999999 0.4831341911764705 0.6409926470588235
0 0.41015625 0.6399739583333331 0.40719876254562043 0.6057985477493917 0.35752951072080286 0.613439971107056 0.3604869981751824 0.6476153816909974
0 0.25769342607724116 0.6521502440190324 0.25467749466382067 0.6175675638118107 0.20812532308898077 0.6247849547536463 0.21114125450240126 0.659367634960868
0 0.1309308378208911 0.6642563332964493 0.12896849181174386 0.6339053816883052 0.08998523485910297 0.6383862158207927 0.09194758086825022 0.6687371674289367
0 0.8934289913366337 0.7313969678217821 0.8909875850866337 0.6988448844884488 0.8457853109529703 0.7048718543729372 0.8482267172029703 0.7374239377062706
0 0.03384805620733788 0.5903170328498293 0.030808380439419795 0.5558673741467576 -0.002763038609215014 0.5611334790955631 0.00027663715870306776 0.5955831377986348
0 0.7166662637076157 0.7375212341899893 0.7151005049952907 0.7075978454655546 0.673119617868676 0.7115030442680302 0.674685376581001 0.741426432992465
0 0.5925868184347179 0.7344824122156282 0.5913801696958456 0.7015006800197825 0.5473253199183976 0.7043660361028685 0.5485319686572699 0.7373477682987142
0 0.4577208214592443 0.7294854778263585 0.45719624697454725 0.7015081719758486 0.4190487024711118 0.7027797567926296 0.41957327695580887 0.7307570626431397
0 0.30880253232758625 0.7088990660919539 0.26916082974137934 0.7044944324712642 0.2671033135775862 0.7374146910919541 0.3067450161637931 0.7418193247126438
0 0.04453988982908848 0.7785418063002681 0.04209246188002681 0.743462005697051 -0.0015771615281501353 0.7488783930965148 0.0008702664209115293 0.783958193699732
0 0.04687500000000007 0.8131510416666666 0.006835937500000076 0.8131510416666666 0.006835937500000078 0.849609375 0.046875000000000076 0.849609375
0 0.13968633658619142 0.8039342189380266 0.10526515258348382 0.7939570641546331 0.09855789570171489 0.8350949063628158 0.1329790797044225 0.8450720611462094
0 0.21435546875000006 0.7897135416666666 0.17431640625000006 0.7897135416666666 0.17431640625000006 0.826171875 0.21435546875000006 0.826171875
0 0.31867091444672124 0.8072536714480876 0.31724161116803273 0.7700917862021858 0.2703646900614754 0.7732970457650272 0.2717939933401639 0.810458931010929
0 0.40829711793558743 0.7730062571980917 0.36217189235254205 0.7716395838474829 0.3616223951906467 0.8046094135612045 0.4077476207736921 0.8059760869118132
0 0.5275638767930327 0.8007545679644809 0.5253746157786885 0.7686454064207652 0.4839907786885246 0.7736616290983608 0.4861800397028688 0.8057707906420766
0 0.6077582277711755 0.8062636172932872 0.6071091555477529 0.7768390098314605 0.5684821838537165 0.7783537930351482 0.5691312560771391 0.8077784004969749
0 0.6845256597016033 0.8101223834619953 0.6837584434382422 0.7804566879453683 0.6460877189726841 0.782188675277118 0.6468549352360452 0.811854370793745
0 0.8433817059513651 0.8093025632821388 0.8409386332124572 0.7816144055745164 0.8005396091083617 0.7879515073947667 0.8029826818472696 0.815639665102389
0 0.9326171875 0.7786458333333336 0.88623046875 0.7786458333333335 0.88623046875 0.8105468750000001 0.9326171875 0.8105468750000003
0 0.923774245689655 0.9470545977011495 0.9215247844827585 0.9110632183908048 0.8789331896551723 0.9157956178160922 0.8811826508620688 0.9517869971264369
0 0.8257984834558822 0.9629289215686274 0.8119686351102939 0.9321959252450979 0.7782915900735293 0.9591375612745097 0.7921214384191176 0.9898705575980391
0 0.7275688357469512 0.9189135543699187 0.6878036871189024 0.9130224212398375 0.6848204077743902 0.9488217733739838 0.724585556402439 0.954712906504065
0 0.7953158674568965 0.9149200790229886 0.7593514278017242 0.9109240301724139 0.7569908405172414 0.9486934267241379 0.7929552801724138 0.9526894755747127
0 0.6639684053875062 0.9688568491251849 0.6629013580427552 0.9368454287826515 0.6235909873244211 0.9391749322326269 0.6246580346691721 0.9711863525751602
0 0.560546875 0.9186197916666666 0.525390625 0.9186197916666666 0.525390625 0.94140625 0.560546875 0.94140625
0 0.6363737392198653 0.9344910619878405 0.6336879987361222 0.9136019693365055 0.6035334370043617 0.9204944405894793 0.6062191774881047 0.9413835332408143
0 0.47729492187500006 0.9352213541666669 0.44097828584558835 0.9302121629901962 0.438184742647059 0.9662178308823529 0.4745013786764707 0.9712270220588235
0 0.4264302884615385 0.9452644230769228 0.4249384014423077 0.9094591346153845 0.38999849759615385 0.9120472756410255 0.39149038461538466 0.9478525641025639
0 0.3319723195043103 0.9758777837643678 0.3302633351293103 0.9371408045977011 0.29588665140086207 0.9398370150862068 0.2975956357758621 0.9785739942528736
0 0.296583222179878 0.95092574949187 0.29398104039634143 0.9196995680894308 0.2611292397103658 0.9245665015243901 0.2637314214939024 0.9557926829268294
0 0.2177734375000001 0.951171875 0.1845703125000001 0.951171875 0.1845703125000001 0.9850260416666666 0.2177734375000001 0.9850260416666666
0 0.0949647939888536 0.9566008160828026 0.05469807424363066 0.954683353237792 0.054115868829617914 0.9764190220276009 0.09438258857484086 0.9783364848726115
0 0.1705572897433531 0.9421649972304285 0.13775950309268842 0.9404830594534713 0.13681395402511087 0.9732620937961597 0.16961174067577556 0.9749440315731168