0 0.08273207720588237 0.07001378676470589 0.0820599724264706 0.035960477941176475 0.049123797037197235 0.03711613321799307 0.04979590181660899 0.0711694420415225
0 0.16458812249635832 0.08067368824350572 0.16326517548252 0.048040995235494044 0.12593495368262927 0.050731461671522204 0.12725790069646759 0.08336415467953388
0 0.27060157224127185 0.0678122402327515 0.22927422654301746 0.06505708385286786 0.22807361479114713 0.09707339723607651 0.26940096048940154 0.09982855361596014
0 0.37790677986358995 0.10298642539945607 0.37503087550994385 0.06924248098334185 0.332500358554309 0.07568649870389259 0.3353762629079551 0.10943044312000681
0 0.52490234375 0.07356770833333341 0.48779296875 0.07356770833333341 0.48779296875 0.10872395833333341 0.52490234375 0.10872395833333341
0 0.6292164266874384 0.08034773208703531 0.5877763874321323 0.07911987907206329 0.5872235161648569 0.11229215510858846 0.628663555420163 0.1135200081235605
0 0.7512553512031866 0.12126784589903639 0.750579713678548 0.08613469461782743 0.708752746181012 0.08756467641261496 0.7094283837056506 0.12269782769382394
0 0.9050628477474071 0.12652097288245462 0.9043272606957649 0.09317435987467589 0.8686417931611927 0.09457378997407088 0.869377380212835 0.1279204029818496
0 0.9420260784865039 0.32331900706940875 0.9401906932840618 0.2874270297772065 0.9027449188624679 0.2908311910882605 0.90458030406491 0.3267231683804627
0 0.8113651931881244 0.3172379358583056 0.8104384884850167 0.2801697477339993 0.7723135318396226 0.28186419025157233 0.7732402365427303 0.3189323783758787
0 0.65576171875 0.27213541666666674 0.619140625 0.27213541666666674 0.619140625 0.30729166666666674 0.65576171875 0.30729166666666674
0 0.5299714015448557 0.29166176547469685 0.5188653005410915 0.25666071988707656 0.487421703458281 0.27439813362609794 0.49852780446204514 0.3093991792137182
0 0.419921875 0.25976562500000006 0.38525390625 0.25976562500000006 0.38525390625 0.29752604166666674 0.419921875 0.29752604166666674
0 0.3897762840102523 0.2687816278916929 0.38703374531742896 0.23830897574921137 0.3548025618592271 0.24346596510252363 0.35754510055205047 0.2739386172450052
0 0.2568359375 0.25651041666666674 0.220703125 0.2565104166666667 0.220703125 0.29296875000000006 0.2568359375 0.29296875000000006
0 0.22113994134271306 0.2646304353719367 0.21838752185670135 0.22884898205378443 0.1805617680546519 0.23402173471047494 0.18331418754066361 0.2698031880286272
0 0.11934570312500002 0.22139322916666668 0.08482421875000001 0.21481770833333333 0.08079101562500002 0.2524609375 0.11531250000000001 0.25903645833333333
0 0.04638671875000003 0.23177083333333334 0.01220703125000002 0.23177083333333334 0.012207031250000023 0.2669270833333333 0.04638671875000003 0.2669270833333333
0 0.054687500000000035 0.3665364583333333 0.019042968750000035 0.3665364583333333 0.019042968750000035 0.4010416666666667 0.05468750000000004 0.4010416666666667
0 0.17803630303899085 0.4169306670489297 0.17724967746559633 0.38231914181957194 0.14163784762041284 0.3837580036314985 0.14242447319380735 0.41836952886085627
0 0.31005859375 0.38671875 0.275390625 0.38671875 0.275390625 0.4251302083333333 0.31005859375 0.4251302083333333
0 0.4392387288902292 0.4049384926618416 0.4054448365877563 0.38825015078407726 0.3958205716601326 0.42289750452352237 0.4296144639626055 0.4395858464012868
0 0.5366783405172414 0.4312544899425288 0.534412042025862 0.3949937140804598 0.4993770204741379 0.3988864942528736 0.5016433189655172 0.4351472701149426
0 0.6177892127403847 0.4220823317307694 0.5948279747596154 0.38786558493589757 0.574560546875 0.41204427083333345 0.5975217848557692 0.44626101762820536
0 0.711772924270073 0.4125617776763992 0.6747433850364963 0.41122737986618013 0.6739895785812043 0.4484151649939174 0.711019117814781 0.4497495628041364
0 0.7911332169933433 0.44658723187869825 0.789168246116864 0.4107810959072979 0.7513562083949704 0.4144700751972387 0.7533211792714497 0.4502762111686391
0 0.8699051530393836 0.4343259489155252 0.8449727097602739 0.40741474029680363 0.8267451038099314 0.4374366795091325 0.8516775470890411 0.46434788812785405
0 1.0001953125 0.4356770833333335 0.9677734375 0.41406250000000017 0.952734375 0.45416666666666683 0.9851562500000001 0.4757812500000002
0 0.9750000000000001 0.6065104166666667 0.9598632812500001 0.5661458333333335 0.9229492187500001 0.5907552083333335 0.9380859375 0.6311197916666668
0 0.8701171875 0.5683593750000001 0.8291015625 0.5683593750000001 0.8291015625 0.6067708333333335 0.8701171875 0.6067708333333335
0 0.782921424278846 0.5852113381410257 0.7743663900702662 0.5575093226084813 0.7427595691568047 0.5748620870315581 0.7513146033653846 0.6025641025641025
0 0.6946329333118555 0.5908974978522337 0.692564030283505 0.5623926116838489 0.6583113522873711 0.5668123120704468 0.6603802553157216 0.5953171982388316
0 0.5903078589108912 0.5543587561881189 0.5503751547029703 0.5490343956270628 0.547474474009901 0.5877101382013202 0.5874071782178218 0.5930344987623765
0 0.45735096886726084 0.5735872517979989 0.4555590774507505 0.5461115834115072 0.420582383032364 0.550166852329581 0.4223742744488743 0.5776425207160726
0 0.375 0.5397135416666666 0.34130859375 0.5397135416666666 0.34130859375 0.5807291666666666 0.375 0.5807291666666666
0 0.2854162978045326 0.5672970520538243 0.28481403815509915 0.5335705116855524 0.24439099017351273 0.5348537830500472 0.24499324982294618 0.5685803234183191
0 0.17919921875000006 0.5286458333333334 0.14257812500000006 0.5286458333333334 0.14257812500000006 0.5618489583333334 0.17919921875000006 0.5618489583333334
0 0.06297626201923076 0.5452844551282051 0.06169020432692307 0.5144190705128204 0.024586838942307686 0.5171674679487178 0.02587289663461538 0.5480328525641025
0 0.90283203125 0.7233072916666666 0.86279296875 0.7233072916666666 0.86279296875 0.7610677083333334 0.90283203125 0.7610677083333334
0 0.7621861320525292 0.7521583171206224 0.76034890260214 0.7129640888456549 0.7187632994892996 0.716429555771725 0.7206005289396887 0.7556237840466925
0 0.6340451798349056 0.7252186517295597 0.6100272700471698 0.6902835102201258 0.5835384728773586 0.7226587067610063 0.6075563826650944 0.7575938482704402
0 0.5442806940009124 0.7392017373783456 0.543517264484489 0.7015392145681266 0.506830591354927 0.7028612568430658 0.5075940208713504 0.7405237796532848
0 0.47676221295493926 0.7303491478913924 0.47555970401863074 0.6918688619295206 0.4373366754224436 0.6939923635181976 0.4385391843587521 0.7324726494800694
0 0.37700684787591693 0.6941839216585167 0.3417168876069682 0.687125929604727 0.33737249770782396 0.7257427287082314 0.37266245797677267 0.7328007207620212
0 0.2706745426829268 0.7004731961382115 0.25095274390243905 0.667603531504065 0.22076267149390244 0.6998062754065041 0.24048447027439018 0.7326759400406503
0 0.16406250000000006 0.6907552083333335 0.14184570312500006 0.6611328125000001 0.12011718750000003 0.6901041666666669 0.14233398437500003 0.7197265625000001
0 0.09375000000000006 0.6673177083333334 0.05468750000000006 0.6673177083333334 0.05468750000000007 0.703125 0.09375000000000006 0.703125
0 0.07409490319646571 0.9206622487872488 0.07323203612266113 0.8849970764033265 0.03416293772739085 0.8866774677321553 0.03502580480119543 0.9223426401160776
0 0.1889128486507744 0.9246077363665698 0.1865234375 0.890625 0.15076593507986447 0.895094687802517 0.15315534623063892 0.9290774241690868
0 0.3065059267241379 0.935344827586207 0.30414197198275855 0.8975215517241381 0.26534886853448275 0.9018318965517241 0.26771282327586204 0.9396551724137931
0 0.4118989089439655 0.9470523527298851 0.41021854795258617 0.9089641702586208 0.3728077855603448 0.9118983477011495 0.37448814655172413 0.9499865301724139
0 0.5520697783949658 0.95628390757717 0.5500095289193598 0.919657250233064 0.5082522262468926 0.9238329805003108 0.5103124757224985 0.9604596378444169
0 0.6883850990853659 0.9322878556910572 0.6459918064024391 0.9305214684959352 0.6451219512195123 0.9676352896341465 0.6875152439024391 0.9694016768292685
0 0.8152169709158417 0.9711221122112211 0.8122776144801981 0.9319306930693071 0.7646097617574258 0.9382864067656765 0.7675491181930694 0.9774778259075907
0 0.908203125 0.9459635416666669 0.87060546875 0.9459635416666666 0.87060546875 0.9798177083333334 0.908203125 0.9798177083333335
0 0.9850172334558823 0.9813679534313726 0.9822702205882352 0.9459620098039218 0.9402228860294117 0.9517616421568628 0.9429698988970588 0.9871675857843137