0 0.8623046875 1.3825114255999417e-16 0.828125 1.3546060623381206e-16 0.828125 0.036458333333333474 0.8623046875 0.036458333333333474
0 0.7298657943277639 0.045316322480741224 0.7292042815037477 0.010035638533208416 0.693740606456902 0.011217761034769924 0.6944021192809182 0.04649844498230274
0 0.5717823775773196 0.03240442439862552 0.5349931539948454 0.030174774484536166 0.533788055734536 0.06552432345360833 0.5705772793170103 0.06775397336769769
0 0.43731445312499995 0.053164062500000074 0.4062109374999999 0.04723958333333339 0.4026171874999999 0.08078125000000004 0.43372070312499994 0.08670572916666673
0 0.3252770485243598 0.054234495367478715 0.29327800495783884 0.05316786058192802 0.29261923700031234 0.08830215165001047 0.3246182805668333 0.08936878643556118
0 0.23333827486810757 0.05178152300317679 0.19275542194945544 0.04466172424551853 0.18985033132658272 0.07409997589062858 0.23043318424523485 0.08121977464828685
0 0.10222861888556259 0.09085870424762765 0.10132619217408495 0.06258266728799518 0.06292539821509263 0.06476143573956922 0.06382782492657027 0.09303747269920169
0 0.9581054687499999 0.14414062500000013 0.9267623197115384 0.14181891025641039 0.9251667668269231 0.1801121794871796 0.9565099158653846 0.18243389423076936
0 0.7724609375 0.15885416666666677 0.734375 0.15885416666666677 0.734375 0.19661458333333348 0.7724609375 0.19661458333333348
0 0.54736328125 0.18750000000000008 0.51513671875 0.18750000000000008 0.51513671875 0.22265625000000008 0.54736328125 0.22265625000000008
0 0.47564518960674157 0.19838922050561805 0.44532127808988775 0.19453856507490644 0.4429358321629215 0.22793480805243452 0.4732597436797753 0.23178546348314613
0 0.3857855207856816 0.2369559364516621 0.3842398180180695 0.20295047556419643 0.35009676278019214 0.2057095103308936 0.3516424655478042 0.23971497121835927
0 0.18463792067307697 0.22063301282051284 0.14894080528846154 0.2146834935897436 0.14581580528846153 0.24801682692307694 0.18151292067307695 0.2539663461538462
0 0.9935899242912372 0.2882893041237115 0.9584175660438145 0.2861576460481101 0.957140987435567 0.3236039518900345 0.9923133456829897 0.32573560996563594
0 0.876953125 0.2897135416666668 0.83935546875 0.2897135416666668 0.83935546875 0.32617187500000017 0.876953125 0.32617187500000017
0 0.7493323942201326 0.3323510094026548 0.7476968680862831 0.2996404867256637 0.7124045042865044 0.30277758573008845 0.7140400304203539 0.33548810840707954
0 0.6377335695876288 0.3126798754295534 0.6028712951030928 0.31056701030927847 0.6016873389175258 0.3452963917525775 0.6365496134020618 0.3474092568728524
0 0.53759765625 0.3255208333333334 0.5009765625 0.3255208333333334 0.5009765625 0.3580729166666668 0.53759765625 0.3580729166666668
0 0.460199554581448 0.3654052366138763 0.4589932126696833 0.33162766308446456 0.4293914380656109 0.33350714083710414 0.43059777997737564 0.3672847143665159
0 0.38429439097568585 0.3400401989817124 0.34837345113778057 0.33764546965918535 0.3470669030548628 0.37248675187032426 0.3829878428927681 0.3748814811928513
0 0.28387028155940597 0.34787541254125415 0.24582301980198026 0.3428024443069307 0.24310604888613868 0.37902872318481856 0.2811533106435644 0.38410169141914197
0 0.16175162438118815 0.3589366749174918 0.12998917079207925 0.35470168110561057 0.12766379176980203 0.38570673473597367 0.15942624535891092 0.38994172854785486
0 0.05296921306096532 0.3705270515805814 0.020047232218458964 0.3640717612193057 0.01587968353090604 0.4018575359864522 0.04880166437341239 0.40831282634772786
0 0.9124626297382671 0.5040312876052949 0.9098565828068591 0.47189004211793023 0.8741411890794223 0.47703820697954286 0.8767472360108303 0.5091794524669074
0 0.8182513127561476 0.5146911287568307 0.815949987192623 0.4809383538251366 0.7797611424180328 0.4853248804644809 0.7820624679815574 0.5190776553961749
0 0.7255472117456897 0.5232107579022988 0.7242238011853449 0.493213451867816 0.687414129849138 0.49610048491379305 0.6887375404094828 0.5260977909482758
0 0.648622012867647 0.5287288602941178 0.6470647977941176 0.4968924632352942 0.6082734375000001 0.500265625 0.6098306525735294 0.5321020220588236
0 0.5288375576541336 0.5365532072240387 0.5259343253736573 0.500940224583528 0.4862054275163475 0.5066980358671961 0.4891086597968239 0.5423110185077067
0 0.4238338247811284 0.5496007619974059 0.42201559460116733 0.5108118514915694 0.3861753708657587 0.5137985368028534 0.38799360104571984 0.5525874473086899
0 0.31164503283073924 0.5572815337224384 0.309876200753891 0.5195464494163424 0.27747104511186765 0.5222468790531777 0.2792398771887159 0.5599819633592736
0 0.19580078125000006 0.529296875 0.16113281250000006 0.529296875 0.16113281250000006 0.5657552083333334 0.19580078125000006 0.5657552083333334
0 0.07175713900862069 0.5758485991379311 0.06937297952586208 0.5377020474137932 0.036722117456896554 0.5413299209770116 0.039106276939655175 0.5794764727011495
0 0.1134466889520813 0.7436723539851565 0.11116079531703774 0.7111618667312035 0.07894274110600193 0.715189123507583 0.0812286347410455 0.747699610761536
0 0.17026727299762096 0.7173131649814963 0.16565783604282316 0.6814619886664023 0.13105801757038066 0.6893705186029605 0.13566745452517845 0.7252216949180545
0 0.29848500844594605 0.6759220157657659 0.26673353040540554 0.6688661317567569 0.26190350506756765 0.7075063344594597 0.2936549831081082 0.7145622184684686
0 0.3603542380136987 0.6985338184931508 0.3303363120719179 0.6943207762557079 0.32777049443493156 0.7268211329908677 0.35778842037671243 0.7310341752283106
0 0.9599609375 0.66796875 0.938232421875 0.6389973958333335 0.923583984375 0.6585286458333335 0.9453125 0.6875
0 0.8584239783653846 0.6295953525641026 0.826512920673077 0.6272315705128205 0.8251277043269232 0.6604767628205129 0.8570387620192308 0.662840544871795
0 0.7565509226527148 0.6481546945701361 0.7234925144937783 0.6272756999434392 0.7128342848557693 0.6572766426282055 0.7458926930147058 0.6781556372549024
0 0.71826171875 0.6647135416666669 0.68701171875 0.6647135416666669 0.68701171875 0.6966145833333334 0.71826171875 0.6966145833333334
0 0.6396663212749722 0.6483731906677767 0.6071991407117092 0.646930204864965 0.606393828905383 0.679142677118017 0.638861009468646 0.6805856629208288
0 0.6009564961472603 0.6696025970319637 0.5672570633561644 0.6679384275114156 0.5662437125428084 0.7044190567922376 0.5999431453339042 0.7060832263127854
0 0.5096269733384542 0.6588638522800777 0.47686222762370645 0.6532630410467876 0.4740433982858992 0.6825788661599831 0.5068081440006469 0.6881796773932732
0 0.4905976086128049 0.6857453633130081 0.4567275628810976 0.6807275787601625 0.4542266101371952 0.710739011686992 0.48809665586890244 0.7157567962398375
0 0.9853372012867648 0.8426968443627455 0.9492675781250002 0.8389973958333337 0.9469726562500003 0.8787760416666669 0.9830422794117649 0.8824754901960787
0 0.921875 0.8476562500000001 0.888671875 0.84765625 0.888671875 0.8795572916666666 0.921875 0.8795572916666669
0 0.8405049559956688 0.8764723194500403 0.8361210481088839 0.8446483955311578 0.7969452322345891 0.8542424728881279 0.801329140121374 0.8860663968070105
0 0.708984375 0.8587239583333334 0.67138671875 0.8587239583333334 0.67138671875 0.8958333333333334 0.708984375 0.8958333333333334
0 0.5888212316176471 0.9020680147058823 0.5826746323529413 0.865188419117647 0.5463292738970589 0.8759574142156862 0.5524758731617647 0.9128370098039215
0 0.5115571120689654 0.9173356681034485 0.5092335668103447 0.8801589439655175 0.47448141163793095 0.8840202945402301 0.47680495689655167 0.9211970186781611
0 0.43281250000000004 0.9252604166666667 0.4317563196656051 0.8858296841825903 0.39969272492038216 0.8873565220276008 0.400748905254777 0.9267872545116772
0 0.35564279084158423 0.9274507528877888 0.3529596612004951 0.8916756910066007 0.31621770575495056 0.8965746183993399 0.31890083539603964 0.9323496802805279
0 0.2514648437500001 0.9029947916666666 0.21386718750000008 0.9029947916666666 0.2138671875000001 0.935546875 0.2514648437500001 0.935546875
0 0.1367187500000001 0.9075520833333334 0.09814453125000008 0.9075520833333334 0.09814453125000008 0.9440104166666666 0.1367187500000001 0.9440104166666666