0 0.0693359375 0.05078125000000001 0.029785156250000007 0.05078125 0.029785156250000007 0.08463541666666667 0.0693359375 0.08463541666666667
0 0.17750566803373383 0.06468514132778808 0.1344307777841959 0.0635806569624153 0.13393274896025875 0.09811065542205794 0.17700763920979667 0.0992151397874307
0 0.2958984375 0.07096354166666671 0.25341796875 0.0709635416666667 0.25341796875 0.1061197916666667 0.2958984375 0.1061197916666667
0 0.43617160547067524 0.0789143358797438 0.39282190464822575 0.07634546471989494 0.3917100961834648 0.10969971866272392 0.4350597970059143 0.11226858982257278
0 0.53857421875 0.07291666666666675 0.49755859375 0.07291666666666674 0.49755859375 0.10742187500000007 0.53857421875 0.10742187500000007
0 0.7155715654481132 0.07700717374213847 0.6744063670574362 0.0751776093692195 0.6734910429384018 0.11179057413059575 0.7146562413290788 0.11362013850351473
0 0.8681640625 0.07942708333333347 0.82763671875 0.07942708333333347 0.82763671875 0.11067708333333348 0.8681640625 0.11067708333333348
0 0.99169921875 0.08593750000000015 0.94775390625 0.08593750000000015 0.94775390625 0.11848958333333348 0.99169921875 0.11848958333333348
0 0.9439222843886462 0.2489281977802039 0.8989535002729258 0.2409337472707425 0.8952690024563319 0.27777872543668136 0.9402377865720524 0.28577317594614277
0 0.8410002694802673 0.2755516657603066 0.8391576071123369 0.2427932236637663 0.7947419180197328 0.24723479257302672 0.7965845803876632 0.279993234669567
0 0.74609375 0.24088541666666682 0.705078125 0.24088541666666682 0.705078125 0.2727864583333335 0.74609375 0.2727864583333335
0 0.6644948063267657 0.2375575742067555 0.623872005341607 0.23056870522006154 0.6206654418820369 0.263703194302286 0.6612882428671956 0.27069206328898
0 0.5751953125 0.2376302083333334 0.5361328125 0.2376302083333334 0.5361328125 0.2669270833333334 0.5751953125 0.2669270833333334
0 0.4515154394089367 0.23517186321644054 0.4143508289734163 0.23281220541101066 0.41319861778846156 0.26507411858974367 0.45036322822398195 0.2674337763951736
0 0.3509224759615384 0.23476161858974365 0.31541466346153846 0.2321314102564103 0.31417518028846153 0.26187900641025647 0.3496829927884615 0.2645092147435898
0 0.2802734375 0.22916666666666674 0.24365234375 0.22916666666666674 0.24365234375 0.2591145833333334 0.2802734375 0.2591145833333334
0 0.19672819708178005 0.2269550665967692 0.16106591842381177 0.21655356865486178 0.15551052466798698 0.2504150163094129 0.19117280332595527 0.2608165142513203
0 0.06855917440878377 0.24192391610360356 0.06798986486486486 0.20928350225225223 0.028051889780405407 0.21052188907657657 0.028621199324324324 0.24316230292792793
0 0.9826608976628896 0.4749738107884797 0.982008288332153 0.4384276882672333 0.9415387637216716 0.43971243508026436 0.9421913730524081 0.4762585576015108
0 0.85693359375 0.43554687500000017 0.8125 0.43554687500000017 0.8125 0.4700520833333335 0.85693359375 0.4700520833333335
0 0.7537917900561096 0.43143768183707415 0.7102970113778054 0.42853802992518714 0.7090489109258105 0.46182070864505415 0.7525436896041147 0.46472036055694116
0 0.62451171875 0.43164062500000017 0.583984375 0.43164062500000017 0.583984375 0.4602864583333335 0.62451171875 0.4602864583333335
0 0.54638671875 0.4309895833333335 0.50244140625 0.4309895833333335 0.50244140625 0.4563802083333335 0.54638671875 0.4563802083333335
0 0.42704946916986575 0.42888575655790145 0.38645052333253366 0.42676293586052466 0.3856981390954895 0.4523439999200258 0.4262970849328216 0.45446682061740257
0 0.33575228987068967 0.4222341954022988 0.29198882004310345 0.4173715876436781 0.29025794719827586 0.44506555316091956 0.3340214170258621 0.44992816091954024
0 0.20499188566231813 0.4201168935022579 0.16270472042774714 0.40438213434520826 0.15651606795659811 0.43395014059625353 0.1988032331911691 0.44968489975330317
0 0.11532140177984221 0.4062821132028939 0.0665294041330977 0.40155076797654293 0.06488713493710954 0.43165903656965915 0.11367913258385405 0.43639038179601014
0 0.9548442778716215 0.6259156813063063 0.9542316828547297 0.5907935670045045 0.9131133868243244 0.5920685529279278 0.9137259818412162 0.6271906672297297
0 0.8501570466132556 0.6157227747936392 0.8489009582119447 0.5847392608946346 0.811228619469228 0.5874543844076232 0.812484707870539 0.6184378983066278
0 0.6591796875 0.5800781250000001 0.61865234375 0.5800781250000001 0.61865234375 0.6106770833333335 0.6591796875 0.6106770833333335
0 0.5190556969803372 0.5802042368913859 0.4817284058988764 0.5759685159176031 0.4799710323033708 0.6035007022471911 0.5172983233848316 0.6077364232209739
0 0.44424645609445707 0.6010101456447964 0.4432135534502263 0.5720888716063348 0.40203553626979643 0.574703348887632 0.4030684389140272 0.6036246229260935
0 0.3008158185840708 0.592488246681416 0.2993769012721239 0.5637099004424778 0.25993630738384954 0.5672157310103244 0.26137522469579644 0.5959940772492626
0 0.17014723557692313 0.5603465544871795 0.13192983774038464 0.5501552483974359 0.12736628605769232 0.5805789262820513 0.1655836838942308 0.5907702323717949
0 0.05908203125000007 0.7083333333333334 0.021484375000000062 0.7083333333333334 0.021484375000000066 0.734375 0.05908203125000007 0.734375
0 0.15357568166885685 0.7139343448861147 0.11589012196123528 0.7126459496824354 0.11541531496386341 0.7373359135457731 0.15310087467148498 0.7386243087494524
0 0.2636420007230078 0.7197682358611827 0.22160111062018 0.7159463367609255 0.22024471802699236 0.7424713474721508 0.26228560812982016 0.746293246572408
0 0.3955078125000001 0.724609375 0.3540039062500001 0.724609375 0.3540039062500001 0.7526041666666666 0.3955078125000001 0.7526041666666666
0 0.5100456457168531 0.7554277738951011 0.5092305436301917 0.728257704339723 0.46950894194289133 0.7303761897630457 0.4703240440295527 0.7575462593184238
0 0.5933620826594269 0.7569585643869378 0.59297578991451 0.7301756007393716 0.5540685290549907 0.7311732228126925 0.5544548217999076 0.7579561864602588
0 0.7626953125 0.7298177083333334 0.7236328125 0.7298177083333334 0.7236328125 0.759765625 0.7626953125 0.759765625
0 0.8672220685840708 0.7388919616519174 0.8257073596515486 0.7352017653023598 0.8242165894634955 0.7650171690634219 0.8657312983960177 0.7687073654129795
0 0.95263671875 0.7415364583333336 0.91064453125 0.7415364583333336 0.91064453125 0.7734375000000003 0.95263671875 0.7734375000000003
0 0.9173395079185521 0.8922970871040725 0.8738398349123304 0.8910630538273002 0.8733526583710408 0.9215927837481148 0.9168523313772625 0.9228268170248871
0 0.7763671875 0.8834635416666666 0.73388671875 0.8834635416666666 0.73388671875 0.91015625 0.7763671875 0.91015625
0 0.6086571047264876 0.9059301023672425 0.607931336972169 0.8812539987204095 0.5691200065978886 0.8832833493282152 0.5698457743522073 0.9079594529750481
0 0.21252357219827583 0.8964709051724138 0.2110890355603448 0.8735183189655172 0.17366985452586206 0.8776760057471265 0.17510439116379312 0.900628591954023
0 0.06233041209340562 0.8921198731336654 0.061614219972004974 0.8668144181775091 0.01981054062611091 0.8689177479559188 0.020526732747511555 0.894223202912075