0 0.8565042747641508 0.09571786556603783 0.8208910672169811 0.08681456367924541 0.8170824734669812 0.11389789701257874 0.8526956810141508 0.12280119889937115
0 0.7866687309451219 0.07104293699187005 0.7526379096798781 0.06600133384146355 0.7500655011432927 0.09687023628048795 0.7840963224085366 0.10191183943089444
0 0.7025222588061097 0.10567169316292602 0.701498207605985 0.078363661159601 0.6675742284912717 0.08062525976724855 0.6685982796913964 0.10793329177057358
0 0.65283203125 0.06054687500000011 0.61767578125 0.060546875000000104 0.61767578125 0.08919270833333344 0.65283203125 0.08919270833333344
0 0.56103515625 0.0722656250000001 0.52392578125 0.0722656250000001 0.52392578125 0.09960937500000007 0.56103515625 0.09960937500000007
0 0.47071272703477784 0.05412512897547955 0.4352904651083394 0.051572173160961465 0.43402655282683905 0.08274867610463713 0.4694488147532775 0.0853016319191552
0 0.40886071560650883 0.09539571005917163 0.4072334966715976 0.06393614398422093 0.3701322115384615 0.06734775641025642 0.37175943047337273 0.09880732248520713
0 0.26643483231707316 0.06450076219512199 0.22361494855182926 0.05815707571138215 0.22086390053353658 0.09116965193089434 0.2636837842987805 0.09751333841463418
0 0.04296875 0.044921875 0.0034179687500000048 0.044921875 0.003417968750000006 0.07356770833333333 0.04296875 0.07356770833333333
0 0.1453890822631647 0.15410092389433833 0.09993582013100155 0.1527235523145758 0.09936258752258648 0.18635319867492686 0.1448158496547496 0.1877305702546894
0 0.3121827121838522 0.17278443174448768 0.2763728872811284 0.16980027966926073 0.27505053805933855 0.19801039640077825 0.31086036296206226 0.20099454847600526
0 0.4127132428278688 0.2045026468579235 0.41158043032786884 0.17504952185792347 0.3746682889344262 0.17757342896174863 0.3758011014344262 0.20702655396174863
0 0.5014208183913935 0.20638554474043713 0.4990634605532787 0.17181096311475405 0.4651639344262295 0.1759199965846994 0.46752129226434425 0.2104945782103825
0 0.62060546875 0.17838541666666674 0.58154296875 0.17838541666666674 0.58154296875 0.20963541666666674 0.62060546875 0.20963541666666674
0 0.7858148784595775 0.19013403966375345 0.7490373071057902 0.18748340389050755 0.7477940214175164 0.2181511175345959 0.7845715927713037 0.22080175330784182
0 0.9933772882766271 0.3340937808185405 0.9579182461168638 0.3308331792406312 0.9564736270340236 0.35876248150887585 0.9919326691937869 0.36202308308678505
0 0.7548081341911765 0.3131433823529413 0.7156020220588236 0.30912224264705895 0.713910271139706 0.33844592524509814 0.7531163832720589 0.3424670649509805
0 0.44703285530821923 0.32712970890410953 0.44455800513698635 0.2957816067351598 0.4036614404965753 0.30152147545662095 0.4061362906678082 0.33286957762557073
0 0.24823598345588238 0.2899705882352942 0.2078274356617648 0.28645680147058833 0.20619094669117655 0.3199139093137256 0.24659949448529414 0.32342769607843147
0 0.04199218750000003 0.2740885416666667 2.5174624142628698e-17 0.2740885416666667 2.7147931973286054e-17 0.3170572916666667 0.04199218750000003 0.3170572916666667
0 0.03515625000000004 0.3899739583333333 3.596802000425454e-17 0.3899739583333333 3.7612443196469e-17 0.42578125 0.03515625000000004 0.42578125
0 0.18408203125000006 0.400390625 0.15087890625000006 0.400390625 0.15087890625000006 0.431640625 0.18408203125000006 0.431640625
0 0.3116354793732295 0.4103923217658168 0.26939984286473084 0.4090515079084042 0.26882469458215297 0.44125981173276685 0.3110603310906516 0.4426006255901795
0 0.5076201923076923 0.4498116987179486 0.5062560096153846 0.4170713141025641 0.46926081730769226 0.41981169871794877 0.47062499999999996 0.45255208333333335
0 0.724609375 0.43359375000000017 0.6884765625 0.43359375000000017 0.6884765625 0.46679687500000017 0.724609375 0.46679687500000017
0 0.87353515625 0.4244791666666668 0.8388671875 0.4244791666666668 0.8388671875 0.4602864583333335 0.87353515625 0.4602864583333335
0 0.9267578125 0.4459635416666668 0.89306640625 0.4459635416666668 0.89306640625 0.4811197916666668 0.9267578125 0.4811197916666668
0 0.9375 0.6015625000000001 0.90185546875 0.6015625000000001 0.90185546875 0.6354166666666669 0.9375 0.6354166666666669
0 0.8402759139795443 0.594789796090985 0.8011036193199563 0.5934840529356654 0.8004213675046846 0.629870816416823 0.8395936621642726 0.6311765595721426
0 0.7265625 0.5878906250000001 0.6884765625 0.5878906250000001 0.6884765625 0.6230468750000001 0.7265625 0.6230468750000001
0 0.58935546875 0.5742187500000001 0.54736328125 0.5742187500000001 0.54736328125 0.6100260416666669 0.58935546875 0.6100260416666669
0 0.5111218214343468 0.5758695154161277 0.47349163415669476 0.5694370047703753 0.4704422451083442 0.6011506508732213 0.5080724323859962 0.6075831615189738
0 0.43045058500596184 0.5702897290673026 0.39332490808823534 0.5663296568627451 0.391275524145469 0.6004860559088501 0.4284012010631955 0.6044461281134076
0 0.31884765625 0.5611979166666666 0.279296875 0.5611979166666666 0.279296875 0.5950520833333334 0.31884765625 0.5950520833333334
0 0.20050848599137927 0.5837868175287357 0.19850821659482754 0.5517825071839081 0.15894733297413793 0.5561781609195403 0.16094760237068964 0.588182471264368
0 0.09469482782496305 0.5763738229320532 0.09392165574224519 0.5495705240645002 0.059211133677991135 0.5513505508370261 0.059984305760709004 0.578153849704579
0 0.05941634352189787 0.675607322080292 0.02422160127737233 0.6701927463503649 0.021454436587591302 0.7021688716545013 0.05664917883211684 0.7075834473844282
0 0.2692629933754162 0.6819542233166852 0.23640562135821316 0.680493895671476 0.23560410307991125 0.7125546268035516 0.2684614750971143 0.7140149544487607
0 0.4693646890862945 0.7211096129441624 0.4676842084390863 0.6897406408629442 0.4341638245558375 0.6929330583756346 0.4358443052030456 0.7243020304568528
0 0.58642578125 0.6979166666666666 0.5498046875 0.6979166666666666 0.5498046875 0.7278645833333334 0.58642578125 0.7278645833333334
0 0.716796875 0.7063802083333334 0.67578125 0.7063802083333334 0.67578125 0.7395833333333334 0.716796875 0.7395833333333334
0 0.97509765625 0.733072916666667 0.93505859375 0.733072916666667 0.93505859375 0.7656250000000003 0.97509765625 0.7656250000000003
0 0.613563076761745 0.7875026216442952 0.5720251395521425 0.7862438962743074 0.5715729059112029 0.8127749365427639 0.6131108431208054 0.8140336619127518
0 0.4244644210900601 0.8024154232861026 0.42175046626771145 0.76767680156004 0.3790416856751825 0.7736085766423358 0.38175564049753113 0.8083471983683984
0 0.2887857509731834 0.7997801326412919 0.2881410169766436 0.7671136101499424 0.2491697529195502 0.7684810229238755 0.24981448691608998 0.8011475454152249
0 0.16406250000000006 0.7682291666666666 0.12500000000000006 0.7682291666666666 0.12500000000000006 0.8020833333333334 0.16406250000000006 0.8020833333333334
0 0.05150286919247794 0.8536250921828908 0.011879959262253312 0.846673704475834 0.008552733045439145 0.8803895968062174 0.04817564297566378 0.8873409845132744
0 0.1554330313715953 0.890774460927367 0.15372119710603113 0.854255329928664 0.11028126519941633 0.8578753242542153 0.11199309946498054 0.8943944552529183
0 0.24722867398648654 0.893845016891892 0.24287373310810817 0.859005489864865 0.20082875844594594 0.8683488175675679 0.20518369932432434 0.9031883445945947
0 0.3317393078597241 0.8660924496276828 0.2918141348759856 0.8647274864487516 0.2911718621673785 0.8981256672963207 0.331097035151117 0.899490630475252
0 0.41539157774390245 0.9024104420731707 0.4145688833841464 0.8673088160569106 0.37459937118902437 0.8689742123983741 0.37542206554878044 0.9040758384146342
0 0.4924735525849858 0.9033887364258736 0.4918541408463173 0.8687016790604344 0.4548471250885269 0.869876504957507 0.4554665368271955 0.9045635623229461
0 0.5800705088279896 0.9060062824956675 0.5789940898505199 0.8715608752166379 0.538801011427643 0.8737938240179087 0.5398774304051126 0.9082392312969384
0 0.6708984375 0.8802083333333334 0.62841796875 0.8802083333333334 0.62841796875 0.9127604166666666 0.6708984375 0.9127604166666666
0 0.74853515625 0.8854166666666666 0.7060546875 0.8854166666666666 0.7060546875 0.9186197916666666 0.74853515625 0.9186197916666666
0 0.89111328125 0.8971354166666666 0.84765625 0.8971354166666666 0.84765625 0.9290364583333334 0.89111328125 0.9290364583333334
0 0.9925013121469977 0.9390300640358701 0.9919346504347504 0.9080525570996829 0.9460039898558265 0.9095462371185096 0.9465706515680737 0.9405237440546967