0 0.06446360859222511 0.08688758878225979 0.06210765950309043 0.056260250623509 0.024009332303188028 0.0614702782747777 0.026365281392322706 0.0920976164335285
0 0.228271484375 0.06738281250000001 0.22606272977941178 0.029097732843137266 0.1872300091911765 0.033080575980392164 0.18943876378676472 0.0713656556372549
0 0.3894559486292313 0.03863597129172545 0.3841650872708039 0.001347996003761176 0.3434965620592383 0.011606723084156103 0.34878742341766567 0.048894698372120377
0 0.3304324414286397 0.16145957720354095 0.32837930926394726 0.1265563304037702 0.2881282912805694 0.13076558718634568 0.29018142344526177 0.16566883398611643
0 0.4942705224675989 0.10866444974988639 0.4558528468195771 0.10487011141427931 0.4541848301074352 0.1348944122328332 0.492602505755457 0.1386887505684403
0 0.6368829782824934 0.11832276469938109 0.6332165948275862 0.08328843390804598 0.5906006506962865 0.09121698165340408 0.5942670341511938 0.1262513124447392
0 0.7825884052740729 0.09764015397961397 0.7801930632929408 0.06650070822489695 0.7377583411271958 0.07230374715354583 0.740153683108328 0.10344319290826286
0 0.93017578125 0.05208333333333348 0.8818359375 0.05208333333333348 0.8818359375 0.08919270833333348 0.93017578125 0.08919270833333348
0 0.9169214091169725 0.20990658448012234 0.9116891843463303 0.1697928612385321 0.8634496846330275 0.18097883218654434 0.8686819094036697 0.22109255542813458
0 0.7874966325431033 0.22689924568965525 0.7853549299568965 0.1926320043103448 0.7457132273706897 0.19703663793103451 0.7478549299568965 0.23130387931034488
0 0.6994980203619909 0.2283323906485671 0.696956306561086 0.2003735388386124 0.6591593608597286 0.20648213612368024 0.6617010746606335 0.23444098793363496
0 0.61083984375 0.21289062500000008 0.56982421875 0.21289062500000008 0.56982421875 0.2493489583333334 0.61083984375 0.2493489583333334
0 0.53515625 0.21940104166666674 0.49267578125 0.21940104166666674 0.49267578125 0.26562500000000006 0.53515625 0.26562500000000006
0 0.4443359375 0.23632812500000008 0.40380859375 0.23632812500000008 0.40380859375 0.27213541666666674 0.4443359375 0.27213541666666674
0 0.3132335037389218 0.28779792128261944 0.3122591049667652 0.2540187638478582 0.2688662643094535 0.25624403772772036 0.2698406630816101 0.2900231951624816
0 0.19318146810922712 0.2948982567691903 0.19018477671529965 0.261601685725552 0.1482688350256309 0.268308236395899 0.15126552641955834 0.3016048074395373
0 0.07818112731044252 0.30011158706601904 0.07696477207568805 0.26524273700305806 0.03311432263559093 0.2679621447202734 0.03433067787034539 0.3028309947832344
0 0.06787109375000004 0.4440104166666667 0.02148437500000004 0.4440104166666667 0.02148437500000004 0.474609375 0.06787109375000006 0.474609375
0 0.19859712508852692 0.4730015049575071 0.1980950115084986 0.4448831444759207 0.15365173512747873 0.4462940421388102 0.15415384870750706 0.4744124026203966
0 0.295605212097569 0.46391894574025416 0.29519200168363996 0.442432004215944 0.2561176315087057 0.4437678801193605 0.2565308419226347 0.4652548216436707
0 0.40317514780405406 0.4558699324324325 0.39959881756756754 0.4272592905405406 0.3653135557432432 0.43487823761261274 0.3688898859797297 0.4634888795045046
0 0.6535489297326588 0.4280881201830444 0.6495580066835258 0.39350012042389215 0.6089036533598264 0.4018394749518304 0.6128945764089594 0.43642747471098264
0 0.73974609375 0.3854166666666668 0.69189453125 0.3854166666666668 0.69189453125 0.4244791666666668 0.73974609375 0.4244791666666668
0 0.045837887519872805 0.6435220836645469 0.04386457919316374 0.6106336115527292 -0.0010821368243243215 0.6154279279279279 0.0008911715023847411 0.6483164000397456
0 0.1396533946700508 0.6183970494923857 0.09266933692893407 0.6139223773265652 0.09082774825507621 0.6482986992385786 0.13781180599619294 0.6527733714043993
0 0.22778980152027026 0.6392701295045046 0.22411185599662162 0.6082119228603603 0.18379302153716215 0.616700098536036 0.1874709670608108 0.6477583051801802
0 0.2916120980290457 0.6128781984785615 0.2556440044735478 0.609942027576072 0.2544563261799793 0.6358070215248962 0.2904244197354772 0.6387431924273858
0 0.3653304303278688 0.6394296448087431 0.3629890817110656 0.6050898650956283 0.3219134221311476 0.6100687329234972 0.32425477074795084 0.6444085126366119
0 0.4423828125000001 0.6048177083333334 0.4008789062500001 0.6048177083333334 0.4008789062500001 0.63671875 0.4423828125000001 0.63671875
0 0.5268847750786543 0.6167362455630848 0.5254199313286543 0.5959029122297514 0.4935497715997096 0.5998866821958696 0.4950146153497096 0.6207200155292029
0 0.6160228447227626 0.6118727707522696 0.6145029030885214 0.5794473492217899 0.5714885548394941 0.5830318782425421 0.5730084964737353 0.615457299773022
0 0.7499182066941623 0.5889679832910321 0.7486590855012689 0.5654643876903552 0.7168737111357867 0.5684915662013535 0.7181328323286801 0.5919951618020304
0 0.9294427177439226 0.7411775726839686 0.9288030115596256 0.7079128511005256 0.8844987064717478 0.7094275281975472 0.8851384126560448 0.74269224978099
0 0.8163611778846154 0.754727564102564 0.8130634014423077 0.7195512820512819 0.7705754206730768 0.7266326121794872 0.7738731971153845 0.7618088942307693
0 0.6758891633615972 0.7740301331145151 0.6708033455278992 0.7384294082786287 0.6323904625957331 0.7481850610867978 0.637476280429431 0.7837857859226842
0 0.5886296452702703 0.7813027871621623 0.5846970016891893 0.7498416385135136 0.5483530405405407 0.7579180743243245 0.5522856841216217 0.7893792229729731
0 0.5052612421055767 0.7950261409675883 0.501355923051716 0.7617007517079758 0.4598878582280743 0.7703399318795677 0.46379317728193514 0.8036653211391802
0 0.4178079927884616 0.7746915064102563 0.37867638221153854 0.7717928685897436 0.37762469951923083 0.7970332532051282 0.4167563100961539 0.7999318910256409
0 0.3222656250000001 0.775390625 0.2788085937500001 0.775390625 0.2788085937500001 0.8079427083333334 0.3222656250000001 0.8079427083333334
0 0.07646564311903138 0.8037904303092315 0.07455381885231924 0.7693775935084127 0.026064093408935878 0.774166702194179 0.027975917675648023 0.8085795389949978
0 0.14540533088235302 0.9274424019607844 0.0960441176470589 0.9231501225490198 0.09432146139705891 0.9583688725490197 0.14368267463235304 0.9626611519607843
0 0.30171907675053966 0.9588505126821371 0.3005396127057474 0.9250392100647596 0.2535051900634107 0.9279560734844394 0.25468465410820296 0.9617673761018168
0 0.3916285021551724 0.9550377155172415 0.3903236126077586 0.9254602191091953 0.3449555495689655 0.9290184985632183 0.34626043911637927 0.9585959949712645
0 0.5048828125 0.921875 0.4521484375000001 0.921875 0.4521484375000001 0.962890625 0.5048828125 0.962890625
0 0.65869140625 0.9075520833333334 0.61181640625 0.9075520833333334 0.61181640625 0.94921875 0.65869140625 0.94921875
0 0.807847128576454 0.9185648256722952 0.8054780942190432 0.8822396321919951 0.7584281191369607 0.8876947017667293 0.7607971534943716 0.9240198952470293
0 0.944833984375 0.8952734374999999 0.940703125 0.8567187499999999 0.8873144531249999 0.8668880208333333 0.8914453124999999 0.9054427083333333
0 0.8723038046441317 0.5460355124900874 0.8278105794012689 0.535865632434576 0.8227759776467091 0.5750236460811528 0.8672692028895719 0.5851935261366643
0 0.9241017581577783 0.39778262190630514 0.9214270012337948 0.36122761061186415 0.8743097308669711 0.3673566864319387 0.8769844877909545 0.40391169772637986