0 0.9939907506090133 0.12008586454526997 0.978262265910475 0.08263709145351195 0.9431131527862362 0.10888176258627687 0.9588416374847746 0.1463305356780349
0 0.9122747137995049 0.10676180899339953 0.8756855275371286 0.08817682549504964 0.86519666615099 0.12488784034653481 0.9017858524133663 0.1434728238448847
0 0.8328467404693984 0.1267005424446749 0.8180818043309129 0.09269644709543567 0.7863425100492739 0.11719695496196403 0.8011074461877594 0.15120105031120326
0 0.7484017759085463 0.10665955304845591 0.7086606741713258 0.10454002762247082 0.7074345110323482 0.14541213225505867 0.7471756127695687 0.1475316576810438
0 0.6512920673076923 0.12775440705128224 0.6188401442307692 0.09890825320512835 0.599083533653846 0.13842147435897448 0.6315354567307692 0.1672676282051284
0 0.5510397518382353 0.13419117647058829 0.5190142463235293 0.10857077205882355 0.5039780560661764 0.14198452818627452 0.5360035615808824 0.16760493259803924
0 0.4746453292013065 0.15698918745051468 0.4736467302553445 0.11837669487331749 0.43242755808343236 0.1202718292260491 0.43342615702939435 0.15888432180324627
0 0.35888671875 0.11263020833333338 0.3173828125 0.11263020833333337 0.3173828125 0.1510416666666667 0.35888671875 0.15104166666666674
0 0.2568359375 0.10872395833333337 0.21533203125 0.10872395833333337 0.21533203125 0.14583333333333337 0.2568359375 0.14583333333333337
0 0.13651333512931035 0.13929148706896552 0.13422346443965516 0.10265355603448278 0.09369275323275861 0.10715696839080463 0.09598262392241379 0.14379489942528736
0 0.12458594906836135 0.26182222256498855 0.10189268031219154 0.2301891812685094 0.0750637223901777 0.2644058232560053 0.0977569911463475 0.29603886455248446
0 0.26979381633254723 0.2723749508647799 0.2565733711674529 0.24064588246855348 0.22398750737028306 0.264783559355346 0.2372079525353774 0.2965126277515724
0 0.38287899744649806 0.2898300705252918 0.3810151690175097 0.2500683973735408 0.34423258146887153 0.253133613002594 0.3460964098978599 0.292895286154345
0 0.48834573997641495 0.2877358490566038 0.4802015772405659 0.24972975628930819 0.44505454009433953 0.2631191037735849 0.4531987028301886 0.3011251965408805
0 0.5711254794675089 0.2745435657340554 0.5572061146209385 0.24328604467509027 0.5249294900722021 0.2688383724428399 0.5388488549187725 0.3000958935018051
0 0.6576064721009977 0.26664133935993345 0.6310767271274939 0.23463720256650034 0.6049914276807982 0.27307869648794675 0.631521172654302 0.30508283328137986
0 0.7855238858827822 0.2594705029993516 0.76078303593142 0.23036362070363162 0.7378556663424123 0.26500942363813224 0.7625965162937745 0.29411630593385224
0 0.888016163020086 0.25147301679818285 0.8612265456868722 0.22425816744380697 0.8407705736639167 0.2600561184839791 0.8675601909971304 0.28727096783835493
0 0.96044921875 0.2565104166666668 0.938232421875 0.22688802083333334 0.913818359375 0.2594401041666667 0.93603515625 0.28906250000000017
0 0.9647103201163221 0.4419890140324963 0.9637633285635155 0.40915997353520434 0.9209705617614475 0.41135447439684886 0.9219175533142541 0.4441835148941408
0 0.8455143441578303 0.442362102365416 0.8447962600683115 0.4088515115212072 0.804427428502243 0.41038937177134316 0.8051455125917618 0.443899962615552
0 0.7612015596796029 0.4420262672984357 0.7584361603113718 0.40791967509025273 0.7184422241651625 0.41368456678700366 0.7212076235333935 0.4477911589951866
0 0.6528373822773972 0.4447292380136987 0.6505123608732876 0.4152789668949772 0.6085228488869863 0.42117223173515983 0.6108478702910959 0.45062250285388133
0 0.5567906330541237 0.4562231529209622 0.5556378865979381 0.4224092568728522 0.5104542525773196 0.42514765893470785 0.5116069990335051 0.4589615549828179
0 0.46293118990384613 0.45344751602564104 0.4615114182692307 0.4193729967948718 0.4199188701923076 0.42245392628205125 0.42133864182692304 0.4565284455128205
0 0.387497177565029 0.4477458152697496 0.37930760025289023 0.4137742353082852 0.34412425487716763 0.42885281189788066 0.35231383218930634 0.46282439185934504
0 0.2836556783536585 0.4500920985772358 0.2808272198932926 0.41615059705284557 0.23548851943597562 0.42286744156504064 0.23831697789634146 0.4568089430894309
0 0.13610911322787897 0.44796664904576017 0.13354222155579049 0.4145970573086099 0.09415536556603774 0.41998329402515727 0.09672225723812622 0.45335288576230753
0 0.09262197306879907 0.6393971754928586 0.05782640879601697 0.6149114080416415 0.04484260664981901 0.6477125924109838 0.07963817092260111 0.6721983598622008
0 0.22587217133620693 0.6366963002873564 0.1849154768318966 0.6132924748563219 0.1721359779094828 0.6530509159482758 0.21309267241379312 0.6764547413793104
0 0.3325195312500001 0.623046875 0.2792968750000001 0.623046875 0.2792968750000001 0.66015625 0.3325195312500001 0.66015625
0 0.4135742187500001 0.6197916666666666 0.3662109375000001 0.6197916666666666 0.3662109375000001 0.6575520833333334 0.4135742187500001 0.6575520833333334
0 0.5395626905487806 0.6261591717479676 0.4919731326219513 0.6191088668699188 0.4890077172256098 0.6546938516260162 0.5365972751524392 0.661744156504065
0 0.644884314903846 0.6482972756410256 0.6417367788461538 0.6147235576923076 0.5961838942307692 0.622315705128205 0.5993314302884615 0.655889423076923
0 0.7550115682048681 0.6475263057809332 0.7511221554893509 0.6094964925625422 0.7074343543990872 0.6174397291244084 0.7113237671146044 0.6554695423427993
0 0.8437810842175066 0.6416300563660476 0.8392544450431034 0.6090382543103448 0.7997036637931034 0.6188038793103448 0.8042303029675066 0.6513956813660476
0 0.9916829954669772 0.6484021517085359 0.9892495030135737 0.6105478246555917 0.9467187816551863 0.6154084785251216 0.9491522741085898 0.6532628055780658
0 0.9365167487157534 0.7853970462328769 0.9087047838184932 0.7553777825342469 0.8871909781678082 0.7908122859589044 0.9150029430650685 0.8208315496575344
0 0.8411285531743188 0.7836085081898615 0.8069810908357247 0.7627406145384986 0.7942199269189384 0.7998640004782404 0.8283673892575325 0.8207318941296032
0 0.7468261718750001 0.7913411458333335 0.722900390625 0.7594401041666666 0.69921875 0.791015625 0.7231445312500001 0.8229166666666669
0 0.6748956088362067 0.7937275502873562 0.6503468480603447 0.7646327227011493 0.631812365301724 0.7924344468390805 0.656361126077586 0.8215292744252873
0 0.5109036812986382 0.7758516739623866 0.4676461423881324 0.7722468790531778 0.4660616032344359 0.8060503809987031 0.5093191421449417 0.8096551759079119
0 0.6023609058277029 0.7960216075450451 0.5842153188344595 0.7621498451576577 0.5546083192567568 0.7903469876126127 0.5727539062500001 0.8242187500000001
0 0.4418453754194631 0.7860869337248323 0.41553062080536907 0.7615264960850112 0.39958774643456374 0.7918938758389262 0.4259025010486578 0.8164543134787473
0 0.3516813631032172 0.805414641979446 0.3492108956099196 0.7700046079088473 0.3060816542392762 0.7753539711796247 0.3085521217325738 0.8107640052502235
0 0.2234475893889746 0.8120728323374454 0.2226679205618736 0.7746487286365973 0.17872938451715495 0.7762760818234388 0.17950905334425596 0.8137001855242869
0 0.09050462931732331 0.7811850012367331 0.0490676542262548 0.7786152663473644 0.047851298991500354 0.8134841164103256 0.08928827408256887 0.8160538512996941
0 0.05909124410377359 0.9665143474842767 0.051776238207547176 0.9323776533018867 0.019015330188679236 0.9448579992138364 0.026330336084905648 0.9789946933962264
0 0.1609470701066913 0.923701895635757 0.1345906875658589 0.8983997683965579 0.11644761755795585 0.931998046188971 0.14280400009878824 0.9573001734281701
0 0.27664888822115385 0.9335186298076924 0.2718036358173077 0.9012169471153846 0.23377403846153844 0.911358173076923 0.23861929086538464 0.9436598557692308
0 0.4747342139175259 0.9240724334192442 0.432850757087629 0.9215340420962201 0.4316980106314434 0.95534793814433 0.47358146746134033 0.957886329467354
0 0.5610224787652129 0.9411954868154159 0.5405063466658215 0.9011401812880325 0.5087593496450304 0.930048015973631 0.529275481744422 0.9701033215010142
0 0.66455078125 0.919921875 0.6259765625 0.919921875 0.6259765625 0.953125 0.66455078125 0.953125
0 0.7526517427884614 0.9523137019230768 0.7511538461538461 0.9163641826923077 0.7078846153846153 0.9195693108974359 0.7093825120192306 0.955518830128205
0 0.8771732849482248 0.9498944464990139 0.8752328725961538 0.9123798076923078 0.8328529493343194 0.9162768121301775 0.8347933616863904 0.9537914509368837