0 0.9412039235151933 0.14119331261510135 0.9338446348411602 0.10562341735727447 0.8973255136395029 0.11905573779926337 0.904684802313536 0.15462563305709023
0 0.8115234375 0.09505208333333347 0.7705078125 0.09505208333333344 0.7705078125 0.12630208333333345 0.8115234375 0.12630208333333348
0 0.6619527882543104 0.08167429956896562 0.6177296605603447 0.07820581896551733 0.6157849542025862 0.1222858297413794 0.6600080818965518 0.12575431034482767
0 0.5430762588093472 0.07876715504451047 0.5063044788575668 0.07637549455984183 0.5051546272255193 0.10780477250247289 0.5419264071772997 0.11019643298714155
0 0.4376677004293131 0.10064209764376997 0.43707099890175716 0.08075204672523961 0.4073919229233226 0.08233493077742278 0.4079886244508785 0.10222498169595313
0 0.32949269349093274 0.07687756368739211 0.2943096259715026 0.07385106325561318 0.29291916288860104 0.10258730030224532 0.32810223040803116 0.10561380073402425
0 0.2205875384221311 0.10148693647540984 0.21933369620901638 0.06888703893442623 0.1784256531762295 0.07168417008196722 0.17967949538934422 0.1042840676229508
0 0.068359375 0.06054687500000001 0.028808593750000007 0.060546875 0.028808593750000007 0.09309895833333333 0.068359375 0.09309895833333333
0 0.07309311048119471 0.1976429987094395 0.036212752350663735 0.1943647446533923 0.034464878318584094 0.22932222529498528 0.07134523644911507 0.23260047935103248
0 0.19242640556496612 0.23838192922146942 0.1908488815265046 0.20332583947787963 0.14863756103029097 0.2067027451175767 0.1502150850687525 0.24175883486116648
0 0.2963749150130943 0.24302635223609995 0.2933452892072925 0.20768071783507924 0.25905543349617244 0.21290583870534516 0.26208505930197423 0.24825147310636586
0 0.41259765625 0.2083333333333334 0.3740234375 0.2083333333333334 0.3740234375 0.24479166666666674 0.41259765625 0.24479166666666674
0 0.5650803408051236 0.22187833562061618 0.5327358402904849 0.21926463860933224 0.5317280063472095 0.2414369853613908 0.5640725068618482 0.24405068237267472
0 0.8361098345588236 0.24517463235294132 0.7975068933823529 0.23230698529411775 0.7910730698529411 0.2666207107843139 0.8296760110294118 0.2794883578431374
0 0.9751610083215299 0.25426478399433444 0.9349238668555241 0.25298741442398504 0.9341625354107649 0.29562197533050066 0.9743996768767706 0.29689934490085
0 0.5766389153680372 0.3635123093501327 0.5730207124502653 0.32893837035809015 0.5354727909482758 0.3359240301724138 0.5390909938660478 0.37049796916445626
0 0.40063189338235294 0.36811427696078436 0.3985495174632353 0.3320197610294118 0.36135971966911773 0.3358340992647059 0.36344209558823537 0.3719286151960785
0 0.24462890625000006 0.33138020833333337 0.20556640625000006 0.3313802083333333 0.20556640625000006 0.3665364583333333 0.24462890625000006 0.3665364583333333
0 0.09912109375000003 0.31640625 0.05517578125000003 0.31640625 0.05517578125000003 0.3522135416666667 0.09912109375000003 0.3522135416666667
0 0.060065091331936916 0.44648398995810745 0.05886135411532775 0.4103718734598325 0.016951950622227697 0.41285539366683105 0.018155687838836865 0.448967510165106
0 0.1717066271551724 0.45694145114942525 0.16949420797413792 0.42154274425287364 0.13009496228448275 0.42592043821839093 0.1323073814655172 0.46131914511494254
0 0.34130859375 0.4322916666666667 0.30615234375 0.4322916666666667 0.30615234375 0.4674479166666667 0.34130859375 0.4674479166666667
0 0.44811935583419965 0.46627712448024955 0.44735241927624747 0.43457708008489265 0.4106435161122661 0.43615595764033266 0.4114104526702183 0.4678560020356896
0 0.6489603365384616 0.4760897435897435 0.6471589543269232 0.43285657051282045 0.6054041466346154 0.4359495192307692 0.6072055288461539 0.4791826923076922
0 0.9213792067307692 0.5489082532051283 0.8767878605769232 0.5414763621794872 0.8734600360576924 0.5769731570512822 0.9180513822115385 0.5844050480769232
0 0.78076171875 0.5214843750000001 0.74072265625 0.5214843750000001 0.74072265625 0.5566406250000001 0.78076171875 0.5566406250000001
0 0.6595009505336871 0.5165315096454427 0.6154580299851925 0.5152265342217837 0.6148485219490375 0.5517970163910828 0.6588914424975321 0.5531019918147418
0 0.5183340449123165 0.5522033459081023 0.5175789215436379 0.5169642553697662 0.47651311429445353 0.5185286670744971 0.4772682376631322 0.5537677576128331
0 0.383362193943299 0.5203339776632303 0.34048203930412374 0.5177351804123712 0.3392900289948454 0.5527008161512028 0.38217018363402067 0.5552996134020619
0 0.21498889271960867 0.5420347410144324 0.21449085397585346 0.509496209755759 0.17251614865216486 0.5106383786081043 0.17301418739592006 0.5431769098667777
0 0.07177734375000006 0.4967447916666667 0.02832031250000005 0.4967447916666667 0.02832031250000005 0.5299479166666666 0.07177734375000006 0.5299479166666666
0 0.040391864574857606 0.6742476734133441 0.039423248067534576 0.6516466215758069 0.005605103234336856 0.6542232421345268 0.006573719741659885 0.6768242939720639
0 0.14687776385613208 0.6911003832547172 0.14567732900943395 0.6542870479559748 0.10501455630896227 0.6566443101415095 0.10621499115566038 0.6934576454402518
0 0.25622215056285186 0.6793332747029394 0.21909628576454038 0.6750288266103815 0.21662831261726084 0.7128710815353346 0.2537541774155723 0.7171755296278924
0 0.3362740396869902 0.7090645603928767 0.3355463970738173 0.6751079051114738 0.2951357469667618 0.6766473584488853 0.29586338957993474 0.7106040137302884
0 0.4518393605025773 0.7012537585910654 0.44963756443298963 0.6709179016323024 0.40968911082474224 0.6760725408075601 0.41189090689432983 0.7064083977663231
0 0.5869140625 0.6796875 0.5458984375 0.6796875 0.5458984375 0.716796875 0.5869140625 0.716796875
0 0.70703125 0.6848958333333334 0.666015625 0.6848958333333334 0.666015625 0.71875 0.70703125 0.71875
0 0.8406551084953086 0.7046791219839142 0.7987867585455766 0.6994861483467383 0.7963759844168902 0.7340405775245756 0.8382443343666222 0.7392335511617517
0 0.9374329244368538 0.7204242445224031 0.8981093346104136 0.718407650172329 0.8970101608659528 0.7565123399803054 0.9363337506923929 0.7585289343303794
0 0.9813293180854075 0.8554613852752643 0.945255055147059 0.8531709558823533 0.9440233049349549 0.8876599618212673 0.9800975678733034 0.8899503912141783
0 0.09960937500000008 0.794921875 0.06738281250000008 0.794921875 0.06738281250000008 0.81640625 0.09960937500000008 0.81640625
0 0.08143911966463421 0.8983111026422764 0.04468607088414642 0.8967797256097562 0.043946265243902514 0.9283447662601626 0.08069931402439032 0.9298761432926829
0 0.187001953125 0.9414973958333333 0.18452205882352943 0.9095343137254902 0.14755572150735297 0.9146331188725491 0.15003561580882355 0.9465962009803922
0 0.2846915409482758 0.9477999281609195 0.283270474137931 0.9155890804597702 0.24754849137931034 0.9183908045977013 0.24896955818965516 0.9506016522988506
0 0.37820352445505917 0.9457715229189093 0.37632713687432723 0.9099116713760317 0.3367758300255651 0.9135908627108003 0.33865221760629705 0.949450714253678
0 0.4653320312500001 0.9088541666666666 0.4335937500000001 0.9088541666666666 0.4335937500000001 0.94921875 0.4653320312500001 0.94921875
0 0.69580078125 0.921875 0.66455078125 0.921875 0.66455078125 0.9615885416666666 0.69580078125 0.9615885416666666