0 0.45166015625 7.151745955958176e-17 0.41845703125 6.880665284271913e-17 0.41845703125 0.02929687500000007 0.45166015625 0.029296875000000073
0 0.35782844589883367 0.04489744443035835 0.3537751172667343 0.011389927738336728 0.3224577681288033 0.018124841531440172 0.3265110967609027 0.051632358223461794
0 0.27863170695754724 0.061893180031446525 0.2741155660377359 0.029778400157232692 0.2419516509433962 0.037819378930817604 0.24646779186320755 0.06993415880503144
0 0.1827336582568807 0.08406799503058104 0.1756110235091743 0.05241184059633028 0.14120735378440366 0.06617330848623852 0.14832998853211007 0.09782946292048929
0 0.056961776426174504 0.12699244966442955 0.05250825817953021 0.09334364513422817 0.0189708735318792 0.10123479446308725 0.02342439177852349 0.13488359899328858
0 0.19534235125545854 0.20928288755458513 0.1919478370633188 0.17533774563318774 0.158716993040393 0.18124545123726343 0.16211150723253273 0.21519059315866082
0 0.3022853873890532 0.18305134368836293 0.30048481416420114 0.1482402613412229 0.2689805612056213 0.15113720414201184 0.27078113443047336 0.18594828648915188
0 0.5051330205251479 0.13862641765286 0.5034722864275147 0.106518891765286 0.4712642150517751 0.10948055350098619 0.47292494914940825 0.1415880793885602
0 0.6348091352103962 0.0821021555280529 0.6031433709777229 0.07788005363036314 0.6004699102722773 0.11352619636963707 0.6321356745049506 0.11774829826732684
0 0.7699781308447631 0.08873973919368246 0.7685230283665836 0.04993700644222776 0.733965866583541 0.052240817227763935 0.7354209690617205 0.09104354997921864
0 0.8946300035112359 0.07169504915730339 0.8917573735955056 0.03147823033707867 0.853737271769663 0.03630617977528091 0.8566099016853933 0.07652299859550561
0 0.99951171875 0.013671875000000161 0.966796875 0.01367187500000016 0.966796875 0.04947916666666683 0.99951171875 0.04947916666666683
0 0.9518322553790983 0.18676891222677594 0.9493548283811475 0.15043331625683062 0.9114049692622951 0.15503329918032788 0.9138823962602459 0.19136889515027322
0 0.8127999087880711 0.20677017237732656 0.811074813610406 0.1745683957275804 0.7782137333439085 0.17769802241962776 0.7799388285215736 0.20989979906937395
0 0.66552734375 0.1966145833333334 0.63232421875 0.1966145833333334 0.63232421875 0.23111979166666674 0.66552734375 0.23111979166666674
0 0.5351743490632556 0.2498856349046468 0.5324925400382757 0.21859786294654848 0.49944207670225627 0.22363412402632288 0.5021238857272361 0.2549218959844212
0 0.9061086776971404 0.2721004386915079 0.871947607506499 0.27020260145869446 0.8708703422876949 0.3046750884604276 0.9050314124783363 0.30657292569324107
0 0.75830078125 0.29687500000000017 0.7255859375 0.29687500000000017 0.7255859375 0.32812500000000017 0.75830078125 0.32812500000000017
0 0.6293074016751637 0.344530491320709 0.6281836079752366 0.31681024672250546 0.5963272572605609 0.31910619992716677 0.597451050960488 0.3468264445253703
0 0.5336320571477899 0.33939413558931864 0.49890608813881215 0.33695722548342544 0.4976422220303867 0.36897516689686927 0.5323681910393645 0.37141207700276246
0 0.3955078125 0.3723958333333333 0.36181640625 0.3723958333333333 0.36181640625 0.4029947916666667 0.3955078125 0.4029947916666667
0 0.3125 0.390625 0.28271484375 0.390625 0.28271484375 0.41796875 0.3125 0.41796875
0 0.0591412339419746 0.3513692924846035 0.05535226165560046 0.3220679068033102 0.02722816379185912 0.3285332166570439 0.031017136078233254 0.35783460233833714
0 0.13284479875972763 0.4700900818741893 0.1313248571254864 0.4376646603437095 0.09676138436284044 0.44054494974059666 0.09828132599708168 0.4729703712710765
0 0.23517922794117646 0.4385340073529411 0.22946346507352938 0.4080499387254901 0.19947725183823528 0.41804534313725483 0.20519301470588236 0.44852941176470584
0 0.1579446231617647 0.6127068014705882 0.1518210018382353 0.5759650735294117 0.11868106617647059 0.5857843137254902 0.12480468749999998 0.6225260416666666
0 0.3213408345244283 0.5698482436763687 0.3204739068996882 0.5340152351871102 0.28554301747661126 0.5355176390332641 0.28640994510135137 0.5713506475225226
0 0.48681640625 0.4973958333333335 0.4541015625 0.4973958333333335 0.4541015625 0.5358072916666669 0.48681640625 0.5358072916666669
0 0.5672024615869953 0.4841871103028505 0.5391512256903208 0.48289739830760103 0.5382970234560571 0.5159265513657958 0.5663482593527316 0.5172162633610452
0 0.6726274334016394 0.49215548155737715 0.6701900294569673 0.45640689036885246 0.6389320248463115 0.46019573941256836 0.6413694287909837 0.49594433060109294
0 0.8061445312499999 0.4680416666666667 0.8013554687499999 0.4329218750000002 0.7689570312499999 0.4407760416666668 0.7737460937499999 0.4758958333333334
0 0.9010667067307693 0.4530749198717949 0.8955078125000001 0.41601562500000006 0.8610464242788461 0.42520532852564114 0.8666053185096153 0.4622646233974359
0 0.9238504677073403 0.6962844077693041 0.9201243557852716 0.664488252700985 0.8856867962047187 0.6716627442802668 0.8894129081267873 0.7034588993485861
0 0.7887529196198454 0.7027659203178694 0.7569164787371133 0.6864395403780069 0.7470627617590205 0.7205990925687287 0.7788992026417526 0.7369254725085911
0 0.6794484105603448 0.744580639367816 0.6781047952586207 0.7141253591954023 0.6425831761853449 0.7169113685344827 0.643926791487069 0.7473666487068965
0 0.548828125 0.732421875 0.51513671875 0.732421875 0.51513671875 0.7662760416666666 0.548828125 0.7662760416666666
0 0.44731765496926235 0.7924297728825135 0.44494428790983614 0.7576203893442622 0.41337810578893447 0.7614465932377049 0.41575147284836067 0.7962559767759562
0 0.3569565716911765 0.6800857843137256 0.3553251378676471 0.6518075980392157 0.32668600643382356 0.6547449448529412 0.328317440257353 0.683023131127451
0 0.27310144761029415 0.6979511335784315 0.2713264016544118 0.6671836703431372 0.2383932674632353 0.6705614276960784 0.24016831341911765 0.7013288909313727
0 0.2922891833118557 0.8161579145189005 0.2825235583118557 0.7868610395189003 0.25679063305412375 0.8021101804123711 0.26655625805412375 0.8314070554123713
0 0.1871798155737705 0.7188887465846996 0.18184554303278688 0.6886612021857924 0.14937724129098362 0.6988473360655738 0.1547115138319672 0.729074880464481
0 0.07178604579207928 0.7449360561056105 0.050108292079208 0.726681105610561 0.034282178217821896 0.7600917904290428 0.05595993193069318 0.7783467409240924
0 0.1146908166273585 0.8902319182389937 0.10970482016509435 0.8547759433962265 0.07291236733490566 0.8639740566037736 0.07789836379716981 0.8994300314465408
0 0.1972462871287129 0.8563776299504952 0.1923223816522277 0.8273031404702972 0.16147944384282176 0.8365891862623763 0.16640334931930692 0.8656636757425744
0 0.14914283207113682 0.9864442399875201 0.14589371755871341 0.9535198795949626 0.10769809128233492 0.9602208666609938 0.11094720579475834 0.9931452270535512
0 0.2797851562500001 0.9186197916666666 0.2441406250000001 0.9186197916666666 0.2441406250000001 0.9537760416666666 0.2797851562500001 0.9537760416666666
0 0.3945017019667171 0.9182386220373173 0.3886245981467474 0.8855880452597075 0.355438463265885 0.8962076084215834 0.3613155670858547 0.9288581851991933
0 0.4975585937500001 0.8684895833333334 0.4643554687500001 0.8684895833333334 0.4643554687500001 0.8990885416666666 0.4975585937500001 0.8990885416666666
0 0.58056640625 0.8509114583333334 0.54736328125 0.8509114583333334 0.54736328125 0.8873697916666666 0.58056640625 0.8873697916666666
0 0.6741181086244542 0.8655300445778747 0.670855792849345 0.832906886826783 0.6353861046670306 0.8392126091703056 0.6386484204421398 0.8718357669213973
0 0.7827414427285994 0.8521299448767833 0.7811854024805448 0.8189344195849544 0.7467739238813228 0.8218020428015563 0.7483299641293774 0.8549975680933852
0 0.884765625 0.8014322916666666 0.8515625 0.8014322916666666 0.8515625 0.8313802083333334 0.884765625 0.8313802083333334
0 0.9744512577101002 0.7881885882485222 0.9396473833847341 0.7868995558661013 0.939067619988435 0.8147281988884606 0.9738714943138012 0.8160172312708815