0 0.9419912206064356 0.03839856641914193 0.9392887530940593 0.0023656662541254128 0.8960686107673267 0.008128351897689753 0.8987710782797029 0.04416125206270627
0 0.8572762511296882 0.049473577063563784 0.8560861069532308 0.012182392867901792 0.8133920565267736 0.014604750338906458 0.814582200703231 0.05189593453456845
0 0.7527343750000001 0.067578125 0.7506778492647059 0.03193167892156862 0.7102768841911764 0.03607536764705882 0.7123334099264705 0.0717218137254902
0 0.65283203125 0.05013020833333345 0.61328125 0.05013020833333343 0.61328125 0.0820312500000001 0.65283203125 0.08203125000000011
0 0.5598526885215453 0.09931103733283804 0.5594328972418277 0.06684717836800395 0.5168808912982913 0.06782538540118871 0.517300682578009 0.10028924436602278
0 0.4748839357028754 0.10876139842917994 0.47411095372404155 0.0829953324680511 0.4310743435503194 0.08529061834398294 0.4318473255291533 0.11105668430511179
0 0.3895614170792079 0.12318868605610563 0.387405244430693 0.09443971740924091 0.34640895730198024 0.09990588902640263 0.3485651299504951 0.12865485767326734
0 0.3039005055147058 0.13753063725490192 0.29805261948529405 0.10244332107843135 0.25281479779411764 0.1158471200980392 0.2586626838235294 0.15093443627450978
0 0.18448046875 0.16047395833333336 0.17941796875 0.12334895833333336 0.13846875 0.13327604166666668 0.14353125 0.1704010416666667
0 0.08670081967213114 0.17023693647540983 0.08545081967213114 0.13773693647540983 0.040809106045081964 0.1407893613387978 0.042059106045081965 0.1732893613387978
0 0.11436965555342045 0.25955845263259036 0.11385791728718293 0.2247602505284397 0.07403522230495774 0.22580136673712528 0.07454696057119525 0.26059956884127594
0 0.21592470366379307 0.24646192528735633 0.2137324892241379 0.2113864942528736 0.17465651939655172 0.21572826867816094 0.1768487338362069 0.2508036997126437
0 0.3373464187039517 0.21648509014288905 0.3331409206505358 0.18604529470864037 0.28868672293620223 0.19696386958584508 0.29289222098961815 0.22740366502009376
0 0.43997595159288366 0.20124783435043445 0.43835494673148523 0.17477142161426007 0.3966803339625568 0.17930743388842915 0.39830133882395524 0.2057838466246035
0 0.5365865129249292 0.19012076546270065 0.5359961490793201 0.157060390108593 0.48927551788243623 0.1585435847497639 0.4898658817280453 0.1916039601038716
0 0.7395779969262294 0.16289916325136614 0.7369885053790983 0.12491995389344263 0.6916864113729508 0.13041111680327866 0.6942759029200819 0.16839032616120217
0 0.6338083164925078 0.1790333776945321 0.6307007221017349 0.1445045511303891 0.5856078716482649 0.1517194072029443 0.5887154660390378 0.1862482337670873
0 0.8189763159023331 0.15061697068465998 0.8174198914970267 0.11637563376791706 0.7820827138609333 0.11923116327386397 0.7836391382662398 0.1534725001906069
0 0.91357421875 0.09830729166666681 0.8720703125 0.09830729166666681 0.8720703125 0.13997395833333348 0.91357421875 0.13997395833333348
0 0.99951171875 0.22005208333333348 0.96630859375 0.22005208333333348 0.96630859375 0.26757812500000017 0.99951171875 0.26757812500000017
0 0.89453125 0.24023437500000014 0.84423828125 0.24023437500000014 0.84423828125 0.28515625000000017 0.89453125 0.28515625000000017
0 0.7814209631962865 0.2906840600132627 0.775916466346154 0.2510516826923077 0.7269588237732095 0.2631399895004421 0.7324633206233421 0.3027723668213971
0 0.66845703125 0.2708333333333334 0.623046875 0.2708333333333334 0.623046875 0.30859375000000006 0.66845703125 0.30859375000000006
0 0.5852333554241437 0.2828600802066341 0.5420626816119495 0.2812154831090267 0.5412876446523247 0.3173838745581839 0.5844583184645189 0.31902847165579123
0 0.5105670557452494 0.3324209471496437 0.5095174250296912 0.2918352261480602 0.46750784033551074 0.2937667013064133 0.46855747105106893 0.33435242230799683
0 0.4287109375 0.30143229166666674 0.38671875 0.30143229166666674 0.38671875 0.3404947916666667 0.4287109375 0.3404947916666667
0 0.34938467920353977 0.3548810840707965 0.34756550746681414 0.31849764933628316 0.3014488557798673 0.32259690726401175 0.30326802751659293 0.3589803419985251
0 0.22607421875000006 0.345703125 0.18164062500000006 0.345703125 0.18164062500000006 0.3821614583333333 0.22607421875000006 0.3821614583333333
0 0.10302734375000003 0.3580729166666667 0.053710937500000035 0.3580729166666667 0.05371093750000004 0.4049479166666667 0.10302734375000003 0.4049479166666667
0 0.09115043826219515 0.4696385924796749 0.05480897484756102 0.46812436483739844 0.054007717225609805 0.5023113567073171 0.09034918064024394 0.5038255843495935
0 0.15956068605255347 0.47762256903206657 0.15860963943735157 0.4408487665775931 0.1182986008016627 0.4427021476642914 0.1192496474168646 0.47947595011876487
0 0.2476679837093107 0.4770574038614968 0.24369628672510774 0.44726967647997457 0.20442108402644807 0.4565793541566938 0.208392781010651 0.4863670815382161
0 0.32177734375 0.419921875 0.28369140625 0.419921875 0.28369140625 0.451171875 0.32177734375 0.451171875
0 0.4571676002358491 0.4475407822327045 0.4560436320754717 0.41307242531446536 0.413050007370283 0.4155648093553459 0.4141739755306604 0.45003316627358503
0 0.5599459134615384 0.42262620192307687 0.552734375 0.3873697916666667 0.5124098557692307 0.4020332532051283 0.5196213942307691 0.43728966346153847
0 0.6702073317307691 0.41320112179487184 0.6671349158653845 0.3804286858974359 0.6225435697115385 0.3878605769230769 0.625615985576923 0.42063301282051285
0 0.7430383663366337 0.40131884282178226 0.7406356358292079 0.3692824360561057 0.6996876933787128 0.3747421617161717 0.7020904238861386 0.4067785684818483
0 0.8334636822045332 0.39327659819661803 0.8322636644967619 0.35887609057384423 0.7926622896148138 0.3613319897913294 0.793862307322585 0.3957324974141032
0 0.9133251341007714 0.381142518482803 0.9092858663060511 0.34652022309948577 0.8680209212270974 0.3550788783751206 0.8720601890218177 0.38970117375843777
0 1.001619546720297 0.36859916460396036 0.9989992651608912 0.3336620771452145 0.9600334545173268 0.3388575185643565 0.9626537360767327 0.37379460602310227
0 0.96435546875 0.5390625000000001 0.92138671875 0.5390625000000001 0.92138671875 0.5683593750000001 0.96435546875 0.5683593750000001
0 0.88037109375 0.5468750000000001 0.837890625 0.5468750000000001 0.837890625 0.5787760416666669 0.88037109375 0.5787760416666669
0 0.8051143685567009 0.5873912693298969 0.803868999677835 0.5508604488831615 0.7638238965850516 0.5532874248281787 0.7650692654639175 0.5898182452749141
0 0.6890894396551724 0.601782507183908 0.6877273033405172 0.5709074173850575 0.6419012661637931 0.5745016163793104 0.6432634024784483 0.605376706178161
0 0.6051011029411764 0.6104243259803921 0.5999770220588234 0.5796798406862744 0.5594439338235293 0.591689644607843 0.5645680147058822 0.6224341299019607
0 0.5070064721054643 0.6282246091262259 0.5049899097248759 0.5939430486562222 0.46174147550869316 0.5984657607311171 0.4637580378892816 0.6327473212011209
0 0.41041937563949527 0.6437336573442475 0.40855284895122784 0.6101361769554343 0.36576462312414737 0.6143621745679855 0.36763114981241474 0.6479596549567986
0 0.31142105049740487 0.6595259335351789 0.3107682066392734 0.6264485113898501 0.266095709883218 0.6280159674163783 0.2667485537413495 0.661093389561707
0 0.20024954824812152 0.6740569785881521 0.19792283465370794 0.6456193679897637 0.15053754007064685 0.6525117744745726 0.15286425366506043 0.680949385072961
0 0.07812500000000006 0.66015625 0.027343750000000062 0.66015625 0.027343750000000062 0.6868489583333334 0.07812500000000006 0.6868489583333334
0 0.053016736518357976 0.778573458482067 0.05005866346889341 0.7438654013683496 0.00549036285696073 0.7506181741883392 0.008448435906425293 0.7853262313020567
0 0.38241038602941174 0.7498085171568628 0.381168693438914 0.7150411246229261 0.33256703372454754 0.7181269442873304 0.33380872631504527 0.7528943368212669
0 0.2294260882914847 0.7613832787481805 0.22629170646834063 0.7300394605167395 0.179148045169214 0.7384205558588065 0.18228242699235808 0.7697643740902474
0 0.5165264423076923 0.7247596153846154 0.5114933894230769 0.6912059294871796 0.4667029747596154 0.7031500400641026 0.47173602764423084 0.7367037259615384
0 0.6720091547480272 0.6980684518472025 0.6685029170776543 0.6634735734995219 0.6246977139750718 0.6713664028873745 0.6282039516454447 0.7059612812350551
0 0.7764310382991283 0.6808779626770796 0.7732899337086815 0.6497660695907496 0.7283283293225573 0.6578361011472333 0.7314694339130041 0.6889479942335633
0 0.8792181096311477 0.657282274590164 0.8743884477459017 0.6300930669398908 0.8325461065573772 0.6433064378415301 0.8373757684426231 0.6704956454918033
0 0.98974609375 0.6158854166666669 0.943359375 0.6158854166666669 0.943359375 0.6575520833333335 0.98974609375 0.6575520833333335
0 0.89892578125 0.7259114583333334 0.85498046875 0.7259114583333334 0.85498046875 0.763671875 0.89892578125 0.763671875
0 0.726586318597561 0.7841399898373983 0.7236268578506098 0.7486264608739837 0.6767339939024389 0.7555735518292682 0.6796934546493901 0.7910870807926829
0 0.5740228241669574 0.8082807229879044 0.5688272118152476 0.7762411134856944 0.5248147734211445 0.788929384013724 0.5300103857728542 0.8209689935159341
0 0.42142674180327866 0.8365245047814208 0.41895331711065575 0.8002476092896176 0.3793304943647541 0.8050503756830603 0.38180391905737704 0.8413272711748633
0 0.2813282873738123 0.8519854451207443 0.28031867020486934 0.8129469145882818 0.2324230348129454 0.8151490127672208 0.2334326519818884 0.8541875432996832
0 0.14552782402663936 0.8642257940573771 0.14316646388319673 0.8295925119535519 0.09698386270491804 0.8351904030054645 0.09934522284836067 0.8698236851092899
0 0.0647694304225646 0.9077201290591174 0.021828529935990923 0.9065516691819316 0.02122153251196927 0.9462088342180128 0.06416243299854295 0.9473772940951984
0 0.15845398509174313 0.9277045107033639 0.15375931766055045 0.8917120603975536 0.10735378440366972 0.9024727637614679 0.1120484518348624 0.9384652140672783
0 0.2807617187500001 0.88671875 0.23974609375000006 0.88671875 0.23974609375000008 0.9251302083333334 0.2807617187500001 0.9251302083333334
0 0.3696289062500001 0.8802083333333334 0.3315429687500001 0.8802083333333334 0.3315429687500001 0.919921875 0.3696289062500001 0.919921875
0 0.4902343750000001 0.865234375 0.4492187500000001 0.865234375 0.4492187500000001 0.9069010416666666 0.4902343750000001 0.9069010416666666
0 0.6001590537304371 0.8468727513941355 0.5571697500674582 0.8442067480661989 0.5556856701969779 0.8867503710199677 0.5986749738599568 0.8894163743479043
0 0.7149985905283506 0.8513388638316153 0.7088855106314433 0.8157718535223367 0.6660214642396908 0.8288692010309279 0.672134544136598 0.8644362113402063
0 0.796875 0.8092447916666666 0.75146484375 0.8092447916666666 0.75146484375 0.8489583333333334 0.796875 0.8489583333333334
0 0.885430122217806 0.8320767918653948 0.8839550315480922 0.7953634240858505 0.8404745565878378 0.7984691722972972 0.8419496472575516 0.8351825400768416
0 0.9579689984101747 0.8248739318362479 0.9555438940779013 0.7844555262983571 0.9138963756955484 0.7888979282591414 0.9163214800278218 0.8293163337970322
0 0.9154124540441178 0.9720435049019608 0.9085477941176472 0.9354319852941178 0.8706341911764708 0.9480698529411766 0.8774988511029413 0.9846813725490197
0 0.851907169117647 0.9836090686274509 0.8442670036764705 0.9428615196078431 0.8045151654411765 0.9561121323529411 0.812155330882353 0.9968596813725489
0 0.77734375 0.9641927083333334 0.7392578125 0.9641927083333334 0.7392578125 0.9993489583333334 0.77734375 0.9993489583333334