0 0.9367809087363494 0.09491903113624549 0.9324663611544461 0.05896446795371816 0.887618375828783 0.06853203815652627 0.8919329234106863 0.10448660133905359
0 0.8408003009733608 0.1025710809426229 0.8382828509221313 0.06564848019125681 0.7954461769979508 0.0708408043032787 0.7979636270491803 0.10776340505464478
0 0.7514988169338336 0.07197962852432938 0.7069479823925647 0.06757954610050035 0.7049562212227148 0.10343124715779911 0.7495070557639837 0.10783132958162815
0 0.6530123197115385 0.10088141025641024 0.6494516225961539 0.06290064102564104 0.6067833533653846 0.07001201923076926 0.6103440504807692 0.10799278846153847
0 0.54443359375 0.07552083333333343 0.50244140625 0.07552083333333341 0.50244140625 0.10611979166666674 0.54443359375 0.10611979166666674
0 0.4463651063012295 0.11114135075136612 0.44423587986680324 0.07991269637978142 0.4034683977971311 0.0848542093579235 0.4055976242315574 0.1160828637295082
0 0.342040466994382 0.11213424625468167 0.340014922752809 0.08377662687265919 0.2967872191011236 0.089265859082397 0.29881276334269663 0.1176234784644195
0 0.23094321646341462 0.08196963922764232 0.18882431402439023 0.08021468495934962 0.18801924542682927 0.11456427845528457 0.23013814786585365 0.11631923272357726
0 0.1512912197520784 0.11099487208036422 0.15048804928741094 0.07993894744655582 0.11354046819328979 0.08163768680720507 0.11434363865795726 0.11269361144101347
0 0.07127939356435643 0.2199231641914191 0.06864944306930693 0.18485715759075905 0.026396194306930694 0.19049092409240923 0.029026144801980194 0.22555693069306929
0 0.16823462483794294 0.222990492653414 0.1676159383102852 0.19494337006626336 0.1295916162489196 0.1964345199510228 0.13021030277657736 0.22448164253817346
0 0.2548828125 0.1946614583333334 0.2216796875 0.19466145833333337 0.2216796875 0.22851562500000003 0.2548828125 0.22851562500000008
0 0.5050843418435014 0.21503336372679047 0.5019370648209549 0.18495938328912465 0.4553558106763925 0.19362566312997345 0.458503087698939 0.22369964356763927
0 0.6110678349951362 0.21645235489623868 0.6094357976653696 0.1816355585278859 0.571346060311284 0.18480970330739302 0.5729780976410506 0.2196264996757458
0 0.7119516225961539 0.21264022435897437 0.7087815504807692 0.1788261217948718 0.6659930889423077 0.18595753205128207 0.6691631610576924 0.21977163461538463
0 0.81005859375 0.18294270833333348 0.76513671875 0.18294270833333348 0.76513671875 0.21419270833333348 0.81005859375 0.21419270833333348
0 0.9228323000286697 0.2094389095948012 0.9221312356651375 0.17859207759938842 0.8775018814506881 0.18039528383027523 0.8782029458142202 0.21124211582568805
0 0.9354106855171845 0.2973044379268562 0.9349677469741409 0.2648222781036572 0.8928651879027595 0.2658429462023574 0.8933081264458032 0.29832510602555634
0 0.8044044430099219 0.3024726028789851 0.8018998175219583 0.26991247153545866 0.7566154643786597 0.27610520358924306 0.7591200898666233 0.3086653349327695
0 0.5637168187426341 0.3068316790659988 0.5615806961733942 0.2776380039530543 0.5205152935327046 0.28297984494696515 0.5226514161019445 0.3121735200599096
0 0.4549073045626996 0.3094101520899893 0.45416396265974435 0.28463208865814693 0.41360385882587863 0.2867952941959531 0.4143472007288339 0.3115733576277955
0 0.3291015625 0.28906250000000006 0.28857421875 0.28906250000000006 0.28857421875 0.31705729166666674 0.3291015625 0.31705729166666674
0 0.22565203081837018 0.3148254057320442 0.22443132769337018 0.2839009265653775 0.18419533408149175 0.28672450506445674 0.18541603720649175 0.3176489842311234
0 0.106639570884734 0.3140119024672321 0.10597397238820354 0.28206317463377023 0.06204898925404781 0.2836900258609612 0.06271458775057825 0.31563875369442307
0 0.10576724646226415 0.4525132665094341 0.10474369840801888 0.42112445951257865 0.059186136497641505 0.4237654775943396 0.060209684551886786 0.45515428459119506
0 0.23965107929219182 0.4537462214366226 0.23878589234936978 0.42086911760938617 0.188032861493237 0.4232435284096731 0.188898048436059 0.4561206322369095
0 0.3194215252600883 0.4337907865699875 0.31711065573770497 0.4050332991803279 0.2769053436317781 0.41077691519546033 0.27921621315416145 0.43953440258511994
0 0.3828949781604155 0.4499555197652456 0.38186097080747433 0.4203139756475985 0.3375799484788181 0.4230600855594531 0.3386139558317593 0.45270162967710026
0 0.48583984375 0.4147135416666668 0.44189453125 0.41471354166666674 0.44189453125 0.44921875000000006 0.48583984375 0.44921875000000017
0 0.634060893724582 0.44406425337023653 0.6330203449785359 0.41146039266079243 0.5870285758161997 0.41406985474092495 0.5880691245622458 0.44667371545036905
0 0.6701055206028761 0.3057562453908555 0.6684332653484514 0.27231114030235987 0.6243907287057522 0.27622603244837757 0.6260629839601769 0.3096711375368732
0 0.9357761783494476 0.42963714318600377 0.9346229173860497 0.4004211987799264 0.8962065132941989 0.403117086786372 0.8973597742575967 0.43233303119244937
0 0.8581871754118912 0.4297900996895893 0.8539585758416905 0.4008946692932187 0.8109940231017192 0.4120724391117478 0.8152226226719198 0.44096786950811845
0 0.9282036013719511 0.500489075203252 0.9274485518292682 0.4682736280487805 0.8786680640243902 0.4703061483739837 0.8794231135670731 0.5025215955284553
0 0.82666015625 0.4674479166666668 0.7822265625 0.4674479166666668 0.7822265625 0.5013020833333335 0.82666015625 0.5013020833333335
0 0.7261622694672131 0.4999893271857924 0.7237408747438524 0.46447553790983603 0.675048828125 0.4703776041666667 0.6774702228483607 0.505891393442623
0 0.6187384087537091 0.5007248392680516 0.6176836053412462 0.47189354599406536 0.5772881120178041 0.4745208951533136 0.578342915430267 0.5033521884272999
0 0.5224609375 0.47851562500000017 0.4833984375 0.47851562500000017 0.4833984375 0.5045572916666669 0.5224609375 0.5045572916666669
0 0.42500480276639346 0.5081433572404372 0.4224873527151639 0.4712207564890711 0.37234246926229503 0.4772989241803279 0.3748599193135246 0.514221524931694
0 0.3095853365384615 0.5075220352564104 0.3081911057692307 0.4740604967948718 0.2549699519230769 0.4780028044871794 0.2563641826923077 0.511464342948718
0 0.189296875 0.5070052083333333 0.185810546875 0.4744661458333333 0.137275390625 0.4837109375 0.14076171875 0.51625
0 0.05689685179455445 0.5079736489273927 0.05483736850247524 0.4805138716996699 0.01495300897277227 0.48583178630363033 0.017012492264851478 0.5132915635313532
0 0.07207119626696833 0.612164757730015 0.07158004277432127 0.5813858055241327 0.024165503040158375 0.5827308988499246 0.02465665653280543 0.6135098510558069
0 0.1698463282913414 0.608680524751597 0.16872768253193754 0.5823302024189733 0.1242706970258162 0.5856854466081145 0.12538934278522001 0.6120357689407382
0 0.276943359375 0.6049869791666668 0.27386718749999994 0.5762760416666667 0.22861328124999997 0.5848958333333334 0.23168945312499997 0.6136067708333334
0 0.487387413986737 0.6059890633913291 0.485638180529806 0.578467790335615 0.4416446805476326 0.5834388072827533 0.44339391400456357 0.6109600803384674
0 0.5779549595646964 0.6063111521565495 0.5770088171425719 0.5747730714190628 0.5300136968350639 0.5772794778354632 0.5309598392571885 0.60881755857295
0 0.681640625 0.5761718750000001 0.62646484375 0.5761718750000001 0.62646484375 0.6061197916666669 0.681640625 0.6061197916666669
0 0.7594990844255974 0.603742510762015 0.7588632270383576 0.5732213561745053 0.7056545001686584 0.5751920497622719 0.7062903575558982 0.6057132043497816
0 0.8750048344678218 0.5767584570957097 0.8253548499381188 0.570138459158416 0.8229714573019802 0.6019170276402641 0.8726214418316832 0.6085370255775578
0 0.9775841346153846 0.571834935897436 0.9254717548076923 0.5679747596153847 0.9241917067307692 0.5986959134615386 0.9763040865384616 0.6025560897435899
0 0.9815556044939926 0.6427437134165127 0.9396821929875232 0.6416700361983981 0.939241927564695 0.6721951055144796 0.9811153390711644 0.6732687827325942
0 0.7729502871991247 0.6749749270605397 0.7684200629102844 0.6432633570386579 0.7265293780771334 0.6539022611232677 0.7310596023659737 0.6856138311451495
0 0.6694821521063536 0.6809176450276243 0.6683814960290055 0.6530343577348067 0.6210977965296961 0.6563525120856354 0.6221984526070442 0.684235799378453
0 0.5578911528716216 0.6555166103603604 0.5061045713682434 0.6539108248873874 0.5055846178209461 0.6837214949324325 0.5573711993243243 0.6853272804054055
0 0.4526367187500001 0.6569010416666666 0.4033203125000001 0.6569010416666666 0.4033203125000001 0.685546875 0.4526367187500001 0.685546875
0 0.34541596582861184 0.6863930447355995 0.34497222468130306 0.6615435404863077 0.2987163597733711 0.6630119806421151 0.29916010092067985 0.6878614848914069
0 0.19093296054803569 0.6644893632386926 0.14573349548118195 0.66229787402333 0.14496101487702215 0.6906221628425223 0.1901604799438759 0.6928136520578848
0 0.0686303236556711 0.6666404837889742 0.02521036029993228 0.6641769397687904 0.0243419124915274 0.6913883044321434 0.0677618758472662 0.6938518484523272
0 0.14343059392265192 0.8380021293738492 0.14229351907803867 0.809196233310313 0.10187812931629835 0.8120324010128912 0.10301520416091162 0.8408382970764273
0 0.24629790016968323 0.8370121606334843 0.24580807232748866 0.8063162825226243 0.2043956359587104 0.8074911034125188 0.20488546380090497 0.8381869815233788
0 0.3854299098774646 0.8350438318638341 0.38501457928353233 0.8018173843492549 0.3385593845459594 0.8028497220100898 0.3389747151398917 0.8360761695246691
0 0.49301080071963715 0.8266391052181913 0.49035374975354884 0.7971163167060987 0.4497855875394321 0.8036072226603573 0.45244263850552047 0.8331300111724499
0 0.5886409220742798 0.7990338627775154 0.5501167538822627 0.7979172202212252 0.5496450792690127 0.8268465965005513 0.5881692474610298 0.8279632390568414
0 0.6895356015220208 0.8301550356217616 0.687906310718912 0.7964830256908462 0.6460097555051812 0.8000870304404145 0.6476390463082901 0.83375904037133
0 0.7634520135531768 0.8245083016804791 0.7622866130006907 0.7949848210174956 0.7229988561809394 0.7977418565837938 0.7241642567334255 0.8272653372467773
0 0.8356122394792083 0.8227170069472213 0.8351899474585166 0.7945642055677729 0.7955964098735506 0.7956200332367053 0.7960187018942423 0.8237728346161536
0 0.9308205652148798 0.8207466882316697 0.9304086399607209 0.7921865372766482 0.8884601360328097 0.7932621399414664 0.8888720612869686 0.821822290896488
0 0.9479804042283206 0.9417593269671943 0.9462030335942876 0.9117415118146363 0.9068461534325533 0.9158843413053451 0.9086235240665863 0.9459021564579032
0 0.8840403255419367 0.9418425639856833 0.8822146126671393 0.9134425859332792 0.8488935720978525 0.9172507048554834 0.8507192849726499 0.9456506829078876
0 0.8070724365881964 0.9449899148983202 0.8037029074104776 0.9127921916445624 0.7593048014754642 0.9210523043766577 0.7626743306531831 0.9532500276304156
0 0.7123137483891753 0.9524793277491409 0.7111952319587629 0.9196695124570446 0.6659230025773197 0.9224132839347079 0.6670415190077321 0.9552230992268042
0 0.62158203125 0.9251302083333334 0.58251953125 0.9251302083333334 0.58251953125 0.9602864583333334 0.62158203125 0.9602864583333334
0 0.526860762454827 0.9605970223498538 0.5262840007098606 0.9267603333118224 0.48656508131130605 0.9279639369299604 0.4871418430562725 0.9618006259679918
0 0.43348402387640456 0.9580992509363296 0.4312719452247192 0.9271301498127342 0.3885050912921349 0.9325608614232211 0.3907171699438203 0.9635299625468164
0 0.35386782786885246 0.959592725409836 0.35183865906762296 0.9298315829918032 0.31239193775614754 0.9346130037568305 0.31442110655737704 0.9643741461748633
0 0.2599024520563771 0.9665179259088109 0.2594235573590573 0.933314560227973 0.21547571771025875 0.9344414279112754 0.21595461240757854 0.9676447935921133
0 0.1391601562500001 0.9348958333333334 0.09716796875000008 0.9348958333333334 0.09716796875000008 0.9694010416666666 0.1391601562500001 0.9694010416666666
0 0.037597656250000076 0.8111979166666666 7.480630594401069e-17 0.8111979166666666 7.621154030826668e-17 0.841796875 0.03759765625000008 0.841796875