0 0.9047555550637395 0.07125900023607178 0.904113734950425 0.0353170738904627 0.865712420325779 0.03653616324362607 0.8663542404390935 0.07247808958923514
0 0.7314244482566766 0.04093487265084087 0.6936665430267062 0.03847907393669645 0.6924952475890207 0.0704944825667657 0.7302531528189912 0.07295028128091012
0 0.5452576636672393 0.06478372891942537 0.54464403351421 0.03205678742452634 0.5059109174929732 0.03334789129190089 0.5065245476460025 0.06607483278679992
0 0.38232421875 0.022786458333333395 0.34375 0.022786458333333388 0.34375 0.05598958333333339 0.38232421875 0.05598958333333339
0 0.259765625 0.022786458333333374 0.2197265625 0.02278645833333337 0.2197265625 0.057291666666666706 0.259765625 0.057291666666666706
0 0.8745770230832053 0.20431048632462212 0.8741853847401038 0.17767907899372273 0.83621935950711 0.17867165481680758 0.8366109978502115 0.2053030621477069
0 0.7023355214129571 0.18080120561738222 0.671187214328299 0.177478719528352 0.6701811531200319 0.19424640633280346 0.70132946020469 0.1975688924218337
0 0.5933425206218275 0.17611767660744512 0.5544128727791879 0.15463925021150607 0.5455494527284265 0.18319915926395955 0.584479100571066 0.20467758565989866
0 0.42646447784398417 0.16304473919303364 0.382517539095025 0.16184890412503475 0.3821024390481891 0.18896877385165145 0.42604937779714824 0.19016460891965037
0 0.30203219615051907 0.1547176867070358 0.2638313689446367 0.15337730680507503 0.2632690852076125 0.18186634948096891 0.30146991241349486 0.1832067293829297
0 0.20675570035736482 0.18238432579759686 0.20510422331417028 0.15302473391858296 0.1661509720711622 0.15692005904288378 0.16780244911435674 0.1862796509218977
0 0.062149405559276616 0.3254013521433355 0.05696636386470194 0.2878860027349855 0.016476630525787007 0.2978308495199821 0.02165967222036168 0.3353461989283322
0 0.20557376463266952 0.32153819631324004 0.2038211555604144 0.2880438895990312 0.16377263228269645 0.2917693336248654 0.16552524135495156 0.32526364033907423
0 0.33837890625 0.28971354166666674 0.30078125 0.28971354166666674 0.30078125 0.3255208333333334 0.33837890625 0.3255208333333334
0 0.453125 0.29361979166666674 0.4189453125 0.29361979166666674 0.4189453125 0.32486979166666674 0.453125 0.32486979166666674
0 0.5634423651850179 0.3233087018652227 0.5616993597698555 0.301811635078219 0.5312538780460289 0.3062001729843562 0.5329968834611912 0.32769723977135984
0 0.6669921875 0.31250000000000006 0.63671875 0.31250000000000006 0.63671875 0.3333333333333335 0.6669921875 0.3333333333333335
0 0.8161224724264706 0.34356464460784303 0.8137201286764706 0.3126011029411765 0.7771869255514706 0.3176401654411765 0.7795892693014707 0.348603707107843
0 0.9875380870986921 0.3108085302715023 0.9446662966334721 0.30941432570352767 0.9440563805179846 0.3427564066835118 0.9869281709832045 0.3441506112514865
0 0.9528384650735294 0.43836672794117665 0.9123242187500001 0.4348437500000002 0.9110620404411767 0.4606482843137257 0.951576286764706 0.4641712622549022
0 0.8152092872248686 0.4359399809734999 0.7760473344078516 0.43460111079172153 0.7755247258952037 0.46177675344940877 0.8146866787122208 0.46311562363118713
0 0.590542101363724 0.4462812821254176 0.5899021028093678 0.4155613515163197 0.5515338130059754 0.41698239928681574 0.5521738115603315 0.4477023298959137
0 0.400390625 0.4108072916666667 0.36669921875 0.4108072916666667 0.36669921875 0.4459635416666667 0.400390625 0.4459635416666667
0 0.1764735391695206 0.41127550656392703 0.1388190282534247 0.40941602454337905 0.1379073469606165 0.44223655108447485 0.17556185787671238 0.4440960331050228
0 0.17786619419096034 0.5600827566144048 0.17596283033745716 0.5315322988118569 0.1358393174301813 0.5362876781193859 0.13774268128368447 0.5648381359219338
0 0.28136407033057054 0.5562566258673863 0.280971788863724 0.537427115458751 0.2477536050742097 0.5386574185620664 0.24814588654105627 0.5574869289707016
0 0.3678619025735294 0.5327573529411764 0.33132869944852944 0.5277182904411765 0.3288591452205883 0.5595481004901961 0.36539234834558826 0.5645871629901961
0 0.5438316031678082 0.5642658390410958 0.5429005244006849 0.5307470034246575 0.5005143675085616 0.5328401469748859 0.5014454462756849 0.5663589825913242
0 0.7278584724729243 0.5406569645006019 0.6899124971796031 0.5351872743682312 0.6874249069268955 0.5658675541516247 0.7253708822202167 0.5713372442839953
0 0.833191960619251 0.5746798688677179 0.8327261364569646 0.5504570124288217 0.7956286316318989 0.5517253031920718 0.7960944557941854 0.575948159630968
0 0.9553594066937119 0.556928509550372 0.9209974803498986 0.5506808865787696 0.9189443220715011 0.5707562119675457 0.9533062484153144 0.5770038349391481
0 0.82861328125 0.7180989583333334 0.7890625 0.7180989583333334 0.7890625 0.75 0.82861328125 0.75
0 0.7320210801059186 0.721485975231781 0.6936764735608021 0.7149313416343253 0.6911513709775227 0.7411924085004314 0.7294959775226392 0.7477470420978872
0 0.61474609375 0.7096354166666666 0.57470703125 0.7096354166666666 0.57470703125 0.7376302083333334 0.61474609375 0.7376302083333334
0 0.45025717319939135 0.735450187387286 0.4487031707901262 0.7029888037270816 0.404149818248422 0.7067805784114819 0.40570382065768706 0.7392419620716862
0 0.2633933110764642 0.7386823255603759 0.2628808805585683 0.7058867724150398 0.21992060398590021 0.7070801134309472 0.2204330345037961 0.7398756665762835
0 0.15087890625000006 0.7180989583333334 0.11474609375000006 0.7180989583333334 0.11474609375000006 0.7428385416666666 0.15087890625000006 0.7428385416666666
0 0.05029296875000007 0.7200520833333334 0.010742187500000068 0.7200520833333334 0.01074218750000007 0.7467447916666666 0.05029296875000007 0.7467447916666666
0 0.14373073268581082 0.8427755489864865 0.143207347972973 0.8127681587837837 0.101884765625 0.8140494791666666 0.10240815033783783 0.8440568693693694
0 0.2542389726216814 0.8328263274336282 0.25332722621681414 0.8145913993362831 0.2237386787887168 0.817221492441003 0.22465042519358408 0.835456420538348
0 0.688478997817955 0.844465983478803 0.687079907652743 0.8071569124064837 0.6481148203709475 0.8097545848919366 0.6495139105361595 0.847063655964256
0 0.9762098313857644 0.824892520041376 0.9385167159619864 0.8134050943884151 0.9328285613847948 0.8465859960886997 0.9705216768085728 0.8580734217416605
0 0.8716673205513101 0.9464127319868997 0.8364215167849346 0.9401468113173218 0.833444920169214 0.969912777474527 0.8686907239355895 0.9761786981441049
0 0.6550751506979696 0.9709080213620981 0.6533376625951777 0.9384749101099831 0.6158961572017766 0.9420407677664975 0.6176336453045685 0.9744738790186126
0 0.4796294263128699 0.9484540649654835 0.446579430935651 0.945229675172584 0.4453096107618344 0.9683686205621304 0.4783596061390534 0.9715930103550297
0 0.3159179687500001 0.927734375 0.2758789062500001 0.927734375 0.2758789062500001 0.9596354166666666 0.3159179687500001 0.9596354166666666
0 0.15172861630154638 0.9591696198453609 0.15068862757731957 0.928663283934708 0.11319064110824742 0.9309358891752577 0.11423062983247423 0.9614422250859106