0 0.09961947737068966 0.08284392959770116 0.09787513469827586 0.05493444683908047 0.05843547952586206 0.05931663074712645 0.060179822198275855 0.08722611350574715
0 0.16340597676489635 0.07557986560880832 0.15905445474417096 0.05353215403713301 0.12567043798575128 0.06524584412780658 0.13002196000647667 0.08729355569948188
0 0.23651135631443296 0.07587521477663232 0.23430805009664946 0.04551855133161514 0.19165995489690718 0.05102153135738832 0.19386326111469068 0.0813781948024055
0 0.32293400998975413 0.07686027151639345 0.32085281121926235 0.04633602288251365 0.2806576588114754 0.051208162568305994 0.2827388575819672 0.08173241120218579
0 0.4240304273485891 0.07872048133172746 0.42206150797918096 0.04546762087061252 0.37887365310994486 0.05001371085684791 0.380842572479353 0.08326657131796285
0 0.5471846417682926 0.08091971544715447 0.5464153010670731 0.04809451219512195 0.5041592035060977 0.04985518292682926 0.5049285442073171 0.08268038617886177
0 0.650390625 0.05143229166666677 0.60791015625 0.05143229166666676 0.60791015625 0.08658854166666678 0.650390625 0.08658854166666678
0 0.76025390625 0.055338541666666796 0.72265625 0.05533854166666679 0.72265625 0.08854166666666678 0.76025390625 0.08854166666666678
0 0.8255169789424113 0.05635259687836395 0.8087293544806242 0.03061157270362395 0.7881542653390742 0.05446674851991388 0.8049418898008611 0.08020777269465389
0 0.8583984375 0.06315104166666681 0.8251953125 0.0631510416666668 0.8251953125 0.09375000000000015 0.8583984375 0.09375000000000015
0 0.9202548515827572 0.051962353248343564 0.8855594513018583 0.0506017493157593 0.8849677742815472 0.07742444090319807 0.9196631745624461 0.07878504483578234
0 0.9663172358960176 0.07534799041297952 0.9278812914823008 0.07193146202064914 0.9263948423672567 0.1016604443215341 0.9648307867809734 0.10507697271386447
0 0.9365709548028524 0.20233195260067127 0.8996074087667786 0.19363464765100682 0.8961271759647651 0.2199297399328861 0.9330907220008389 0.2286270448825505
0 0.8193736192154614 0.1893494783234396 0.7851770671714786 0.1872287619176112 0.7842900975613869 0.2126552240735745 0.8184866496053697 0.21477594047940293
0 0.7080078125 0.17903645833333348 0.673828125 0.17903645833333345 0.673828125 0.2109375000000001 0.7080078125 0.21093750000000014
0 0.6180191216509252 0.17753007742225657 0.5809790170826908 0.17615822169750717 0.5803574655454896 0.20599269548316637 0.617397570113724 0.20736455120791578
0 0.5436183286516855 0.20375555945692891 0.5250565089536517 0.1833106566011237 0.50874297752809 0.20964126872659192 0.5273047972261237 0.2300861715823971
0 0.5044632951183432 0.20412891395463517 0.5029123520710059 0.17414401503944776 0.4682744313979289 0.1773291111932939 0.4698253744452662 0.2073140101084813
0 0.42099441002155175 0.22157641882183907 0.4196406923491379 0.19089215158045977 0.3872390220905172 0.19343345905172415 0.388592739762931 0.22411772629310345
0 0.37646484375 0.17447916666666674 0.33740234375 0.17447916666666674 0.33740234375 0.2024739583333334 0.37646484375 0.2024739583333334
0 0.29736328125 0.16861979166666674 0.26171875 0.16861979166666674 0.26171875 0.19726562500000008 0.29736328125 0.19726562500000008
0 0.25851823766313214 0.21652817427949975 0.2579299901865824 0.1890766253738445 0.22047451697593803 0.19050350054377382 0.2210627644524878 0.21795504944942903
0 0.1951438667847938 0.19667834514604812 0.19317765383376287 0.16958830004295536 0.1570992066688144 0.17424358354811 0.15906541961984536 0.20133362865120277
0 0.11279296875000003 0.17122395833333334 0.07568359375000003 0.17122395833333334 0.07568359375000003 0.19596354166666666 0.11279296875000003 0.19596354166666666
0 0.0589490167025862 0.21052667025862068 0.05766601562499999 0.18144531249999998 0.022087149784482753 0.1842358117816092 0.023370150862068964 0.21331716954022986
0 0.053176591981132074 0.31065742924528306 0.04746462264150943 0.284001572327044 0.01347840507075472 0.29694870283018865 0.019190374410377367 0.3236045597484277
0 0.11962890625 0.3170572916666667 0.11802292132656572 0.2899339907375545 0.09097623989160358 0.2927810098359716 0.09258222481503785 0.31990431076508374
0 0.1956628281830855 0.31911932698265183 0.1928665558201673 0.29053520949504336 0.158298421526487 0.29654705893742256 0.1610946938894052 0.32513117642503103
0 0.2757662259615385 0.3080428685897436 0.2611177884615385 0.2787459935897436 0.23159555288461542 0.3049879807692308 0.24624399038461542 0.33428485576923084
0 0.34720236733760296 0.32334791476059777 0.3457692417657823 0.29181915218054283 0.3091937149759835 0.294774750304971 0.3106268405478042 0.32630351288502596
0 0.4363234553664242 0.3315778218121968 0.43552403440098764 0.29853508857415106 0.40271732068607075 0.299946130024255 0.4035167416515073 0.33298886326230076
0 0.5264798677884616 0.32041266025641024 0.5223106971153847 0.29261818910256415 0.48644080528846156 0.3021834935897436 0.4906099759615385 0.3299779647435897
0 0.6489614025937714 0.32699049380591877 0.6469713120483482 0.29338007570543695 0.606797157282347 0.2976089341018582 0.6087872478277702 0.33121935220233995
0 0.7328391254002746 0.3275388838060385 0.7314685427150047 0.2973860647301007 0.6955564172575481 0.30028805466605674 0.696926999942818 0.3304408737419946
0 0.8402136004230458 0.30753403673113094 0.8037203804895245 0.30197316512221345 0.8007584294419823 0.33652926067687366 0.8372516493755036 0.34209013228579116
0 0.9644293285363963 0.34938519080192737 0.963857860496257 0.31585906578041645 0.9273776801271295 0.3169645257916021 0.9279491481672688 0.3504906508131131
0 0.99951171875 0.40234375000000017 0.962890625 0.40234375000000017 0.962890625 0.43945312500000017 0.99951171875 0.43945312500000017
0 0.8521318060862445 0.3943720433042213 0.8203082355349345 0.3887145196506551 0.8171610603165939 0.42018627183406126 0.8489846308679039 0.4258437954876275
0 0.735645850929054 0.4143774634009008 0.7313898859797298 0.3784382038288288 0.6997716955236487 0.3850946649774775 0.7040276604729729 0.4210339245495495
0 0.5511329820094021 0.3929114934908389 0.5360405240477338 0.36537437720990046 0.5069037412608486 0.39376406300225025 0.5219961992225168 0.4213011792831887
0 0.08804572610294119 0.39718137254901964 0.0856244255514706 0.3659734987745098 0.055371668198529414 0.37014629289215684 0.05779296875 0.4013541666666667
0 0.11061868106617652 0.4478439031862745 0.07958984375000007 0.4446614583333333 0.07780618106617654 0.4755782781862746 0.10883501838235299 0.47876072303921574
0 0.06905048076923077 0.5275540865384616 0.06603816105769231 0.4954226762820512 0.030881911057692307 0.5012820512820512 0.033894230769230774 0.5334134615384616
0 0.15348923718590676 0.5292319130857004 0.1521122342725783 0.49526584122359796 0.11536097960670066 0.4979145802986162 0.11673798252002915 0.5318806521607186
0 0.24531250000000004 0.48124999999999996 0.2400614754098361 0.45149419398907104 0.20944383965163937 0.46109972677595623 0.21469486424180328 0.49085553278688515
0 0.2751747570329571 0.5392716109796066 0.2737195153177349 0.5033756486707939 0.23973151288237438 0.5058252344319009 0.2411867545975965 0.5417211967407137
0 0.3492753790680473 0.5384646203155818 0.3477105676775148 0.5082116000986193 0.31463110207100586 0.5112533900394478 0.3161959134615384 0.5415064102564103
0 0.3375249549944609 0.4625463518586903 0.30769003300406206 0.46101635585918266 0.3067690061853767 0.4929452855736091 0.33660392817577556 0.49447528157311676
0 0.429474620354466 0.5433339189048513 0.42881188758978767 0.5079881714553404 0.39311642381714557 0.5091780202477617 0.3937791565818239 0.5445237676972726
0 0.4951171875 0.5130208333333335 0.46875 0.5130208333333335 0.46875 0.5358072916666669 0.4951171875 0.5358072916666669
0 0.5932271501659291 0.544230503318584 0.5915268079369468 0.510223658738938 0.5594104327986725 0.513078447640118 0.5611107750276548 0.547085292219764
0 0.7122632698804574 0.5100769339050589 0.675136028456341 0.5080564037595289 0.6741460661382537 0.540395172817048 0.7112733075623701 0.5424157029625781
0 0.83203125 0.5123697916666669 0.79638671875 0.5123697916666669 0.79638671875 0.5481770833333335 0.83203125 0.5481770833333335
0 0.9028723480504587 0.52882501911315 0.8733470111811925 0.5076273413608563 0.8602709288990824 0.5400062117737003 0.8897962657683486 0.5612038895259941
0 0.9799538049274744 0.5302501066552902 0.9471189739761092 0.5250995449374289 0.9443959311006825 0.5559606975255974 0.9772307620520477 0.5611112592434586
0 0.9130939421106559 0.6711065573770494 0.874087474385246 0.6663785006830604 0.8718341764856559 0.6994268698770494 0.9108406442110657 0.7041549265710384
0 0.79345703125 0.6608072916666669 0.76171875 0.6608072916666669 0.76171875 0.69140625 0.79345703125 0.69140625
0 0.5159795751191506 0.4619608878538417 0.49114069946923733 0.4605809503177354 0.49047047633232227 0.482028090699018 0.5153093519822356 0.4834080282351243
0 0.7342445210436461 0.6857100220209819 0.733451788895487 0.6550577122921617 0.6977655043794538 0.6566984610055425 0.698558236527613 0.6873507707343628
0 0.64404296875 0.6497395833333335 0.60693359375 0.6497395833333335 0.60693359375 0.6848958333333334 0.64404296875 0.6848958333333334
0 0.5110177275141643 0.6820969074598678 0.5104218307365439 0.6487266879131256 0.47584321883852687 0.6498244216241738 0.47643911561614727 0.6831946411709161
0 0.3955078125000001 0.6484375 0.3579101562500001 0.6484375 0.3579101562500001 0.6809895833333334 0.3955078125000001 0.6809895833333334
0 0.25680614002746144 0.6364374618592352 0.22336344334825067 0.6338894468741524 0.2219125050854354 0.6677446730065094 0.2553552017646461 0.6702926879915921
0 0.18408774771341466 0.6610511941056911 0.18335080030487808 0.6296081046747968 0.1486861661585366 0.6310524644308944 0.1494231135670732 0.6624955538617887
0 0.10888671875000006 0.630859375 0.07080078125000006 0.630859375 0.07080078125000006 0.6614583333333334 0.10888671875000006 0.6614583333333334
0 0.13785021551724136 0.7945267600574714 0.13623215247844825 0.7578506645114943 0.09807718211206898 0.7608432112068967 0.09969524515086209 0.7975193067528736
0 0.23621478999426615 0.766054448585627 0.19996729859518356 0.7645899034785933 0.1991833608084863 0.7990831660932723 0.2354308522075689 0.800547711200306
0 0.3398437500000001 0.7727864583333334 0.3085937500000001 0.7727864583333334 0.3085937500000001 0.8059895833333334 0.3398437500000001 0.8059895833333334
0 0.4628906250000001 0.775390625 0.4267578125000001 0.775390625 0.4267578125000001 0.810546875 0.4628906250000001 0.810546875
0 0.5876530635469774 0.8111974424921099 0.5862170259013111 0.7757751805656713 0.5492683960761108 0.7784381448773975 0.5507044337217771 0.813860406803836
0 0.6816839537116041 0.8123400170648463 0.6785942832764505 0.7773237521331059 0.6466093616680888 0.782340994738339 0.6496990321032423 0.8173572596700794
0 0.75927734375 0.78125 0.72216796875 0.78125 0.72216796875 0.8170572916666666 0.75927734375 0.8170572916666666
0 0.8439852133843402 0.821303035572337 0.8419544602046899 0.7874571492448329 0.80616786938593 0.7912743855988341 0.8081986225655803 0.8251202719263381
0 1.0019347936220138 0.8013145264505122 0.9624140091723551 0.7951151877133107 0.9592510132252561 0.830962475113766 0.9987717976749146 0.8371618138509672
0 0.06486582298801369 0.9178519192351599 0.06384377675513697 0.8810582548515983 0.025755832619863014 0.8829391409817352 0.026777878852739728 0.9197328053652969
0 0.14270354387468828 0.9174070033250209 0.1414237842892768 0.8832800810473814 0.10513754675810472 0.8856991635494595 0.1064173063435162 0.9198260858270989
0 0.2548828125000001 0.890625 0.21630859375000008 0.890625 0.2163085937500001 0.9251302083333334 0.2548828125000001 0.9251302083333334
0 0.35383386948529416 0.9257598039215686 0.3513195082720589 0.8933524816176471 0.31645220588235295 0.8981617647058825 0.31896656709558824 0.930569087009804
0 0.4554979143099548 0.9277697256787331 0.45448268700509054 0.899343361142534 0.4186172140130091 0.9016205340309201 0.41963244131787336 0.9300468985671192
0 0.5863037800991502 0.9352252272190748 0.5857374845077904 0.9035126741029273 0.5495089522839943 0.904662786237016 0.5500752478753541 0.9363753393531634
0 0.6806750870584486 0.9348422516084001 0.6794410477740348 0.9044026159261956 0.6445188029178804 0.9069195344743871 0.6457528422022942 0.9373591701565914
0 0.7947021717111533 0.940312698601843 0.7908736557137749 0.9076426954242134 0.7524739893648713 0.9156426259135683 0.7563025053622499 0.9483126290911978
0 0.900877557406768 0.9485335376381215 0.8994990396236189 0.9136110871316757 0.859980630611188 0.9163843088167587 0.8613591483943371 0.9513067593232045