0 0.06973245313141159 0.09583429506907402 0.02831149658904392 0.0890716899192997 0.026043002410750936 0.1137730709718233 0.0674639589531186 0.12053567612159762
0 0.15062756922294326 0.11020448379527792 0.11027207985041795 0.10104579117172607 0.10733852562692478 0.12402529925575599 0.1476940149994501 0.13318399187930782
0 0.22168770443175984 0.12456341125791005 0.1890031747049769 0.1144286733581324 0.18480180140456645 0.1385165469471524 0.21748633113134938 0.14865128484693005
0 0.28148658411348876 0.126186403404025 0.2474778043800153 0.12262992970640686 0.2458739581343141 0.14989531588332702 0.2798827378677876 0.15345178958094516
0 0.3289702735995851 0.12994251383125868 0.29670400025933613 0.12108510546334722 0.29197273729253115 0.15172566562932233 0.3242390106327801 0.16058307399723382
0 0.279296875 4.3053989032524143e-17 0.244140625 4.0183723097022526e-17 0.244140625 0.024739583333333374 0.279296875 0.02473958333333338
0 0.3761012620192308 0.007423878205128266 0.33810546874999997 0.00460937500000005 0.3369711538461538 0.03183293269230774 0.3749669471153846 0.034647435897435956
0 0.4593610181395671 0.010324899417314166 0.42404869155799113 0.008755462680355229 0.4234227594339623 0.0337927476415095 0.45873508601553825 0.03536218437846844
0 0.5426999209971909 0.02166725187265925 0.509887420997191 0.017500585205992587 0.5079299069522472 0.04490578183520607 0.5407424069522471 0.04907244850187273
0 0.6173540900735294 0.03543964460784323 0.5773989854355203 0.0289822539592761 0.5748060131504524 0.05750494909502271 0.6147611177884615 0.06396233974358985
0 0.677734375 0.04036458333333345 0.64208984375 0.04036458333333344 0.64208984375 0.06575520833333344 0.677734375 0.06575520833333344
0 0.7578125 0.05273437500000012 0.712890625 0.05273437500000011 0.712890625 0.07812500000000012 0.7578125 0.07812500000000012
0 0.858852997669199 0.07311989238029482 0.8160285738950276 0.07011466965930031 0.8151356396754144 0.0927356698895029 0.8579600634495858 0.09574089261049738
0 0.9930766536560298 0.21707584915818343 0.9495968333985907 0.20826980961237293 0.9466776991973377 0.2338933209344821 0.9901575194547768 0.2426993604802926
0 0.8906685102103962 0.20580007219471963 0.8485119508044556 0.20017919760726088 0.8466603496287131 0.22486721328382855 0.8888169090346536 0.2304880878712873
0 0.7947140242883073 0.18875481626544402 0.7536827265236913 0.1844639615972489 0.7521094794850974 0.21120916125334363 0.7931407772497134 0.21550001592153878
0 0.6050638681393997 0.15449951424272645 0.5621519076068897 0.15022966742357122 0.5605980396059482 0.17799210904039298 0.6035100001384582 0.18226195585954819
0 0.5347520171618853 0.14590270662568314 0.4957015240778688 0.14116931352459025 0.4938684682377049 0.1680541325136613 0.5329189613217213 0.1727875256147542
0 0.47274137975718766 0.13844054283388632 0.4354181904833211 0.13556952827435811 0.43428162723461117 0.16183676780009837 0.47160481650847774 0.16470778235962658
0 0.407141623078346 0.13583456648032455 0.3662358252322427 0.13186794365888424 0.3649262488182341 0.1558768445823743 0.4058320466643374 0.1598434674038146
0 0.12143911966463418 0.2217670223577236 0.08328172637195123 0.21611407520325207 0.08110827934451222 0.24219543953252035 0.11926567263719516 0.2478483866869919
0 0.19408641405867227 0.2369785287032501 0.15573923053956398 0.2324336773232076 0.15426744893740818 0.2545104013555447 0.19261463245651644 0.2590552527355872
0 0.2761805934842938 0.2438663079633129 0.2350888547325225 0.2426752430719572 0.23464716432451588 0.2697655880963628 0.2757389030762872 0.2709566529877185
0 0.34898330479452055 0.2520708476027398 0.31037430436643837 0.24665204052511422 0.3085843857020548 0.269324343607306 0.347193386130137 0.27474315068493155
0 0.41884808835730086 0.252595524520649 0.37992602323008845 0.24913578539823011 0.37855624308628316 0.2765313882743364 0.4174783082134956 0.27999112739675525
0 0.4935033637712958 0.2606932837506454 0.4571451906943727 0.25959152093013255 0.45669220080988643 0.28616692748666334 0.4930503738868095 0.2872686903071761
0 0.5643211570945945 0.27123803490991 0.5260768581081081 0.2627393018018019 0.5226456925675675 0.2901886261261263 0.560889991554054 0.2986873592342344
0 0.6467106516768293 0.27983676321138223 0.6049626048018293 0.27365186737804886 0.6027236566310976 0.30051924542682934 0.6444717035060976 0.3067041412601627
0 0.7773491955157994 0.3033297513940522 0.7351410025557622 0.29598919609665436 0.7330118058782529 0.3177543176889716 0.7752199988382901 0.3250948729863694
0 0.890226111167616 0.318552197755628 0.8458815125355981 0.315173561669379 0.8450932700620423 0.3335658860523462 0.8894378686940602 0.3369445221385952
0 0.04079674030172417 0.30818965517241387 0.007822602370689685 0.30452586206896554 0.00609509698275865 0.3321659482758621 0.03906923491379313 0.3358297413793104
0 0.09801139280141263 0.3161679909932107 0.058424038579993454 0.314814577173675 0.057828925755584785 0.3457604440429259 0.09741627997700396 0.3471138578624617
0 0.16449985991601407 0.33048308043075025 0.12518899261902314 0.32513466311143174 0.12301024384274531 0.35360364712146203 0.16232111113973624 0.3589520644407805
0 0.32470459593204487 0.33795556681213634 0.28006521781483795 0.3349796082709892 0.2790971789276809 0.36079397859517875 0.3237365570448878 0.3637699371363259
0 0.3966259986566742 0.3675990408182504 0.396248409219457 0.34393676941930623 0.35233336573812213 0.3451825862556561 0.35271095517533935 0.36884485765460034
0 0.4698014768835617 0.3551708761415526 0.43088746789383564 0.34970926084474896 0.42885675299657533 0.3754316495433791 0.4677707619863014 0.38089326484018277
0 0.5514974344937648 0.39032267542557414 0.5507945878488717 0.36314593848970705 0.5138133721793349 0.36484622426761676 0.5145162188242279 0.39202296120348384
0 0.6337890625 0.3723958333333335 0.59228515625 0.3723958333333335 0.59228515625 0.3997395833333335 0.6337890625 0.3997395833333335
0 0.7121754874170354 0.38604754332595875 0.6706931865320795 0.38236022769174044 0.6695027309181415 0.4061693399705016 0.7109850318030974 0.40985665560471984
0 0.80224609375 0.39453125000000017 0.75927734375 0.39453125000000017 0.75927734375 0.41796875000000017 0.80224609375 0.41796875000000017
0 0.8814492639089597 0.40602044195568415 0.8387401779263006 0.39725960380539505 0.8361266031430635 0.41991058526011577 0.8788356891257226 0.4286714234104048
0 0.9622503316627359 0.41221378734276753 0.9239184109669811 0.4099916470125788 0.9232246830778302 0.431265968946541 0.961556603773585 0.4334881092767297
0 0.03969586162140579 0.462611904286475 0.003484268919728476 0.4606806193423855 0.00266526682308311 0.4879806892305644 0.03887685952476042 0.4899119741746539
0 0.10202548170336792 0.4751322322970639 0.06197984132124358 0.4716874460276339 0.060724983808290216 0.4976211679620035 0.10077062419041455 0.5010659542314335
0 0.1870801161235409 0.4874731476977951 0.14719684764105065 0.4841495419909209 0.1459086971060312 0.5116300867380026 0.18579196558852143 0.5149536924448768
0 0.2589728574757117 0.47829056992769997 0.22291572525982833 0.47624477519204694 0.22199785359240853 0.5050047541045338 0.25805498580829195 0.5070505488401867
0 0.36247150677992523 0.494900444201995 0.3228732368298005 0.4922605595386534 0.3217968262936409 0.5209648405029094 0.36139509624376565 0.523604725166251
0 0.5467177972560976 0.5242854420731708 0.5080697408536585 0.5053004319105692 0.5008419874237805 0.5314580157520327 0.5394900438262196 0.5504430259146343
0 0.708984375 0.5338541666666669 0.6689453125 0.5338541666666669 0.6689453125 0.5592447916666669 0.708984375 0.5592447916666669
0 0.7881597127456331 0.5506726482896652 0.7498545817412662 0.5331161299126638 0.7426165051855893 0.5611910935225618 0.7809216361899562 0.5787476118995634
0 0.8885785105050116 0.5520075374261116 0.8463611941017734 0.5504439331148806 0.8457701366133386 0.5788146925597534 0.8879874530165768 0.5803782968709844
0 0.9313076331967213 0.7768869535519126 0.8903496413934426 0.7740864071038253 0.8890612192622951 0.8075853825136612 0.9300192110655737 0.8103859289617485
0 0.78515625 0.7571614583333334 0.744140625 0.7571614583333334 0.744140625 0.787109375 0.78515625 0.787109375
0 0.648936799472981 0.7385062537114014 0.6080876076306414 0.7366281299485352 0.6073221310866984 0.7662265563143311 0.648171322929038 0.7681046800771973
0 0.297639440317623 0.6984236253415301 0.25101658555327877 0.6927723702185794 0.248783299180328 0.7255272370218581 0.29540615394467223 0.7311784921448089
0 0.10962511101701924 0.9036484151244767 0.06285305993886323 0.8834226633068959 0.05520837636318576 0.9148508068957922 0.10198042744134178 0.935076558713373
0 0.2362284618023121 0.9215350352249728 0.19506231572571242 0.9155689270979295 0.19324808062821125 0.9378235442939437 0.23441422670481094 0.9437896524209871
0 0.3316877049073689 0.9515133872814321 0.3312616276800583 0.9236763417638078 0.2860994743963364 0.924905243893977 0.28652555162364696 0.9527422894116014
0 0.7275390625 0.9244791666666666 0.6923828125 0.9244791666666666 0.6923828125 0.947265625 0.7275390625 0.947265625
0 0.8946013703893444 0.9490232240437159 0.8485486039959017 0.9458743169398907 0.8476264728483607 0.9698497267759564 0.8936792392418034 0.9729986338797815
0 0.4401635307474153 0.9480209978699982 0.3946919537083573 0.9469933916092285 0.3944107923337881 0.9691114197420067 0.43988236937284614 0.9701390260027764
0 0.5433474023725997 0.9614827594165436 0.5022798479043576 0.9593767309822748 0.5016422694331611 0.9814794513170852 0.5427098239014032 0.983585479751354