0 0.052431376689189194 0.032680180180180186 0.00645671452702703 0.03177871621621622 0.006122677364864869 0.062064752252252255 0.05209733952702703 0.06296621621621623
0 0.1573467548076923 0.048547676282051304 0.11938100961538461 0.01962139423076924 0.10606971153846152 0.050681089743589765 0.14403545673076923 0.07960737179487183
0 0.23292584528688523 0.06713968579234973 0.2316188524590164 0.03315787226775956 0.18683977971311472 0.036219689207650264 0.18814677254098355 0.07020150273224043
0 0.32158021626548783 0.0369554374247118 0.2736757167172173 0.03550378592324905 0.27306391568791943 0.07139611297539154 0.32096841523618996 0.07284776447685429
0 0.4114622330154477 0.049705758722152237 0.36501209311948296 0.03135508617066 0.35859362685214374 0.06023818437368647 0.4050437667481085 0.07858885692517871
0 0.5 0.03515625000000008 0.45849609375 0.035156250000000076 0.45849609375 0.06770833333333341 0.5 0.06770833333333341
0 0.6318538014481708 0.06531853404471542 0.6289777057926831 0.030805386178861766 0.5811737804878049 0.03788744918699186 0.5840498761432926 0.07240059705284552
0 0.7444474838987662 0.06646105466860185 0.7424596335268504 0.033771959663763916 0.6934653228183961 0.03906864190251572 0.695453173190312 0.07175773690735365
0 0.858497885607798 0.04835865825688079 0.8137369194380734 0.02643491972477067 0.8051349268922018 0.05765696674311923 0.8498958930619265 0.07958070527522935
0 0.962236328125 0.03670572916666683 0.9100781250000001 0.026770833333333504 0.9060156250000001 0.06468750000000016 0.9581738281250001 0.07462239583333348
0 0.992144018020073 0.1818326110097325 0.9696388857208029 0.15015872110705616 0.9443259580291969 0.18213294555961093 0.9668310903284671 0.2138068354622873
0 0.8810427179596304 0.18261212102788593 0.8592410551434826 0.14966738610570696 0.8323684870500974 0.18128217209792483 0.8541701498662453 0.2142269070201038
0 0.787109375 0.1621093750000001 0.74609375 0.1621093750000001 0.74609375 0.19596354166666682 0.787109375 0.19596354166666682
0 0.7159785829741379 0.19589170258620694 0.7138638200431033 0.16205549568965516 0.6772932381465515 0.16611889367816093 0.679408001077586 0.19995510057471275
0 0.6529770652846535 0.16798808787128724 0.6236801902846536 0.16408183787128724 0.621296797648515 0.19586040635313542 0.6505936726485149 0.19976665635313542
0 0.44921875 0.1848958333333334 0.4091796875 0.1848958333333334 0.4091796875 0.21744791666666674 0.44921875 0.21744791666666674
0 0.3172640413851352 0.21454462274774774 0.31234163851351354 0.17516539977477477 0.2705342060810811 0.18445594031531531 0.2754566089527027 0.22383516328828826
0 0.13083980525213534 0.1787520018889619 0.08872506621632721 0.17731218175098554 0.0880128557202694 0.21434712754599214 0.13012759475607755 0.21578694768396847
0 0.03818499775359425 0.21033325845314163 0.037067254892172524 0.17307516307241744 -0.0007823420027955252 0.17509380824014908 0.0003354008586261975 0.21235190362087328
0 0.060141770997634104 0.30962268335962145 0.019188528933359657 0.30307016462933756 0.015882233339905398 0.3398067823343849 0.056835475404179846 0.34635930106466883
0 0.1669005896879616 0.34513190084933537 0.1659348458271787 0.311652780342196 0.12760512832348594 0.3136184068808469 0.12857087218426883 0.3470975273879863
0 0.25927734375 0.3098958333333334 0.22021484375000006 0.30989583333333337 0.22021484375000006 0.345703125 0.25927734375 0.345703125
0 0.34506521910466587 0.3143619955863809 0.307859788776797 0.30904693411097106 0.3051000453184111 0.34339040825977313 0.34230547564628 0.34870546973518296
0 0.4565031992364254 0.33842972285067874 0.4537087280825792 0.307690540158371 0.41359321973981894 0.314173854638009 0.4163876908936651 0.3449130373303168
0 0.5647927254541524 0.3141737853229528 0.5227397139922146 0.3126982410611305 0.5221267436202424 0.3437554065743946 0.5641797550821801 0.34523095083621697
0 0.6599684016719746 0.34259637075371546 0.6591125099522294 0.31064307988322715 0.6178530553343949 0.3126078158174097 0.6187089470541401 0.344561106687898
0 0.7423926359097632 0.33762481508875747 0.7408624953772189 0.3080420981262328 0.7005269970414201 0.31175110946745566 0.7020571375739644 0.34133382642998034
0 0.8144437488460118 0.30761670667159047 0.7720447805114475 0.30544240060315125 0.7711590945808715 0.3361461795297884 0.8135580629154358 0.3383204855982276
0 0.8791762819209499 0.33196093580568203 0.8765966828643461 0.298426148069833 0.8353637615891346 0.3040648381587508 0.8379433606457384 0.33759962589459985
0 0.9777310025945996 0.3174744175544942 0.9438096269976122 0.2882947396216018 0.9272633145435343 0.3224904520266961 0.9611846901405217 0.3516701299595885
0 0.02490234375000004 0.451171875 4.143946444380448e-17 0.451171875 4.326327925698779e-17 0.4908854166666667 0.02490234375000004 0.4908854166666667
0 0.10597731130191695 0.4707280850638978 0.0803230456269968 0.43915360423322686 0.0592629917132588 0.4695736821086262 0.08491725738817896 0.5011481629392972
0 0.20893212579617834 0.4869816547239916 0.20804202328821655 0.45375116109341823 0.17031809812898088 0.45554753848195334 0.17120820063694267 0.48877803211252663
0 0.27242187500000004 0.4696875000000002 0.246640625 0.4439062500000001 0.23011718750000004 0.4732812500000001 0.2558984375000001 0.49906250000000013
0 0.34423828125 0.4557291666666667 0.30615234375 0.4557291666666667 0.30615234375 0.4856770833333333 0.34423828125 0.4856770833333333
0 0.42630919959379615 0.4811928775849335 0.42539250023079767 0.449413966334318 0.38813166428175777 0.4513247784342688 0.38904836364475626 0.4831036896848843
0 0.48647693956751636 0.4655788198210414 0.44977111154419736 0.45039020132863355 0.44293146691973967 0.47977534119667403 0.4796372949430587 0.49496395968908186
0 0.5791015625 0.4622395833333335 0.53759765625 0.4622395833333335 0.53759765625 0.4954427083333335 0.5791015625 0.4954427083333335
0 0.6635514491580312 0.49464661593264253 0.6620375242875649 0.46335883527633853 0.6212546551165803 0.4668670390759931 0.6227685799870467 0.4981548197322971
0 0.7413895769817073 0.4809292428861789 0.7227634336890243 0.4498856707317073 0.6936451981707316 0.4809451219512195 0.7122713414634145 0.5119886941056911
0 0.8222105271157588 0.4760381201361868 0.7845041950389104 0.4547092858300908 0.7750030398832684 0.4845700591763944 0.8127093719601167 0.5058988934824904
0 0.9022374770220587 0.48387331495098046 0.8865952435661764 0.45109911151960796 0.8557904411764705 0.47723651960784325 0.8714326746323529 0.5100107230392158
0 0.96923828125 0.46679687500000017 0.9248046875 0.46679687500000017 0.9248046875 0.49804687500000017 0.96923828125 0.49804687500000017
0 0.9451427295418953 0.6684316676455234 0.9071554424432263 0.652044994779431 0.8991766132781911 0.6849274422474552 0.93716390037686 0.7013141151135476
0 0.82861328125 0.6536458333333335 0.7822265625 0.6536458333333335 0.7822265625 0.6875 0.82861328125 0.6875
0 0.74462890625 0.6542968750000001 0.705078125 0.6542968750000001 0.705078125 0.6842447916666666 0.74462890625 0.6842447916666666
0 0.6772661203959794 0.6815636805180786 0.6760118199372638 0.6456070673682317 0.6355153066817323 0.6481184790429934 0.636769607140448 0.6840750921928404
0 0.547816809386121 0.6563982799525504 0.5059462577846975 0.6389522167852906 0.49859597419928825 0.6703134267497033 0.5404665258007118 0.6877594899169632
0 0.469140625 0.6578125 0.43046875000000007 0.6320312500000002 0.4188476562500001 0.6630208333333334 0.45751953125 0.6888020833333334
0 0.3786095091201717 0.6745523739270388 0.37632108369098716 0.6399717229971388 0.3314897398068669 0.6452459987482118 0.33377816523605147 0.6798266496781117
0 0.2747776992577691 0.6773058869774324 0.2739252393174251 0.64320748936367 0.23293887867647056 0.645029105392157 0.23379133861681464 0.6791275030059193
0 0.160600508645905 0.6772078960197293 0.15848137474191326 0.6414180789745355 0.11801351191500344 0.6456778540089471 0.12013264581899519 0.6814676710541409
0 0.059744088207409576 0.6766472797549595 0.05630275944428238 0.6433811017113964 0.017721703617269546 0.6504764683002723 0.02116303238039674 0.6837426463438354
0 0.0687126527089235 0.7958252183663833 0.06795796078257789 0.7535624704910292 0.022085528063031157 0.7550187381964116 0.02284021998937677 0.7972814860717657
0 0.216015625 0.7889322916666668 0.211728515625 0.7489192708333333 0.170439453125 0.7567838541666667 0.17472656250000002 0.7967968750000002
0 0.3392535741490786 0.7549191965170432 0.29663173026902506 0.7535331202933017 0.29591033971834135 0.7929691370640114 0.3385321835983949 0.7943552132877528
0 0.4663085937500001 0.755859375 0.4233398437500001 0.755859375 0.4233398437500001 0.7884114583333334 0.4663085937500001 0.7884114583333334
0 0.5803398784336848 0.7871628456807249 0.5795589535932297 0.755925852062523 0.5366866675915649 0.7578312869959304 0.53746759243202 0.7890682806141323
0 0.6611472430073884 0.7735871060765983 0.6253086361580217 0.7516319235022116 0.6152655920159831 0.7807764437575394 0.6511041988653498 0.8027316263319261
0 0.7575613946848496 0.7965406948727835 0.7568916550212028 0.7643931910177333 0.7175611085678489 0.765849877923413 0.7182308482314957 0.7979973817784631
0 0.89765625 0.7898437500000001 0.87861328125 0.7559895833333333 0.8518945312499999 0.7827083333333333 0.8709374999999999 0.8165625
0 0.9869649851290215 0.7792017496090261 0.9511784203250669 0.7582069649240394 0.9386146688589142 0.7962789390638965 0.9744012336628688 0.8172737237488832
0 0.958961976777523 0.9391186448776759 0.9338464019495415 0.9076010607798167 0.9100935349770644 0.9412509556574925 0.9352091098050459 0.9727685397553518
0 0.8351111778846154 0.9404046474358975 0.818134014423077 0.9064503205128206 0.7895132211538461 0.9318910256410259 0.8064903846153846 0.9658453525641026
0 0.71142578125 0.9075520833333334 0.67236328125 0.9075520833333334 0.67236328125 0.9401041666666666 0.71142578125 0.9401041666666666
0 0.31832031250000004 0.91890625 0.28996093750000007 0.8905468750000001 0.2705078125000001 0.9251302083333334 0.2988671875000001 0.9534895833333334
0 0.14501953125000008 0.904296875 0.10498046875000008 0.904296875 0.10498046875000008 0.939453125 0.1450195312500001 0.939453125
0 0.5366584146098726 0.9055077295647559 0.49867324343152875 0.9036989118895967 0.49775017416401285 0.9381601645435246 0.5357353453423567 0.9399689822186837