0 0.040762448105998016 0.09862119443985462 0.04031337780898877 0.06568937265917606 -0.00044907029700924617 0.06667755321932144 2.168404344971009e-19 0.09960937500000001
0 0.13403137663653367 0.1008627519742311 0.13267003389962595 0.06456027899002494 0.08087082099438901 0.06801355985037405 0.08223216373129674 0.1043160328345802
0 0.23358658813704164 0.10056712243629583 0.23175394023850218 0.06798671535114979 0.18438853470711622 0.0727232559042884 0.18622118260565568 0.10530366298943443
0 0.3176467483108108 0.10302294481981983 0.3129618876689189 0.06554405968468469 0.2652950802364865 0.07613668355855856 0.2699799408783784 0.1136155686936937
0 0.3947002704326923 0.1026893028846154 0.3890850360576923 0.06525440705128206 0.3402569110576923 0.07827524038461538 0.3458721454326923 0.11571013621794872
0 0.5085988011853448 0.10636449353448275 0.5069672683189654 0.06938308189655172 0.45593177532327583 0.07338586566091955 0.4575633081896551 0.11036727729885058
0 0.6804472617878191 0.09937914415520636 0.6746771012401767 0.06552753560903739 0.6304420815938113 0.07893208701702688 0.6362122421414538 0.11278369556319585
0 0.8295886260910224 0.10478523742726518 0.8283405256390274 0.07150255870739818 0.778830511611596 0.07480322630922692 0.780078612063591 0.10808590502909393
0 0.9482270860180411 0.1017705648625431 0.9373414344394329 0.06403363939003448 0.8899303318298968 0.0883470253436427 0.900815983408505 0.1260839508161513
0 0.04440268420298168 0.21034439506880734 0.0002611632740825891 0.20856089927370028 -0.0004430368405963104 0.23954570431957187 0.04369848408830278 0.24132920011467893
0 0.18179744525547448 0.21947707572992706 0.14133781934306572 0.19986028740875916 0.13255588503649637 0.23206071319951346 0.17301551094890513 0.25167750152068136
0 0.2861328125 0.20507812500000008 0.2470703125 0.20507812500000008 0.2470703125 0.2376302083333334 0.2861328125 0.2376302083333334
0 0.41799166706093865 0.23498562878501136 0.4141659964042392 0.19825919048069648 0.36976160342543524 0.206482226217512 0.3735872740821347 0.24320866452182688
0 0.49560546875 0.2024739583333334 0.45166015625 0.2024739583333334 0.45166015625 0.23502604166666674 0.49560546875 0.23502604166666674
0 0.6108407101113378 0.22636589373373553 0.6095182961652768 0.19521569855985332 0.5623613821859476 0.19877471093565177 0.5636837961320086 0.22992490610953398
0 0.7097646722560975 0.22860518292682927 0.7090629763719513 0.1986661585365854 0.6671422446646342 0.20041285569105693 0.6678439405487805 0.2303518800813008
0 0.80859375 0.19661458333333348 0.76513671875 0.19661458333333348 0.76513671875 0.22981770833333348 0.80859375 0.22981770833333348
0 0.9496361925194301 0.20589108376511242 0.9116924384715026 0.20262710492227995 0.9102149449481866 0.2331619710708119 0.948158698996114 0.23642594991364438
0 0.9511032516891891 0.39455940315315313 0.9500678470290143 0.3687893316110227 0.9059179066474562 0.37194289878113396 0.906953311307631 0.3977129703232644
0 0.8415785054659611 0.3962659224672786 0.8389976614291177 0.36598401910164885 0.7932023082929627 0.37292270897076324 0.7957831523298061 0.403204612336393
0 0.751276266163793 0.39672234195402306 0.7494511045258619 0.36751975574712653 0.7099710398706895 0.37190642959770126 0.7117962015086206 0.4011090158045978
0 0.6455245271531318 0.3913628156105851 0.6440543489393663 0.35509841967103667 0.6026450405134741 0.35808287433236224 0.6041152187272396 0.3943472702719107
0 0.4786120056240929 0.3963331897073053 0.4767325834542816 0.3654271362481858 0.43420179834905664 0.3700250589622642 0.43608122051886794 0.4009311124213837
0 0.32470703125 0.3776041666666667 0.2822265625 0.3776041666666667 0.2822265625 0.4075520833333333 0.32470703125 0.4075520833333333
0 0.1971203453828012 0.40755019351717464 0.19534828839350513 0.37840970080430575 0.148464784220791 0.3834781877418965 0.1502368412100871 0.4126186804547654
0 0.0961892048016231 0.4111953336339045 0.09474945756311995 0.3811206135407274 0.0517998601639991 0.384775898425759 0.05323960740250226 0.41485061851893607
0 0.09366383272058823 0.5106081495098039 0.09258232289309953 0.48032587434012064 0.05353860294117647 0.48280484068627455 0.05462011276866516 0.5130871158559579
0 0.20038348834712683 0.5087339618467625 0.19982170567223614 0.47877221918592544 0.15806313680902565 0.4801641714813658 0.15862491948391633 0.5101259141422028
0 0.3214541267693589 0.5062269072647793 0.32103475781900503 0.47882813584165973 0.2787213861495629 0.47997952010477385 0.27914075509991676 0.5073782915278934
0 0.48046875 0.47070312500000017 0.43896484375 0.47070312500000006 0.43896484375 0.49609375000000006 0.48046875 0.49609375000000017
0 0.61376953125 0.46875000000000017 0.57080078125 0.46875000000000017 0.57080078125 0.4973958333333335 0.61376953125 0.4973958333333335
0 0.765527512559421 0.47382047230625196 0.7257669856039327 0.47226123595505626 0.7251407026523338 0.5006527297608759 0.764901229607822 0.5022119661120716
0 0.8513737858952702 0.47436127533783795 0.8111974767736487 0.47311549831081096 0.8106775232263514 0.502926168355856 0.850853832347973 0.504171945382883
0 0.94384765625 0.4694010416666668 0.90185546875 0.4694010416666668 0.90185546875 0.5019531250000001 0.94384765625 0.5019531250000001
0 0.99951171875 0.6393229166666669 0.96142578125 0.6393229166666669 0.96142578125 0.672526041666667 0.99951171875 0.672526041666667
0 0.906053026836325 0.6754189792945993 0.905500625516651 0.6415383650212565 0.8587220362688947 0.6428942661588727 0.8592744375885687 0.6767748804322155
0 0.8328030036738027 0.6741493937469764 0.8306652672578012 0.6389955060171747 0.7891439983218433 0.6434842918480891 0.7912817347378448 0.6786381795778907
0 0.7281548566878981 0.6423749336518049 0.6846312699044587 0.6403023819002125 0.6837903065286625 0.6716983479299364 0.7273138933121019 0.6737708996815287
0 0.6087157527666769 0.6670058968003895 0.6078712798762681 0.6349159269648529 0.5661360667076545 0.6368684515575366 0.5669805395980633 0.6689584213930732
0 0.5199072248266976 0.6682323605433109 0.5189830835629223 0.6355793692232492 0.47648942271373984 0.6377174150521389 0.47741356397751517 0.6703704063722006
0 0.42258728074402474 0.6389876076201492 0.38591310476098695 0.6376293048059626 0.3852143769275251 0.6711682408121306 0.4218885529105629 0.6725265436263173
0 0.285202205882353 0.6739736519607845 0.28328642003676474 0.6407666973039216 0.2423253676470588 0.6449678308823529 0.24424115349264705 0.6781747855392158
0 0.19726562500000006 0.6458333333333334 0.15917968750000006 0.6458333333333334 0.15917968750000006 0.6790364583333334 0.19726562500000006 0.6790364583333334
0 0.0973916237351925 0.6813880491115499 0.09685851508514315 0.6494015301085884 0.055960742765918066 0.650613315955084 0.056493851415967425 0.6825998349580454
0 0.07617187500000008 0.783203125 0.03564453125000007 0.783203125 0.03564453125000007 0.8151041666666666 0.07617187500000008 0.8151041666666666
0 0.25493893981044247 0.8092261703993525 0.2537426112216675 0.7749314175211369 0.21051535938343227 0.7776121773250585 0.21171168797220724 0.811906930203274
0 0.35225726447289774 0.7755764144911651 0.31243967031187736 0.7723910069582836 0.31101335971751704 0.8040867979440681 0.3508309538785374 0.8072722054769498
0 0.44359794009515574 0.7978945898212227 0.4429771977724914 0.7664436454728952 0.40306856887975784 0.7678439482410613 0.4036893112024222 0.7992948925893888
0 0.5594642103040541 0.7658488175675675 0.5226359269425676 0.7647068552927928 0.522078758445946 0.7966511824324325 0.5589070418074326 0.7977931447072072
0 0.6521626697706571 0.7961485611852094 0.6498067206815225 0.7655212230264586 0.6089207110035784 0.7711124722131859 0.611276660092713 0.8017398103719366
0 0.7085166660057107 0.7801366196065991 0.6739743615164975 0.7683547483079528 0.6686741552982234 0.7959800655668361 0.7032164597874366 0.8077619368654824
0 0.7881071270636794 0.8072904382861635 0.7869324882075472 0.7712681800314466 0.7479225014740566 0.7735296285377359 0.7490971403301887 0.8095518867924528
0 0.8524091042278582 0.7817412966937791 0.8161549385025983 0.7796843227519205 0.8152070594922052 0.8093845317442389 0.851461225217465 0.8114415056860974
0 0.9521384043236302 0.8069304723173517 0.951250133775685 0.7749527325913242 0.9091168129280822 0.777033390410959 0.9100050834760274 0.8090111301369864
0 0.9501864935610947 0.925794448411967 0.9488058796765574 0.8938869275248802 0.9064008218531148 0.8971488550497604 0.9077814357376521 0.9290563759368472
0 0.806640625 0.8990885416666666 0.765625 0.8990885416666666 0.765625 0.9296875 0.806640625 0.9296875
0 0.6981218327702703 0.8903638795045046 0.6593301309121623 0.8891610360360361 0.6587988281250001 0.9196223958333333 0.6975905299831081 0.9208252393018017
0 0.5774192179381201 0.8844337997953078 0.5343540571858764 0.8831855342662572 0.5338671598222722 0.9130485725673124 0.5769323205745159 0.9142968380963629
0 0.4319681203964471 0.918031936019642 0.4309551695190641 0.8856175079433856 0.38917792731802425 0.8879384658434434 0.39019087819540726 0.9203528939196998
0 0.31625290329391886 0.9228487471846846 0.3157160578547297 0.892069608671171 0.27550570101351357 0.8933164414414413 0.27604254645270276 0.924095579954955
0 0.10986328125000008 0.90234375 0.06738281250000008 0.90234375 0.06738281250000008 0.935546875 0.10986328125000008 0.935546875
0 0.21093750000000008 0.8971354166666666 0.16162109375000008 0.8971354166666666 0.1616210937500001 0.9322916666666666 0.2109375000000001 0.9322916666666666