0 0.861328125 0.08984375 0.8567861262583893 0.05552642617449662 0.8176777474832216 0.06472839765100664 0.8222197462248323 0.09904572147651003
0 0.5372092406674208 0.15729991515837105 0.5366632936227376 0.12308723369155354 0.49431627368495473 0.12428856759049772 0.494862220729638 0.15850124905731525
0 0.39423507940573765 0.17339053961748632 0.3921458760245901 0.1427488900273224 0.3506739882172131 0.1477757855191257 0.3527631915983606 0.17841743510928962
0 0.2689255886603196 0.04427326837526918 0.2667929900012751 0.013563847685027755 0.22577636884775584 0.018627628074351112 0.2279089675068004 0.04933704876459253
0 0.2583536221013019 0.19231368236371035 0.2570449171074044 0.1617772325061025 0.21713616888730675 0.16481789903715757 0.21844487388120423 0.1953543488947654
0 0.05182603809931506 0.08517408675799087 0.048489672517123286 0.04291345605022831 0.0030688142123287683 0.049288313356164376 0.006405179794520545 0.09154894406392694
0 0.1337890625 0.18229166666666666 0.09423828125000003 0.18229166666666666 0.09423828125000003 0.216796875 0.1337890625 0.216796875
0 0.8732613014474437 0.2211740807420832 0.8685275255746853 0.1924845299980923 0.8264712523249713 0.20482103681800837 0.8312050281977298 0.23351058756199927
0 0.7763340212264151 0.24507665094339628 0.7753510097287736 0.21493096501572326 0.7359384212853773 0.21721575275157234 0.7369214327830189 0.24736143867924532
0 0.5927722303770087 0.2674389034816647 0.5885533355222496 0.23593782189946436 0.5466251255407911 0.24592072903790688 0.5508440203955501 0.27742181062010723
0 0.9338243709712862 0.3286266816827815 0.9308600617125695 0.2958781222531497 0.8855376043803105 0.3031713912491454 0.8885019136390272 0.33591995067877717
0 0.8257669588414634 0.34865663109756095 0.8232243235518293 0.31814500762195125 0.786085175304878 0.3236471036585366 0.7886278105945121 0.35415872713414637
0 0.7028444831214182 0.37068241851719197 0.7014606464899713 0.3343951468481375 0.6590649623925503 0.3372694305157593 0.6604487990239972 0.3735567021848138
0 0.586938234839109 0.38248375618811886 0.5847240485767328 0.352961272689769 0.5437761061262377 0.358420998349835 0.545990292388614 0.38794348184818483
0 0.48014715843888134 0.39680137318655784 0.4781747744708432 0.36839904404680945 0.4341547504569024 0.3738336149127281 0.4361271344249405 0.4022359440524765
0 0.3411207932692307 0.4166165865384616 0.33848407451923074 0.38849158653846155 0.3050706129807692 0.3940604967948718 0.3077073317307692 0.4221854967948719
0 0.2390962554875231 0.4334601721349353 0.23042903766173753 0.40089244454713496 0.1940841251732902 0.41808788701478744 0.2027513429990758 0.45065561460258774
0 0.06024785503872776 0.47142326205778956 0.05893171658701385 0.43925098879367175 0.015568189426087677 0.4424046998599209 0.016884327877801586 0.47457697312403874
0 0.10347952638618677 0.6040476045719844 0.10196338460603112 0.5717032465953307 0.06618395853599221 0.5746848654345006 0.06770010031614786 0.6070292234111543
0 0.19860965689433 0.5686479810996564 0.1719613494994053 0.5461449659661645 0.1573059420846551 0.5769984552603754 0.18395424947957978 0.5995014703938674
0 0.28451861213235297 0.5609528186274509 0.27819967830882353 0.5230392156862744 0.24288832720588235 0.5335018382352941 0.24920726102941176 0.5714154411764706
0 0.4047617671050861 0.5370964102305347 0.4031195337728741 0.5057115065482598 0.36221218211786865 0.5095168415859347 0.3638544154500807 0.5409017452682096
0 0.5593043870192308 0.5229146634615384 0.5579717548076922 0.4909314903846153 0.5161087740384616 0.4940324519230768 0.51744140625 0.526015625
0 0.7001171500119963 0.4710820037587973 0.6582659174064299 0.4688937040147154 0.6572065064179462 0.5049136776231608 0.6990577390235125 0.5071019773672426
0 0.8165661297013274 0.4882236356932153 0.814824737278761 0.45339578724188784 0.7777175228152655 0.45669420630530966 0.7794589152378318 0.4915220547566372
0 0.9504050652657852 0.43278917071415735 0.9029740623313546 0.42984771316783604 0.9016712763086886 0.4671942458175932 0.9491022792431192 0.47013570336391447
0 0.9353205983231708 0.604928861788618 0.8989317358993903 0.5995379192073172 0.8962342797256099 0.631907393292683 0.9326231421493903 0.6372983358739839
0 0.8087257179054055 0.6501442849099098 0.8047534839527029 0.6183664132882881 0.7658757390202703 0.6270059121621621 0.769847972972973 0.6587837837837837
0 0.71435546875 0.6334635416666669 0.67138671875 0.6334635416666669 0.67138671875 0.6653645833333335 0.71435546875 0.6653645833333335
0 0.6179719518442622 0.6729636270491803 0.6158547323258197 0.6419110741120219 0.5723136526639345 0.6471887807377049 0.5744308721823771 0.6782413336748635
0 0.51220703125 0.6529947916666669 0.4697265625000001 0.6529947916666669 0.4697265625000001 0.6875 0.51220703125 0.6875
0 0.40438872988861385 0.6997924401815182 0.40197149597772275 0.6675626547029703 0.36073348545792083 0.6730610561056105 0.36315071936881194 0.7052908415841584
0 0.2595544763513513 0.7294306024774774 0.25596494932432434 0.7007143862612611 0.21407833614864863 0.7100225225225224 0.21766786317567566 0.7387387387387386
0 0.16927779973249024 0.7479784776264591 0.1679098522616731 0.7187955982490272 0.1290601440904669 0.7220330739299611 0.13042809156128404 0.7512159533073931
0 0.079001573165529 0.7618876208759953 0.076171875 0.7298177083333334 0.03325145317832765 0.7365503235210467 0.03608115134385665 0.7686202360637086
0 0.08984375000000008 0.8671875 0.04638671875000008 0.8671875 0.04638671875000008 0.9010416666666666 0.08984375000000008 0.9010416666666666
0 0.2024010728507682 0.8819393451574031 0.20122240207015363 0.8450076606981471 0.15624691100881158 0.847559461609429 0.15742558178942612 0.884491146068685
0 0.32057689683406115 0.8535554266739447 0.31706297762008734 0.8184162345342066 0.2738852688318777 0.8260922716521105 0.2773991880458515 0.8612314637918486
0 0.4141339557926829 0.8341908028455286 0.4111625857469512 0.7985343622967481 0.36534155868902435 0.805322662601626 0.3683129287347561 0.8409791031504065
0 0.4930458721729829 0.8173087943154035 0.4896434233649144 0.7870648049103505 0.45392368008863077 0.7942087535656072 0.4573261288966992 0.8244527429706602
0 0.7157932327772963 0.8044719905401503 0.7148082078639514 0.7729511933131139 0.6771538534445406 0.77504310189197 0.6781388783578856 0.8065638991190064
0 0.8170082405821918 0.8843018692922374 0.7836098030821919 0.8796143692922375 0.7811590325342467 0.9106574628995436 0.8145574700342466 0.9153449628995437
0 0.673649249690594 0.9181879125412541 0.671541421720297 0.8900835396039604 0.6276927985767327 0.895930022689769 0.6298006265470297 0.9240343956270626
0 0.5455807528871177 0.9376130957221863 0.5426675849869876 0.9070941939112992 0.5030483427029115 0.9138174592685968 0.5059615106030416 0.9443363610794839
0 0.42602857968976776 0.9613154632317368 0.4240609267280479 0.9289585034167877 0.3886491972060958 0.932786798500242 0.39061685016781567 0.9651437583151911
0 0.33648252744932433 0.9768246762387388 0.3327610325168919 0.9453987190315315 0.2966044657939189 0.9530106278153152 0.30032596072635137 0.9844365850225225
0 0.8866265133070972 0.7766767275880468 0.8848547350253468 0.7563603366239774 0.8526883608758004 0.7613473713758451 0.8544601391575507 0.7816637623399144