0 0.9013944519352791 0.17303497779187813 0.899141418147208 0.13097834708121822 0.8634349222715735 0.13437896573604055 0.8656879560596445 0.17643559644670045
0 0.8056787318937768 0.14864985693848376 0.7802881068937768 0.12781652360515042 0.7627183644045065 0.16588429899856952 0.7881089894045065 0.18671763233190286
0 0.7029884639747921 0.13585182237526 0.663573203612266 0.13415654235966748 0.6625890275792619 0.174835818390506 0.7020042879417879 0.1765310984060985
0 0.61279296875 0.13932291666666677 0.576171875 0.13932291666666677 0.576171875 0.18164062500000008 0.61279296875 0.18164062500000008
0 0.4986246067136639 0.1828899744511733 0.49450138389477666 0.14330703538985617 0.45496723599545796 0.15062817388973002 0.4590904588143452 0.19021111295104717
0 0.36279296875 0.1360677083333334 0.32666015625 0.13606770833333337 0.32666015625 0.17968750000000008 0.36279296875 0.17968750000000008
0 0.19129493722848576 0.13544441068473315 0.15268900140928843 0.13124240406495657 0.15032294845107574 0.1698879357157634 0.1889288842702731 0.17408994233553998
0 0.04938986449115045 0.11702041851032448 0.012768770741150449 0.11376521017699115 0.010733545353982311 0.154469717920354 0.04735463910398231 0.1577249262536873
0 0.07352337670233465 0.23098046368352787 0.041087822227626476 0.2282775008106355 0.03948998358463037 0.2623647251945525 0.07192553805933855 0.2650676880674449
0 0.2822265625 0.24023437500000008 0.24853515625 0.24023437500000008 0.24853515625 0.27604166666666674 0.2822265625 0.27604166666666674
0 0.595833480627828 0.26406662424585226 0.5740331589366515 0.23764199189291105 0.5528227516968325 0.26875058917797884 0.5746230733880091 0.2951752215309201
0 0.689453125 0.2441406250000001 0.65380859375 0.24414062500000008 0.65380859375 0.2832031250000001 0.689453125 0.28320312500000017
0 0.8943706159070666 0.2451434765934285 0.8599624452568291 0.24356149173594632 0.8589667458432305 0.2820618690617579 0.893374916493468 0.2836438539192401
0 0.9907725634495856 0.41467577405616945 0.9893630222720995 0.3789673975598527 0.9515616906940609 0.38162012258287303 0.9529712318715471 0.41732849907918973
0 0.8636696101210776 0.41682121134606637 0.8617258110931103 0.3818328288426558 0.8229664051841746 0.3856609183151432 0.8249102042121419 0.42064930081855384
0 0.7172614020270272 0.4087943412162161 0.7036502322635136 0.374514358108108 0.6691010346283783 0.39890202702702693 0.6827122043918918 0.4331820101351351
0 0.5329324898716314 0.42333735433357605 0.5313734039284413 0.38487990106822045 0.49705644289420975 0.38735319555717407 0.49861552883739985 0.42581064882252967
0 0.3592987165562629 0.42145471295021797 0.35723805542412246 0.3866524360518468 0.31979666261613904 0.39059363529479246 0.32185732374827947 0.42539591219316364
0 0.23219206923738533 0.4143677131116208 0.2314515840022936 0.3817863627675841 0.19560322892775228 0.38323478115443427 0.19634371416284402 0.41581613149847096
0 0.1121998856707317 0.40698678861788623 0.11134622713414635 0.37056402439024394 0.07078220274390243 0.37225419207317073 0.0716358612804878 0.408676956300813
0 0.13232421875000006 0.5091145833333334 0.09326171875000006 0.5091145833333334 0.09326171875000006 0.5475260416666666 0.13232421875000006 0.5475260416666666
0 0.23385408533728924 0.5154123236779098 0.19329105832292326 0.5140602227774309 0.1926091114928171 0.5504307203830939 0.23317213850718307 0.5517828212835728
0 0.3284514126712329 0.5377925228310504 0.3048346532534246 0.5085527254566211 0.2838786922089041 0.5386433361872146 0.3074954516267124 0.5678831335616439
0 0.43017578125 0.5227864583333334 0.39013671875 0.5227864583333334 0.39013671875 0.5592447916666666 0.43017578125 0.5592447916666666
0 0.5515917968749999 0.5524869791666666 0.547607421875 0.5152994791666665 0.50830078125 0.5227864583333331 0.5122851562499999 0.5599739583333333
0 0.637939453125 0.5341796875000002 0.615234375 0.5039062500000001 0.59228515625 0.5345052083333334 0.6149902343750001 0.5647786458333335
0 0.7251187916204218 0.5296386538105808 0.6945852264844619 0.5061512960136886 0.6802213035862932 0.5393479178227895 0.7107548687222531 0.5628352756196818
0 0.8616454128161477 0.5490865150778209 0.8600247750486381 0.5145129093709467 0.8205670902237354 0.517801049773022 0.8221877279912451 0.5523746554798962
0 0.9700183403201218 0.7385273755081302 0.9666956459603657 0.6986550431910569 0.9279487423780488 0.7043953252032519 0.9312714367378049 0.7442676575203252
0 0.9975102490717822 0.8652408209570956 0.994740099009901 0.8283054867986798 0.9593517945544554 0.8330239273927392 0.9621219446163366 0.8699592615511551
0 0.81640625 0.6959635416666666 0.77880859375 0.6959635416666666 0.77880859375 0.7369791666666666 0.81640625 0.7369791666666666
0 0.8688204405737705 0.8514237534153007 0.866639184170082 0.8194319928278689 0.8330038101946721 0.8235090078551913 0.8351850665983606 0.8555007684426231
0 0.6689453125 0.6979166666666666 0.6328125 0.6979166666666666 0.6328125 0.7350260416666666 0.6689453125 0.7350260416666666
0 0.6937014100609756 0.8531351626016259 0.6928387004573171 0.8163262195121951 0.6586313833841463 0.8177515243902439 0.6594940929878048 0.8545604674796747
0 0.6102122103230339 0.8353537570224722 0.5840820312500002 0.8140625000000004 0.5677635621488766 0.8496664325842701 0.5938937412219102 0.8709576896067418
0 0.5572638630638196 0.7298489483365325 0.5439856121041267 0.6976592490403073 0.5115959767874281 0.7214116482725529 0.5248742277471209 0.7536013475687781
0 0.43832226156444914 0.7475284779972283 0.43745025825103956 0.7114856743762995 0.40222041076533266 0.7130009366337493 0.40309241407874224 0.749043740254678
0 0.4717042644216191 0.8643985622599555 0.4668643875075803 0.8275233095815646 0.4352519519405701 0.8348995445472003 0.44009182885460885 0.8717747972255911
0 0.3448415030420354 0.7422324391592922 0.33719838910398237 0.7031676345870208 0.3001477806969026 0.7160548027286137 0.30779089463495574 0.7551196073008851
0 0.28794132043327914 0.8644641434431787 0.286313981133035 0.8264928931041498 0.24789312004170058 0.8294201968063466 0.24952045934194467 0.8673914471453755
0 0.23616551187782808 0.7112020409125188 0.20166324943438918 0.6982636924962292 0.19341902927036203 0.7373474029034691 0.22792129171380093 0.7502857513197588
0 0.13183593750000006 0.705078125 0.09716796875000006 0.705078125 0.09716796875000006 0.73828125 0.13183593750000006 0.73828125
0 0.13429874785958906 0.8511825770547946 0.131666042380137 0.8178349743150685 0.09717465753424658 0.8226758704337899 0.09980736301369864 0.856023473173516