0 0.9176835163985149 0.028748968646864697 0.915329130569307 -0.002642842409240916 0.8763149752475248 0.0025590449669966966 0.8786693610767327 0.033950856023102306
0 0.7230539167307156 0.04143303405068007 0.7199615597924819 0.0067986363424631935 0.6791408105960035 0.013278120341904212 0.6822331675342372 0.04791251805012109
0 0.57421875 0.016927083333333426 0.5341796875 0.016927083333333422 0.5341796875 0.050130208333333426 0.57421875 0.050130208333333426
0 0.43917518756050333 0.02283309636172966 0.3980328835914811 0.01769030836560187 0.3955924227069216 0.052399085390448595 0.4367347266759438 0.05754187338657638
0 0.2724252096036585 0.06793064024390244 0.26987066501524387 0.03727610518292683 0.23487519054878048 0.042460619918699184 0.2374297351371951 0.0731151549796748
0 0.1220703125 0.05859375000000002 0.0908203125 0.05859375000000002 0.0908203125 0.08463541666666667 0.1220703125 0.08463541666666669
0 0.9803476964416953 0.19837950912542876 0.9780883490017149 0.16448929752572272 0.9311394249908135 0.17005361444553327 0.9333987724307938 0.2039438260452393
0 0.8236337793935644 0.20443997524752475 0.8211585318688119 0.17143667491749173 0.7746026067450495 0.17764413160066006 0.777077854269802 0.21064743193069305
0 0.7045432293586437 0.2087751201775403 0.7033785894881128 0.18185899872527345 0.6569772924921674 0.18542832926342304 0.6581419323626982 0.2123444507156899
0 0.6162509605532787 0.2134776297814208 0.6145099577356558 0.1879429217896175 0.5696040919569673 0.19338605703551912 0.5713450947745902 0.21892076502732238
0 0.5272914577920244 0.21678598998343124 0.5264168320012426 0.18938104853893656 0.479709520094329 0.1920311087889742 0.4805841458851107 0.21943605023346888
0 0.41650390625 0.19010416666666674 0.37060546875 0.19010416666666674 0.37060546875 0.2239583333333334 0.41650390625 0.2239583333333334
0 0.2871558441926989 0.2301849686705412 0.28370311222984024 0.19598648065746463 0.2379852306007083 0.20419225428320623 0.24143796256356703 0.23839074229628285
0 0.1644678655660377 0.24147503930817613 0.15718971108490565 0.20751031839622647 0.11301407724056603 0.22433913128930824 0.1202922317216981 0.2583038522012579
0 0.04993665540540541 0.2582172015765766 0.04587204391891892 0.2257003096846847 -0.0025073902027027 0.23645129504504506 0.0015572212837837857 0.26896818693693697
0 0.047197449882075464 0.34232507861635225 0.040453640919811316 0.3108539701257862 -0.002561173349056603 0.3272405660377359 0.004182635613207544 0.3587116745283019
0 0.23056732882479003 0.322051724326452 0.22766839381779214 0.2927862852081875 0.18166044327326802 0.3008883142348962 0.18455937828026592 0.33015375335316066
0 0.31167313977435535 0.30879148758357206 0.3060837885028654 0.2819626014804202 0.26307026772922637 0.2978935351002865 0.26865961900071633 0.32472242120343836
0 0.4184795673076923 0.3068810096153846 0.4156850961538462 0.27707331730769225 0.37157451923076923 0.28442508012820505 0.37436899038461535 0.3142327724358974
0 0.6034441446520619 0.3071480347938145 0.6024957715850515 0.27932909149484536 0.5547871697809278 0.28222052190721647 0.5557355428479381 0.3100394652061856
0 0.7168561615364937 0.29956976182355616 0.7154812468025238 0.27482129661209637 0.670031122100955 0.27931019781718963 0.6714060368349248 0.3040586630286494
0 0.8717804897231543 0.2945289779082774 0.8710970270553691 0.26673482941834453 0.8251519242869126 0.2687433585011186 0.8258353869546979 0.29653750699105147
0 0.9414357297239204 0.4448370928066488 0.9397311299914023 0.41585889735384035 0.8910778309490829 0.42094682405107636 0.892782430681601 0.4499250195038848
0 0.8313232873151571 0.4201791628157734 0.7838930366219963 0.4189630025415898 0.783469378176987 0.44833665472889733 0.8308996288701479 0.4495528150030809
0 0.6758382712858709 0.4522220007971303 0.6745503297503986 0.4236010777866348 0.6280088945421484 0.4273243926032948 0.6292968360776207 0.4559453156137903
0 0.5170101893862155 0.42884741197661785 0.469643721961664 0.4270429751223492 0.4688826245157015 0.46256085593393154 0.5162490919402529 0.4643652927882002
0 0.3791252802236387 0.4347320881950447 0.33287909531655147 0.43291851231633544 0.3322456379645636 0.4616352456064536 0.37849182287165084 0.46344882148516287
0 0.2806859509698276 0.4488034303160921 0.2397292564655173 0.4253996048850575 0.22652040678879315 0.46649380387931044 0.2674771012931035 0.4898976293103449
0 0.16416509606031127 0.47940225761997396 0.16270215223735407 0.4481927893968871 0.1165871230544747 0.45203570849546043 0.1180500668774319 0.4832451767185473
0 0.060368597870182554 0.48718913750845166 0.057343829234279914 0.4576136219574037 0.013133081896551727 0.46565193965517254 0.016157850532454367 0.4952274552062205
0 0.12402343750000006 0.5625 0.07763671875000006 0.5625 0.07763671875000006 0.5944010416666666 0.12402343750000006 0.5944010416666666
0 0.27685546875 0.548828125 0.22802734375000006 0.548828125 0.22802734375000006 0.58203125 0.27685546875 0.58203125
0 0.37331453854611973 0.5711506545955279 0.3716812610469418 0.5412072337772663 0.3218206965739066 0.5460421976049546 0.3234539740730845 0.5759856184232162
0 0.4733787543215212 0.56660769590896 0.4728115546672429 0.54089464491501 0.4250300480769231 0.5427684294871794 0.4255972477312014 0.5684814804811293
0 0.58984375 0.5358072916666669 0.5400390625 0.5358072916666669 0.5400390625 0.5651041666666669 0.58984375 0.5651041666666669
0 0.7048154857930891 0.5603148634818207 0.704382497007702 0.5320262628365252 0.6565906991569526 0.5333267199208993 0.6570236879423397 0.5616153205661948
0 0.8211145933969975 0.5568686057025367 0.8205961211541319 0.5285254564258818 0.7747725805402794 0.5300156528686087 0.775291052783145 0.5583588021452636
0 0.9590446920955883 0.5498736213235295 0.9574850643382353 0.5228400735294118 0.9111098345588236 0.5275965073529412 0.9126694623161765 0.5546300551470589
0 0.914565527999161 0.7585749615492171 0.9105101719798657 0.7279344938478748 0.8590063312709733 0.7400530446029082 0.8630616872902686 0.7706935123042506
0 0.8226904381499132 0.7688023541305605 0.8217358779246099 0.738256426920855 0.7715097622400345 0.7410467666811091 0.7724643224653378 0.7715926938908146
0 0.6887877451823813 0.7449614841420052 0.6398917379989676 0.7398145360174353 0.6380579108955609 0.7707858382083046 0.6869539180789745 0.7759327863328745
0 0.5584605218281037 0.7703883512391997 0.556783179143929 0.7401961829240564 0.5089949000255798 0.7449160129604365 0.5106722427097544 0.7751081812755798
0 0.45056605140518546 0.773350760156447 0.44747409632853896 0.743667991420641 0.39774703113171833 0.7528767071978301 0.40083898620836483 0.7825594759336361
0 0.3440952645153551 0.7819212851887397 0.3432562829894434 0.7533959133077416 0.2968834348008637 0.7558206373960333 0.29772241632677543 0.7843460092770315
0 0.18370417044865145 0.7955904758817426 0.18234508720176348 0.7659926629495158 0.13288523567168048 0.7700302018499308 0.13424431891856844 0.7996280147821575
0 0.2185248443894953 0.9415528009890859 0.1742797685027286 0.9371829169508867 0.17272233117326066 0.9652167888813098 0.21696740706002735 0.969586672919509
0 0.35436437968496753 0.955260142321718 0.3523629805257293 0.9241272665113452 0.3049435113198946 0.9295466344205834 0.30694491047913286 0.9606795102309561
0 0.47910546875 0.9480104166666669 0.47508203125000004 0.9185052083333335 0.43030859374999997 0.9293593750000002 0.43433203125 0.9588645833333335
0 0.6102686308492202 0.9517732705083768 0.6093986947573657 0.9239353155690354 0.565570163561525 0.9263702339688042 0.5664400996533794 0.9542081889081456
0 0.6990715550285863 0.9499442351004852 0.698170112720894 0.9204971197158697 0.6510447797557172 0.9230617636867636 0.6519462220634095 0.9525088790713792
0 0.7934464547608303 0.9494138274669074 0.7909447625225631 0.918559623194946 0.743972106272563 0.9253304565282793 0.7464737985108303 0.9561846608002407
0 0.8853214456909312 0.9474713093155724 0.8838597555335038 0.9195367863069608 0.8384209541509688 0.9237636515518478 0.8398826443083962 0.9516981745604594
0 0.9636036744547807 0.9461961711434205 0.9626458827470429 0.9174624199112865 0.921927702609044 0.9198753491046494 0.9228854943167818 0.9486091003367835