0 0.07080078125000003 0.193359375 0.02197265625000002 0.193359375 0.02197265625000002 0.23046875 0.07080078125000003 0.23046875
0 0.08218781923291234 0.0596340623452204 0.08190239598811293 0.037561331414066375 0.038357285475482915 0.03856236843734523 0.038642708720282325 0.06063509936849926
0 0.1772256723357909 0.048860938896336026 0.17525788580764076 0.020655998659517425 0.12432687877010724 0.026973022788203748 0.1262946652982574 0.05517796302502234
0 0.2712921135011158 0.04192656676171585 0.2684706638978428 0.012301345927349364 0.21517730190769896 0.02132456065583933 0.21799875151097198 0.05094978149020581
0 0.1533203125 0.185546875 0.09960937500000003 0.185546875 0.09960937500000003 0.22005208333333334 0.1533203125 0.22005208333333334
0 0.24548226896129893 0.21134596493179125 0.24491822592304271 0.1714869235616845 0.20225947369884342 0.1725600997182681 0.20282351673709964 0.21241914108837487
0 0.3359375 0.1673177083333334 0.29052734375 0.1673177083333334 0.29052734375 0.2024739583333334 0.3359375 0.2024739583333334
0 0.3591306174120417 0.037586203336636946 0.35856016554137765 0.010584814791873141 0.30531099015113977 0.01258478382061448 0.30588144202180384 0.03958617236537828
0 0.41540732765489546 0.1955970194841067 0.41245547950662925 0.16096200121111673 0.37146973403238137 0.16717196264660886 0.3744215821806476 0.20180698091959884
0 0.485614224137931 0.19430675287356325 0.4835095635775862 0.160632183908046 0.4386550377155172 0.16561602011494256 0.44075969827586203 0.1992905890804598
0 0.4745349057625649 0.03342427606874641 0.47364550612001727 0.004963487507221272 0.4216321287370016 0.007853119584055457 0.42252152837954926 0.036313908145580595
0 0.6029967608745868 0.18083027377942032 0.5995376667051644 0.1480841823088893 0.5498992854624587 0.1574059440446087 0.5533583796318811 0.1901520355151397
0 0.5905187175552077 0.02821795690507581 0.589478263276615 0.002784630095034065 0.5417686467431607 0.006254420388376189 0.5428091010217534 0.03168774719841793
0 0.681970635775862 0.1791082974137931 0.679852505387931 0.14521821120689657 0.6314823545258619 0.15059267241379312 0.633600484913793 0.18448275862068972
0 0.7594985064338236 0.16984911151960783 0.7576832490808824 0.13838465073529413 0.7184397977941177 0.14240962009803923 0.7202550551470589 0.17387408088235293
0 0.8266232606892739 0.16537994148544052 0.8251767747304645 0.13195004377073352 0.7840726003847218 0.13511190333579062 0.7855190863435313 0.16854180105049762
0 0.9091796875 0.12825520833333348 0.86376953125 0.12825520833333348 0.86376953125 0.16015625000000014 0.9091796875 0.16015625000000014
0 0.9896149501288257 0.15706817353737249 0.989016264248907 0.12513825994170313 0.9419631529122424 0.1267066969862586 0.9425618387921612 0.158636610581928
0 0.05873891469594594 0.35858319256756754 0.0545555320945946 0.3251161317567568 0.009660050675675685 0.33509290540540543 0.013843433277027029 0.36855996621621623
0 0.12695312500000006 0.3229166666666667 0.08496093750000003 0.3229166666666667 0.08496093750000003 0.3587239583333333 0.12695312500000006 0.3587239583333333
0 0.21526470195565703 0.3477126454773129 0.21314008866750145 0.31867626387252007 0.16308536203594576 0.32518744782459236 0.16520997532410134 0.35422382942938513
0 0.29443359375 0.31054687500000006 0.25390625 0.31054687500000006 0.25390625 0.3411458333333333 0.29443359375 0.3411458333333333
0 0.37932631945724293 0.3306718135673916 0.3779376065471803 0.298577115201499 0.33676792008385553 0.30174401416021623 0.3381566329939182 0.33383871252610886
0 0.47216796875 0.2981770833333334 0.42041015625 0.2981770833333334 0.42041015625 0.32812500000000006 0.47216796875 0.32812500000000006
0 0.5467167556881244 0.2908349808083612 0.4995686216703662 0.28873950818534966 0.49884297395255267 0.31776541689789134 0.5459911079703109 0.3198608895209028
0 0.6132612384733607 0.31090441427595633 0.6114722079918032 0.28466530054644806 0.5729940445696721 0.28932932035519127 0.5747830750512295 0.3155684340846995
0 0.6695981660868523 0.31028295945297507 0.6689818633037429 0.28932866482725533 0.6340516659668907 0.29115508037428023 0.6346679687500001 0.31210937499999997
0 0.7423087284482757 0.30272090517241385 0.7402444773706895 0.2696928879310346 0.7017746497844828 0.27396731321839085 0.7038389008620689 0.3069953304597701
0 0.8239508434734512 0.2967252028023599 0.8223974177267698 0.2656566878687316 0.7828920077433628 0.2691682798672566 0.7844454334900441 0.300236794800885
0 0.9114245619983651 0.29264168091062226 0.9108259675052022 0.25991851528438364 0.868263634716855 0.26130265618806975 0.8688622292100179 0.29402582181430836
0 0.9905370157747602 0.2822234424920128 0.9897507737619806 0.256015375399361 0.9515111758686101 0.25805482062034074 0.9522974178813897 0.2842628877129926
0 0.07865277620876643 0.5622390537919868 0.03637353317047 0.5598402314919416 0.03527341102293272 0.5943107254481096 0.07755265406122916 0.5967095477481549
0 0.17480468750000006 0.5572916666666666 0.12841796875000006 0.5572916666666666 0.12841796875000006 0.5924479166666666 0.17480468750000006 0.5924479166666666
0 0.2752214186262376 0.5693584983498351 0.27316676980198024 0.5419631806930693 0.22109955136138612 0.5489054764851485 0.22315420018564355 0.5763007941419143
0 0.35287648762610346 0.5675671237915091 0.3501573829602775 0.533729376839008 0.31352089572824715 0.5389631607292981 0.31624000039407313 0.5728009076817991
0 0.42121834590517243 0.5345950071839081 0.3843648976293105 0.5305001795977012 0.38255657327586223 0.5594333692528737 0.4194100215517242 0.5635281968390805
0 0.4803993496192893 0.5507878595600676 0.4791327926713198 0.5271454631979695 0.4449531051713198 0.5304006715313029 0.4462196621192893 0.554043067893401
0 0.5378725961538461 0.5469631410256409 0.5369606370192307 0.5250761217948717 0.5027509014423076 0.5276101762820512 0.503662860576923 0.5494971955128204
0 0.6198922413793102 0.5270626795977011 0.5767281788793103 0.5115678879310345 0.5704721174568965 0.5425502873563219 0.6136361799568965 0.5580450790229886
0 0.6832423331650094 0.5134088687331677 0.6456122057566812 0.5096458559923349 0.643650280162368 0.5445245332245702 0.6812804075706962 0.548287545965403
0 0.7645057091346155 0.5388421474358974 0.7607647235576923 0.49893830128205124 0.7170748197115384 0.5062199519230769 0.7208158052884615 0.546123798076923
0 0.8390844251804656 0.5053318662836379 0.797098855517089 0.4998703287664507 0.7948591494180908 0.5304796454527599 0.8368447190814673 0.5359411829699471
0 0.90966796875 0.4986979166666668 0.87353515625 0.4986979166666668 0.87353515625 0.5240885416666669 0.90966796875 0.5240885416666669
0 0.98828125 0.4895833333333335 0.95166015625 0.4895833333333335 0.95166015625 0.5260416666666669 0.98828125 0.5260416666666669
0 0.11589052098742603 0.7600033129930966 0.1143337994637574 0.7316363874506903 0.07360767612795857 0.7356096677761341 0.07516439765162722 0.7639765933185405
0 0.19521859975961542 0.7487229567307693 0.1909930889423077 0.7205528846153847 0.1470477764423077 0.7322716346153847 0.15127328725961542 0.7604417067307693
0 0.2612079326923077 0.7419471153846152 0.25830829326923077 0.711017628205128 0.21287560096153846 0.7185897435897436 0.21577524038461537 0.7495192307692307
0 0.3324634039395575 0.7402529962673143 0.3311632530018888 0.7029820027208132 0.2908367027286832 0.7054828740555856 0.2921368536663519 0.7427538676020867
0 0.9727674856693788 0.6982075166420119 0.9707106370192308 0.6607271634615385 0.9285511626294378 0.6648402829142012 0.9306080112795858 0.7023206360946745
0 0.87890625 0.6783854166666666 0.8427734375 0.6783854166666666 0.8427734375 0.703125 0.87890625 0.703125
0 0.8022536057692308 0.7038561698717948 0.7995868389423078 0.6754106570512821 0.7527118389423078 0.6832231570512821 0.7553786057692308 0.7116686698717948
0 0.7174968888274337 0.6845674317846607 0.6764034845132744 0.6809146847345132 0.674722587112832 0.7145326327433629 0.7158159914269913 0.7181853797935104
0 0.6462261473020607 0.6910057393347794 0.5998595529419739 0.6897177783803327 0.5994125796502169 0.718324069052784 0.6457791740103037 0.7196120300072307
0 0.5646307278173576 0.720792854058722 0.563282767972798 0.6929350172711572 0.5167746113989637 0.6969357189119171 0.5181225712435233 0.724793555699482
0 0.4874582082423581 0.7248424990902474 0.48405942958515286 0.6908547125181949 0.44922941116266374 0.697046715793304 0.45262818981986896 0.7310345023653566
0 0.4210902072653785 0.7312974418375394 0.41819286647279175 0.6991047663643534 0.37223358635646686 0.7064582511829652 0.3751309271490536 0.7386509266561513
0 0.9887473151621489 0.882062510083898 0.9867776462669408 0.854049441352049 0.9412337208071151 0.8597424320345272 0.9432033897023233 0.8877555007663762
0 0.8993285732581966 0.8867746755464481 0.8983795466188523 0.8620999829234973 0.8593945312499999 0.864765625 0.8603435578893441 0.8894403176229507
0 0.8200025890539095 0.8909924786194258 0.8179489443341479 0.859777078879047 0.7699357151038484 0.8653926612451638 0.7719893598236102 0.8966080609855426
0 0.7289230872844827 0.8932381465517244 0.7272124191810344 0.8658674568965519 0.6785998114224138 0.8712688577586207 0.6803104795258621 0.8986395474137933
0 0.6404306433523654 0.9036904397770528 0.6396651649163948 0.8679681127650897 0.5845204488682708 0.8700688638526373 0.5852859273042414 0.9057911908646004
0 0.5572561233108108 0.9060655968468468 0.5568875633445945 0.8726494932432431 0.5050906883445946 0.8736651182432431 0.5054592483108108 0.9070812218468468
0 0.44364471669218986 0.9116714921516079 0.44209657350689124 0.8822567716309342 0.3936100210566615 0.8867935250765697 0.3951581642419601 0.9162082455972435
0 0.3537435234212578 0.9241333430786557 0.3529024818087318 0.8893702897609148 0.3140064643970894 0.8910432367463619 0.3148475060096154 0.9258062900641028
0 0.28803982327440125 0.9318233167645729 0.287005452510732 0.8994130328362705 0.23962407859805696 0.9021013377391173 0.2406584493617262 0.9345116216674197
0 0.20898812003515338 0.9382178578494037 0.19516127191380572 0.9005447064463113 0.1540069022781228 0.9273972029461895 0.16783375039947046 0.9650703543492818
0 0.10959619667486077 0.9419966743169162 0.10675080694722415 0.9161294949747653 0.05196575267033589 0.9268430167000234 0.05481114239797251 0.9527101960421746