0 0.95458984375 1.5363895715865558e-16 0.92431640625 1.511673392697514e-16 0.92431640625 0.029296875000000153 0.95458984375 0.029296875000000156
0 0.885762016180203 0.036177427030456843 0.8838882059010152 0.0011996351522842545 0.8512006265862944 0.004312737944162435 0.8530744368654821 0.039290529822335024
0 0.7778353987068964 0.05213721264367819 0.7758587015086206 0.020510057471264387 0.7463193696120689 0.023792205459770132 0.7482960668103447 0.05541936063218394
0 0.7421875 0.005208333333333454 0.7177734375 0.005208333333333453 0.7177734375 0.03710937500000012 0.7421875 0.03710937500000012
0 0.6650390625 0.02864583333333344 0.63671875 0.028645833333333436 0.63671875 0.05794270833333345 0.6650390625 0.05794270833333345
0 0.6151352007772021 0.04417435772884282 0.6137943248056995 0.016462920984455964 0.5807445150582903 0.01930591537132988 0.5820853910297928 0.04701735211571673
0 0.4789643158783784 0.06348536036036034 0.4743322423986487 0.026428772522522532 0.4430558488175676 0.0333790822072072 0.4476879222972973 0.07043567004504502
0 0.3961026729060914 0.07816135258037225 0.39431065593274117 0.044710369077834176 0.364954294892132 0.047506212986463625 0.36674631186548223 0.0809571964890017
0 0.3176643761405109 0.09288036040145986 0.3144930428832116 0.05623384276155716 0.28546989051094884 0.06069894312652066 0.28864122376824813 0.09734546076642336
0 0.24539888822115385 0.07624699519230772 0.21478740985576922 0.06808393429487182 0.20941631610576922 0.10389122596153849 0.24002779447115385 0.1120542868589744
0 0.19075032246716697 0.10908306949656037 0.1887623856707317 0.07860137195121951 0.16027534298780488 0.08190421747967479 0.16226327978424016 0.11238591502501565
0 0.09590553362889274 0.09391129613610151 0.06388104184688582 0.09278762975778548 0.06316636029411767 0.1289981617647059 0.09519085207612459 0.13012182814302195
0 0.04473534058988765 0.09831460674157304 0.019688158356741578 0.09513401217228463 0.0174365783005618 0.1266561329588015 0.04248376053370787 0.1298367275280899
0 0.0686541629180779 0.24980816045723966 0.06472227918607112 0.21415908128704486 0.032756188479043186 0.2204269422099915 0.03668807221104996 0.2560760213801863
0 0.1318629143646409 0.2422198722375691 0.13039941945787292 0.20514466793278083 0.0970573636049724 0.20748446132596685 0.09852085851174035 0.24455966563075512
0 0.21803331275987528 0.22753838574151075 0.2172212025727651 0.19397116467428965 0.18460330447635137 0.19537408502252251 0.18541541466346156 0.2289413060897436
0 0.27962324154168633 0.21858485622342938 0.2791393425986065 0.18890572104786643 0.24447714004192256 0.1899104225712486 0.24496103898500238 0.21958955774681155
0 0.37939453125 0.16992187500000008 0.3515625 0.16992187500000008 0.3515625 0.2005208333333334 0.37939453125 0.2005208333333334
0 0.43322265624999995 0.16101562500000008 0.40738281249999997 0.15609375000000006 0.40362304687499995 0.1911848958333334 0.4294628906249999 0.1961067708333334
0 0.5049207477802441 0.15212842212356645 0.47513613346281913 0.15080466148723645 0.47435791828523866 0.1819332685904551 0.5041425326026636 0.1832570292267851
0 0.585443872604927 0.14023770149026774 0.5558255160812045 0.1391703733272507 0.5551928889142337 0.17037998023114365 0.5848112454379563 0.1714473083941607
0 0.640625 0.13541666666666677 0.60888671875 0.13541666666666677 0.60888671875 0.1692708333333334 0.640625 0.1692708333333334
0 0.7060546875 0.13411458333333345 0.67431640625 0.13411458333333345 0.67431640625 0.16471354166666677 0.7060546875 0.16471354166666677
0 0.7688150703287423 0.15985103192134442 0.7679897633510916 0.125738343511781 0.7363631472518191 0.1270986280751906 0.7371884542294698 0.16121131648475398
0 0.8267335428994081 0.15473912105522683 0.8249687962278105 0.12062068540433928 0.793665634245562 0.12349913708086786 0.7954303809171597 0.15761757273175545
0 0.8916460567677513 0.14701907667652866 0.8899737657174555 0.11468811637080871 0.8569445728550293 0.11772528353057203 0.8586168639053252 0.15005624383629199
0 0.9541015625 0.10742187500000015 0.921875 0.10742187500000015 0.921875 0.14388020833333348 0.9541015625 0.14388020833333348
0 0.9326606977103961 0.24732492780528048 0.9299630646658417 0.21135648721122113 0.8950098623143565 0.21601691419141913 0.8977074953589109 0.2519853547854785
0 0.875289511891593 0.23105065449852502 0.8735610826880531 0.1964820704277286 0.8409261787887167 0.19938295077433632 0.8426546079922566 0.23395153484513273
0 0.8049261543188201 0.2264856917134833 0.7785370215941011 0.21836595856741584 0.7726694171348315 0.2522676732209739 0.7990585498595505 0.26038740636704133
0 0.7351348132621951 0.21445630081300826 0.7039229230182927 0.20553861788617897 0.6988066882621952 0.23737296747967493 0.7300185785060975 0.24629065040650422
0 0.70263671875 0.23372395833333348 0.66845703125 0.23372395833333345 0.66845703125 0.2688802083333334 0.70263671875 0.2688802083333335
0 0.6369539803832117 0.2394692822384429 0.6041315009124087 0.23441967001216554 0.6010243213959854 0.2703248555352799 0.6338468008667884 0.2753744677615573
0 0.5643014052242887 0.2544718157366886 0.5591685756291027 0.21854200857038655 0.5293267915754923 0.22612087436177966 0.5344596211706784 0.2620506815280817
0 0.5230738740808824 0.24752527573529418 0.49195484834558834 0.2432329963235295 0.48903722426470597 0.2808379289215687 0.52015625 0.2851302083333334
0 0.46629220847315433 0.2796376887583893 0.44922530411073824 0.2471292994966444 0.4239592072147651 0.270710989932886 0.4410261115771812 0.3032193791946309
0 0.40999124461206904 0.26956716954022997 0.37952249461206905 0.2661817528735633 0.37739762931034493 0.3001795977011495 0.4078663793103449 0.3035650143678162
0 0.34255094388492674 0.3135390564764842 0.3418104279105628 0.2779942897070162 0.306640625 0.279296875 0.3073811409743639 0.314841641769468
0 0.285168572555205 0.3228365700578339 0.28202632097791797 0.2879226636435331 0.2517205367705047 0.29277158911671924 0.25486278834779175 0.32768549553102
0 0.20597648017650155 0.3340955117228661 0.19927380383956794 0.29579450408324554 0.16710589683219176 0.3058022973744292 0.1738085731691254 0.34410330501404984
0 0.1269585203729282 0.3510481411141806 0.12551390927140887 0.3144513265423573 0.09278692593232045 0.31674795695211794 0.0942315370338398 0.3533447715239411
0 0.054374930411223286 0.36682022590063346 0.05338271043646081 0.3284543868764846 0.020319922802850356 0.32997451504354713 0.021312142777612827 0.368340354067696
0 0.036621093750000056 0.5813802083333334 5.396697930812921e-17 0.5813802083333334 5.555160529335405e-17 0.6158854166666666 0.036621093750000056 0.6158854166666666
0 0.1083033328384798 0.6056976197545526 0.10731459230255344 0.5674663190320665 0.07270461419982187 0.5690575823931117 0.07369335473574823 0.6072888831155978
0 0.15015222886029417 0.5861634497549021 0.12412683823529419 0.5834941789215687 0.12216509650735302 0.6174977022058824 0.148190487132353 0.6201669730392158
0 0.22008756144662928 0.5519121605805243 0.18967147998595507 0.5480498010299625 0.18740892731741576 0.5797255383895131 0.21782500877808997 0.5835878979400749
0 0.27369290865384616 0.5350360576923077 0.24250300480769232 0.5298377403846154 0.23925030048076926 0.5645332532051283 0.2704402043269231 0.5697315705128205
0 0.31765567555147056 0.5584214154411765 0.29324161305147056 0.5388901654411765 0.2777315027573529 0.5733570772058824 0.3021455652573529 0.5928883272058824
0 0.3821598468440594 0.5505427495874587 0.3794138691212871 0.5139297132838284 0.3495852026608911 0.5179068688118812 0.3523311803836634 0.5545199051155115
0 0.4361297358153442 0.5663439566316609 0.432232601918028 0.5286716622909374 0.40040942696178533 0.5345242002139247 0.40430656085910155 0.5721964945546482
0 0.48886328124999995 0.5312864583333334 0.48388671874999994 0.49479166666666674 0.45703124999999994 0.5013020833333334 0.46200781249999995 0.5377968750000001
0 0.5369909067622951 0.5463989924863388 0.5260766201331968 0.5092095713797815 0.49695104380122956 0.524405524248634 0.5078653304303279 0.5615949453551913
0 0.5968687098446649 0.5107263032693559 0.5669971433799609 0.5066413027271741 0.564590364752765 0.53792942488072 0.594461931217469 0.5420144254229018
0 0.6591796875 0.4934895833333335 0.623046875 0.4934895833333335 0.623046875 0.5279947916666669 0.6591796875 0.5279947916666669
0 0.7489723557692307 0.4895072115384616 0.7177914663461539 0.48719751602564115 0.7163506610576923 0.5217768429487181 0.7475315504807691 0.5240865384615385
0 0.8099460159447476 0.5223876620054569 0.8078183620395634 0.48408989171214184 0.7743287964699862 0.48739750312642105 0.7764564503751704 0.5256952734197362
0 0.8968179532797029 0.4838335396039606 0.862106474319307 0.4792053424092411 0.8593604965965347 0.5158183787128715 0.8940719755569306 0.5204465759075909
0 0.9831780627765487 0.47576166113569335 0.9467514173119469 0.4725237370943954 0.9447205129977876 0.5131418233775812 0.9811471584623894 0.516379747418879
0 0.9736714882425742 0.6294219265676567 0.970480739480198 0.5868786097359736 0.9387666305693068 0.591107157590759 0.941957379331683 0.6336504744224422
0 0.8728567477876107 0.617942247418879 0.8474488384955752 0.5882996865781712 0.8249749377765486 0.6225456305309737 0.8503828470685841 0.6521881913716815
0 0.7830381651182432 0.6266451998873874 0.7649255701013514 0.5928350225225225 0.7346257390202702 0.6216920045045046 0.7527383340371621 0.6555021818693695
0 0.71337890625 0.6015625000000001 0.68310546875 0.6015625000000001 0.68310546875 0.6354166666666669 0.71337890625 0.6354166666666669
0 0.6007773588126607 0.6216903987253642 0.5729359133997429 0.6120661953727508 0.566196627972365 0.6467253775706941 0.5940380733852828 0.6563495809233078
0 0.671189376443418 0.6195676361624328 0.6448109122401848 0.5947408463240956 0.6264885248267898 0.6293498003271748 0.652866989030023 0.654176590165512
0 0.5403544503891049 0.6462665166990922 0.5220011551556419 0.6185326483463037 0.4980031766780155 0.6467655642023348 0.5163564719114785 0.6744994325551232
0 0.4418945312500001 0.64453125 0.4101562500000001 0.64453125 0.4101562500000001 0.68359375 0.4418945312500001 0.68359375
0 0.37296787219101124 0.679751872659176 0.3567097524578652 0.6442796114232211 0.327123200491573 0.6683871722846444 0.34338132022471907 0.7038594335205993
0 0.3037529557678042 0.6782134798466867 0.2749834824740357 0.6566363748763601 0.2591396977002968 0.694192012858556 0.2879091709940653 0.7157691178288824
0 0.22850429687500004 0.6909359374999999 0.20020468750000006 0.67024375 0.18471875000000004 0.7078958333333333 0.21301835937500002 0.7285880208333334
0 0.12779977780963309 0.7127472763761468 0.09775032253440369 0.6911733084862385 0.08244785693807344 0.729065128058104 0.11249731221330284 0.7506390959480123
0 0.026855468750000066 0.7161458333333334 6.580682629207336e-17 0.7161458333333334 6.80791201576788e-17 0.765625 0.02685546875000007 0.765625
0 0.05007418397626118 0.8715400129821959 0.018661906528189998 0.8479808048961425 0.003209326316765626 0.8846091431750742 0.034621603764836806 0.9081683512611276
0 0.15673828125000003 0.8463541666666666 0.12645531631097565 0.8277184959349593 0.1149938071646342 0.8608295223577236 0.14527677210365858 0.8794651930894309
0 0.23654502884127793 0.8314805717545638 0.2078067555147059 0.8038066789215685 0.18912430273833672 0.8382973609702501 0.21786257606490875 0.8659712538032455
0 0.33740234375 0.8196614583333335 0.316162109375 0.7913411458333335 0.29589843750000006 0.8183593750000001 0.31713867187500006 0.8466796875000001
0 0.4032498389175258 0.7889483999140894 0.3742247905927836 0.7852032323883161 0.3711667404961341 0.8273363670532646 0.4001917888208763 0.8310815345790378
0 0.46878980891719746 0.7967986995753714 0.4416793142914014 0.7716527335456477 0.4241434862659236 0.80526307059448 0.45125398089171964 0.830409036624204
0 0.5374136334898842 0.7784177805876688 0.5123097678829479 0.7547085741811177 0.495669820267341 0.7860308285163778 0.5207736858742773 0.8097400349229288
0 0.610224049562102 0.7619219413481955 0.580871193272293 0.7405744095010617 0.5657749054538217 0.7774764463906584 0.5951277617436307 0.7988239782377922
0 0.695528314917127 0.7619777279005526 0.6691988950276242 0.7303824240331492 0.6464250258977899 0.7641214894106815 0.6727544457872927 0.7957167932780848
0 0.7914532355542453 0.7530033903301888 0.7644964254127359 0.728411212657233 0.7472619398584907 0.761996363993711 0.7742187500000001 0.7865885416666668
0 0.87353515625 0.7265625 0.8408203125 0.7265625 0.8408203125 0.7701822916666666 0.87353515625 0.7701822916666666
0 0.9516300567208906 0.7300362086187216 0.9177480201198632 0.7095016409817355 0.9047383347602742 0.7476633847031966 0.9386203713613016 0.768197952340183
0 1.000532116973192 0.8054716723815464 0.9650251811876558 0.8031045433291774 0.9634897132169575 0.8440503558811305 0.9989966490024936 0.8464174849334997
0 0.8494229545227635 0.8616245257587859 0.8482677715654952 0.8231184271831734 0.8204217002795525 0.8246035509850903 0.8215768832368209 0.8631096495607028
0 0.7972286861121747 0.8437031409520167 0.7748230821688362 0.8260502408754471 0.7629831965447934 0.8527658802322616 0.7853888004881319 0.8704187803088314
0 0.7306686503775167 0.8548089695190159 0.7055008651426173 0.8313190366331099 0.6911408085151006 0.8586715254474275 0.71630859375 0.8821614583333336
0 0.6227313701923078 0.8545773237179489 0.5934945913461539 0.8323016826923078 0.5790414663461538 0.8660256410256411 0.6082782451923078 0.8883012820512822
0 0.5272550304625332 0.8743567293877099 0.49998316271551724 0.8506420617816092 0.48447019541611397 0.8823574615937223 0.51174206316313 0.9060721291998232
0 0.431957347972973 0.9126900337837838 0.4274836359797298 0.8769003378378378 0.39153557854729737 0.8848887950450451 0.39600929054054057 0.9206784909909911
0 0.3281250000000001 0.8977864583333334 0.2919921875000001 0.8977864583333334 0.2919921875000001 0.935546875 0.3281250000000001 0.935546875
0 0.10690597603223992 0.9389243377639517 0.07333719244909512 0.9367929864253394 0.07194415476527159 0.9757980415723985 0.1055129383484164 0.9779293929110108